-0.390735823036737	-0.135773126990526	-0.462435241844319	0.178311412080623	-0.156397469561191
-0.113286376049384	0.381713524451214	-0.965618172078739	-0.476209849198819	-0.622465979708581
-0.704435632242523	-0.0824748856269159	-0.739919441583371	1.14067501539931	-1.18546946363966
-0.3094555548931	0.231061011274115	-0.903454648986958	0.384550878210749	-0.558711059912124
-0.594780831404602	-0.0644334473352305	-0.641444640942723	0.397697334937792	-0.698371183644322
-0.340796900937958	0.415787056994722	-0.639459507316167	-0.195904325579352	-0.655324117633659
-0.602625133332781	-0.728970662852614	0.192450882408277	0.617562276461434	-0.552669610634444
-0.192517360752501	0.100199667565095	-0.254771145192141	0.171389467718302	-0.438238168771985
-0.239992845070175	-0.421621514667268	0.123003175583642	1.00472254133197	-0.162814346155419
-0.0966446501239422	-0.536240567163677	0.396196592245079	0.435168755670655	0.217526532135836
-0.213989392920907	-0.273341880125967	0.0410788400706728	-0.693762884188264	-0.388252893838095
-0.202106088035014	0.279065708282226	0.285576582126106	0.742596977599307	-0.414912830273234
-0.174040910267111	0.257787139302886	0.439435766639757	-0.134527997026241	0.148136514328014
-0.32211960305058	0.240412746821953	0.137858870550634	0.488379619223067	-0.946867937200158
-0.56789363698677	-0.478919996033947	-0.0467556711745539	-0.436674762416797	-0.660245583292396
-0.102630748837093	-0.149401945193878	0.261884189923538	0.907844278195312	-0.462282970965937
-0.298884184542568	0.0585860836842634	0.464264780167318	0.219138583183735	-0.472082760690685
-0.314244825413947	-0.513437814857834	-0.0169199199187	-0.438273746510588	-0.790104254733895
-0.0622802418880717	-0.425835234839764	0.562643860022166	-0.301413465443254	-0.468766629054736
-0.0466851541779451	0.13985005763336	0.306127531261149	0.312525234101651	-0.534664762534125
-0.428725417465222	0.0821385165330404	0.744602874378102	0.212250800974684	-0.555261664060543
0.159064057000741	-0.374607739106801	0.681304189493253	-0.858192186141593	-0.554677711453412
-0.178828677630149	0.157118583814766	0.0653265848264597	0.828229694403296	-0.931565527914518
-0.291160041576931	-0.238610904342324	0.357629848322995	-0.825787750265394	-0.746053743435472
0.14543301148323	0.272729003651098	0.716085331080397	1.80402545999378	-0.287611392201466
-0.0220129001060384	-0.322829522045827	0.678619517453639	0.31319790817509	-0.7170009999784
-0.414450083733512	-0.209416573428716	0.282477073116145	0.0543377668817087	-0.82216287779144
0.389156837261186	0.68534779689064	0.718687422028539	0.174166578204124	-0.494141615875937
0.171169635431094	-0.307790854511475	0.543229946984093	1.14332447969647	-0.329287525361658
0.287661377356558	0.528556897164147	1.06912158575163	0.516075365440203	-0.0063299970009066
0.436979433429868	0.125455253430611	0.429418024732384	0.000875786235629957	-0.00832186305737091
0.289094685017445	0.268873184326947	0.694680757247305	0.287230342978066	-0.305500909654684
0.918976617420778	0.699818583117491	1.11625100076745	0.753855423928524	0.27686994792694
0.249087941128522	1.03845524930387	0.986164327013117	0.612285744336584	0.0372371930500602
0.140929692905267	0.053818689881674	0.723424548365387	1.73721218507133	-0.101308455769891
0.467809950249394	0.737075502840955	0.914202495724883	0.334509285402563	0.598287747075882
0.751171502763052	0.384509304073959	0.758994078700139	1.43183713571106	0.426767809469746
0.680069397168249	0.715481602888843	0.463670756079789	1.11026287763904	0.198721546599608
0.575981107714083	0.324322997834594	1.01667500181384	1.14037672990709	1.0327852882178
1.04647637185633	0.921792154429794	0.200069135587949	0.0734469185047775	0.629191510073186
0.791048458413399	0.0824064123641019	0.443023101273669	1.86518332501892	0.762497169429078
0.864806549520419	0.892358610372128	-0.0799676312837819	0.940252178320559	0.547920251194785
0.670222948319027	0.271618325123672	-0.918316156319399	-0.112227526535213	0.555485782917581
0.630427416319394	0.37249522978952	-0.634293677129341	0.283262004528495	0.102415791861162
0.397792479565282	-0.08600611724099	-1.09001267400757	1.01254271953713	-0.314518542670269
0.457633883196817	0.315363034684496	-1.10754080381455	0.628948400360316	-0.549581420659786
0.308436665810717	-0.341088406923272	-0.834145770565976	0.799098441090141	-0.4552101371197
-0.102478099346645	0.170718451731801	-0.732815650094987	-0.455500815990039	-0.396710584301496
0.161183439949204	0.306735027723489	-0.54161292480712	0.757825727679447	0.130535031514
0.103063228923518	-0.0556002119127777	0.257507053909552	0.962858520743461	0.805898346767754
0.49867391125225	0.499466435436872	0.199170568215057	1.09541944707928	0.470931526842862
0.153680632824598	-0.185785742724757	-0.100430922038719	0.731283421053076	0.863871284733243
0.267636324184299	-0.0420703310325509	0.745521163580031	2.3122216413547	1.27503944549961
0.411092668287429	0.157198624886604	0.295667798849291	0.606523539896841	1.33522788865512
-0.259613541688702	-0.170636630443354	0.515118505596029	2.18879639250232	1.08301619527595
-0.229463267786651	-0.381344569195454	-0.0965257259183956	-0.0537354869991048	1.36137260162898
-0.112200466974793	-0.0676612622254335	-0.199025501151917	-0.0666810236220503	1.34321521538699
-0.554768427349515	-0.430456146399841	-0.226006650036101	-0.280671269690503	0.667656789642209
-0.467661144730319	-0.93667069161178	-0.608774186343525	-0.057592434981024	1.08696118888039
-0.1716973503232	-0.421255364652819	-0.546306308384223	-2.63242656197653	0.709028777206864
-0.588998961270892	-0.75740634938178	-0.406909567185769	-0.776321676543361	0.423460488180366
-0.799063727611264	-0.427967516655451	-0.587784297450268	-0.508081431249537	0.667661274718721
-0.280285801651932	-0.88685074534361	-0.367867305404121	-0.496963601938416	0.557481246921594
-0.204254411813374	0.574239091226387	-0.489091883335322	-0.893643600068499	0.720930278794844
-0.0780705719192528	-0.409378605066574	-0.332017653586759	-0.938808785780016	0.597589488093868
0.29590220174774	-0.546309930924263	-0.591576473363949	-0.164555008151486	0.98246939232914
0.23288884191248	-0.0958181922417639	-0.468598728597195	-0.89864843732162	0.821861175342112
0.431727927840721	-0.463106943813856	-0.21033735209493	-0.894556988222286	0.516965132305213
0.416968682639564	0.0217724980618101	-0.904174616152158	0.140533561898587	0.273646184159674
-0.0707491995756711	0.170136460115174	-0.576047262659231	-1.15831237807085	0.318831143531798
-0.0733382511457772	0.521071844996061	0.0729290706528015	0.266550740613265	0.278580060374429
-0.0833599366698531	0.100301735994272	-0.415668549253437	-0.345817345165241	0.684452676511141
-0.242735686819809	-0.97045611744765	-0.437565647445637	-1.23320559635214	0.572881528966775
-0.569273281494017	0.0946534095775824	-0.198822923749146	0.829452100821622	0.619403279765967
-0.741146385898314	-0.196584911936988	-0.344866312870278	-1.3003205485308	0.624746728363042
-0.237214953589665	-0.418127341329826	-0.12787950428574	0.741520900910699	0.767478722599331
-0.382697165854848	-0.0559344659633827	-0.0734357185181661	-0.59826292644891	0.826029129478027
-0.731760744744635	-0.362038842707079	0.0392067358542264	0.573750255040091	0.844384924523166
-0.521326574238089	-0.0017474702155229	-0.183467344245189	-0.988263535695491	1.07670536444091
-0.235838575636393	-0.36168118909576	0.586883760117206	-1.01173432467996	1.26472745116203
-0.25858845128181	0.0525217952439587	0.746592104884485	-0.300247480250819	1.48165014220251
-0.174541224145684	-0.768077925891991	-0.029987592375917	-0.392019408155468	1.37714804754319
-0.190308047661824	0.0369748611664577	0.526336262170242	-2.2187439685323	0.802626299532442
-0.0373459330834944	0.455066279287589	0.262078783520104	-0.389693888751	1.49723947295419
-0.0489916492991847	-0.260170683204325	0.24691318533401	-0.839462581887576	1.18623073769026
0.0548559417184627	0.217025413190569	-0.499240505227072	-0.32469746020929	0.293356344720032
0.0396872304897229	-0.0112077522221877	-0.616149692415364	-0.438275213047773	0.207085264385187
0.106292590951411	-0.272491219136847	-1.10241618179916	-0.797221171491709	-0.406762783497775
-0.285278087290139	-0.592279679815481	-1.21572098624169	-1.37988613668652	-0.710623713712303
-0.183227782909762	0.0572438108642604	-1.06169772047417	-0.363851314945265	-1.11318326345634
-0.461523869492232	0.185966846769833	-1.06312175653723	-1.28765003320538	-0.631660897745486
-0.17854913036161	-0.864121136092422	-0.413474524946374	-0.136956530498528	-1.20367857269158
0.172822442895366	-0.0834954415863143	-0.392505571742738	-0.579192341587014	-0.75036680948715
0.204055960587919	0.832035581500594	-0.040240760083759	0.298804919230406	-0.528969051515027
0.225591434840674	-0.976857196747127	0.0042926530282909	-0.64943913395581	-0.327675922019601
0.248736550383579	0.306502683575627	0.0930840139008903	0.608573361623065	-0.306519608747207
0.204260127777087	0.22606523837398	0.278792572221983	-0.754421507932284	-0.0347805978947897
0.0662512310513826	-0.115768868698579	0.238902566190103	-1.38040966778155	0.124872095158312
0.374009006096772	0.278446148459912	0.227901670118375	0.504887909834588	-0.399825582786043
-0.0323402738764331	0.146151143074623	0.342865735955639	-0.897686862717098	-0.263034879381707
0.193821363660527	0.157433182715952	0.268102396587453	-0.832606729355743	-0.536286530433424
-0.0777795563314932	-0.148801456986506	-0.220296332717313	-0.525655584936901	-0.739241406562024
-0.263667443846586	-0.711911127278661	0.0313747351689049	0.319276064383772	-0.733112003932662
-0.069036340064892	0.349237496463898	0.144458826351082	-0.802594446897248	-0.484194989741903
-0.0304986964010402	-0.627958138174148	0.18289296402995	-0.478945468039631	-0.652094365731683
-0.13686056813797	0.084368030659395	0.0677224774738943	-0.251319029200799	-0.969040763788603
-0.198565774848192	-0.267192833232759	0.268180410120699	0.00610739282192017	-0.648657674354939
0.213874859022045	0.332076263301189	0.521550907771979	-1.38663986531249	-0.306796422766992
-0.152727665804867	0.741625180307984	0.623862392441808	0.179598295219359	-0.674862683692814
0.101773051024917	-0.336295884600978	0.388700355819663	0.122961844151837	-0.554146424554648
0.0653391138093596	-0.162555355488419	0.740903867580886	0.293929926629638	-0.336848157321769
0.37622550554448	0.573714993050011	0.177980929279684	-0.277657063939739	-0.379781111530221
-0.175635518053859	0.119058058075696	0.674679481347561	0.0649255609651712	-0.594146632908396
0.188028892569853	-0.0415683510205582	-0.0736994922252481	-0.103162404889606	-0.450875935035441
0.219195085993712	0.161634458741699	-0.225874427340845	-0.681707722553354	-1.14200772473867
-0.446705409138681	-0.0564959321166565	-0.0520627852277295	0.555254353222376	-1.054428355176
0.105032680348321	0.28050296539185	0.234606780540692	-1.36188549363636	-0.870037896454468
-0.107249419137532	-0.13655817270319	-0.175383295828253	-0.815821301009584	-1.19994588770652
-0.201963225083247	0.321432619073128	-0.338848852997079	-0.339786965904913	-0.977636696655734
0.100982171820086	-0.301296782566203	0.100350112834045	0.29258966159152	-0.788762053808707
0.104166011284933	0.299316502662482	0.100155199196093	0.108984068398013	-0.185332763518613
0.103509986047394	0.189247721253348	0.241189461183083	0.559575140341978	-0.502091996881495
0.598843883782456	-0.0150405188586482	0.526526176299134	-0.248991397410147	0.0997362294341115
0.402330249130858	0.328196245417755	0.4596717280097	-0.243615087015534	-0.0694152171794067
0.559685471989156	-0.124570038878684	0.649934317720586	0.892053460610879	0.119914175947019
0.460235704132651	0.733813846083563	0.101860576501127	0.918580889028302	-0.102298152532034
0.78092054320338	-0.00678817021425283	-0.171047900640688	0.616599309186571	0.218115795945558
1.01639896445984	-0.0178440321964729	0.200419127795632	0.706963076389643	0.036074999929145
0.384006141004678	0.316374744816385	-1.31484414403004	-0.0252167240484241	-0.207020355981352
0.52764996564662	-0.0935056308464813	-1.34359018302473	0.594248133745988	-0.37215028871774
0.283284665929859	0.451610703124921	-0.910840936073013	-0.634359568628029	-0.612343738854065
0.409477168596604	0.265553941380931	-0.529665926018576	-0.600438879179783	-0.210542369823056
0.312410767943477	0.28404694858985	-0.807417019022076	0.790344941257882	0.0839499301286731
-0.0958937818791687	0.121032561640736	-0.0597998179725058	0.0787751706374329	0.526597912568236
0.27711963993819	0.473135470978933	0.34082993189061	-0.235819740013501	1.00101568435354
-0.155461150135265	0.096639649017051	0.407310679141049	0.868588583507963	1.24433543621351
-0.146583345520604	0.316279638590539	0.192380068305021	1.32712842665167	1.08301455996817
-0.170415327879797	-0.112980027403302	0.124969624803979	0.0639249959735934	1.65839438367374
-0.106931165787177	0.193084617315795	0.456309098050857	0.272446097802436	1.74245663342712
-0.148604620019394	0.0834625775034561	0.0399864844779598	1.14726403628416	1.40894649186241
-0.471972035846009	-0.453566465677056	-0.243912226010414	-0.295468906660506	1.49311311195006
-0.49495149296539	-0.239679998293363	0.0992759870424197	-0.693946712256636	1.1849266551312
-0.422433259002428	0.072619789389369	-0.557787625121498	-0.32049682049405	1.01396814953879
-0.695111230270114	-0.380373320933634	-0.297248107253809	0.0288382360739368	0.946072375000651
-0.428566676105406	-0.106862189379854	0.0120491975110809	-1.38531815469554	0.451774139516016
-0.00582587618893039	-0.55028003389145	-0.014803916329063	-0.532221699573587	0.616832760982072
-0.0648351997746991	-0.611869156318253	-0.447972912724291	-1.32542992403928	0.192274150560452
-0.34576092755514	-0.383363357099512	-0.384076582741342	-1.29606198830149	0.290669104685918
0.201583320512707	0.0251254972561151	-0.17054688787951	-1.21735007832061	0.174606996494952
-0.0922314972216981	-0.248584755778783	-0.453368915702219	-0.0196611157746923	-0.133074934677289
0.0345355165170437	-0.782778601281541	-0.679494599406977	-0.703731180338157	-0.308828620247892
-0.300160361898236	-0.391158385110903	-0.898838608986901	-0.151871200772171	-0.436650338487397
0.028891006045906	0.0479000763431029	-0.359279354552719	-1.70579284006907	-0.559648184644254
0.0155904364113542	-0.65807074813608	-1.17612836973497	-0.383338629157119	-0.833841291044691
0.053584420470423	0.0307326070101864	-0.788238688630572	-1.15575203456307	-0.961144471040192
-0.0894842524367297	0.327950726533204	-0.59359040030606	-0.459340524068251	-0.618104460961259
0.0430427754139592	-0.36613114763185	0.0871544021727673	-0.687284585379148	-0.601994484569035
-0.192455618127104	-0.264203879021709	-0.133934824515957	-0.977038451891599	-0.874824035687976
-0.525144336654032	0.175560548243453	-0.23032673107842	-0.417973000445359	-1.00941698094256
-0.626396735284149	-0.0605970716538899	0.0519958768731845	-1.1279210844307	-1.02468500681385
-0.234136348518669	-0.418363634400565	0.337252630525873	-0.177619922992086	-0.981838451869145
-0.262571944948381	0.269074647869938	-0.0766239530549881	-0.473670749658009	-0.53792960767627
-0.509420436159116	-1.18272809389645	-0.0102920966639764	-0.189871573600909	-0.758269859818765
-0.395698951918304	0.382763360849134	0.47794353838481	-0.0701955198416096	-0.744988683278755
-0.027303073710139	-0.217989288845364	0.335953633934098	-0.345815930348381	-0.551710410174886
-0.261393164628629	0.320084269094986	-0.103488261543838	-1.25836224996209	-0.233818602568594
-0.0697359069553504	-0.316149154538876	0.291390009526339	-1.14069360645567	-1.08113093955212
0.313222105582096	0.120973978405914	-0.0573658888594802	0.945925537799667	-0.553595285551144
-0.127809963374609	0.0727739073662556	-0.126865346596358	-0.694350800261458	-1.18194278356551
-0.248866584713599	0.59242988168424	-0.28172047391006	-0.341575203270723	-0.948701318480521
-0.252811975367067	-0.262144935673994	-0.419691078168319	-0.067283546435541	-1.25087269826268
-0.00326893478568135	0.136099224260688	0.0401315423252245	0.467012762048724	-0.73879880650472
-0.195779979231961	0.343490895200612	0.0972503368214759	-1.64850837119247	-0.892059442793808
-0.129865858855185	0.389936779773437	-0.074303158572258	1.22235223676018	-0.420576557072468
0.278805515649037	0.305325395014784	0.523386963816888	0.335609633693478	-0.399050369365301
0.113249000866702	0.368245304406496	0.530536726576714	-0.662025812696358	-0.77210305534758
0.152099931100356	0.589336003236254	0.651490637717671	0.765033407513426	-0.355254815674014
0.199398982149473	0.495769700985802	0.349930170920547	0.445726294007614	-0.730140906285493
0.0359146849035711	0.00808425636005202	0.737549565701051	0.324805375182896	-0.913177937955288
0.197575242577948	0.280960986282891	0.909181812624253	0.285492249611255	-0.58339126132463
0.0165232895015611	-0.138531440030657	0.389497395613654	0.235137804401926	-1.05727063608663
0.0418749285149048	0.199122323822299	0.524144592723361	0.141644441611572	-1.03249139418047
0.157692773785212	0.155885604531579	0.697868742271998	0.682943378806896	-0.638669772448526
0.0199279073337093	0.0455206727225059	0.864253782523064	0.847856459073377	-0.635339863552232
-0.0823237889524693	0.293096535264356	-0.0652751932604842	-0.731530579342444	-0.73380814620387
0.231620265143995	0.26261452833712	0.828085202105259	1.07916949450557	-0.225663860625088
0.394268886151866	0.304173549691932	1.02257269610306	0.289092787894291	0.0267941639276077
0.279743548408513	-0.877107746141379	0.618069757971021	0.620027282438421	0.110429325492639
-0.159165737817337	0.139609956295567	0.696466727188864	0.00558192342852836	0.0870567209390604
0.343322251469981	0.224138409995049	0.0176908621116593	-0.382536129289937	0.563958782943618
0.561252928783916	0.554976304081027	-0.215721368491656	1.75956594242932	-0.0281109278619909
0.210177697134263	-0.118056300037126	-0.657266757607521	1.53652982593856	0.424850763635145
0.109824335018769	0.442048532207258	-0.562508956490448	-0.705854299968887	0.20792341376207
0.719371352278799	0.731397833184569	-0.118799974189851	1.26129467282552	0.535110785616553
0.179481784981696	-0.127764112822059	-0.035785515311617	1.35468378870083	0.538020055921641
0.168042717894371	0.660893294058518	0.0215970486499544	0.57534036071249	0.307518257374518
0.310438285572965	0.212264267782137	0.169102318044435	1.75523223896517	0.950188580484893
0.355365979184055	-0.413716961860335	0.635622632528165	0.375949848312396	0.970443430551087
0.100438627057086	0.71033696398808	0.168216701649368	0.621151058735731	0.85291861620902
-0.0997841969931189	-0.0638929192172656	0.204952554376538	0.980867169085584	1.24486196667604
0.108202160884954	0.503693116931371	0.468448092540565	0.127014427774831	1.41008663131143
-0.00717098465981818	-0.255459031997823	0.0762132095115218	0.975584965155773	1.21705842700995
-0.45477782748907	-0.364500299662448	-0.514635295900332	-0.148083428411798	0.846716132650873
-0.319345611152135	-0.065669649916223	0.0958974892607072	0.848534291862263	1.20319998406539
-0.16933180439819	0.12872001483277	0.238373995452392	-1.26472778236202	1.05299907342684
-0.598046126061493	-0.672808855284073	-0.2200603916606	-1.48108853084108	0.774793645497854
-0.581905773123653	-0.454182077123989	-0.154305708862011	-1.15406492708596	0.303952043927617
-0.141716251966923	-0.660602372684542	-0.00133766208154985	-0.769080786664584	0.425439549302783
0.0617149805948139	-0.460589780071523	-0.0405993657050977	-1.48061875717403	-0.0326857983832997
-0.469930306129226	-0.512960829169862	0.00243353297227064	-1.09591106744269	0.317645297865243
-0.172650467386388	-0.38825028344728	-0.270353031088563	-0.980352539765397	-0.455828835306865
-0.091460105428895	0.261169664318791	-0.3159316748651	-0.575649593032176	-0.28513908308973
-0.157669163457184	-0.117783118801831	-0.53309606820589	-1.11590451586995	-0.434210176043864
0.0608465404672483	-0.580843600209134	-0.950310119791324	0.0867980184569025	-0.506661902557097
-0.301787678651533	0.0497982861488276	-0.438400454010852	-0.410035528577398	-0.198746454985537
0.280082475836465	-0.1288386513708	-0.424090177231165	0.131759075978479	-0.0934800841104036
-0.0858175318942554	0.0628800324241189	-0.511943573693602	-1.36982528686691	0.505411204333703
-0.0245881875058167	-0.183226715624299	-0.27329875281605	0.605002104707788	0.343734832101326
-0.257836692431562	-0.0539189206519126	0.0663563186759066	-0.0141919947822096	0.281611586069003
0.0406813144515538	0.0164581095439811	0.558198776211465	-0.153397211688039	0.297866858908192
-0.14165913822439	-0.613845297163591	-0.224267768943849	0.442787012139964	0.373111087035099
-0.217146660418594	0.286183758867978	0.100608289526268	-1.01837689734506	0.535509373879327
-0.120830263200959	0.0455322257080394	0.641922247274698	0.362029872380277	0.800038358089519
-0.00690842203736394	-0.186690882218217	0.179101014289095	-0.203814869993647	0.330062612213982
0.00948756533867778	-0.212096641649635	0.242951217230171	0.0498033942470678	1.14306707252862
0.0409047105106593	-0.66696496117067	0.706193817915639	0.0347846365397734	0.813770883885551
-0.0683204985262715	0.463181824109583	0.806575798250063	1.42967227996002	0.959483572819887
0.0987625767463405	0.110215928270636	0.29530287904162	-0.513676312795201	0.964224500091029
0.132708199725314	-0.396460664582118	0.586827805977799	-0.335360210146436	0.797705886871498
-0.102912233595213	-0.801434180412054	0.695134271631289	-1.24266826878344	0.839527258633229
0.277385325934249	-0.243477960750561	0.441857762467104	0.882375243021381	0.312257720858745
0.101853349896648	-0.390117294173471	-0.178751891561584	-0.308643635164062	0.0594527418689831
0.602569877991554	-0.0248121893667459	-0.370347015146666	-0.333360226559054	0.0677252511994857
0.628860047964205	-0.154717902657036	-0.484582308744003	-0.864466116306751	-0.404716594935262
0.444987966870286	0.33818128592633	-0.683335356602154	0.0311310413463605	-0.385947157646822
0.17054132491449	-0.157194276553412	-0.429916602273485	-0.315470446676439	-0.776835907023599
0.623247853050505	-0.0233749174352153	-0.0684549614598119	0.430791732752203	-0.651546165446851
0.553250961366291	0.357878510555934	0.0496130624325951	-1.64029130112155	-1.24155026065456
-0.0710246531953461	0.561373794526486	-0.0618641145312373	0.290055775139368	-0.359950498201182
-0.115510834772056	-0.534171804599946	0.17676921743896	-1.11963931610743	-0.552832206846509
-0.185631381508086	-0.0177539862606822	-0.558660390017164	-0.36450497475333	-0.540487959200849
-0.451348985697336	0.278066786170888	-0.274536471728305	-0.176381906066368	-0.460085030352167
-0.342367817324649	-0.434250345022761	-0.197510614785272	-1.83710064039573	-0.828168899167668
-0.630796474418486	0.194677358196163	-0.374096095231158	-0.32517186366848	-0.809370951076465
-0.337427494737076	-0.357251788844746	-0.131270064702417	-1.03899940144605	-0.296186219204793
-0.301228813115836	-0.190272624190535	0.0356386363691426	0.417063985983877	-0.504441510977604
-0.263365093091079	-0.273581182136678	-0.233078711350133	-0.994273907640012	-0.470687250699958
-0.552438835313357	-0.0881099424120601	0.26218539023634	0.273887171280283	-0.274406740520315
0.11865772175495	0.259388734428189	0.553950907045829	0.424240264609009	0.347506963174952
0.283739894146693	0.161903822800438	0.504975160195655	1.58019865201558	0.0759797261160724
-0.224734070570483	-0.274145086652928	0.378356789157592	-0.63147041056451	-0.308650003530543
0.207631304856785	0.448400944558943	0.613893016517432	1.27041059934577	-0.0450523039802376
0.524269142651698	0.408952168680859	0.868280063765353	-0.418518865629385	-0.209763372295181
-0.0897537320265865	0.239356362665114	0.691925998557637	1.21697319952648	-0.858978523474277
-0.0432669845803268	0.130677782519687	0.289119527299616	-0.180417174307914	-1.0685124180722
0.314340425104714	-0.0118121993095997	0.553275699164057	-0.412829570274633	-0.431210964757131
0.12904171845876	0.549265645564963	0.0690234614205485	0.495442281624981	-0.943293440161658
-0.35120754865241	-0.108655145716167	0.293666755641872	1.94532303164171	-0.731544046871088
-0.175056064984706	0.421773686724803	0.180860648676113	0.125203194236653	-0.084336430095941
-0.0746446854398908	-0.412181759091576	0.0732981075402275	-1.00657312923524	-0.442043868118798
0.0919233665730815	0.493017519161147	0.456885565688916	-0.253587925898202	-0.481102708825437
-0.0269433468253183	0.120774315822292	0.0535365985438151	-0.544982299703061	-0.427342670662485
-0.252613498504508	0.544236678791661	-0.0666319440738566	0.528463416713655	-0.436111367873807
-0.536135833019523	0.0400897397021076	0.212350059915146	0.600849860878768	-0.0680116342752329
0.297805494971715	0.191298909578469	0.665192488947518	0.78280621137405	0.0924542741053351
0.0105800056297016	0.00898085736180717	0.0586046312532818	1.56908356582538	-0.186132513071888
0.0843332390095616	0.336183430139198	0.436315617302167	0.580372822600717	0.0581617379834273
0.36144106601641	0.366205676388138	0.6980153907256	0.372053505427904	0.00571316290637286
0.256564443847783	0.345795311613661	0.516005241043011	1.228158318298	0.244423966285902
0.120269922410437	0.0134139973894911	0.614902858696813	0.448936262626471	-0.0502731134504413
0.418679325675317	1.62359888975187	0.995869503151984	0.957620576917642	0.666813392204139
0.656371297162682	0.205193831613427	1.31920377180239	0.528585341053194	0.556815209110368
0.5381357324453	0.484766218472147	0.555043692177177	0.622905713635934	0.22001214545363
0.228042056388346	0.434841293106446	0.114723283566325	0.578022258447262	0.406938225364206
0.719303839415562	-0.0452226866032701	-0.177048107948226	0.389142097257409	0.286038605579577
0.45571198973981	0.23143203466215	-0.381114653701501	0.0779879835937985	-0.0587040771246212
0.112982116306718	0.714705795939845	-1.07255091111134	1.04837512608334	-0.0546524656209234
0.301618842987508	0.307795578536109	-1.21977179818805	-0.861772794682064	-0.171125057329276
0.691483423167209	-0.0289984851185244	-0.966147918770569	0.419973031513697	-0.298253708588982
0.54931338498982	0.413042336735687	-0.596834637445542	1.43049527119525	0.057882504642237
0.604943444483014	0.0912725896566234	-0.443914720945763	0.929235623351705	0.128477012418576
0.982614827550621	0.319551415680613	0.0805060968120093	-0.174041152181507	0.444420680799749
1.36067999351651	-0.0455561852423207	0.23436658850268	1.19526758599162	0.9971900165662
0.942840868936977	0.41356684289155	0.291301933726995	1.21075585568214	0.639495141531016
0.572126005883478	0.78171169344311	0.710224277384516	2.15244062643386	0.692213836213505
0.770204889803513	-0.389745481958728	-0.107953189665726	0.539506741524174	0.516320284732828
0.212159830394639	0.499982667672293	0.155376005137732	0.495898487502168	0.219691975317579
-0.360328283338157	-0.412726627202259	-0.45183777003359	0.728364766852246	0.233556719017906
-0.283324539979056	0.370483853635472	-0.378429012660718	0.497308099756847	0.726360132958678
-0.557277667856281	-0.422662468829582	-0.076930423823036	0.484316773883224	0.272703183127987
-0.800692985391031	-0.126156030855455	-0.0959769837958933	-0.612433374344691	-0.0018014675821464
-0.324800379034865	-0.692200400787321	-0.384912744753307	-0.225207694124973	0.547913045510662
-0.318480149153851	0.115667500321957	-0.439009711942222	-0.545073815087031	0.484744370721477
-0.371198355043743	0.245661667591996	-0.141172621642856	-0.797993605222477	0.268978598971012
-0.339801562218374	-0.208564003071563	-0.0215947696968757	-0.112678250194135	0.104246160313414
-0.0165476152260381	0.0812194655688161	0.137073735126039	0.481808829663613	0.023309226802262
-0.0546903602577122	-0.493332834115206	-0.536678976623232	0.00398747612968411	-0.267989189940719
-0.182033139653728	-0.0250886877173413	-0.236402372226813	-0.421287625398397	-0.712972024329103
0.354995830167583	-0.456707989414805	-0.917196709508127	-1.01152337286866	-1.23465279799817
-0.280899404705411	-0.330755370480158	-0.930595771857888	0.214604522659906	-0.896493856852639
-0.136124574456516	-0.1987251047324	-0.744078907547503	-0.140484899267705	-1.42220037197169
-0.351643806362235	0.017649394203105	-0.549616882159543	-0.406850621856915	-1.10639389701285
-0.582064792088968	0.0914821163920215	-0.553469824461753	0.159321668947252	-1.08129971947003
-0.353871149422848	-0.327424795585237	-0.577397993613585	-0.93986296265906	-0.612141916658062
-0.553230927183202	0.0308646371526971	-0.11352316287456	-1.07739790737671	-0.420425245008755
-0.413613572577043	-0.0297015061954913	-0.119137238180847	0.721607108277271	0.0568261335038559
-0.509400504685773	-0.0613420914022679	-0.449237819314683	0.776612084390078	0.110018808021456
-0.379094009128506	-0.254910268134065	0.10214357473298	0.235011349872023	0.578662759225895
-0.203684004636978	-0.580407134864002	-0.0483470901121403	1.10744584854202	0.368715188616068
-0.226663260610162	0.043545899142475	0.100459910119441	-0.329603410998697	0.802824789099825
-0.329378155079448	-0.793823266178881	-0.0946023430803996	-0.984262683813437	0.642154772877353
-0.426029375996014	-0.214387427498092	-0.159552089204256	-0.918541916369056	0.638497753401247
-0.339922564580597	-0.216618473482961	-0.0674550471931834	0.692666929061887	0.793336237059597
-0.337128891112076	-0.271808932832233	0.10306841177788	-0.818977744421024	0.941136590239163
-0.565151483920616	-0.231890568260896	-0.125023811160346	-1.56112243891035	0.617748464359129
-0.158160835321922	-0.672501402584194	0.299455079760462	0.0837303826144033	1.08636318640081
-0.166694253361464	-0.0138269813011482	-1.28939141584279	-0.796245792708145	-0.580327152471519
-0.351708843584848	0.2714599979718	-1.26450454350099	-0.321348837703211	-0.684280137773556
-0.391743566516612	-0.0111781186884772	-1.37327375832057	-0.438553045440705	-0.752637520349697
-0.816253855732687	-0.673094775107474	-1.19268590784323	0.894094119851004	-0.275161256839464
-0.498876822592743	0.0772697864488773	-1.35469455545074	0.599233657779216	-0.582880056537862
-0.114881412100466	0.4337581489245	-0.385950275584302	1.29644294140786	0.0823005735469027
-0.198915112102761	0.386952492923559	0.287339472890446	2.05760255055464	0.439921473872519
-0.0651762551206459	0.534519408379553	0.624674281564646	0.718230040478826	0.694144087189396
0.0263510482383412	0.498946115194081	0.904207762830256	1.78006884205442	0.833808112287263
0.426756331371561	0.940509114409632	1.05575534448015	1.84141832585853	1.18661856072007
0.327451808465466	0.337454327406642	1.1976106223829	0.568206866148788	0.880346668587457
-0.127731039262395	0.143965125003774	0.157825150448247	0.558478694676435	-0.188771628007484
-0.195933353433159	-0.367041582391981	-0.182554013506869	0.410157935206452	-0.12503106869904
-0.257379805023929	1.07947196325414	0.22699214212886	-0.337985212068375	-0.295195262306214
-0.246265421180218	-0.21234313084733	-0.113869444833756	0.167485186152043	-0.468642431323416
-0.432850065977254	-0.640880885254324	-0.337949927922023	0.378733318944381	-0.852462051719707
-0.608873629340747	-0.656884336743387	-0.3350066925021	0.350728371889349	-0.693410306456818
-0.376029086311505	0.369322368554011	0.282907665631837	0.231010181280042	-0.121013479741058
-0.114540464724995	0.204852530595638	0.907210162854176	0.0980971993655841	-0.084943516322194
-0.29278081949362	0.0330664438656618	0.755156841491825	1.35327792529254	0.0572818640913387
-0.0476339982078706	-0.109587037268191	1.24858426297242	0.933331073566916	0.516507268331025
0.406001431303376	0.572227416531817	1.06709885264625	0.781483118678189	0.551999811776047
0.303269216337372	0.941437567683048	1.30292889471976	1.49980778356172	0.362993075077378
0.0402766588788291	-0.18177220253589	0.696729265762573	-0.656807039272418	-0.0864230933390414
-0.258448159447491	-0.448548878176077	-0.0941615396415344	-0.561171994229768	-0.403800913373192
-0.378338729656502	0.730594015628996	-0.28970772283284	0.943110176975979	-0.899929854073419
0.0124966799486583	-0.106830649385435	-0.00503216013700038	-0.916899031308579	-1.15118711594224
-0.817752874821438	-0.410107960328939	-0.540964979915096	-0.213300368855858	-1.23586346580947
-0.299473184418559	-0.369983775836813	-0.414234561484525	-1.42671640367487	-1.10054220215083
-0.46481393664686	0.0329048739239321	-0.160555473902229	0.600631289820562	-0.768307287435663
-0.158765916799784	-0.207357052915038	-0.0751582834031002	0.0160217639894077	-0.915571560460842
0.0149101062796348	-0.285315340609476	0.0487518912023559	-0.447891755797825	-0.498818364048447
-0.0781289071258232	-0.0136063600135584	0.605116553023518	-0.567090708504212	-0.229677964792886
-0.182413196701465	0.813935141740947	0.511124685512602	0.00212457973518832	-0.338312515790572
0.258866153422059	0.201788806810609	0.320412706826032	1.10396128921379	0.16026374422277
-0.0628759926705545	0.187239749333429	0.48803780452322	-0.0632996719549571	-0.162455760957294
-0.0168918966770069	-0.0889216811571812	0.137704547347613	0.910649468056639	-0.0895776061839716
0.207080209921534	-0.353507900988538	0.404713319879142	0.640309631127531	-0.129355713546487
-0.0481231568455091	0.458252704493234	-0.459813465873013	-0.387695188905344	-0.328426851470394
0.0693944308613538	-0.839466229779889	-0.829387788525301	-0.594461852516059	-0.520302009086129
0.359832105859198	0.744533446951599	-0.885734219903787	0.520402556047486	0.098939202726724
0.00844744354029164	-0.119260694439514	-1.10375604838678	1.06468557523204	-0.282827351120954
0.219942872923228	-0.241896720439385	-1.04095300501326	-1.01573874109805	-0.0770150268985989
0.538872067601256	-0.0212447399984078	-0.61388249752694	0.656313093955836	0.408427096061911
0.482457342961575	-0.0690993236368837	0.142292635002277	0.488352941412867	0.813284797444482
0.526950097434256	0.139709844190783	-0.14526497082266	0.38368927945088	0.670299077683893
0.410530956889084	-0.416775716113346	-0.285744567684226	-0.55807882991061	0.424476665911896
0.62063758601307	0.579961763115211	0.168966510641969	1.63581150478409	1.02210151337542
0.406086017415756	-0.0220223477034802	0.560672566683714	0.0459162709096808	1.0432937425781
0.151120624598944	-0.0569373913920165	0.443824534946106	0.567860397626445	1.03164300882484
0.284961799120379	0.0505240751417453	0.467554934720649	1.25366489117514	1.14634375974497
0.318999333616466	0.154524026762545	0.951772971259587	0.879210231594528	1.30744871065515
0.160540213149454	0.0179690048034141	0.553002536809929	1.18710700962492	1.1303982038525
0.0520484245009039	-0.700591260522172	0.104511811457447	0.792950737833742	0.892223127287703
0.45108671975018	0.547947682285933	0.35598677115116	-1.42890676605612	1.19979291072576
0.511844646762689	-0.512766259039755	0.505601064768672	1.35350290986605	1.11110877098643
0.136532490315962	-0.541957141283035	0.199773221952887	-1.64542148390576	0.722189886355539
0.305482681635673	0.0170395510598602	-0.556058043556323	-1.68631269709023	0.754900633269872
0.25724561283242	-0.447524418153376	-0.462041900533822	-1.99428512901165	0.341882149133692
0.51996620535032	-0.36452878600164	-1.39191962543125	0.158847371694145	0.411924751836311
-0.0347634389154263	-0.366848360146351	-1.26938005044553	-1.51293154045385	-0.440217672111266
0.175039378283474	0.051315382998199	-1.22101518981213	-0.230099018608283	-0.100560805695552
0.17377174464646	-0.345023611287304	-0.411250771397345	-0.359440679810614	0.00444841586543546
-0.215842725495926	-0.576490701046894	-0.717499451300256	-0.187560599800748	-0.143975039429334
-0.204815933337898	-0.599971937364689	-0.455768386087479	-0.794304620624763	0.254303201553274
0.0256580646016622	-0.00943064640918334	0.146026511065753	0.39153471412852	0.767611178490277
0.0447846004669881	-0.173718898463132	0.516259211962021	1.19200151101217	0.731103601618477
-0.107137722487715	-0.385085430080334	-0.343129916159768	0.374104465115112	0.788071760801948
0.00989872965407668	-0.194641462253986	0.622010333624446	0.476646824408652	0.593190569734636
0.10226048335276	0.487168272306214	0.693106418215596	0.161327138808447	1.40548102678231
0.376781839420675	-0.0109395964322631	0.510632813401229	-0.241846302958089	0.96634490986498
-0.113994052553283	-0.24429734997249	-0.33825053084125	-1.17928443735659	0.633666216051846
0.286559583275117	-0.745407673538211	0.287722262040795	-0.0175437287495198	0.598019946624438
0.489950775871344	-0.214191460409029	0.366156225419448	-0.25732596511316	0.461945286659293
0.15250629589933	0.173796149190594	-0.705099958860778	-1.58868609716121	-0.24528159690387
-0.195823311581534	-0.67553133887726	-1.551767341174	-1.14185152711673	-0.710009106893623
0.0267043969900091	0.00927374636362341	-1.05410130473668	-1.32783729246449	-0.410386406213932
0.394889730128549	-0.736169539235646	-1.0170912439723	-1.23735698913325	-0.763473813101966
-0.0440000879491997	-0.326967048241377	-1.17963513373322	-0.48938984185237	-0.642970819003604
-0.206295822952101	-1.06769887949996	-0.880106922653493	-1.0267353989352	-0.481879439327699
0.414428020878562	0.170442026933041	0.194236250560684	-0.666947257859253	0.220564252256516
0.0041416132895542	-0.513630888914698	0.174805245927517	1.33319850888899	0.413272441832936
-0.057021822906381	0.0776093740291772	0.532239196323946	1.00733341535884	0.432949346053711
0.34367498070381	0.388425864074008	0.430043794004823	0.168333083572707	0.860125539467839
0.280892850785572	0.274163225589985	0.788138746890558	0.756131845615774	1.21333011784688
-0.0964946273467013	-0.25911888479307	0.750637669028754	0.119683020790696	0.705403701681725
0.0228142471999905	-0.295456746037259	0.415951659242316	0.488727796000368	0.725700984059963
-0.0655440148848204	-0.312600570391466	0.805350009111672	0.393800991786268	1.18526026105903
0.0826750948626442	-0.153555252919533	0.645515372754505	-0.0639812379923369	1.16151260483648
-0.294066262787897	-0.410946284184988	0.236645552763554	-0.583951785333303	0.68065464445088
-0.286364064137318	-0.889286137637943	-0.0436313335646149	-2.26217049814906	0.783383365614059
0.185902610615286	-0.121908780649	0.447893717938605	0.0241618699942331	0.818496775592401
0.0521685126135137	0.0187112582840735	-0.0323270143385407	-0.233063368042651	0.834394001836891
-0.245869381253072	-1.2247261332114	-0.94427034134043	-2.09725532601515	0.252537073506532
0.238769524551921	0.159708777050534	-0.760762989016868	-1.22025554989358	0.332388812326734
-0.0187927541879173	-0.599502476535499	-0.171478754492362	-1.41947690439184	0.216656262554354
0.0877415227743753	0.208590697634954	-0.784232844303751	-0.859231474243397	-0.473960696429239
-0.0954778552878214	-0.51062752047704	-0.389582392021242	-1.22949447320116	-0.532647670938072
-0.189681681078001	-0.278967547988933	-0.44869667378855	-2.13801231773442	-0.688980328931716
0.0324041808815747	0.144743958610762	-0.0894364172273663	0.768383303696155	-0.495313107766898
-0.419239193911843	-1.05571786864627	-0.522017678545134	-2.27889576011427	-1.06242527842608
-0.49430641167117	-0.437938956283034	-0.564951273331395	-0.951524829167674	-1.2721911043356
-0.393787833799329	0.0838670818089295	0.317994216570606	-0.946594833890884	-0.580726643766609
-0.252108047149488	-0.0108680724325458	0.0670534832800391	-0.544343449816818	-0.802979036773874
-0.390325026120721	0.0454007941023999	0.167235419474867	-1.45841796282176	-0.591144324036019
-0.455643225620698	-0.229339312197773	0.145663216374327	-0.535237956922788	-0.918949601946019
-0.425453961913813	-0.0873491750943862	0.256810020648918	0.0155236915782436	-0.776569295605695
-0.357126251094901	0.236375231269347	0.605916347113032	-1.17947066621619	-0.754775611052552
-0.759821335959108	-0.085881309656225	-0.129882917623843	0.321214572431092	-0.976712446359687
-0.508172090665399	0.15689080760422	0.23479343028653	-0.100441518987983	-0.636793228231219
-0.270332860087427	0.329202793719478	0.602509774587339	-1.38952955026197	-0.0503924762199007
0.198626679825774	0.204304712401363	0.792415394462181	0.559201324630492	-0.206334776131102
-0.367963852743864	0.615001217309607	-0.0809997082341639	0.458056788038024	-0.0810808955361236
0.00935215052364578	-0.370222866390455	0.156058610175169	-0.359526854450265	-0.546187172857209
0.266772085774037	0.551555524006933	0.663025739339597	2.54031308060474	0.0719073505476025
-0.147029571377853	0.499160437942772	0.711595316949468	-0.114050499243752	-0.430308723470784
0.137802932846363	0.00548902473248893	-0.285619934687578	-1.58234782519898	-0.636561976439957
0.19216081822993	-0.091151834199249	-0.0103989680423752	-0.255042172996086	-0.48090660780326
0.139782336134044	0.0524350618993036	0.340625510045623	0.394461700831786	-0.484709722563229
-0.0890921336117934	-0.418349596366801	0.0731572518145663	0.474542975961846	-0.277757828529352
0.00640937494263779	-0.582674563548773	0.0152649881041804	-0.271639100154156	-0.955664921550165
-0.144340494489318	1.14747915488732	0.0488333518246621	-0.0810823708632649	-0.391477473796531
0.119252298646126	-0.308008667229719	0.19739472184852	-0.643126419269992	-0.490233935302027
-0.0725811469922526	-0.436104888745684	0.336387608007114	1.77499728165383	-0.273098380240147
0.102058975423625	0.300439660612799	0.315866789447958	-0.519779344916507	0.125972743670488
0.164233804327333	0.891292237758196	0.912075433850451	0.445838863099733	0.063812006819114
0.346241596341405	0.347262950110567	0.904908105628867	2.13955962655388	0.394005663096112
0.392462357789327	0.516323942763999	0.910377079165408	-0.730146183466787	0.587493038040245
0.443000735982361	0.59234110928235	0.616509605031578	0.582368458544347	1.1292183742739
0.935214215862964	0.570125559326908	1.04335235441619	1.18939668409532	0.736526165233807
0.351261713855532	0.682336600004357	-0.14568733927794	0.15815391204029	0.398249047034993
0.565246694685845	-0.544852136279998	-0.604588482004212	-0.108027195205343	-0.315280730274177
0.540119170444037	0.203135386330358	-0.373055658700289	0.479815625074464	0.449915327252729
0.169906680077004	0.416855593808766	-1.10897266330513	-0.814756752844019	-0.379682019605082
-0.113426455879948	0.0901226319287643	-0.885354767254677	-0.0799646799053193	-0.28215996912076
-0.100936519132943	-0.479963032020493	-0.223947094229288	-1.89268000837247	-0.737499182817583
-0.13667530937652	0.53878821081786	-0.457392667971215	-0.689581339201465	-0.244284858296924
-0.225553262506746	0.168038125252772	0.181666025801446	0.369597643904727	-0.43923361018602
-0.132655918890463	-0.0404421609335885	-0.158551507383292	-0.3052495868791	-0.775720864113064
-0.270664430653334	-0.474226313330739	-0.490620803156396	-0.323553548420375	-0.625370621644333
-0.529234854967733	0.168645404408985	0.171766176257707	-0.314457917192936	-0.701428357002365
-0.142968747058694	0.303326035297505	0.759797810628033	-0.692570117640438	-0.202371421684537
-0.212200159306679	0.128608024701494	0.270689526424021	-0.15652093026937	-0.763150183930483
-0.328568509896925	-0.118706065414203	-0.0500786952134985	-0.0784602097497436	-0.426920073536356
0.0304943308247353	0.2164877670472	0.407750631585989	-0.477638430057189	-0.688656388195517
-0.0581339028777034	0.447075679697828	0.416509695432327	-0.323151829086042	-0.222336595608657
-0.399828982925164	0.195926254803375	0.056083858850526	-0.596354426903152	-0.588984673352854
-0.155339982087469	0.698705300702378	0.10362779282282	-0.741975580556998	-0.724472319556729
0.129530312812476	0.0760154181919056	0.303329675156435	-0.474705508173371	-0.542282810243448
-0.522382609498307	0.00515781839980694	-0.258456843510196	-0.130406466449787	-0.584547310287884
-0.305132726572389	-0.424099387044609	-0.514993466236285	-0.829098613140344	-0.74492943297503
-0.105087860768658	-0.390248854445052	-0.119279427128037	0.113037400863854	-0.704136014464974
-0.467816336248943	0.342763140716483	0.00879406413350482	-0.0451526016287654	-0.410988894283435
-0.0345765574971828	0.108473637973061	-0.068221652242902	-0.185132006188995	-0.324490979585455
-0.519867552006068	-0.331199402727123	0.0122776686046538	-0.1923918491436	-0.648770072776358
0.0128193664074184	0.44512079214807	0.0530194382002139	-0.896367176870728	-0.226431958724859
-0.0881260739371141	-0.00427973162324292	0.169585771926118	-0.138915001538644	-0.245903591129922
-0.42918002868676	-0.169096639039202	0.255631611800692	0.713050756675866	-0.279081714915751
-0.282018081045227	-0.171715220022837	0.22763545501673	-0.943150946961554	-0.138843391782486
-0.230783286252888	0.943812726982241	0.381362123157524	0.413011434692678	0.328673601225689
-0.0136578185878368	0.395949691651896	0.427573163790565	0.098028457174432	-0.0428104230105724
-0.0672276838318293	0.149167097747611	-0.339122118856603	-0.817084809410356	-0.0686526179084569
0.121859933831874	0.282592934670151	0.279940222054669	-0.0397524872849165	0.208453003560331
0.496925907448836	0.197350884000708	0.0851385629176355	0.754269120605106	0.170462198701871
0.102926955773831	0.336911506582579	-0.579345995512008	-0.315300351791323	0.0795322898573677
0.0289971142270786	-0.0118418481553133	-0.696752913640271	-0.133897651334596	-0.288445407109818
0.0641987382287341	0.0974858008273454	-0.689887313984097	0.048073317238773	0.263107862865599
0.198775877237869	0.512775993155622	0.316958533761015	0.515308778681153	0.356796814298623
0.2064063854343	0.267718816519919	-0.261906287561886	1.18176200961137	-0.0873988420100963
0.267815643998875	-0.0328572079245322	-0.302252068715693	1.02426429541302	0.190298642846336
0.812453108970257	0.46969775824295	0.586725958131492	-0.348715683338234	0.360193632551544
0.589525508127249	0.37706489530873	0.467387242478848	0.161711819738852	0.300503614533243
0.565519894611036	0.323093439628893	0.270297340746834	1.43685738256449	0.0232573401361003
0.313153280006343	-0.0702373759745557	0.365181993434855	-0.475731383863755	-0.382861097716361
0.772383502571189	0.62556047108371	0.530484775687593	1.27225258522517	0.00121516318955884
0.621690666584799	-0.407610628149605	0.667674125741966	0.305528784433282	0.126255086883393
0.670903898041933	0.276147556483715	0.215717170492785	0.563049948402951	-0.301359838222616
-0.0585899271253343	0.625034617403519	0.320172284958164	-0.709034229545263	-0.333438409121352
0.448852302312991	0.0265088798371184	0.591107339268344	1.16932649976809	-0.201098149105814
0.368858982328025	0.268888991886352	0.0203280436505574	1.89765983485805	-0.686121901856814
-0.0885741712685733	0.0617108863313254	0.0763130677667119	-0.0123992738369003	-0.551213198936255
-0.0660825049730192	1.02024812933549	0.142769404269419	-0.196287841279208	-0.24628851197902
0.0486003900098131	0.286275236708179	0.674805050938485	0.603737497533838	-0.0424968775340995
-0.094310558255567	-0.69638059397235	0.372463249092137	-0.602543350777363	-0.606475449646878
-0.131624949759111	0.0111296800758221	0.263729154971538	-0.0619025374448737	0.10724988289513
0.224946529282247	1.1751536190234	0.569750385828989	1.60524830023155	0.0767144947572645
0.236933785483374	0.343246152887455	0.352022615613038	-0.812748657579852	0.113685434117971
-0.117072767144755	-0.185015245137849	-0.0388433972479734	-0.794754585135085	-0.177130089307329
0.172936417996206	0.174620785865554	0.452132121821678	1.37974962748195	0.0115649809988262
0.121396437148543	0.518468921680683	0.238582531338206	-0.136245295968156	0.237923669406596
0.11386899143952	-0.254932032000294	0.0255718182980482	1.46262675243852	0.00949010382646084
-0.0661148009324414	-0.185554044495019	-0.369293930637541	-0.0615199877297075	-0.469891287063064
0.00352452442021768	0.0417486815814425	-0.549188962710582	0.306148837421855	-0.0495525516286806
0.110483108402785	-0.242728948312894	-0.788183929490186	-0.38272171811759	-0.211547721188046
0.102886180675715	-0.418187421084255	-1.39804244334057	0.817712242977849	-0.596344922842993
-0.267842321478943	-0.219259660174811	-1.5984322769374	0.559180354843956	-0.741636171072625
-0.03331047918677	0.303288797774805	-1.16445564038586	-0.308481893005779	-0.32965345058956
-0.0140536025060813	0.295016936886004	-0.632346997323314	2.07169042698304	-0.0888798469821952
0.0584484358597398	-0.226860700567738	-0.748817863345772	1.10912076071447	-0.0438778354794799
-0.0868072673757081	-0.112353987967321	0.104587569064484	0.658640192027931	0.308584739058765
0.059440253270718	1.30789080238298	0.623192260420466	1.27266814020428	0.646218296892484
-0.130329346398491	0.383033031545792	0.696368618511062	1.81238441398562	0.931498343424427
-0.0830283123141664	-0.230957551522112	0.519516189972494	1.85720860111261	0.798089301749913
0.205600657588124	0.835096849083493	0.951877809944479	0.282061957133729	1.00934619419497
-0.370653639300681	-0.0776983042271954	0.695093930927778	1.04225845559344	1.07990431179848
-0.269421565181459	-0.13225887620235	0.0278386274982612	-0.403760211857	0.739202697613518
0.0685421119586023	-0.267355752626527	0.366187080322952	0.560804015536101	0.95573686349631
-0.139096843803461	-0.0897826123658625	0.201975751805835	-0.326876092496753	0.767987594735033
-0.332999059307884	-0.503865261613008	0.0013456671721065	-0.563446097435135	0.508596758939801
0.117108711504133	-0.389129995753246	0.0925663035467408	-0.238229601542704	0.322950566645561
-0.299962126507448	0.233984165693982	0.0694359324532252	-0.216115510505563	0.32958128853425
0.153936341807269	0.392101027720996	-0.358868255162343	0.00743411979910546	-0.399535746305387
-0.480737470252356	-0.119361743762842	-0.68261380300686	-0.739426240322774	-1.00023062241273
0.271732813820567	-0.5572458256974	-0.657271466781852	0.0281655028932723	-0.772423082388759
-0.218582193254193	0.0864498469582136	-0.986725018647468	-0.736276196476309	-1.31023879657051
-0.294594418444584	-0.315928427310804	-1.27400673816656	-1.23260346156011	-0.950610277337667
-0.166304322465028	-0.269873931765386	-0.645360144953897	0.308155018716205	-0.653181294376653
0.132232095211534	0.427450204395248	0.343577516887035	1.1057534535107	-0.112770449337077
-0.0363270101129112	-0.22196873636661	0.55387364339534	-0.0727994971288983	0.683786808315707
-0.196417244000323	0.0465015477016743	0.372093881439369	0.909758664359198	0.468815819614224
-0.176285789959873	0.34726269394624	0.623206914302418	-0.468045105215905	0.819555751325459
-0.0330471191181243	0.284366751129882	1.09969589620881	0.947175627314027	0.695033873317188
-0.13043334304853	-0.599407499132434	0.153949169100447	-0.100021850998046	0.755039934030406
-0.081409091023573	-0.0932553359113534	0.197369170730747	-0.345202962151137	0.339677855041847
-0.313220798151305	-0.218902314812717	0.743026697513338	0.371351433937027	0.749314211238031
-0.0178829340402466	-0.171400651796876	0.117725522146219	0.0816499919887656	0.201799907927083
-0.530435802654294	-0.0254117497280767	-0.383535611761408	-1.29870168353817	0.27811238184245
-0.111939200033188	-0.2012689213535	0.139093977658758	-0.762007365842878	0.328629150276575
-0.281258631932353	-0.298981380621132	0.476336753589983	-0.401611119790945	-0.0472243290526942
-0.249721307484785	-0.222086337823949	-0.332998414312027	-0.708459068267272	-0.26114224907275
-0.120433009716054	-0.712276819805815	-1.00017053006271	-0.500760727441672	-0.868244168407678
-0.495309189443738	0.0324792343925599	-1.45110117522059	-1.67451595041215	-0.720108023522373
-0.182360225667069	0.756365244990682	-0.644711211813281	-0.664347840879373	-0.880158183537503
-0.137677804339125	-0.234502609981481	-0.625139598470327	-0.352206009990926	-0.293168962811182
-0.325485329336098	-0.33517719219181	-0.595940548022694	-0.0294155645309776	-0.414521352864538
0.02085538388557	0.228441699830624	-0.163892912061635	0.917243868249346	0.00477947090182439
-0.120017634447619	0.476482873159702	0.0245014027324366	1.07188468698019	0.564162139565497
-0.445735364634639	-0.24180220653392	0.27802233795936	0.428805791159071	0.400648230534254
0.0460538785092237	-0.239694806099268	0.253937120363408	0.353903954508947	0.0804059907302353
0.218138292522823	0.623475016039521	0.845399117265229	-0.336660218506456	1.1679407039464
-0.320328345512033	0.00282035611072456	0.82072157340785	0.499071594911918	0.555624279616593
-0.302177226878978	-0.514516941774403	0.118466892563783	-0.878554210157979	0.65236123977643
0.00799636259782139	0.297480944292172	0.822187213307163	1.81524636319546	0.861076884610466
-0.0957331295177335	-0.454328238724017	0.622556390391158	0.713429775211361	0.863583275237176
-0.136537795272649	-0.76983858915858	-0.0453093715049298	-1.99756869864565	0.263547417736401
0.0383255927874893	-0.252730773473105	-0.267570472905867	-1.91328666544745	-0.097062023565204
0.332284018871476	0.0392690221939701	0.0805538781200799	-0.22277120989919	-0.11609869232246
0.360477990092764	-0.137848543066538	-0.247063458792408	0.409519771144818	-0.669270575503479
0.176568710290472	-0.53506705649917	-0.671032182808849	-0.347509318724598	-0.993639413323895
0.459649108136037	-0.284888983174419	-0.881512657379676	-0.0031420894888132	-1.17454412041026
0.615177157627797	0.193594535852457	-0.518501411681179	-0.657659684401981	-0.914409691596885
0.888705392136553	-0.0492367236578186	-0.490470850724224	-0.968652223611504	-0.820566610786176
0.465049736973181	-0.37352568580557	-0.629637512637581	-0.189872197954308	-0.924123032858638
0.479214253940887	-0.186637710047401	-0.129067588239364	0.825898747905425	-0.955542899694043
0.390846235507991	0.60962978590547	0.400777398103313	-0.0955537637526895	-0.248517086176639
0.206048014370851	0.119917042915146	-0.225191892086519	-0.745378757187788	-0.211385741089511
-0.30257565936419	-0.338675571666825	-0.208605705073065	-0.361474795019761	-0.390233650124511
0.33788571363148	0.256597229525131	-0.0365957300847515	-0.106452228512292	0.206892369812947
-0.34472315150195	-0.128127809281354	0.531846937246824	0.430832962572383	-0.0460546981546552
-0.17188033378981	0.182370644120074	-0.439872870390068	0.551659388461336	0.0801249642931829
-0.329366396610939	-0.382514749467015	0.483482757541879	0.0238552896642897	0.0684653465953722
0.0784722498883019	0.0113856238772782	0.330621501224097	0.735622148959427	0.710608141146811
0.0981621483065647	0.185057435770047	0.637820226680005	-0.145006272146233	0.428512328043734
-0.123507647184242	-0.114746596257303	-0.145496957465851	0.118116434211189	0.175947071981866
-0.0596073827786707	-0.50980036409092	0.286366067353923	1.11285022360662	0.519846087453504
0.485636126049041	-0.00949590434758062	0.665773006649238	0.000542670576594591	0.339810948002473
0.568392456656234	0.337786290639893	0.253207517864296	0.0150655233814852	0.025105118553938
0.338230651266881	-0.0273022986147758	-0.00872360500264575	-0.150033810052676	-0.383046799682344
0.429963084767485	-0.321266399887912	-0.551777473097482	-0.649516954862993	-0.450850620597337
0.204748285215776	0.00910772676474351	-0.497026616292787	0.497668261598846	-0.494797599567233
0.133756140595527	-0.12172974798253	-0.600921809924615	-0.100799255075116	-0.875323572102171
0.229310057217765	-0.433633675928088	-0.593670877638508	-1.13999434025018	-0.918704952028963
-0.0001585251602871	0.410589613700794	-0.138053682409603	-0.74270721380811	-0.254223077576671
-0.0645470402962906	-0.220705496740835	0.024283578185397	0.0293754955691441	-0.300016194001902
-0.327661416035499	-0.863452397412385	-0.234121980307157	-0.750992040149047	-0.349781643649947
-0.601529153514433	-0.424393702347758	-0.294262514068219	1.03167218903016	-0.303136623810698
-0.0610278080709032	0.469485239183557	0.227594004817288	0.00428951067460723	0.25218956494032
-0.118642091191706	0.188938834850815	0.581617141095081	0.576233999810444	0.232896404748614
-0.467156804360347	-0.330485275888469	0.326317476193813	1.40417384533845	0.28385818175708
-0.153272837400389	-0.276663416585641	0.0520241999762701	-0.453077479747622	0.693560932745044
-0.184534850958725	0.601070392288571	1.0010891810762	1.08286589879445	0.71439651291917
0.042040713271063	-0.499347812752795	0.97555400748111	-0.648257015485715	0.877037237988092
-0.201348315615917	-0.756490249566594	0.362040433380574	0.537239695885192	0.313560467296445
0.191388141806423	0.199332629057401	0.558114626453819	-0.969196467145294	0.531274223418625
-0.0190175076534867	0.0866683248555642	0.0138272143944187	1.20710179754363	0.135986094857621
0.0748973972524008	-0.196839906431847	-0.0896007125852486	-0.912377663817604	0.217477238796399
-0.11720547727255	-0.918158073663061	-0.857163619798969	0.0271904646600605	-0.719065093435767
-0.133486728104318	0.104634740223457	-1.32011103865136	-1.04736214636497	-1.06768356244717
-0.287621705660436	0.0337897198668671	-1.22344190141304	-1.42555531804706	-1.06550347059462
0.0493950365901513	0.104480139208916	-0.51210874371456	0.0635614423689195	-1.08204595516484
-0.493746182702915	-0.00957427305554341	-0.963377149194282	0.176397148062239	-1.08895550235021
-0.35406120895818	0.550673275038103	-0.42534350675551	-0.291179894145168	-0.398618272876146
-0.222431218231555	0.183318985836468	0.114409274333611	-0.145214438457966	0.00809867858200741
0.0178635269623775	0.564701276767921	0.125063448314462	1.343665782341	-0.000356225237889491
-0.095247245589941	-0.187567173219702	0.322388399695003	0.618888253123637	0.493976010741907
0.172271860455537	0.377126015551563	0.882963604642623	-0.227900803645764	1.00148334205317
0.0651718093609727	0.724987888289124	0.710907292836677	1.35869506210522	1.04788641792708
0.229634615657618	-0.650163302300404	0.307140006760807	0.881982618446914	1.02519586077509
-0.00376332069692864	0.279506816693481	0.725240848726357	0.645753445857685	0.947023302374258
0.0857999374510305	-0.216350586829951	0.814059904394769	-1.57720962480422	1.09787091040651
0.0626625031836006	0.176986914756564	-0.176105539996995	0.78317049098513	0.450708804740054
0.231839267314456	0.225046546415248	0.134272883223705	-1.18277312741306	0.587769217317256
-0.0644523628226803	-0.522774898763303	-0.328226020772254	-1.16497885709424	0.417307451610031
0.342557613266621	0.18109024422421	-0.334020083748176	0.478115733762868	-0.0701093487849108
-0.12212510288109	-0.56844541065807	-1.1559446616143	-1.22524648589152	-0.501143761955964
-0.293990896899677	-0.140891413622875	-1.56105362926252	-0.324299796231737	-0.468316664926385
-0.0934806895195462	0.20845384849753	-1.00198497549036	-0.444928810402303	-0.835487978585298
-0.132380312459258	-0.0280778254087346	-0.550637398840126	0.446431343686578	-0.438858948851291
-0.410056503412744	-0.807688110478348	-1.12250531026411	-1.68470263814218	-0.663347467039969
-0.0571513619892697	0.144416863984263	0.10018678695163	1.22673836691042	-0.106937082964193
0.0594829009937435	0.607529894942201	0.413422192926268	-0.445325055820933	0.396189537787026
0.101661117755588	-0.0599399656423795	0.505796583342157	2.03194902889393	0.711240717179687
-0.285891380838286	0.479647450667754	0.613130715513447	-1.09672602059627	0.482877131577151
0.169967834511843	0.453092422664213	1.13508835634571	0.757380438963953	1.20260816999769
0.560447440838862	0.132094821931108	1.12540191670843	1.00168321376311	1.16341245015582
0.262793098392803	-0.290333310563047	1.10659967523705	-0.45738203979415	1.26499126136028
