1.01422716234449	0.90727257858279	-0.549567170539265	-0.368903538901573	0.0603354980418489
-0.0845687425373688	0.340644326008019	-1.34895326866259	-0.679251356360649	0.303510608028947
0.153126876261382	0.40709460675789	-1.46298524947197	0.327516019244147	0.0446568928143522
-0.107000956333261	0.304831008778894	-1.29678642169907	-1.03309236583183	-0.129516406781266
-0.34009640371645	0.0291094311417978	-1.3578042085556	0.224390508394192	-0.241170668188755
0.125307217119439	0.267141883085626	-1.21613762851542	-1.03761217242596	-0.399234919004858
-0.376425547260864	0.0342928912915701	-1.25999905584673	-0.0209191792753056	-0.153264792373573
-0.555824559704007	-0.076256776319579	-1.10548842867835	-0.100014686741159	-0.184408347177201
0.392761658264153	-0.0736497016751876	-1.33752095499718	-1.09399869473307	0.156771893149079
-0.454882386860621	0.174820265448451	-1.0959825697807	-0.311141285912629	-0.0659722948886907
0.0326729780723068	0.175084605345029	-1.54378487819257	-0.280920901594737	0.021987601192962
0.244534820121927	0.204730011968175	-0.700230189620997	-1.19717862113325	0.537211222111694
-0.22325280062157	-0.161458109880813	-0.920234874276911	-0.521512134092226	-0.0951634231134491
0.270060121269332	0.150353265029874	-0.584605823802518	0.362083309135404	0.0430325384462689
0.189250556333315	0.155554348740813	-0.683015616849422	0.314151881609163	0.219249101873563
-0.189366948330746	0.257611082732598	-0.470874143522807	-1.17507261326568	0.130822850217495
0.00388253870084481	0.336243648666213	-0.284391107699334	0.764566570777253	0.922090198164817
-0.098033100914147	-0.0256380318512678	-0.444323262789827	-0.804416742208502	-0.059113964457924
-0.383870874022826	-0.441846008692178	-0.218628661616107	-0.835113955292584	-0.512258483026163
0.140897856018332	0.217868437669761	-0.230175265076968	-1.23601069698499	0.308975962079943
0.347331213667044	-0.0447984541508923	-0.490772612178358	-0.342941453794749	-0.149391164361971
0.0718324713597007	-0.273919406457676	-0.041732686365817	-0.68932785842035	-0.470146639057609
0.0291173345750328	-0.224874919152137	0.0336551045772672	-0.839751043760167	0.0456929288058921
-0.0691905533281229	-0.606415994720682	-0.13667947609231	-0.966298661064196	-0.202418787564789
0.259043902570305	0.184639873591889	0.0904366370768016	-1.80150307311505	-0.0464537233399855
0.231274124467305	0.490662799393958	0.20567549663445	-0.530376480269906	-0.50857667353254
0.157616382771911	-0.490632350460969	0.0914549578558217	0.0320809266766911	-0.0457287205738209
0.449692151596783	0.423573343889224	0.178388409083924	1.06678382114901	0.322716836486299
0.205439612568064	-0.162406289728562	0.0759565543941888	-0.845836684516521	0.1772736235493
0.324440858322072	-0.0963260729090511	0.335204641323962	0.144659294830022	-0.187465526343814
0.851613696238744	0.394775884027612	0.582773426406555	0.282610972964144	0.480848366071934
0.696302880656207	-0.583854388717192	0.219048054416513	-0.21778054507091	0.0475737742279964
0.628582013408368	-0.164857752484548	0.109117151586645	-0.31686000064344	0.0829984729176507
0.94118458888884	0.808420446705812	1.10739374839032	-0.362248502842983	0.0630791397832417
0.498757192791936	0.0739751758146546	0.466957955010692	1.17460404388103	-0.677371957891554
0.520121052859211	0.102560352099264	0.662273202382739	-0.0489186805757506	-0.422454041088719
0.971325444932139	0.486675690900975	0.425798465207591	-0.395481489698968	0.2883475763144
0.126622601310465	0.0390838552256875	0.572470384123563	0.397227373936753	0.401524231920237
0.721534056059529	-0.442654330518744	1.02008610045758	-0.181489139819299	0.291801757543613
0.245936331504275	0.703246054530803	0.540159321546879	0.242117491865494	-0.329547451998325
-0.231748098493242	-0.095418549217478	0.428830698127887	-0.643485765055451	0.00932207700439894
-0.328851354118477	0.0687572545512889	0.394693906528596	-1.0491219351557	0.351369978534446
-0.145852150566832	0.327529302009427	0.58094172675647	-0.269474044077471	0.219436365464925
-0.601783838897604	-0.445114124415034	0.134747514830673	-0.97242781800751	-0.426430870110981
-0.39633242773681	0.128833495596621	0.439715293574815	-0.519789908273286	0.0569066090060316
-0.46222333270987	0.370094144454855	0.55423420919702	-0.134199414634438	-0.0205088377884351
-0.257943982883567	-0.343885028639868	-0.135480385026363	-0.825227099712955	-0.56654113317259
-0.386067737801157	0.575905182761172	0.108221238352275	-0.759633216940459	0.188491831836912
-0.416942764859926	0.321626032927835	-0.0798203469665247	0.469159470849225	0.299143049756193
-0.167060000696955	-0.426230719164837	0.0331782235487507	-1.04593212928897	0.0896041789952141
0.381462041896462	0.610942908769779	0.274620016643384	-0.471282091160878	0.32583345538207
-0.0581041178309504	-0.434854833348108	0.969437387475655	-0.256415443777855	-0.474883078977294
0.329047411863163	0.358152921900111	0.991636117224234	0.463349975130911	0.176708891596662
-0.349632419142514	-0.333934059690116	0.203461558421698	0.46246839137651	0.359151699692959
-0.561152748374337	0.266582794777123	0.655270664411166	0.121940999100229	0.366781037121705
0.0106340181542291	0.284644301741578	0.775296020432188	-0.301380665469271	-0.226931661445453
-0.386560982523975	-0.606893513184739	0.35321213674054	0.78366981564821	-0.295861812736194
-0.344594061686554	-0.218696562371525	0.391949571408269	0.300792596201984	-0.150630613035435
0.0247516476206202	0.156051065676648	1.0547084165912	-0.706295292307264	0.105325918884701
-0.00712083164765872	0.0574678974174017	0.577281429039494	0.232416372103279	0.0113943893487822
-0.506105880058379	0.480202382875165	0.945052913288122	0.210259177639755	0.0919138543713828
-0.17126259827002	0.186979209556046	0.715284027394664	0.0957874550815584	-0.23859365193186
-0.765199726262215	-0.0576901556097989	0.618905769557566	-0.107238921930079	0.0894105848906239
-0.0520755620583548	0.491966541828683	0.778788230936175	-0.601618974401586	-0.138565431061525
-0.542760448834275	-0.272268428725094	0.63098200140402	0.754681279688096	-0.10085762316863
-0.401447908144127	-0.28149025572884	0.973207578854754	0.0214079664283243	0.523293323570335
-0.408553567451722	0.326742061714553	0.69977827587741	-0.665203257964149	-0.168288167698245
-0.409828168429032	0.019359610743076	0.917993926601208	-0.205525888519203	-0.051592934621533
0.0444827990634252	0.0546414953445354	1.35332086053639	-0.371294514945854	0.541814009609741
0.178068935249958	0.167211339764938	1.35551298701898	0.422702865833036	-0.0295685223958178
-0.156576536171199	-0.0725514063595283	1.4160038915499	0.667059072506102	0.0335973302663772
0.508206289708334	0.134739800934718	1.48004271808221	-0.304105907339868	0.568203011561078
-0.0576465520506496	0.428523314307019	1.72532879191326	0.451058453247587	-0.0202575339866325
-0.131699221106904	-0.167140468917862	0.895319660488632	0.188460897392904	0.640449049024846
-0.0936360953106838	0.333459526229517	1.15419575929503	0.0698192081023364	0.157522443256131
-0.743410742939495	0.435984858133505	0.866860557626592	-0.414750393348599	0.397248730866555
-0.567129659834515	-0.365927525795526	0.0887257502779509	-0.185370412187307	-0.336948337989767
-0.0582380360919338	0.0858789107728511	-0.0397279530423138	-0.0963497999977837	0.975548896015214
-0.243036696962853	0.144955248369268	-0.210462708281009	0.666679359417214	-0.0191931277775274
-0.10032040654695	-0.115475691065233	-0.360076547326393	-0.572591161493288	0.447693452112358
-0.149735001412681	0.353554784179263	-0.0101776100842375	1.19826999963532	-0.0634204531768011
-0.280467384563802	-0.349506228003323	-0.599065067322466	-0.15766335850488	-0.210509308017871
-0.640154660283183	-0.0240934669799723	-0.0752278186233513	0.0679325127729794	-0.472787124195792
0.192040306537702	0.222434314536035	-0.152363951892892	-0.478466581695011	0.115684008965976
-0.469418141753413	0.019917895838995	-0.461306144115523	0.636769551141441	0.154218967682675
-0.208423060209087	0.0976191132792154	-0.163239300491886	0.736945036227092	-0.104877117268328
-0.113681394582638	0.457190252476023	-0.515736555611843	-0.222923136159961	-0.0387106871939879
-0.120805373122533	0.0262014225102735	-0.376477621452566	-0.65659077618806	-0.54212523228695
0.106547954718252	0.220310614293194	-0.321781846608603	0.626019120514372	0.026265836838002
0.0814857881536517	-0.310783251721316	-0.412847933249124	-0.177358030295431	-0.387871531214108
0.00886369246980068	-0.28568415891807	-0.375135585982957	-0.110517176340899	-0.347460601662126
0.114152220577767	0.311605891474295	-0.101022049715141	-0.566631327324978	-0.0129132284568243
0.0870301271041956	0.673065278943329	-0.192462486548407	0.345943898547861	0.322904966975938
0.264366162738904	-0.210760671759429	0.112529592091365	-0.58472808945017	-0.249120135073676
0.550626281601022	0.200663614379045	0.155206750627632	1.56726512369432	0.455606805494756
0.121159182013937	0.375862511949226	-0.0107612185217101	-0.474483425385786	0.103885263525082
-0.350407140685034	0.186569254541711	-0.15124337075601	-0.08406017616994	0.169678197733932
0.433753889240463	-0.62945610730379	0.238676201626944	1.78917530953694	0.277218529632847
0.198342559233868	0.0897024800708456	0.0392314089039967	-0.291360164756157	-0.203209259648569
0.759232418279554	-0.142755746524343	-0.0179000338760307	1.4850306898844	0.27444324120831
0.318301876624201	0.446555149178668	0.0921611882834296	-0.843924832296104	0.299380405610247
0.147713295248694	-0.569858753631845	-0.00304580276361354	0.677642512791486	0.0432604783978298
0.0336964952140582	0.4708658439051	-0.16632696517758	0.699549280874219	0.0801282300594328
-0.0260712397451704	-0.0861496284347534	-0.154933407252198	-0.180357448692405	0.342272268378936
-0.573967229851323	-0.153074583246083	0.00647333085591592	0.0634563803823296	0.166870982746834
-0.320008906574828	0.394774534370856	-0.54355087652673	0.00328680470615221	-0.146295899517365
-0.583494356060054	0.0975068665287493	-0.722143518081992	0.344305119577126	0.103468510107453
-0.307838689835479	0.177829315069664	-0.391532945216217	0.277449208469906	-0.0732774167296548
0.00232966622152394	0.103691558446186	-0.169360694181271	0.256309702456839	1.06222179291248
-0.0529839320145738	0.259651521975853	0.0303098580176021	-0.0871306613211185	-0.0491220302597062
-0.276929678825718	-0.28284992213106	-0.0282290268581918	0.170033204008953	-0.00695272472464697
-0.15469843471113	-0.276833406894109	0.279412078219356	-0.464171289509258	0.35726644061896
-0.245752150773352	0.124356588880755	-0.0884577070186071	0.628145174245736	-0.509079254016615
0.29933763096345	-0.267723326956326	0.242203534318338	-0.272966648434467	0.338242752108537
-0.00776042345266112	-0.216086997157978	0.737026401769039	1.13414753048692	-0.0840270410165602
-0.24263060082445	-0.171283518086705	0.279708550406411	0.0725102239347419	0.0659918688715602
-0.400400752897999	0.979502108123831	0.559345160037502	0.428450496592706	0.146407363902649
-0.0116625522170349	-0.455994294516825	0.764779192826236	-0.176783353645634	-0.327068317455732
0.240066389081381	-0.341809828930968	0.428052316044691	1.01622976001212	-0.130661833493893
-0.0387098483650608	0.30928590305061	0.676072079133919	-0.0168258891020924	-0.0865528142815178
-0.110202279941336	-0.503893245014747	0.402298433419908	0.129097037034425	-0.191775243340436
-0.154117449632349	-0.0208633750751968	0.910979786078159	-0.248477587123784	0.308015167919741
-0.276245260289671	-0.0604803761029165	0.481519214727718	1.07892462051299	-0.311795774086925
-0.45748347319497	-0.741083553330395	0.407359356283019	-0.000284449232259208	-0.522407798530745
-0.173860454284017	-0.181040063357132	0.711282630930508	-0.197068526521441	-0.233149317214577
0.126289287360301	0.207817146587024	0.730674656369123	-0.251128719924394	0.143109428964217
0.244218967622505	-0.278168377977259	0.662253797868281	-0.143583552537343	-0.550026863277256
0.0011433379007056	-0.00780317429985977	0.797458145304986	0.924703438874573	0.300897487034896
-0.303965430507662	-0.0384337410167482	0.445870559963414	0.290043198440105	-0.494421741233984
-0.156005016317431	-0.489288201602203	0.326151808555772	0.34679467733028	-0.385888585254707
0.241483195878508	0.00180583019218525	0.854852238691188	0.205076833779564	0.271799771763718
0.468440276837804	-0.211562108669847	0.247937239150579	0.349790033831106	-0.567251361746097
0.260924880838013	-0.221729520390388	0.33710476157544	0.686229221433367	-0.4575589598877
0.897677946820514	0.314729153272719	0.408067679048319	0.0721271335858981	0.981934343192479
0.491747549350396	-0.276492513803517	-0.186548441030662	0.880209617366479	-0.103982814014326
0.608547902703539	0.167323911488102	-0.0660673704165359	0.752062890333603	-0.134836120084748
0.465034384392854	0.576661142028254	-0.323500522773021	1.29603872085697	-0.0879770816511044
0.543533415982536	0.0870919961934824	-0.54511009565723	-0.443259712243506	0.515980519498029
0.180467122407668	-0.345082330519643	-0.208562614208971	1.2837836663933	0.250155228040251
0.459582051522566	0.618592728088597	-0.0426010673022854	0.0148219957835864	-0.00123675982999821
-0.215400477804561	0.245623616010485	-0.344809312078379	0.536175782287307	0.0986880725079826
0.436612725417835	-0.609178254420128	-0.282153047946846	-0.602389228450073	0.653662481859339
0.104808712007713	0.699586168446913	-0.153342881892373	1.0772748966131	0.24304687750538
-0.0863626045974513	-0.417445788686403	-0.422795112123284	0.562771100781192	0.474401297165944
-0.0089566507988216	0.374463160171861	-0.175958420303577	0.0433953290985346	-0.65266985493746
-0.255203517962482	0.223907378091758	-0.615520592833974	0.823193933629236	0.11060731703325
0.314337544597956	-0.221585132357464	-0.806274198711672	0.534774543348458	-0.35332851183243
0.397193371105982	0.057346273386322	-0.576488737554443	-0.269831327813305	0.344754450039377
0.134436183934967	-0.742790142197004	-0.498512046903728	1.13763675918833	-0.163642648993658
-0.25972816598759	0.132068952794766	-0.690714124243798	-0.450525389987471	-0.123838157693129
-0.355069599410841	-0.121366614841262	-0.651624110185381	-0.303278880952017	-0.10714430662951
-0.0511424450835884	-0.180511172935382	-0.453039213865716	-0.360533479629637	0.0166587727821713
-0.390029582954067	-0.408126996584168	-0.779019170698105	0.214504906659726	-0.513577467699913
-0.196223640679262	-0.289989801376063	-0.490891067161317	-0.094920220405868	-0.169138929932187
0.0336666048838925	-0.332217755955563	-0.966410346707803	-0.749311224618628	-0.726519178329657
-0.112910014214939	0.0159160922143741	-0.775928025203638	0.853769842180406	-0.479413346281865
-0.427954291182593	-0.474962436938983	-0.791047881395524	-1.72150257000587	-0.424687511512869
0.102470987300195	-0.277520918359208	-0.626078934444847	0.834189496387311	-0.809737373170592
-0.074190909132692	-0.315941562048637	-1.27119408264635	0.195595814280271	0.0647796435956205
-0.129095926274773	-0.189902797252773	-1.12834835217201	-0.240730909114227	-0.470375597505219
0.160317235182497	-0.561879165517319	-0.921566219315839	-0.405899362663631	-0.318469540998904
-0.228703269555568	-0.133001342956438	-0.616059800866147	-0.779865064650229	-0.327651332282102
-0.152498128372776	-0.488547693082673	-0.852902281627279	0.855042672669269	-0.126533591505799
0.0793593922028108	-0.20664599828179	-1.07609622210305	-0.0386768554841301	-0.44549150074224
-0.613477721839838	-0.293316935721951	-1.09529095037283	-0.150051974355249	0.127679076990807
-0.329125749260823	-0.0139993010457436	-0.916066323192092	0.203622031736707	-0.284704636855297
-0.227154746444883	-0.738987594354066	-0.697487710822152	-0.206479125982539	0.406621982244541
0.0331630208546176	0.096836342843903	-0.204404634629383	0.613369786425908	0.183581776422219
0.470566758901554	-0.518852514798394	0.381726251074134	0.27770256338751	0.102119534348945
-0.0759330398317206	-0.266115736546401	-0.0893536575948242	0.576444579735634	0.290462013206686
0.276968830058261	0.684762176144351	-0.0440766988995187	0.117636721762863	0.332144560366014
0.239085634834608	0.0760941049095525	0.437131081122821	0.0981522975736826	-0.210508817361959
0.175074298300323	-0.667366390273263	-0.161356824362006	0.00872744239011249	-0.330574684848323
-0.0224695280803231	-0.437706477466065	0.140217860250629	-0.0129072070367572	-0.055985906348731
-0.249478249634161	-0.256282249498123	0.0522521850696476	-0.0235875549357112	0.0845675095817367
0.38937486123459	-0.258199514194878	0.386462616200107	-0.331991846304962	-0.0825527177966485
-0.542005259590249	0.401268429871708	-1.32018770261165	0.246116541318365	-0.856019729822185
-0.516394166772866	-1.35652183775969	-1.36518973812944	-0.207124857392539	-0.740806340112068
-0.553409881213137	-0.585251356118277	-1.55836804179723	-1.62441753288157	0.244397260646384
-0.591363063284346	-0.671049904095235	-1.52720409389601	0.904745181928878	-0.122553443510991
-0.32069458795269	-0.729673366009355	-1.59505651842671	-0.717829538471299	-0.931436757805782
-0.467540905154563	-0.706967912702338	-1.61779165774419	0.731924099509558	-0.903437864589321
-0.577160242449206	-0.754837301682296	-0.856806786350461	-0.497826512009712	0.131724828535257
-0.776949670697092	-0.283345234052957	-1.44062392579114	-0.201226897641803	0.0792608281912964
-0.842968254753939	-0.613374482571292	-0.874470886645169	-0.20804583195835	-0.165312789865403
-0.399711743907635	-0.73983735015286	-1.1308462595079	0.319374599134493	-0.352485611937896
-0.316208288594197	-0.837148640622531	-1.42070727623114	-0.161056030159342	-0.258972336569396
-0.275131621653326	-0.152829162577528	-1.30579010780465	0.870639432361372	-0.0762518370276042
-0.689832743701805	-0.640677284396006	-1.22403954344647	1.17194135226857	-0.239557577378053
-0.467944648188039	-0.409256304828079	-1.30155452338844	-0.186781548944035	0.226346169078717
-0.110010215624584	-0.489746884725387	-1.09047345656071	0.226598703855842	0.309664621891458
-0.509262285726348	-0.76196086502008	-1.28925891950158	-0.361133666278637	0.206588212978208
0.112916780346502	-0.00549460095955316	-0.946346002607287	-1.09239494392499	0.081820197991937
0.399442186246339	-0.738325441946928	-0.688477208978028	0.51252686386611	-0.0144183677857288
-0.300519296754569	-0.00811163334875274	-0.522858059186336	0.431496623094014	0.420650375078496
0.00394828903579588	-0.0349350763777529	-0.596832656868877	-0.00506993902459852	0.0665628873221786
0.32472154772825	-0.180976916152232	-0.438446492025498	-0.993253405837157	0.74806758490028
0.349885893210292	0.0113801148795677	-0.164443366461791	1.65739443025326	0.582980525495126
0.0312337598435017	-0.119758663797745	0.315726654143442	-1.04652763959597	0.156427194635016
0.23405040291448	0.00893467551371676	0.240606263689366	2.13596271230719	0.376788187784324
0.346189811053234	-0.502995588065346	-0.11482992764545	0.421559250620885	-0.411177243933161
0.234867686927153	-0.200306293485645	0.242642277066599	-0.539829840892818	-0.0461554038905365
0.623209462815825	0.125491528967644	0.590956683344368	0.345116623183341	-0.0690850720793632
0.211572003213962	-0.0350610004045676	0.234859743179568	0.796818445948178	-0.0534588452395004
0.367182656545792	-0.0254305950018162	0.270959629693267	-0.107008976751258	-0.210791847656897
0.613720656932423	-0.0997861289053033	0.449170303565298	-0.102427125283017	-0.507243977522385
0.525386978852745	-0.35626370682016	0.150641406453045	0.368907198030082	-0.697087838849457
-0.0599851585927254	0.0249673044877225	0.791081773013842	1.21513626850201	-0.0864404087113157
0.17174980776429	0.251336285000438	0.5801081332761	1.18703383236245	0.0807124179919507
0.22660710425863	0.378133165203427	0.156220371788214	0.149176384119396	-0.693845437481683
0.361822775438543	0.270585880804487	0.595215781736398	-0.308723067477547	-0.120903920589377
0.227713404877418	-0.216216158766903	0.872838742466221	0.146072098911278	0.201161963122102
0.138663089977641	-0.30825713473204	0.148076458595888	-0.202873067827537	-0.54890156663529
0.67238576868945	-0.0039395824390931	0.631653846291051	0.0408250346388757	0.146445727283721
0.116889175904019	0.213029274441664	0.453514178743218	0.0190571129312911	-0.486225065438017
0.277539384871881	-0.137192139978962	0.0600278176977539	0.869545317667934	-0.2590248017483
0.361314069866847	0.120922311572723	0.551200039769741	-0.430158891941783	-0.0341984973086886
0.456553184650736	-0.104016913213402	0.433228108704741	1.50532054277411	-0.480602083494747
0.481482524872167	0.477266383592718	0.0245843226880405	0.693666147548646	0.161089205122143
0.119917904032189	0.333627323964636	0.420004965336602	0.392715374871402	0.167323914653225
0.544157406514881	-0.0940123002356978	0.372209332449781	0.233772021394289	0.0689162729398674
-0.0908814517621109	0.252054676965442	0.114524298494554	0.781945160496173	-0.585002142335915
0.39116975509934	0.0377457781008036	0.431039502592885	1.01923374960575	0.24891293759788
0.0901040864036817	0.736737151150677	0.617186322253893	0.324876765650465	1.01837081167201
0.381940812021491	0.482411840483929	-0.188270213870479	1.22000400651334	-0.0974620063667579
0.354775118487749	0.507412454824616	0.452725538799623	0.256409585384181	0.697367586307369
0.0877927178459663	0.292632121160159	0.915440244679687	0.103085860979327	0.244324298712225
0.159288138275405	-0.408347600246573	0.274510830556697	0.139680709317192	0.395105712545961
0.0754111705482153	1.07117850171433	1.04737859265014	-0.0530605064618397	0.280346401997638
0.327009274479448	0.132967853365715	0.145530636082548	0.78079003972417	-0.0126490444025424
0.193115027413554	0.118399202586245	0.670113314541935	0.0609472148253308	0.0362442952561531
0.287929617714291	0.450164562213994	1.15163057037757	-1.35514447710379	-0.104348861503307
-0.0265376522956518	-0.240073238594623	0.815790935937502	0.275650737385804	-0.789505144621425
0.15051067918731	-0.556293089192214	0.737270747010293	-0.109816605917148	-0.21685669320349
0.154759275120887	-0.620970130107588	0.776101388547932	0.820711489743629	0.249405270400218
0.286479978790192	0.178411579691603	0.846042404176908	0.681474956106824	0.0038423619313242
0.265640851853202	0.394454576241233	1.01407526036889	0.0947585879593779	-0.184108055834599
0.188087399089257	-0.349687829615893	0.866514634257224	-0.557796080390665	-0.131008312100505
0.141035010341779	-0.00458547644357649	0.260427072248291	0.967245246653727	-0.245645375429211
0.175449378299923	-0.2350116792372	1.0078025829416	-1.10633127549427	0.392259282425825
0.0136079099978893	-0.204565278239555	1.20165709892732	0.733481781193413	-0.449667118862565
-0.329378056711567	0.186964227594393	0.791832769554139	-0.652673421254667	0.171458290240719
-0.139132452214176	0.410065066591996	1.22765742712795	0.472838232264035	0.383148509831653
0.274917218623306	-0.113591708971049	0.637866735034863	0.498198569277683	-0.0214798762233028
-0.163880355470695	0.169131956641543	1.17270286256382	-0.0186460256278303	0.414633498033908
0.212208726345633	0.559450189166543	1.80288623015608	1.27764015261911	0.0966663539285248
0.387545529470292	-0.142721685385158	0.710585810976871	-0.762872209872704	0.482852907754843
0.107316888379118	0.606430449264489	1.86315189623709	1.30647146291122	0.481576276392906
0.42399109921311	0.0779348439214862	1.63118778776072	-0.424676812507662	0.181130135559195
0.368553459509734	-0.344130848630655	0.520946232131305	0.612058591180006	0.177421971930051
-0.0201361541600727	0.690688783842199	1.20862320222674	-0.184527307393073	0.0668489213340973
-0.0231711896985051	0.251252482645384	1.11615733962586	1.69652134160983	0.811538351786299
-0.516178439914704	-0.1875131043307	0.00145855559311002	-0.976067442895333	0.0945953648171317
0.122020233681079	0.586437114913233	0.183923047370021	0.275168539914574	0.420043884328419
-0.370954944116341	0.339607869258868	-0.496490855658502	-0.0277825129978532	0.516338362496385
0.145709608157403	0.304336224686528	-0.358496685467546	-0.631025055420071	0.0719424988561094
0.0578703511585605	0.668158930342438	0.083978221662328	0.0783797841250421	-0.0288601100634048
0.171187611191539	0.448647273393617	-0.352322233093024	-0.108214834804412	0.365549630040092
-0.194999677738445	0.282773441535086	-0.119253835755548	-0.83374798042941	-0.309718085978558
0.427496431423071	0.161471931042953	0.0471355397182346	0.230262985433576	0.16486499047821
-0.00794660928558249	-0.323962853974215	-0.37192398046438	1.28017474369489	0.344334270567634
-0.0699655326253307	0.452732055594868	0.139832552029259	-0.0390069645896457	0.289103036203911
0.164838125014154	0.507901480768527	0.517267283037708	0.0333407175038222	0.256280178756387
0.528801708977975	0.48596606662611	-0.327259929506177	-0.60049359640266	-0.0965655351683384
0.0401169743843807	0.332646177977019	0.11589843446819	0.311920189442302	0.349846239441755
0.239936543971283	0.305336602613212	0.328617037783537	0.912118920526746	-0.119227233221984
-0.299342401502348	0.558746336353471	-0.389362960883105	-0.547442813020169	0.0518464002240686
0.207398074885989	-0.0369338381169976	0.812480618697365	0.238979938935071	-0.469369672078643
0.62856922776472	0.461736783304196	0.25516295951121	0.885582177465478	0.524974535233786
0.308585025370261	-0.010543594861886	-0.222736104407523	-0.266076414501247	-0.13014386855112
-0.122093991055799	0.433398261961235	-0.384627673319813	-0.694570563005882	-0.409552690014732
-0.272208079996808	-0.0312223599493975	-0.0792106026812248	0.218934132417043	0.324246064678134
0.133053174643051	-0.145810574003048	-0.671355440947803	-0.516629832540711	-0.253826284243823
0.0464814344696605	0.308847064764329	-0.570768682827045	-0.227000722901519	0.196214041621686
-0.0914226947169562	0.207518470165814	-0.192390980729848	-0.0921613166009005	-0.204374134269577
-0.284903662826389	-0.376308011285934	-0.847696282783882	-0.49545756211851	-0.380461253368119
0.103960650167878	0.134730510769991	-0.433037144122087	-1.24024890964841	0.114163388062804
-0.211020727650089	0.190882932888442	-0.994564864342416	0.781869497893999	-0.444465596417639
0.0556055187478822	-0.755083280072716	-1.23304004527479	0.448192412712657	-0.987445388952682
-0.246976233548453	-0.112541084957859	-0.971088931575727	-0.663480554272573	-0.320631323208595
-0.135065899018424	0.152414498053963	-1.10181598650528	-0.871661180718695	-0.406406186422239
-0.463449050339035	-0.13883383227558	-0.954613456104162	0.105621314003001	0.0443740256896596
-0.336710988085701	0.383012555156535	-0.771228914951857	-1.02191699456541	-0.0341865850421845
-0.283164956150055	0.0324424343636076	-0.701013235341094	0.162568765957462	-0.130499376796373
0.274516844772528	0.0241676224545737	-0.45231136293838	-0.81599160270233	-0.292316171235577
0.0814690658274476	0.0415866113647095	0.392144260748748	0.211467341948201	0.567477834751987
0.428031040355264	-0.0619079510040338	-0.149926473525281	0.2203090312602	-0.617294715217243
0.125625137834662	0.298302976287966	0.183086865386784	1.64512472191343	-0.0287171098051633
0.0752495895639868	-0.454524736499276	0.70341886134374	-1.16128324974478	-0.54786672464488
-0.159783889925269	-0.199397431592284	0.20350891207758	0.0629745000923475	0.101521833333095
-0.305798467230437	-0.0855180668195384	0.342513335570085	-0.0819041079455809	-0.200890356620001
-0.0681845250352337	0.312123264864706	-0.0892174814835449	-0.683067386986523	-0.144129744215507
-0.608327945752393	0.119546127095187	0.189984377747766	-0.228814232502855	-0.606780544400912
0.233912567635737	-0.103681802514557	-0.0628757183709074	-1.36614695089183	0.135043716152357
-0.333990351599579	0.0319736455666131	0.0354329812396467	-0.251093097988157	-0.138570695548713
-0.0191817283509432	-0.436111275372608	-0.0731217148624056	-0.382995136029574	-0.225181348227616
-0.158480227105378	-0.0602831309419253	0.363976816293093	-0.630004919946811	0.342602304809571
-0.21235265941339	-0.39515782951567	-0.0383052637497673	-0.1827969578761	0.110352203345813
-0.179720585773657	0.0447331396868474	0.611014886641559	-0.732569522339862	-0.00172501149984435
-0.17401251567877	-0.86477290720149	0.455227053447819	0.960554238447225	0.280113461032577
-0.258308822319888	-0.227160653054464	0.2532939258417	-0.855385261562588	0.1352743123684
-0.0985099515707976	-0.254990456487015	0.44571262449838	0.147497264861944	0.954192374517838
0.135813955030438	-0.515866402805008	0.18938119857881	0.695650098733124	-0.558894205179484
-0.197519797615944	0.361981666266314	0.354517237661414	-1.31090445373361	-0.409194552663115
0.0186316114758644	-0.399942018905033	0.491812666339147	0.730953197550087	1.0473045004967
0.000589014135671282	0.106948430985975	0.0844913604784485	-0.647717734597174	-0.11374376769217
0.189691406826973	-0.200634747966799	0.618401628705665	1.05002855698732	0.528784389970175
0.197630680076976	0.347765030145084	0.586347646320779	-0.441235028914654	-0.0653881677194094
0.130437026833535	-0.249402957088612	0.449641732403903	-0.987333826927734	0.15437438061743
-0.282165622615661	0.614692166646246	0.917402669692414	0.0602251775298121	0.937816556474546
-0.312187174806663	0.201075054658564	-0.0796347912517059	-0.506375717640332	-0.00633022206351583
-0.549463416583616	-0.132332805326081	0.096907898675296	-0.605826628483328	0.356372986207591
0.377429604919715	-0.168744345669685	0.353684198372189	1.47711924408047	0.432556234459914
-0.0363741945212291	-0.21411256489361	-0.301342903411065	-1.4624234372545	-0.0123428852188099
0.198438680815501	0.0169428217526991	-0.0550992484447756	0.363668048333147	0.619943238318938
0.424457112479961	-0.00747309575011392	0.206048068239014	-1.1237675296402	0.0770993301564346
-0.126818312247022	-0.506880681288084	-0.520496711584238	0.321685308370489	-0.106159142863878
-0.302139838491737	0.60232248992493	-0.268710959501133	-0.708883883547475	-0.0596460010865101
-0.0551884254161521	-0.189154225925111	-0.606692426231563	0.507819697880243	0.378856708055175
-0.0654265923600071	0.282816610649919	-0.47678201722052	-0.438390286741401	-0.155897876518426
-0.0722479385561469	0.225016658493096	-0.512345301139116	-0.51498843412654	0.255052721335646
-0.404912895383162	-0.589589776558042	-0.523494741553458	0.429382022834024	-0.0559187172423239
0.318655849400915	0.581019648788712	-1.00627283353904	-1.42694378245301	-0.296165499615785
0.19926970702291	0.34838698816179	-0.328260035350236	-0.12720071252226	-0.179558453920223
0.0437672746827605	-0.537250421157163	-0.770881732292438	-0.743005209869946	-0.398807020119371
0.188135829393557	0.33749844874901	-0.368731455599053	0.0972054855335386	0.152785802525363
-0.0685376420123323	0.257825642417264	-0.30844366513588	0.456646689775278	-0.229256547554094
-0.116992805170071	0.0614860506392334	-0.46034402915981	0.233867847923806	-0.0510986278570097
0.512633039651988	0.369998725731465	-0.0329043961867806	-0.077349636983784	-0.162871306116119
0.166115610997916	0.336167583588106	-0.0379994724082213	-0.0306802929557739	0.80962039186757
0.442510552524281	0.734879569508468	-0.103637343345244	0.0404554874680327	0.444448649837228
0.0681899933885443	0.550038039902649	0.635620275523799	0.463970196074181	0.360561417800898
0.384424870923951	0.150895256321723	0.134663105383813	-0.807646316400873	-0.166671590395905
0.223201687470196	0.394539817591491	0.46432900798537	-0.133129343130218	0.422305249045191
0.124942158527594	0.331354328975258	0.712388283536196	1.59526916893853	0.139230085562096
-0.103711941345695	-0.336816648665326	0.139554525943375	-0.677368104297052	0.498866261570345
-0.0288716957334255	0.5078470198813	0.217080976118612	-0.491635912459855	-0.0515040377926282
0.0301954873723718	0.130844422864857	-0.0384509746381697	-0.247562693197008	-0.731076031623022
-0.530485922733607	0.0461123672258542	-0.306839922450577	-0.342135319037478	0.59677683286415
-0.184941091658629	0.126201266759275	-0.0980134630341385	-0.0424839499347094	-0.418486334402682
-0.765610958612905	-0.192258334560549	-0.791204999355877	-1.81015669056159	0.491865685898836
-0.320722930741027	-0.032858609006291	-0.609537327900001	-1.30244225182571	-1.1408991128679
-0.359199610964751	-0.121511217878578	-0.627406377739864	-0.634861237883067	0.134092196128559
-0.373950344324827	-0.540829480169553	-0.390810444793867	0.0413537525479229	0.194125240380821
0.0522764575160526	0.311403512003674	-0.471805567247867	-0.041465014767801	-0.245463946388343
-0.242185711838291	-0.320973357669085	0.0751962660451238	-1.07759297054904	-0.266813843827321
-0.430151716444213	-0.114171672730636	-0.180360632722289	-1.11675218403831	-0.463952587620605
-0.277505615022253	-0.091100306970336	-0.0915252720072813	0.118435793820526	-0.147380645159138
-0.25410564431978	-0.063742266314332	0.256260942964856	0.206556909078009	-0.348280676334178
-0.204561297497412	-0.240722280017156	-0.385281275398434	-0.264809539088443	-0.24071586045093
-0.123087907587698	-0.332774382123958	0.354277538741787	0.120885252407424	0.0982563245882506
-0.360866712233463	0.123950888766265	0.484846372955749	1.25047860702977	-0.127918389558087
