-1.06247286079047	-0.182050403942771	-1.41600105756004	-1.64481201135128	-1.23467919974809
-1.18096607039434	-0.593070460982312	-2.21388162755551	-0.0996130351098781	-1.41231675516367
-1.27160341342586	-1.07432673953479	-1.96971228891257	-1.6938030302772	-2.01331921382131
-1.34040578961651	-0.73533603624781	-2.14697419712491	-1.38252901822507	-1.0554699962295
-0.880385339532964	-0.902651628632073	-0.96855902899844	-1.14727925603953	0.322448821705883
-0.74305534070073	-0.320415991392859	-0.42073394970282	-0.531462434955269	0.244842898010415
-1.36295058988441	-0.837515305995178	-1.13715505379554	-0.977453050325379	-0.590426787101812
-0.623579478877947	-0.832598049939428	-0.149696961246273	-0.257116122362344	-0.271684860307937
-1.19510226275332	-0.412186721898354	0.0256865168381645	-0.101423206855284	-0.399648766343065
-0.502745058644261	-0.42541797873616	0.154880275630627	-0.37847400555434	-0.1243079801593
-0.795248273471173	-0.0947729231014014	-0.285896195978295	-0.188680726013192	0.03662464635453
-0.545117296942855	0.148159414791546	0.128421643247898	0.8831113569467	0.0745927298202937
-0.730229612553947	0.345432255176686	0.26547443719809	-0.427082734634937	-0.361270778588782
-0.27916613916006	-0.878384042916263	0.266826737392307	0.118179999856388	0.0592289063125846
0.0533248752488711	0.575787132497252	0.383917971506782	0.352960618164556	0.550798688633459
-0.439129777357786	0.12751060710739	0.180629837512951	-0.418080708011362	0.242604445396364
-0.249378914103464	0.0814275780192945	0.00460993765021577	0.125673928245415	0.456316917790283
-0.289150217752414	0.399995019038466	0.347282483189074	1.13034358591806	-0.606747939650375
-0.358193293180671	0.0549961705386979	0.567865863614612	0.699380480498232	0.146665335871301
-0.0266158902694256	-0.187663572104305	0.473474033678993	-0.0680626883648222	-0.0577750187917931
-0.222128124874586	0.541707825555923	-0.0317938429318927	-0.159847807907676	0.297376761098556
-0.0347698973013138	-0.215496375015001	0.178689286787778	-0.237810197794748	-0.679392984879566
-0.322722736132806	-0.00372517345483102	0.152998112584123	1.90848516792217	0.141856443167426
-0.325735498574092	0.543220345059526	0.40286749461625	0.385271561670057	-0.534156079675628
-0.0454732957157876	-0.0282099383036493	0.697723316520368	0.490202976514401	-0.122610388955618
-0.361398928109979	-0.137574472211059	0.216864481989658	0.0742935677670632	-0.163043252823619
-0.236859573976011	-0.0382475258234357	0.0513990266376344	0.648952219807907	-0.0755356267671182
-0.672760470762387	0.0286071649021098	0.453024843424417	-0.0120813478004265	-0.387968122194936
-0.299868149712804	-0.438692250782565	0.856790489183064	0.827043907898069	-0.221383543870553
-0.075724317212055	-0.0741055359554417	0.408206424434024	0.523301864274252	0.320777492693601
-0.0685860363560044	-0.0642078469963963	0.620162175857767	0.657676867658852	0.391694177589636
-0.121607689488366	0.536028729609718	0.403550813289681	0.0825947601841098	-0.191491196251581
-0.134567575591713	-0.311167654027525	0.725810438884523	0.0508606962020212	-0.0568667039362434
-0.0850132713548952	0.746119901158528	0.956290693824993	-0.337344278596876	0.662637650197914
-0.0331758674198486	-0.206771756721554	0.487412668226563	0.433011719416428	-0.0905785378710612
0.239236643586009	0.385340429821903	-0.217894288963606	0.448734934188959	0.0868881253460984
0.332587366823763	-0.760239772263556	0.100395991138761	0.536407738133581	-0.204014599802556
1.08042747698986	0.0184292567879305	0.293202561194843	0.492081597861991	0.722107769225279
0.590660578069051	0.112222146388716	0.220095334194108	0.723171718560937	0.568471683810594
0.302146035601794	0.114174337771964	0.25136124276596	0.0473374511831659	0.305811318879029
0.730433602125129	0.231576579931603	-0.0974994923896677	-0.303919038297885	0.185970339016183
0.748148349167006	0.255089788831685	0.320004832303156	0.751460136302804	0.217600353569211
0.728582739692909	-0.0907369315982223	0.286912336213284	0.651404262289962	0.951554805770819
1.23344524767799	0.276349620276553	-0.948085429434056	-0.703023624845794	0.510729852303039
0.528570153707495	0.0698579514481823	-0.19304913170653	0.335770904844321	-0.442959201103479
0.447299349758003	0.517533007974781	0.0517119570060716	1.25349087246909	-0.117488746793985
0.767472223061165	-0.169389215948197	0.0743302975149051	0.284108749481057	0.127570452010978
0.493373142000743	0.260006216420964	-0.176491830126959	-0.357548281345991	0.0057312624266084
0.573412307997304	0.685516515335323	0.340143449012607	0.429543650401727	0.577764745444332
0.508920847781266	0.397117517643741	0.143962800088118	0.904169390880442	-0.0947955834842599
0.26432756395394	-0.439112366675326	0.669059960362042	0.965212354682333	0.636415027993701
0.449595855860348	1.09333592916083	0.244304438878517	0.739381163958289	0.961033834142245
0.688515454831293	0.178151788668125	0.368681301227285	-0.45176439434946	1.09344832637492
0.0971977692480021	-0.021460699557184	0.00464978999082221	0.280479374726992	0.368147637519611
0.299640489194085	-0.646120424754831	0.0504265010617442	-0.867957028538059	1.03681321018772
0.474887138874881	0.488077967246444	0.257585443502031	1.22792672257047	1.02323155169194
0.69603787196963	-0.260829983816116	0.218292067988194	0.379136587544153	0.924620646063418
0.649707410464356	-0.0563328620616829	0.373133879586531	0.16086633140507	1.16394503122461
0.907553203400091	0.358306466297891	0.493567163545363	0.584000167053005	0.86200042828162
0.750582991472176	-0.29391502871081	0.924029722467635	0.291349938749922	0.340539109060521
0.883572758079008	-0.210612538576497	0.524328899091642	-0.724843175616495	0.344972339265823
0.439488159922348	0.0868908153479789	-0.250026774999721	-0.869955500896237	-0.254285196829256
0.594169948199423	-0.265961102142559	-0.892977718697663	-0.25715254185555	-0.459403934749563
0.463964068542318	-0.0314391339318726	-0.595487263961375	-1.11289802002794	-0.316301553257277
0.562433030386507	-0.00558783896303356	-0.514102192027195	-0.605516893150648	-0.347391163515537
0.28047662056008	-0.0623834518003082	-0.708590767837634	0.0717958117660647	0.213425569163126
0.148961096730071	0.128199645934373	0.684203570815912	-1.59599172364705	0.277215240419906
0.40452764893573	0.352286705246706	0.553832872698532	1.49431454402571	0.156831711303521
0.463301726398044	-0.583246368200402	0.740113152749809	-0.411039807296807	1.19844551815248
0.109641741961485	0.33501822057168	0.242013657081379	0.713007631882968	0.609741242240912
0.123884911099137	-0.13051907015946	0.300126571300297	0.933354174312769	0.83566708455739
0.367114808320418	-0.596062130434436	0.128496698770884	-0.252176863495012	0.115170710893715
0.474985911086117	-0.220358439556274	0.186744366020007	-0.196128137259273	0.713451556532029
0.135466525960714	0.369188957776341	-0.479687577519083	-0.794650294849706	0.515362019016843
-0.0481131051877856	-0.869172499923245	-0.56681921046355	-0.318743592619534	-0.04214165758884
0.231677279512921	0.0868659287803673	-0.574644692942378	-0.857306970469631	0.0440684625675072
0.124398924904112	0.608652141055746	-0.36828601126437	-0.365875107628799	0.198496838038764
0.564759790649247	-0.349132418862723	-0.0846274951598758	-0.850003774621845	-0.39456247113102
0.580164626642893	-0.105166038106114	-0.178467044664337	-0.748067598083619	0.135071156768263
0.446899403219988	-0.0326993918745984	-0.323750007364005	-0.508875187081701	-0.120881978516263
0.396256161228954	-0.113081199652822	-0.680693184736491	0.382573156660149	-0.575044453138399
0.206170025811873	0.424668103750723	-0.637739965746232	-1.18205221131275	0.39442546978067
0.112612187169389	-0.113416197680428	-0.558079071728995	-0.103833122652344	-0.363258222733265
0.258183252904411	0.849413634343375	-0.743401387342654	-0.751888005245248	0.311499948565789
-0.310886838101321	-0.0481611331718545	-0.332412886636951	1.06199672659177	-0.0696138451686928
0.117694467145545	0.237580143720658	0.184064960289162	0.250575543472985	-0.542488620394623
-0.0610639212360439	0.0855508814960423	0.286987416700603	-0.136659194355067	-0.115211976446912
0.300688709252482	-0.17423998198669	0.440842343616549	0.816911157225204	-0.325090256470966
-0.0186961784337278	0.229603234437431	0.382596534038538	-0.62694831741597	-0.0193295266027392
-0.415574901723408	-0.0169692279343492	0.449860405771801	0.633408982048565	0.196302555514545
-0.0837027370471271	0.295510821876241	0.484390386631104	0.777567254365564	-0.0501432863785865
-0.0693133853072952	-0.217439029901393	0.664768220032735	-0.353048389317817	0.412352415638267
-0.00352189651160789	-0.277186944156271	0.530885734711146	-0.702910435604697	-0.238393849643403
-0.472019672783971	-0.0558598395553824	0.120604778453421	-0.00713041825553191	-0.47065663634086
-0.510722421484853	0.48609956113417	0.366201557535395	-1.49617403965073	0.390634008087086
-0.285545196466662	0.0187633456208017	0.352365618256447	0.0967953822278395	-0.341220553531645
-0.506231825188812	-0.102420395552106	0.164951406048688	0.46749928019575	-0.170640443718934
-0.278992055041259	0.597869261083417	-0.342418124351801	-0.165242074945544	-0.496313148566778
-0.322087338444798	0.0464209270933249	-0.177792383454893	-1.04115906110254	-0.307393860961382
-0.0275285721435186	0.408708112542637	0.0307122169599357	-0.264222602733224	-0.412797974607734
0.0172636207240619	0.108038712707081	0.604959104019184	0.459293644839479	-0.293117083605665
-0.255787240231591	0.190504675853474	-0.0582343937448383	-1.19359001211838	-0.510325933107745
-0.359436173694862	-0.0497293209705476	0.134285065206203	-0.236664130664447	-0.656768034681314
-0.529265633407037	0.379231833544446	0.439112093751174	0.0296532189838967	-0.0283241516084808
-0.248038609107966	0.66102072065703	-0.538537051059745	-0.0620401816053573	0.262434409101022
-0.420477694724034	-0.582417138683989	0.0986026011714074	-1.42406417023855	-0.0604282811964513
-0.215415616923642	-0.139236023994911	-0.0598995238996618	0.0442356715839866	-0.691054181808324
-0.263973424314283	-0.0498367143156177	0.288486225770359	-0.737540367737813	-0.357606295873424
-0.430941497951323	0.542773287425228	0.295551362133788	0.182837025681786	-0.720825386928717
-0.0129431412193555	-0.471224968181112	0.666515543438716	0.172583173222868	-1.28829461321172
0.139934214733043	0.791120498623322	0.979980199423541	-0.341199841780208	-0.151576487369309
-0.223910588349467	0.205051135015224	0.742537763231248	-0.0431273978232389	-0.247189326159329
-0.159264030866662	0.302027838809719	0.494671008072678	0.539208054510144	-1.1176579000816
-0.0496827280793269	-0.443220306410601	0.52877155981965	0.714962008328486	-0.262885911424775
-0.00376799957920734	0.265092658503363	-0.172682709706572	0.0263502601412127	-0.220496096887501
-0.0767309766260506	0.325511245048764	0.0537578511364834	-0.369681499231645	0.118014110984301
-0.0304095976198876	0.44528670070584	-0.109504592139289	0.556363718819296	-0.278572045675733
-0.123066467615014	0.124011638514483	-0.0807383559456582	-0.642528847821729	-0.299146228318678
0.2316889684947	0.0339361768315379	-0.272163429805403	0.432704988568321	-0.411620762755572
0.145595111607583	-0.00846419690361127	-0.433854044654257	0.310131633878204	-0.295560040659554
-0.393589408820124	0.191071810514706	-0.391589251169372	-0.728989026471618	-0.211268234554477
-0.0590911931584121	0.632128188370769	-1.06929405372849	0.351200290578331	-0.763450533872907
-0.411275941823182	0.243326199991425	-0.214507175858385	-0.342689293264825	-0.479463492337831
-0.0740668316320678	-0.369636627369314	0.0999892868172518	0.21537089557445	0.0353345546606203
0.311516785134999	0.989715152478239	-0.160625188775115	0.554778590275941	-0.0956358082536988
-0.0812646735373664	-0.42213197074119	0.0334332409048016	0.118914103512041	-0.0228701840713184
0.217878627682655	0.37988212322218	0.449961337437473	0.6074778669616	0.110330206342525
0.574099535200533	-0.0899035273838825	-0.0693168030263289	1.04796787367085	-0.0785507551147364
0.480360317790697	-0.509356827149067	0.323487048788992	0.221553664735176	0.301006948669291
-0.0277493895861775	0.530577110467291	-0.453429823662555	1.20946450891863	0.532086836981432
0.425398283192038	-0.0686015225777311	-0.34959557796724	-0.460767749643424	0.306761284674775
0.231138487604449	-0.175129410867482	0.130299298146369	1.83285163082129	0.81627520052894
0.211900048524479	0.106336540550096	-0.511503858815945	-0.0894919897881795	0.572667290743143
0.289792408838311	-0.574952555216627	0.154242866284661	0.731361664815306	0.444831068135821
0.217227577285074	0.283543701142252	-0.457790258283097	0.530401639885712	0.275593284760711
0.033697425037227	0.00735474320596593	0.330051721524451	-0.222286195175178	0.636185006189786
-0.0138450595849035	-0.191382331924879	0.38051520462414	0.889702532661063	0.295815620769011
-0.0509045866982568	0.241963773554933	-0.216126355191908	0.336129575038383	0.00732190463573696
0.10161140759838	0.0431336645095909	-0.215819921209102	-0.413330398632591	-0.0238236875711923
0.349520162317332	0.222238260162144	0.0538934463426851	0.740428489742956	0.942606152683426
0.578935271972282	-0.241382579921927	-0.304634598742421	-1.34936700297222	0.147549758489284
-0.0437099977048901	-0.0728115743287999	-0.754120831411788	0.455646337799056	0.100147273390939
0.627438643673362	0.327442667731232	-0.828038156646639	0.639957766312192	0.287392148144757
0.545575268122295	-0.265778316207756	-0.499896873502395	-0.0529734169414472	0.0999663527238398
0.783326889663901	-0.334068961261085	0.149480338645643	0.698283463132855	0.194880138259703
0.155416781833094	0.61894344171409	-0.563643696060413	-0.594731917613954	0.412148709001849
0.45775877208615	-0.241030348516401	-0.311282918150946	-0.0510022668436625	-0.0292459595448039
-0.216119814473261	0.573839035982165	0.306423725089388	-0.427104561675039	0.543208086257888
0.621065400739942	0.123503507619731	0.40970999539002	1.11018311513849	1.06933767375259
-0.293185274642428	0.195190727116161	-0.067379158802566	0.0222412628787502	0.30742900703018
-0.301964187187106	0.718108993821122	-0.850682642721048	-1.25622313350454	0.280447131958209
-0.055605796586704	-0.740703374230278	0.00238921821483262	1.20674713701146	0.512946889298222
0.276477377048637	0.67967665601352	0.207866587104749	0.0192816859726545	1.27186078863656
-0.102284388183147	-0.344393403504313	-0.335149832865227	1.18776606688354	0.812508445987187
-0.361425136978684	0.671958767055537	0.189360965573243	0.691408323565079	0.893998994588829
0.14920865404075	-0.562662336089243	0.545310813375441	-0.222021528949032	0.163308954336259
0.293433444425465	0.285447842210872	0.0447324091370314	-0.647820896073835	0.671988613890138
-0.0886527723629019	-0.020792364647013	-0.42129787165589	-0.595409202540598	0.310864807438054
-0.0618838859532312	0.124278206799013	-0.166341729229183	0.721592766836385	-0.0780111795581838
0.342210949108716	-0.35048420123565	-0.542868559316564	-1.4397649224486	0.10528927156176
0.367862351368676	-0.342212215570802	-0.675770501377409	-0.435724225152171	-0.0693372688560688
0.209467698090574	-0.2991197857362	-0.580943991790629	-0.385555048124471	0.25667840499529
0.010009704496537	-0.369256799157417	-0.392036986083758	-0.79910739742612	-0.260876516643172
-0.456764072879007	0.211485792565246	-0.445571005823776	-0.345546784436826	-0.207463594608492
-0.337848304583239	-0.0407622146637335	0.352843033388981	0.182540508559738	-0.600586364311352
-0.461562850283842	-0.117440827347993	0.250568795337072	-0.304384938671397	-0.435601765627397
-0.636617842529299	-0.230652595438275	-0.122438150170013	0.127954090701085	-0.605170704817112
-0.481791134030536	0.637329594967662	0.337123422538172	0.207731592468057	-0.309162146787387
-0.703215690423498	-0.21048156091708	-0.0693925478579801	-1.13408825961008	-0.547038697965087
-0.40795750587167	0.067963024315362	0.892380180591597	-0.395857412175072	-0.321317875322192
-0.531020094819801	0.403261721469122	0.177793630607369	-1.67158456259286	-0.545188619739388
-0.563574236267049	-0.252642668814441	-0.437212095124179	0.150021610323002	-0.775977721822977
-0.74174724563766	-0.290944788896976	0.0152473540272737	-0.34162945231188	-0.899930754468504
-0.557164811092934	0.12533789687259	0.0244872762357254	0.24738267991111	-1.0371192539936
-0.430876882420964	-0.078686062103628	0.364241065822662	-0.439258411793987	-0.447330287223367
-0.706772567801568	-0.282466585351358	-0.342870925501552	-0.426183245129027	-1.1118993017617
-0.634326808433202	-0.130995245676488	-0.669390971228969	-0.683597825444301	-0.47589909598922
-0.76217699978282	0.501465143092198	0.0130154808880156	0.307716501607975	-0.170557898542626
-0.207772759002447	-0.196387189682732	0.244352905184525	-0.944213648669688	-0.685857637267867
0.0815818016613905	-0.125204958234978	0.0536266634202175	-0.0472501841683911	-0.0392554782699053
-0.76084605247295	-0.474555914867693	0.359968877406512	0.0548723259555738	-0.978288729123832
-0.255430488306516	-0.548588249007731	0.415893831152033	1.70874024099781	-0.944008045086811
-0.222079988694991	-0.511021707249157	0.44973560355432	0.130768691720035	-0.775237546879491
0.26924576153929	0.371566846705609	0.460885862038704	0.744373302982032	-0.774130312186169
-0.818143950624331	0.0907552879496615	-0.124938433684629	-0.32719765159527	-0.639365442145446
-0.452495216581911	0.114862763184292	-0.522565032773132	0.305525251485343	-0.615235968219354
-0.560439465974872	-0.905546245034292	-0.300753492121055	1.01086038221062	-0.359991442533704
-0.649283314461485	-0.234721978562942	0.563332181713196	-0.270383819179022	-0.733934385169382
-0.0338427759862747	-0.238677464783893	-0.16289389245175	0.0114126260108023	-0.352907665490282
-0.463698580337208	0.0162895922359825	-0.266163941562031	-0.241588605023691	-1.37632225799945
-0.389075181083954	-0.429404437058664	-0.343370559346769	-0.0237498512821832	-0.82974363057881
-0.286020337651373	-0.330974755304566	-0.154783118913457	0.0188053501837654	-0.460100088531726
-0.284818672468008	-0.290056482957148	0.0500245157925532	-0.436844226139591	-0.428733715305395
0.154757423309855	0.172153911845101	0.0217878963764029	-0.0833273209029773	0.0848756755943213
0.209966823030887	0.154898937097	0.193457919772177	0.202525534503389	-0.0928903293188199
0.469828577025466	-0.565430420694379	0.525837722723483	-0.220177680631697	0.350578219119718
0.61066453154554	0.301985775265646	0.513565774558081	0.215881934941632	-0.0905453315211019
0.671438074334204	0.0166125069665838	0.21104810049605	0.432818447303642	0.82771860826597
0.28693596005051	-0.0900869939940543	-0.367269009613418	-0.161711236567585	-0.275763211515796
0.550862162307757	0.280914935532254	-0.117141778246936	-0.278497979557399	-0.483720777983417
-0.0143641806644774	-0.295232023063161	-0.0564197364743005	0.711578937035903	0.138683767596195
0.31563070881571	0.359747864323588	0.10976768032524	-0.158823681980093	-0.324256563180537
0.0341432806981401	-0.415786029646525	-0.530352074504451	-0.757707915644447	0.276960730181904
-0.0598344543234974	-0.0951473942585565	-0.152110550154245	-0.631369461152454	-0.1033074128537
0.0385564504562574	0.110081694776389	0.241071673806416	0.566736672808522	-0.123741597929066
0.370839853542008	-0.258949127249603	0.12725125777949	-0.440687039035255	0.554800321939115
-0.0310731868652528	0.0204622905634393	0.062004798882292	-0.322843823721478	0.3708753015839
-0.421936343858858	-0.293547823702106	-0.502370137120182	0.748581038572652	0.761398234793062
-0.127820816737357	-0.158669472189439	-0.0962493383689709	-0.513838312455518	0.55262446369296
0.121335534930627	-0.0401673368196814	0.136902940283008	-0.0895523494821183	0.964943319214148
0.111189921557297	0.547168364544624	-0.270083769085206	-0.277564502574137	0.700649388375044
-0.17867834470011	-0.374599152579262	0.354307307447871	0.275485249223958	0.933709822957151
0.459751001544852	-0.0086584215025779	0.368911965343946	0.757900117345103	-0.126009814299183
0.405251638332012	-0.287755488509799	1.11161342263995	-0.615317990344927	0.543395818056806
0.185578970300442	-0.628765273736006	0.987959216263591	-0.0389764505982333	0.425344125509508
0.360323758641498	0.599401524335056	0.757671140221517	-0.373913099682532	-0.23107236775206
0.181239909524781	-0.393020313055276	0.00933479482590402	-0.32550692779914	-0.308092652765725
0.197118446228818	-0.407713366465187	-0.232109160918665	1.22599261366876	-0.199361339111227
0.567270391874081	0.318185946006808	-0.152260745114357	-0.791944343808505	-0.269568202702044
0.419137233886366	-0.406018305292849	-0.765686473951443	0.147541746864807	-0.718500723927844
0.714375052277934	0.774354364552689	-0.192372789011643	-0.824230157417872	0.221822804981109
0.932856334802383	0.267060263105693	0.229621372368183	-0.0130932623803879	-0.472417950744223
0.921238086017677	0.06132384246068	0.916338455499342	0.0591010213925518	0.0720813607568637
0.839636666897324	0.355920653412522	0.258002109716515	0.295209090981989	0.333646304608583
0.990462653272138	-0.543763223053163	0.226745000660921	0.962679344844211	0.237310740371607
0.497335773686027	0.120559441437991	0.604158779201371	0.896353275933794	0.267461043480322
0.642283168830943	-0.0538429403834865	0.642911386997886	-0.109192300011282	0.730194714332326
0.325796822378327	-0.267909138023921	0.523536783731333	0.272632737325529	1.38047807615238
0.0506533753797294	0.542178049776947	-0.0850765987249393	-0.319770714820655	0.227559454353129
-0.285835005388293	-0.267015951692673	-0.454639733138884	-0.981237553385126	0.599627528032988
0.0149233455888606	-0.269667250209983	-0.0416386640252597	0.0257754345238894	0.494188570309423
0.0490355402435709	-0.227175662855889	-0.302575793067064	0.0387817751678582	0.651512905557902
-0.134168033267729	0.136514190695865	-0.0341553186118086	-1.39757195994704	0.062516794310995
0.362465052557275	-0.43602613063614	-0.353732865255693	-1.17184026961827	-0.216382584305972
0.224744482102479	0.105502455880953	-0.348455215805447	-0.0170746700617816	-0.0486076815704297
0.00556855715672447	-0.844516631631087	-0.0818944419882545	-0.714346376928001	-0.309551212963692
0.463021593762896	0.160488055664313	-0.481155106173765	-0.895230905132232	-0.307571423814888
-0.0369364874745197	-0.181996606247822	-1.27280052258333	-0.54476255350986	-0.648886306356994
0.132757358677733	0.344460913645677	-1.20625721965836	0.463837607595259	-0.603150182510107
0.344153785830536	-0.04719189107069	-0.585483512118581	0.524009189819701	-0.0168509351168369
0.247722034516207	-0.461764287780163	-0.563426792099125	0.355624154853691	-0.184995296547258
-0.127193502293311	-0.156005279770737	-0.0761432472682969	0.302463392137898	-0.249825777111895
0.486510526133239	-0.0524439411347276	-0.371597804747145	-0.436072282163059	-0.0247024512833354
-0.348909239593491	0.316739430243306	-0.402224515582203	0.550534190393742	0.48390667995662
-0.501426052428941	0.135058704891603	0.546726616617172	0.088794979117225	0.824384881933939
-0.284411070352875	-0.354191290124899	0.11223305437352	0.866343073419583	0.655143119461938
-0.56497063300218	0.0836542102037229	-1.09910033517314	-0.408412633899608	0.797220850828322
-0.690650909582623	-0.61563961653182	-0.621599665895759	0.0309913298324907	0.784283052162901
-0.425220114014101	-0.149638570474654	-0.58751007099831	0.659974789554076	0.496885182605202
-0.327016972200219	-0.011402070248344	-0.846420314507841	0.191574693118253	0.650333716368565
-0.220735395752027	-0.748979687744243	-0.663930545916499	-1.00140840856573	0.341439425226913
-0.00874132317387727	0.0278938977830177	-0.423464193855755	-0.988918304442916	-0.184016902019605
-0.143401845100414	-0.250526854633428	-0.200694850225545	-0.0272011266370943	-0.782451259055109
0.139742292124678	-0.474550822453347	-0.260430333877965	-0.625403457060682	-0.334083698363749
-0.0555625249575959	0.219237128345726	-0.666821471410211	0.927207964181414	-0.619634762650245
0.0126753014563575	0.048682396635846	-0.966140417937879	-0.523466828363899	-0.918421829220718
0.006483946238387	0.50444189458417	-0.93517380239166	-0.708027570261567	-0.565860813412995
0.0234151439469526	0.13269656394505	-0.811514436566655	0.185653805858862	-0.478438488912903
0.0207909196384476	0.0653506732207829	-0.76148718170093	0.4073858075804	0.0220744575473086
-0.257636016684195	-0.332904908052642	-0.55107015719809	-0.60708521137209	-0.124004322120519
-0.582583611035455	-0.152034559442959	0.0650720676394055	-0.452073341948678	-0.258695282920281
-0.393109157529193	-0.14112580858237	-0.246242337509655	0.195985472581598	-0.238746934858428
-0.379359513076756	-0.445310429094095	0.00703129304610664	-0.0730041424590428	-0.642089657245967
-0.914845360242357	0.308965599264084	0.663298427170073	-1.03134799692668	-0.50817812572576
-0.0939204516728544	0.323556878605958	0.00789637383726213	0.4495000360681	0.00647027683515325
-0.219843789202839	-0.133920773742956	0.174437336131262	-0.206694967309831	0.0982038787335712
-0.0603059166313578	1.37510053300509	0.955349259601853	-0.644129474239817	0.230439469794356
-0.141333534525652	-0.500824013542128	1.64217630541345	1.08955654333395	0.688576345074633
-0.114405689852887	0.575250132301567	0.825064614004631	0.738094281257228	0.426221823342735
-0.283643766090888	0.437968666670522	0.17011372702771	0.622187666448461	0.106326086738328
-0.604372460457926	0.503140081933605	0.543714688703035	-0.204712724964277	-0.115153174617438
0.0771221588605179	0.185208485364304	-0.477174076654171	1.18166890988513	-0.543583587688878
-0.33127123076998	-0.0293677313738489	0.405063341712645	0.789420574926669	0.186349764397708
-0.236860550993679	0.197489654502223	-0.0480199795262328	0.0629121188108276	-0.865028832702358
-0.229103105663157	1.02171938101079	0.324140854897868	-0.325432089520062	-0.847649767911622
-0.258059530214025	-0.632520240538267	-0.0102244229624616	0.156181683969427	-0.558353351918073
-0.465444887439858	-0.0933541126657774	0.612300874845323	0.704068588788069	-0.441522832389732
-0.326730150807842	0.251076516121865	0.177199499784134	-0.231684347825628	0.0826059930379195
-0.232280601540238	0.00409397212818957	-0.143456633750953	0.432920106509085	-0.286112147143522
-0.255105262766494	-0.061070553463165	-0.0703259697157988	-0.350663438292819	-1.51865132945563
-0.236013570279125	0.0126431417611179	0.387195072446817	0.774136366344007	-0.0831595771552434
0.00260910466434109	-0.195821033783982	0.810979120205244	-0.0044965325441545	0.139976470134098
-0.290912489488651	-0.330850706073999	0.98311930579223	0.733419433753718	-0.126465159630272
0.171096737871756	0.0785265061772191	0.161973351769383	-0.541229794961913	-0.440370073496512
-0.0349616296612398	0.161431966354063	0.131548512540833	0.190692423687223	-0.0901111710189697
-0.122298780674863	-0.526692177226951	0.617319166592474	1.12216187738581	-0.184388969115277
0.110457215858145	0.10399854097608	0.578341985445006	0.0970454122120049	-0.15330130260306
-0.219651306396496	-0.111442517301823	0.145284516193552	-0.675769989494065	-0.110362380822207
0.0453446126137829	0.382782446401586	0.895137199754542	-0.489838706430506	0.0999459581973029
0.204172523687127	-0.115505934891386	0.946301468212654	-0.69518328659311	0.388324424390644
0.467016763164517	1.02540811648196	1.02155059491203	0.351805372079892	0.492129447376832
0.380958376069982	0.0172214257139624	0.566904238250149	-1.20126100595335	-0.216283219154482
0.291654583709503	0.415848656625621	0.874395010506371	-0.73687795740202	0.108969968790803
0.531021113011083	0.719407956559578	0.924444837074063	0.705262930329854	-0.175495394029118
0.620840444962751	0.174931254708339	0.663403998978258	-0.649128878777533	-0.0226580825947822
0.518626249975898	0.664929439134006	0.385947259834999	-0.587401488811058	-0.105783394216587
0.783352632920157	0.158613538727856	0.429230626323322	-0.987678800950272	-0.286303186078661
0.285435127147182	-0.674074106452698	-0.165418937979597	1.1011370052478	0.123425512381638
0.442439742633841	1.14056529113559	-0.562019776820823	-0.618807936441928	0.0601254550689562
0.183320235428012	0.133306675402729	-0.60134928264535	-0.617671429803795	-0.19134599649997
-0.138041457736403	0.402892415071672	-0.917301921025729	-0.296777012309592	-0.998389221250489
-0.268830735471914	0.444259895203065	-0.596649505998868	0.498828252431417	-0.042120482161823
-0.359100284574491	-0.819062643542394	-0.533350551541793	0.362498806779395	-0.305527244755335
-0.225618968738634	0.568065292761054	-0.521677639440354	-0.486071026687058	0.206421918121051
-0.479327072153673	-0.116653202577123	-0.0279796262026107	0.684651381018805	0.623662750783654
-0.0163373324535621	-0.229758802784013	-0.424868940281176	0.745914291538311	-0.422419348288221
-0.369478807591771	0.108412625102944	0.125617806774462	1.53725954262606	0.704788675988188
-0.0999984521459969	-0.276965320327367	0.223975578287234	-0.716860105457255	0.472165317788316
-0.438512218309087	-0.492243541072534	0.123999581432697	0.768451739306862	0.919411236998876
0.194051423775755	0.126657000946903	-0.515172782573971	0.197343360970745	0.626436421140389
0.303686917406277	-0.103660827112544	-0.385303031931105	0.646197656425241	0.0422636151898954
-0.0933087953393909	-0.054937664000014	-0.184996584310063	0.582778252563223	0.895749625224711
0.491986868986048	-0.829191680356545	0.0017928838899118	0.39918311858706	0.965342708518798
-0.0545703234369839	0.0983993334334574	-0.0191126077604844	-0.578993653099643	0.792224010934093
0.149886357359743	0.202504424049173	0.0643280067133054	0.237051693372437	0.806320177796438
0.525733202170087	-0.49047724379489	0.156692317221917	0.642463668636901	1.61745158476285
0.286666660032892	0.761500649435506	0.0565373837227805	0.0309412095808523	0.111204238497245
-0.286195707286076	0.457289119382089	-0.577468723071871	-1.84250640212446	-0.206916374410324
-0.37512862397955	-0.0855841119091272	-0.711823774390386	1.06332079194776	-0.115569372190039
-0.223821616510959	1.17724288920117	-1.10497195180369	-0.11133642730183	0.123826984715914
-0.435736778015033	-0.572176101029227	-0.535718784486477	-0.00373388955780522	-0.117072329723745
-0.432184438284895	1.21579150730036	-0.272439255710496	0.356121039144584	-0.575880268622166
-0.19481443035337	-0.00513095486539677	-0.374227025255956	0.904676149349315	0.145981349290821
-0.0896560858874656	0.330352326467171	0.299266761280077	-0.178857174560012	-0.0663292372118646
-0.341790357511749	1.23303570281028	0.527597117118149	0.701158630932155	0.0125533429992226
-0.183384976255769	0.107604833933922	0.673641988284199	0.510602607701983	0.0496326546762177
-0.386719017589413	-0.00501493069222834	0.232480210616489	0.343827749356585	-0.21516826619867
-0.458119490424413	0.225356474261195	0.751376390928008	0.510737179897134	0.299048239797148
-0.0774114675627438	0.589065144553367	0.786080264539834	0.327657862457754	0.463447013539873
0.0199346224527591	0.19413533509526	0.84070595417335	1.11231334435378	-0.257985683734912
-0.0958816721347465	0.502995287672251	0.586369411727358	-0.172026318120129	0.342261870087983
0.0744098416220773	-0.956358552929734	0.286843982146417	0.414474060869523	-0.0333987850497547
-0.0341658107617395	0.117760478295136	0.98995590490601	-0.418226602480053	0.370170894645046
0.237506497122091	0.150280682191244	0.584267535466676	0.400593680399749	0.0435782450885411
-0.464868235867179	-0.287201431786221	0.777281871847194	-0.374586193362297	-0.717429501493699
-0.60118299340085	-0.454718046214567	0.656178116225	-0.655939564945383	-0.26771213090235
-0.284452260679126	-0.112297820706248	0.013211419735659	-0.441802279404859	-0.222051549600565
-0.237374181507844	-0.0961222244267883	0.626605130100348	-1.16576270393134	0.136764057693585
-0.432499170542306	0.268810983265558	0.639419701504774	1.56012898903658	-0.370169598007272
-0.404528079835874	-0.497365358998306	0.834539021670413	-0.948042406096902	-0.200211050124139
-0.200347683502749	-0.0305511680687838	0.1007311922259	-0.544506773822736	-0.274681110388023
-0.233695435517877	0.128539719302048	0.362821576911751	0.630623823618488	-0.284745654993367
0.312491856512196	0.192430243209343	0.955043589685535	1.91531459801338	0.14254448766524
0.00641458407862787	0.75460878595476	0.373146852377923	-0.036302437755971	-0.288284691492371
0.0895294782825087	-0.11466610303836	0.566831463664905	1.10176429619185	-0.558364600991916
-0.273742417136027	-0.0608288697115907	0.183266768347742	0.206145839486318	-0.36294839651758
0.185029417131313	-0.10212538590841	0.0310347572147961	1.05980794305916	0.263526347161895
0.220347135736363	1.29984558216434	0.443256636651524	0.649999004138773	-0.267062416674367
0.240735396551675	-0.377169589772673	0.177974002384794	0.367003415215455	-0.620749884950419
-0.241630769119961	-0.239831589300161	-0.270153864926893	-1.38658394151972	0.13948552196646
-0.0567479935487129	-0.355971612478829	-0.046800416079965	1.53259119182361	-0.146701024884326
0.0608362956464774	0.809084401109932	0.39050069257069	1.01670629954979	0.71729907393499
0.170249388807652	0.694062345459302	0.711944700847461	1.17633572527216	0.112793304327407
-0.356227984623965	-0.587119596291302	0.304933213614728	0.603873052342158	-0.449171119621617
0.212053935448648	-0.708068860360121	-0.839606948233037	0.54592749696517	0.0666884616699314
0.265943897250679	1.0263776232807	0.107565236513327	-0.213206530669124	0.393076815811595
0.18629719752466	0.613515507247292	-0.534299846407882	0.675711206561755	0.200384644937887
0.729197405662069	-1.00862343231005	-0.691971003125681	0.590497199412561	-0.0820017235769441
0.104370946828807	-0.417436238750319	-0.353223664352495	-1.00539772700659	0.489885241556484
0.85791803834767	0.232337830745623	-0.0617926207278064	-0.544779267354827	0.332518905215507
0.721900752090507	-0.1017894393014	-0.0183936855339347	-0.145729404996783	0.334092576727175
-0.046027835423252	-0.970130734006414	0.309744446243594	0.82796788509471	-0.0457842142532803
0.384623186513775	-0.913381975840813	-0.421591987306595	-0.479996396884275	0.476176017013807
0.377982138782864	0.289229688894681	0.260722045288882	1.12521923620229	0.437670518550226
0.00910544177309283	0.534811362599703	0.439793540166333	-0.016732209193211	0.58621759182764
-0.243049663261229	0.310752698655736	-0.668680581526392	-1.08300086709973	0.511681946217152
0.0550280135832736	-1.26268791668721	-0.35640732865856	1.19159041948113	0.532934575736187
-0.185410485966323	1.26509306409466	0.1781207973728	1.06957969106184	0.699725696673568
0.399166258991112	0.979990287965469	-0.429104191443231	-0.0309814894630734	0.855476771285006
-0.272979046035235	0.062987648148298	-0.257455397348822	-0.217018207046675	-0.292705018943302
0.40899784251484	-0.440776897306103	-0.449972783340715	-1.10765802484008	0.786011758075273
0.295186124327145	0.576732594473841	0.321528273463054	-0.635697643082917	0.132005588982926
0.399812022992657	0.774482519009877	-0.209310104747662	0.50523197760563	0.413808980105851
0.227288525381307	-0.98048800158931	-0.642755573795554	-0.331485067144716	-0.466251820121833
0.119963596562512	0.360809752660603	-0.738866527312417	-1.69959881617354	0.448044881553235
0.649648664268138	0.0552894170045076	-0.362279987735818	-1.27363959653226	0.000473140544100659
0.80990634210368	-0.60472107626091	-0.224151400933124	0.349949724097502	0.0240096477406187
0.693240877684459	0.243571004445831	-0.212754168701705	-2.19249561925409	-0.0179413647155356
0.604286367816805	-0.819577776460225	-0.494561459032928	1.37084184128691	0.258381569779381
0.422880309066762	0.0785984976973073	0.519470539129972	-0.571804885867136	0.686709973020752
0.554970243231418	0.731959737549397	-0.0146308972716593	1.72681508989301	0.515771598999167
0.192480400066042	-0.317788422030723	0.0544747480910164	0.184385546306114	0.663680796211513
-0.403801510125393	-0.323569003323954	-0.560233289352697	1.59954541249256	0.450899730432714
-0.341789951303219	-1.00163765380706	-0.472023908900205	1.97370058304593	0.621411789712948
-0.265253291555904	-0.332805851577046	-0.655839212540048	1.33628121648534	0.28343688885001
-0.191758103020253	-0.747659080045854	-0.12360160175085	0.796739536357653	0.754997764419273
-0.169332620631769	0.0160034484841278	-0.035203002757843	0.652156312665478	0.592995140753645
-0.321986863781577	-1.06700559006027	-1.04460457518206	-0.183786738206711	0.45746539398347
0.160982563847125	0.581974886931508	0.309863187030497	-0.1425022656908	0.552307304795331
0.343722907248907	-0.0956203813752346	0.238197946011657	-0.623238739364703	0.902874659052779
-0.174246026830966	-0.197292491124114	-0.723886999186986	-0.54276586410047	0.453252911037527
0.340918047459494	-0.460702577717934	-0.428225167253807	-0.910850013563392	0.594949885926841
0.690920169427599	-0.558742597361349	-0.69153605795466	-0.379714825481443	0.845842164101385
0.724729855934443	0.015511418921901	0.0888328028431753	-2.16643011395704	0.0567935398683664
-0.210337518173217	-1.14024061903492	-1.07851408811927	-2.16665970179373	0.306749659258581
-0.057786854990464	-0.805734615605937	-0.394645907749986	-2.56060052986798	0.499050062247211
-0.0812061407779465	-0.773189273327406	0.0303963596388215	-0.244792299919687	0.530519048881049
-0.641329284831711	-1.14997289716673	-0.365539211342119	-2.00587786998177	0.456604820587341
-0.167065260593596	-0.860229889831717	-0.618467544928405	-1.57253891596406	0.250371053134878
-0.475267952831931	-1.11291544153713	-0.156783123146497	-1.18176402818161	0.658042663925643
-0.0761237042453955	-0.320991549300186	-0.0770597908506319	1.22862219900605	0.494503506711981
-0.418289274048804	-0.827652326587469	-0.359699121936106	0.259459532226759	0.530293891015764
-0.152437650373611	-1.77229260545753	-1.26366045462609	-0.609459621559992	0.444163449720383
-0.108934305682656	-0.680537916084577	-0.449730222188333	-1.42863274644926	0.337099873362669
-0.0160001674111853	0.117166340518734	-0.176756552518737	0.873411999110334	0.503494608840895
0.248312650307874	-0.505868324617228	-0.380234573280485	-2.4283317952741	-0.156812255508973
0.262081742656118	-1.36097494607418	-0.587396480746834	-1.09408507635529	0.206731734321863
-0.0494735087956482	-0.650608006456456	-0.209365473467403	-2.10313963264915	-0.280311075774361
0.712816483357492	-0.631308814882644	-0.2750523060406	-2.17114003550941	-0.639950329015575
0.435923857222963	0.605458858787275	-0.58808854305224	-0.91014299865507	-0.138624129111971
0.00494485842544259	0.295964689677524	-0.470402406856079	-1.61895460610069	-1.17427865013994
-0.0979733601099774	-1.36794569109328	-0.801105471175205	-0.219229988448064	-0.35855631959339
-0.0363590711131607	0.259696394997059	-1.15567696712771	-0.460774328180319	-0.230711209398317
0.15030966770303	0.460520162173917	-0.177344246868883	0.3028403702159	-0.282179420241722
-0.262196261715109	-1.11349206472092	-0.313203953992276	-0.871546310565915	-0.0535083518187216
-0.128370374396199	-0.544197232425084	-0.659417226818439	-1.04884933245754	-0.710321716801655
0.297140201890534	0.377732769087898	0.0100557501234611	-0.883063887254067	-0.00260382139637158
0.234378131365202	-0.318346474988521	0.286531881077716	0.863978598247418	-0.324462560371986
-0.0887538563918257	0.110823617809713	0.50741498344721	-0.0411641987907297	-0.216550961549586
-0.0858219114386655	-0.848910018544221	-0.35208419148764	-1.37494639939395	-0.348343852287757
-0.458789489068798	-0.283198994187652	-0.188391922087233	-0.164376072018648	-0.648061621331007
-0.324019760202621	0.107617718970894	0.0805571894482237	-0.133216567755936	-0.321499705954181
0.277364516755425	0.543279039203666	-0.157097029700375	-0.0976194050116291	-0.20727670798559
-0.379683980445249	-0.286721880159828	0.116787771174752	0.0756618458582199	-0.610364797898204
-0.359555571798737	-0.970699641137116	-0.508396685773766	-0.00121878171208145	-1.07011096163287
-0.262307720336845	0.150292633589161	-0.0747547118504182	0.377226081895591	-0.645705139832055
0.209772340021925	0.596626924621837	0.393947190350019	1.28379910245639	-0.000267370919801261
-0.208099964321216	0.779154161536237	-0.0182173405278221	1.41113684621449	-0.549237450531306
-0.0191931975632738	-0.0622410893865767	0.96119280230092	-0.278351866647598	0.329861520589071
0.0590485854655341	0.339527607829043	0.126021659102318	0.661748320718953	-0.636940435459599
0.597588433475446	1.00836674065334	0.382749226909563	1.31455365908695	-0.240758585827672
0.732851565875056	0.262488741173958	0.652826658482367	1.38507735376561	-0.29416401471519
0.452232185589168	0.385608868326123	0.829911107855485	0.674063420441899	-0.0626821392386189
-0.215945378088395	-0.563941890388574	-0.100013824840812	0.764675604179649	-0.544061622800977
0.331874284466212	0.406997389289037	0.202111064523392	-0.421246168203153	-0.530351834532111
0.285650620263262	0.795540535844216	0.25930142463265	0.162537002025017	-0.322203828937188
-0.33834312890257	0.142003487272211	-0.464512628276356	0.520269195544536	-0.848901322335192
-0.751169135937284	0.891168133743885	-0.380120946832488	1.31144587918744	-0.256771988623701
0.158645136079798	-0.784174705802453	0.265691017248806	-0.0356383882979766	-0.564816203268532
-0.168584287226461	1.09389030429945	0.0678928242432224	0.635452845155476	-0.378319717089488
-0.0577742502951635	1.14037061657778	0.361926148525477	0.849543702184473	0.17800144554245
-0.0840957207348771	-0.278828076549888	0.287304760095699	0.356699711051999	-0.355248317265402
0.181476073392608	0.56135978984529	0.627508274397026	-0.0110583063928183	0.165700155912887
0.496329877127726	0.390901357278988	0.635940802843396	-0.0364260687905465	0.564416418309553
0.426047192148485	-0.104357149554475	0.0763089172642577	1.51620739815955	0.359392875443862
0.053005868257632	-0.843691775085726	-0.0860937650825529	-0.309409413870403	0.212184589929395
0.265145840907323	-0.434998289785949	-0.787432288707151	1.60366786949865	-0.102852090358191
0.125927197776481	0.732967433502771	-0.294379550553023	0.225358303728064	0.153662766755841
-0.351763621119743	0.33574463065622	0.237645850587425	-1.27275561039418	-0.00273647773380887
0.307320846216385	0.974874798943574	0.364928170501324	0.609790102073451	-0.892332835089696
-0.557296021283337	-1.00889920191638	0.0509127948056511	-0.316090171667394	-0.115052242776928
-0.30451726538785	0.143764970166042	0.269264849992218	-2.42657532483551	-0.576233042498118
-0.271367377269857	0.190646798118328	0.297987007332569	-0.352309130337935	-0.286573838382184
0.0472411527278523	0.963236430970451	0.643088995864785	-0.879276096502326	-0.58289477628735
-0.213000616858453	0.519487137578802	0.454089542796843	-0.429228426445956	-0.669551103361491
-0.361451323986433	-0.906907478105451	0.242593262604532	-1.52831131828755	-0.631825688663986
-0.14816048489656	-0.00029278463814038	-0.281800105130319	0.856521569340982	-0.546538838941705
-0.252803452720216	0.111506152716313	0.0741198788932972	-0.176330156372716	-0.638436056849299
-0.0487389312218327	0.92224121889182	0.0598212991638711	-1.06888007723214	-0.74703347370863
-0.454825435781699	0.0681689596005453	-0.155341505610668	0.00204618892906775	-0.177770457044563
-0.423132517656456	-0.91733308089145	-0.123046055747909	-0.874119523893244	-0.198493205557836
-0.223413298519298	0.372947611712934	0.260784920150745	-1.05198174797728	-0.351589399137632
-0.158396292047498	0.960508217663508	0.143587370958641	0.70935931298065	-0.290461211204155
-0.272428353865996	0.261863500723514	0.684235823396243	-1.10247341410298	-0.38739929548984
-0.535303384871999	0.33767363629175	-0.109446757827679	-1.02783502811346	0.131338396785385
-0.00634070535822412	-0.00704415075003561	0.0509238317021496	-1.3382268611409	-0.392580452465556
0.12965747191845	0.984943312714695	0.872647204152297	1.40857335755321	-0.504149585034242
0.242515459094964	-0.212539196540338	0.387529795504521	-0.819329588715177	-0.205705293077182
-0.24339434299958	0.500340260509031	1.1327423386832	0.056928225871247	-0.494583961514577
-0.425987021086865	-0.133141243086058	0.201560399950286	0.0977806445858513	-0.465474136917303
-0.206133848343825	-0.291932841301267	0.565149282190115	0.514512337674272	-0.155015357302585
-0.144293323765669	0.88171211637463	0.164234697575201	-0.50187663797362	-0.300947235411022
-0.397056966041271	-0.0490790421891251	0.253683737458876	0.784307356822885	-0.658175024905169
-0.0939395916459725	0.577056078092907	-0.572152961250873	-0.888191878906333	0.520166659468689
0.185051485972772	0.211870066310481	0.471042837434579	2.09789811605187	-0.341537418891299
0.123777720544426	0.201469091817809	0.091717617728988	0.695757091490842	-0.108538134031711
0.237111740750664	-0.215029651705727	0.228470901974172	-0.720350446002613	0.232789740079091
0.193578440286711	0.0684267304479213	0.0142444604257522	0.0678290764888619	0.35343054642459
0.484856995005498	0.485957547888107	0.0595802519343792	0.232253515948423	-0.329594256055653
0.363334227406218	-0.0384463533934799	0.320095861835996	0.843307687807711	0.304178416947796
0.613677304990273	1.00177806235831	0.141703790689431	1.46773797282758	0.207983764567041
0.146101413343597	0.346435137868931	-0.277252693553035	0.363448622430451	-0.0181746081497204
-0.209224752858917	-0.530225554405649	-0.191348297808696	2.61710818128738	0.208125195727654
0.367714935966326	0.32207509593488	0.613010108324258	0.618926195601987	-0.545241871598026
-0.188864731164681	0.559388320752327	0.693195733586312	1.82153991998241	-0.128440380934435
-0.0959934665991691	0.800159471701296	0.159871380784523	-0.578840298872298	-0.00567764133961225
-0.408915868548465	-0.251006380751481	0.40154523988882	-0.500328862864584	-0.369072705617617
0.0882186297674336	0.506934167829474	0.240047830807202	1.4868080370905	-0.241166151818149
0.016457885621929	1.72849009889776	0.821164303254252	0.387336376923569	0.243014155994969
-0.0479988814651076	-0.55344866982133	0.62392162468187	0.501808945557436	-0.159794813933314
-0.0703291785509351	0.226374437047894	-0.377875297647134	-2.21536946001799	-0.512076411499733
-0.166739558878467	-0.06834475022826	0.167316900203154	-0.0775642705174728	-0.558706558936538
-0.0456466795707996	0.503510118936117	0.425522528817712	0.557385553038158	-0.170869614911693
0.00496880095749937	-0.359974605324997	-0.00529584806460856	-0.278269310747179	-0.165321597952744
-0.124888449021947	1.42901243308156	0.594361928791931	-1.4193102141092	-0.57352985365973
-0.461451680455083	-0.233212314172122	0.0256456076707145	-0.990855881440649	-0.375001744534533
-0.280746913719389	0.695140095694024	0.237937487052707	1.31424654283984	-0.711366624532837
0.032981905024499	-0.0660352465695201	0.323599585196226	0.636781390409849	-0.240851654848964
-0.0750552451334109	0.870007553126063	0.701950742397957	-0.393179893242754	-0.401034811291637
-0.0623434036305991	-0.1225189159817	-0.183090431225746	0.195087013666654	-0.587382210955851
0.0667103952874874	0.0637790132668749	-0.0107235072571127	-1.16107894309908	-0.43106902047402
0.151819913653426	-0.216321053952071	0.42521393765832	-0.370439756164543	-0.398859388338592
0.334497813444783	0.560996928235789	-0.0268479845971975	-0.0129415541780678	-0.190891982199162
-0.0349782400371164	0.796126301818256	-0.283602363548493	0.477877981788278	-0.775624359369147
-0.0679131550668953	0.125028439317194	-0.109865869206496	-0.519849125976593	-0.353080451627375
0.364692096212847	0.480337131070688	0.161827351766395	-0.314716233991429	0.103672150558099
0.0553307531960313	-0.0845808699217232	0.250090865434429	0.0347048815917146	-0.0881526577298672
0.168051239716127	-0.439652669899016	-0.139663692649562	-0.735599552516651	-0.1651976130346
0.13581921435576	0.319296470614348	-0.126708009987248	0.992502502503708	0.159622153493568
0.240580240743012	-0.0492139687202918	0.0339300176093311	-0.746448673988203	-0.212106308974589
-0.0793084534123988	0.537134753113029	0.11498911101762	0.652696469430914	-0.349505413682198
-0.225927645878898	0.0332101993819121	-0.385096240127839	0.27623494685788	-0.268581238451467
-0.18241968944659	0.592619956961643	-0.645228162159027	1.19011146975824	-0.0138723919709972
0.0578679091462653	-0.117327070041698	-0.41664033184895	0.919211646552483	-0.143600187593099
-0.105066113827765	0.289502306015712	-0.0232312699536014	0.599488629676371	-0.268878450737067
-0.437259251955035	-0.536663207735842	-0.312073525799852	-0.512403350785143	-0.0321679834094574
-0.164095874689867	0.0344755582683846	-0.920470321043591	0.91493926764698	0.446139122659891
-0.276975440244708	-0.300511666725207	-0.0139203336010127	3.08034287487444	0.597881317305059
0.348188363360551	-0.565900653933595	0.39814310930662	2.19914280911662	0.529379501894917
0.185026869898339	0.609820277141745	-0.0771107089477784	0.590534517458531	0.557068297330073
-0.110073997163836	-1.3792877482762	-0.0911325770290791	0.695369407217246	0.683423611372211
0.0128755746805026	-0.90542029262273	-0.221724255736514	2.06402020117275	0.941187055501634
0.142062296251858	-0.194577390057398	0.053111151778341	1.85259620531339	0.945123850224812
0.267396408521638	0.435930717859214	-0.250272436349761	1.99543435659344	1.39753473567061
-0.192975105711015	-1.11599427104671	-0.378998301588057	-0.0446394657279924	0.378607143130272
-0.0112893906166001	-0.314520839632898	-0.0207988406125862	0.819414695550352	0.679326591145839
0.0988948201960572	-0.540988613719146	-0.146290682827263	0.805315186193787	0.196031102816858
-0.0233894118250032	0.338293348758239	-0.170979505775212	-2.07945207183507	-0.418837667146815
-0.090700823863843	-1.24127587447026	0.19283813141388	0.127686097468818	-0.320367967561264
0.147534798675739	0.957178232330812	-0.627238026660659	-2.03456706257293	-0.401772160760174
-0.129687779841884	0.333084204096652	-0.303886754030469	-2.5534294280973	-0.560973438273856
-0.35482014556693	0.443685819517615	-0.395677192878776	-0.113366856541393	0.0628839827433231
-0.343936834649557	-1.22755559396456	-0.296085249501039	-0.69066399725511	-0.158760189471887
-0.610293046375622	-0.654437805822937	-0.525757843493069	-0.132493308986555	0.400955234497578
-0.448610394113224	-0.616113019139114	-0.475514186673531	-1.41018923759728	0.135457145589169
-0.346201130510434	0.158378282277748	-0.618504501117117	-0.42954048738924	0.474643488362029
-0.541387643006979	-1.19189686000815	-0.103408840798007	0.176534796159463	0.695830228144093
-0.467228350702116	-0.316198014960253	-0.571132089303698	0.688485881024934	0.672836336888644
-0.346557243280454	-0.515458427730014	0.217587979465962	0.705348738942689	0.811883698758225
0.0584730553984222	0.181290037913263	-0.0731187014337409	1.28850512259267	0.498224880662378
0.00961390741765611	-1.38156431062719	-0.41317468397086	-1.29436741301435	0.469809885392121
-0.364469723763664	-0.683593498358959	-0.706335264376357	-0.68251942568291	-0.176801835259996
0.085045270357521	0.506646131182599	-0.405568016799024	-0.755783045970095	0.578664037196359
0.408837416639193	-0.272558036698616	0.314562037377509	-0.639019770733078	-0.227967742382597
-0.135651787231792	0.50935468030065	-0.212990831113876	0.844072668620623	0.54998923026526
0.0990557668906128	0.60055793917527	-0.410867431845566	-1.70690956405818	-0.0591280266902442
-0.427827646907186	-1.35466771619751	-0.709259511413655	-0.803888435008063	-0.513275675862512
-0.123080160667372	0.358716840938562	-1.09457637958935	-1.01376564703054	-0.166373814024575
-0.709294786711065	-0.24566843483	-0.407210911342132	0.752457445620218	-0.0338464871045953
-0.157658048775214	1.09248379917378	-0.112744306583568	-0.63227643421432	-0.57944847752941
-0.113217943549431	-0.216790638926012	-0.211100212009288	0.799062360021909	0.248920327171326
-0.711151963915701	-0.328305735352223	-0.244348896609983	-1.80285456730668	-0.223581861214466
0.103369231529844	-0.0675099388211856	0.11419363693427	0.414104517307155	0.275852319399388
0.210337379985339	0.586845074068601	0.0956079689114322	0.40971681050977	0.192688708866775
-0.30218713960765	0.593942889283191	0.365825881892607	0.977307763462244	0.0580202788287389
-0.212304659649246	0.201909376332043	-0.711136742816985	1.24037558445084	-0.190753023216124
-0.210670566997463	-0.7167309744047	0.402168607316165	0.150783104026229	0.0265703110215856
-0.0169333287409443	0.164866334732628	-0.468180445704915	0.10839260423765	0.215995959019901
0.136526308860543	-0.185358461731698	0.390849305592522	1.46282661192861	0.393021769567469
-0.0238533790670768	0.231188465340558	-0.0183340229560614	-1.61184966168564	0.438521529634893
0.0233490262812786	0.552444929196225	-0.0814963845495901	0.286016158755615	0.416293361548975
0.280151700751276	-0.0422045326989223	0.682375538283852	0.473300578123828	0.0639054389167634
0.579804466425613	0.581767832294442	0.49511728136212	-0.10176407561147	0.777570685100364
0.548085217088589	0.663251950789422	0.145494151805604	0.995426566651819	-0.107212695352348
0.423700596760095	-0.59220989224533	0.149328063684762	-0.840938703964057	0.0621507562313023
0.796621421979482	0.25390102418168	-0.187936828505451	-0.250468735129724	-0.347870495590152
1.05429988419571	0.0131598331167202	0.118930805951341	0.576168243265086	-0.133358012559859
0.847365781185547	0.5624824119295	0.286385157708932	0.672277159487531	0.0785125207413075
0.629378581991711	0.238491795853586	0.298819005962761	-0.651489846018383	-0.327262648691556
0.232633835659023	0.245978286685077	-0.483942158464874	-1.32101663879217	0.0981808328441763
0.608577823817978	0.612197896252483	0.422681449102069	1.1114081831464	0.263458163820191
0.552623611374854	0.68655321497512	0.732236540472041	-0.518486449040195	0.017218350333554
0.101404784191365	0.193211391590222	0.407053754137688	0.828513425086136	0.216418666316512
0.262025818461057	-0.759606079896846	0.490921958730775	-0.70328639396095	0.257620555709954
0.570035015333839	0.719712557217854	0.620474543692147	2.67748375314008	0.843332964525833
0.423165467098112	0.583009766335046	0.997208531533795	1.43264412475965	0.817575897877826
0.176786712159421	-0.237108036480753	0.372799386416612	0.117099451517227	0.573782278486402
-0.0875662471785038	-0.681913084813671	-0.240797258027887	0.842570283158581	0.439535554566252
-0.0333279754941583	-0.0496305569777427	0.297345548775688	0.107790364420041	0.670138884836725
-0.0889664297712807	0.424879267138006	-0.367421480292277	0.892624818264749	0.71117828397684
-0.209017403886694	-0.529746084952783	0.316190103097241	-0.21281067329875	0.448530807647582
-0.0520394444228605	-1.38560411169577	-0.102221424822525	-1.55776852286549	0.415152690352621
-0.110754674961347	-0.892544428148909	-0.398771775966646	-1.59083595988438	0.212095752362822
0.12605517480612	0.752573108033389	-0.407013774269677	-1.45245442268451	-0.0622926376018358
-0.0858871367975068	0.0978835694949449	-0.555193269331154	-1.51557705831841	-0.169621636310611
0.189716936215904	-0.719999670213626	-0.644485135406541	-2.82800440371715	-0.0844493077547404
-0.519877165273169	0.424568830231168	0.104631503851612	-0.539737261256947	-0.0686236193145368
-0.286421341108083	0.120158460494434	-0.231608733044188	-1.47360233075547	0.0370050158666954
-0.0393231904185176	0.752950298940176	0.471108511025865	0.838327025114903	0.901486570420952
-0.290355991531928	-0.409433397419661	0.00421794551193195	-0.537639624260903	-0.118310835519021
-0.313669987422713	-0.609577672264106	-0.596107156514351	0.12908577075511	0.0397388500371611
-0.403107449488862	-0.261450264710094	0.106506108482047	-1.28926853078582	0.154498140586927
0.0963748087249637	0.262712519924467	-0.614726919531874	0.629872613315824	0.0604914006254154
-0.262944421774013	-0.424176729233225	0.0733171287115431	0.489054582142132	0.172148922229981
-0.118048855365315	-0.943557965938722	-0.36640157787328	-0.688777639001853	0.00746835665622123
-0.634280079856426	-0.0277618497655173	-0.537684027031006	-0.178010418062169	0.219009983917242
0.0110690549229694	0.0158105053590838	0.16153091680644	0.0790852804950942	0.631738143726537
0.0417050054564683	0.210725289869325	0.277057424935411	0.257676339537673	-0.236450823627481
-0.133848358419322	-0.413559620062534	0.0526253665753623	0.0258636286395395	-1.02794766991386
-0.178797829136076	-1.39065156661381	0.00123808469324503	-1.70483943932042	-0.392980288519308
0.0415826812897055	-0.456251574995504	0.210510667425354	-0.385988259000693	-0.273517011162132
-0.00773348148389048	-0.490820328641553	-0.00209143762968344	-1.34989595586459	-0.43596807721953
-0.252197588920333	0.625669899472132	-0.438641422605851	-0.584084857686882	-0.354850320684551
-0.436074147494467	-0.278732180071482	-1.02114161878133	-0.355042324082573	-1.24817907997021
-0.197056106688355	-0.460968386455769	-0.412511129912442	0.466266716133497	-0.0881036139363866
-0.0669378979269993	0.276382378894525	-0.508213704329645	-1.24317583425079	0.145441930974611
-0.273729170641937	0.0222476834353797	-0.133203447105583	-1.21904858531367	-0.0288382460079403
-0.00255529997935109	0.384172823948383	0.0547240843544131	-0.333135909735706	-0.239369562196795
0.0675701186938192	0.656689823313066	0.0616917106483893	0.246172952896503	0.162895335051506
0.0217997651810811	0.0448472206335845	0.6475099738893	0.758690138840781	-0.0655391855657279
0.198462669481806	-0.651962943391927	0.353347477827791	0.741071122249071	0.487538448573528
-0.0781482157822271	0.906851057543191	0.600061045712711	0.61610196375152	0.324093639150853
0.138065910665201	-0.35644028574934	0.129895012312541	0.0595540044811579	0.416730860151192
0.177799221348619	0.187230443024373	0.129783952945653	0.707581676693687	0.281749499058828
0.14305737077238	0.168535755669773	0.332211514097977	-0.439986849512905	-0.228203274609153
0.0250716838483164	-1.14156606336288	0.0799346317602505	-0.283987179845681	-0.855118692207407
0.14473287921226	0.35741547313868	-0.24039991759457	-0.758913325412188	-0.455126007229095
0.0913453387377859	-0.408827134081279	0.167589810904945	-0.601229533005988	-0.401444207121426
0.318176336071475	-0.0771754730639991	0.0174831405891454	-1.11313195243623	-0.714876962954742
-0.0618917046875454	0.427723509090972	-0.123868647281101	0.147793420298364	-0.520426131956896
-0.154482265331697	-0.305894970371524	-0.64008580003274	-0.163153238142479	-0.622898222286842
-0.0537261793086744	1.27427820508272	-0.316792493468989	-0.347564368204427	-0.898622925617258
0.423703380130879	-0.217547782393128	0.00783742529503817	0.350872381754012	-0.48428355394595
0.230364433529865	0.108016475664515	0.327410536677395	-0.306599302156272	-0.0862885004824962
-0.0882454679182382	0.680040424693706	0.185817704466857	0.338816220857778	-0.115680523742199
0.0397637750054359	-0.186941807284677	0.525415326634373	1.45971704719309	0.664095009142651
0.00619786611446352	0.856858915679738	0.722699346385114	1.7602777460064	0.237463648119595
0.333237145163522	-1.056045851268	-0.0245685732917136	2.27572269610227	0.145715644457813
0.0167645396775577	0.173634926191491	0.545932054728048	-0.647975434442977	0.269514075247274
-0.534193703136167	-0.154932065785929	0.207492079338149	1.59350728422861	0.0167381434656337
0.384641631096112	-0.198852279217967	0.245315994150435	0.120976477667038	0.514091070119329
0.5467559106451	0.243686004030266	0.640502255111728	1.28012089748337	0.315830508034828
