0.647710368259772	0.203221918848882	-0.156055064471053	-0.202547027043205	0.806119327762196
-0.546503579422292	-0.0964283066775205	-0.876713188250841	1.65677381811514	0.356101071801839
0.0797290788786396	-0.512389367949154	-0.39682013342617	0.553849584657859	-0.103756179099128
-0.10700674196641	-0.441339592275544	-0.067432293650198	0.6773908188354	0.207928174079007
-0.341610377597208	-0.132221588409149	-0.755173695526035	1.41241073398393	0.870597902232932
-0.51733071275935	-0.443384133284497	-0.116062323570568	-0.795783302850429	-0.00155728706069741
-0.0364378496174244	-0.707927115753668	-0.0343174450822243	0.494723568645457	0.335577197816759
-0.266301450811193	-0.233723427189952	-1.04237854137048	0.558583460121193	0.0781264542641246
-0.47139375603857	-0.0391786011136744	0.182461777130118	1.060236253618	-0.010074046729671
-0.415756363899359	0.090400297454029	-0.643656574075713	0.361543172376885	-0.587143368242012
0.0596358377030949	-0.219230067298806	0.202657906792575	0.702991026901986	0.117707745975375
-0.710627942253633	-0.385111112789572	-0.268385856702105	0.842064637397355	-1.15215325693645
-0.76082007603198	-0.681648414116157	-0.00604980852035333	-0.63678158077558	-0.622985800961194
-0.201141367354585	-0.337763958237118	-0.890710989931645	0.72055773809835	-0.0171421311255429
-0.299269568294686	-0.142643838531116	0.120227027010592	-0.101960192450179	-0.351116399268151
-0.0511046152900728	-0.374410816472885	-0.35240208131429	0.65010170323297	0.233331160202594
-0.858688258232789	-0.506565302618976	-0.382477363827375	-0.0351491466422791	0.150944318332814
-0.352386406853772	-1.07527971423163	-0.345045657247063	0.437748799021641	0.567530903335746
-0.196276032728357	-0.61223117284774	0.462776146823129	1.71090961056213	0.209145644189367
-0.187117088755595	-0.130518344893292	0.00817346829578634	-0.476915193005676	-0.56520279946797
0.209486767281122	0.495178558194204	0.443680852464679	-0.902557790812658	0.105159472417996
0.386119789805014	-0.14666773191347	-0.112752138382182	0.546048600632926	0.517259499490748
0.119455202950448	0.127075501308752	0.812456116199408	0.448281164510164	0.365780174589127
0.0732046264728606	-0.321520339354328	0.469502568538883	-0.195748449125429	-0.208300475443504
0.408362780758741	0.0613826082564861	0.0588582816464042	0.582084151712253	-0.0524072815125567
0.448753679654666	0.0696666787648449	0.457675317334942	-0.582329900067972	0.458246111271646
0.441351199403314	-0.55196015813217	0.332533892059321	0.820655365255641	0.508900662492457
0.204464901836078	0.00265793650465163	-0.250010678843638	0.463819912930119	-0.215321873839413
0.0519223100946061	0.0212404153839461	0.102622323932322	0.0118707308980248	0.0988921527366693
0.777785817878271	0.423451755972401	0.0288042922800582	0.65686939428168	-0.24807966963899
0.0986958695054664	0.515326651839504	-0.265334713561696	-0.0577216097154956	-0.228768120663775
0.0628806517106106	0.219888087502679	-0.217400323304341	0.136694036517749	0.678852511737601
0.129826918489924	-0.0401794738515006	-0.884970639357538	0.13942210554511	0.129581960637656
0.163528086654322	0.0978812094473689	-0.489279422131819	-0.186782848785036	0.288889612800232
0.318819900616552	0.173244550296724	-0.75811606944895	-0.538798076685074	-0.607732341652188
-0.052793091954918	0.373276920574139	-0.832108137020277	1.07511859650367	0.301181628684704
0.103000161033289	-0.0634842472703654	-0.640815772751219	-0.257050920574399	-0.195966209235581
0.375292068511371	0.0921498356932955	-0.28349453058242	1.88673323235571	0.680042275274859
0.170772083758541	-0.35786080496319	0.131715880796538	-0.48651419271369	0.158057537707585
0.407375641154984	0.121845056057746	-0.521694707148412	-0.15842239908651	-0.533339227955046
0.0561010826507634	-0.18345551325588	-0.0839091662815283	0.457987911615705	0.0979145583676926
0.406486365620851	0.37844955109283	0.295145588980506	-0.238542071198145	-0.0577297440811342
0.040048045932366	0.401312679026417	-0.437095670232869	0.207185408207456	0.408501852998
0.038737029703792	0.154481822557852	-0.207444561868541	0.521516540682967	0.51524713616949
0.0931597377020532	-0.118891522243469	-0.690202262363256	0.502178778779032	-0.0194001814501
-0.113291480037793	0.252983123188452	-0.164399370853786	0.461858097739758	0.634269758766558
-0.484715804907626	-0.266657595520254	-0.123314859745513	0.314310135198512	-0.126729612087056
0.0923670400124027	0.492528224032634	-0.156139314140291	0.27923578374015	0.10122688332699
-0.50540729327731	-0.29348599271472	-0.180954993904238	0.106722637324944	0.429084835596161
-0.314697207294049	-0.520393506576374	-0.22214984375248	-0.283930649830061	0.580736834811407
-0.128742288300502	-0.380969047132417	-0.276429351023929	0.532843097928794	0.126766817471288
-0.419987570795445	0.18332493452791	1.27297849738471	-0.140324617276002	-0.271103257979743
-0.340154075546633	0.267266343490171	1.02649106626632	-0.868368540033543	-0.00680230595317706
0.561170724600019	0.620030108861269	1.31133987020386	0.404378803221916	0.857192052234127
0.207512466825301	0.198218128704773	2.12956122524844	0.888651712189127	0.291001850005102
0.0986888900585029	0.180105370161054	2.3744240163892	-0.247650784776835	0.75727281334069
-0.0219813947790299	0.332837040983514	2.28614325012924	0.579891303044408	-0.0506332531590663
0.174936650889979	-0.217399719748378	2.98659223082286	-1.96526080148883	-0.425569532166527
0.606073659167283	0.534290197317733	1.7929100309962	0.448963914087058	0.880306798634972
0.451830456019774	0.135231199631638	1.87530197070885	0.098162987058751	0.0154929295490619
0.226539647857723	0.138700890390738	1.65534480187152	0.178090639535014	-0.0322851151580063
1.04515565167263	0.166301068120149	0.769310590010163	-0.122437302494272	-0.249383209888164
0.691941593658253	0.34051010278336	1.56051490691675	-0.0572030256234204	-0.207772123118867
0.78885690562889	0.215836188139334	1.0185799182093	0.222904285823659	-0.0738029753986272
0.734108954970026	-0.185308833379515	0.844743491654832	-0.667883775626193	-0.622704429024151
0.025835117223191	-0.27902927194118	0.5798896722418	-0.42480263649132	-0.535034529033583
-0.175701942577424	0.038582397777326	0.0766503524861231	-0.602136798499588	-0.529535383202269
0.263083248527108	-0.166614440265802	0.944433589885533	1.05631269026098	-0.469480223828485
-0.209404934837051	-0.106922306337539	0.785469809605221	0.477687571840085	0.480706334340395
-0.591332890043329	-0.0963756022163124	0.899338180686976	-0.15374982921586	-0.634467021693942
0.165556546123996	0.468838614466148	0.800946812357006	-0.350180200595508	-0.384331221480203
-0.142653676817929	-0.319393852381737	1.3716237657645	0.305562565055149	-0.601936527221866
0.168506014727785	0.648589827217346	0.994850653910134	0.25243933152155	0.0214955435822947
-1.02877300631279	-0.237447899638771	0.0827533340128191	-0.648552002922043	-0.722814044760084
-0.701261248801799	-0.408558433327854	-0.10841254467991	-0.503183268490647	-0.725933752667367
-0.157710612038756	-0.481015106007483	-0.291480250466113	-0.608418184403898	-0.423478256409616
-0.962159039778489	-0.384643378468712	-0.845156188853754	-0.509533967624227	-0.464443205662837
-0.16395967740061	-0.0858975290467505	-1.70289001418688	-1.71255536158329	-0.0992629620188004
0.377599076989367	-0.353744220610202	-1.54569371114757	-0.260185911501228	0.441494271319208
0.121104021219834	-0.144710926429634	-1.39065144010999	-0.200062296098515	-0.265328427519133
0.0712815703475393	0.174175861932946	-1.16125232278988	-1.42354779307352	-0.333612771448471
0.0354048906769641	-0.0334982479230104	-2.06415748227298	0.457613024361032	-0.115638833462137
-0.0775260461760356	0.093702140974248	-0.885863328740496	-0.533484662874002	0.0924079260033253
0.404035652106379	0.206089291596353	-0.235857029840033	-0.158976431308798	-0.00345299356076639
-0.219817877596679	-0.401918649846517	-0.451376270442319	-0.359352777175937	0.300685921204847
0.594812647271099	0.23380802111369	0.149941877187624	-0.83098886623676	-0.11903193730478
0.216623775019876	0.322637167721346	0.155865406579646	0.0570231976294235	-0.122763566847877
0.330014681636615	0.0222741668866772	-0.119855752331423	-0.0613705321616648	0.283838321948622
0.180884620712821	-0.0175823381168247	-0.382585786153698	0.162063152004337	0.171578657636454
-0.304810001707233	-0.286048810222445	-0.884372387934131	-1.00876106305265	0.00016555077694525
-0.123320895685062	-0.252989144654541	-1.07230870428519	-1.19631195531203	0.514136128841597
-0.129878567665179	-0.400998102470856	0.108724056400347	-0.285991658130562	-0.125753745249409
0.0940693546514479	0.417958568954375	0.258033564458238	-0.462141435559477	-0.144459957641341
0.236802842552746	-0.10329894324684	-0.00944561659863089	-0.393334357080721	0.320786022664954
0.325765094558172	0.136424081237909	0.269546014501336	-0.261756479911138	0.484706080234577
0.631769993134609	-0.0999416697756308	-0.0132531394396389	-0.657548435576038	-0.0217023707470364
0.151556058210203	0.0246329449504901	0.236011563892935	-0.48840681588244	-0.114083867975249
0.295297133188207	0.362583632509108	0.404097347206577	0.664408841832131	-0.343510653107006
0.0695714022064378	0.568847091593717	0.259804824424949	0.103333191972228	-0.20522723396797
-0.347703281641678	0.331609801390799	-0.161192368557106	-0.732175546185666	-0.0731420125741611
-0.146442100283017	-0.224664001336103	-0.10135437207587	1.96092763100434	-0.0930052551089715
-0.61495523419732	-0.47938763523871	0.43115506122365	-1.90783584179115	-0.651990796736344
-0.148859414176508	0.516506071479829	-0.385343922363095	0.167094305462418	-0.201403911984129
-0.280393600729946	0.0155617708433401	-0.214197464610883	0.909438722256896	0.138803650203974
-0.852381179885224	-0.3296113722655	-0.479790455694949	0.0190057581259269	0.635080015300466
-0.799333714351933	-0.417304063415519	-0.705109714830687	0.266187883342869	0.598702137896545
-0.471610319991798	-0.867558308170935	-1.63925091073863	0.430584869336087	-0.527418925953054
-0.138620031160175	-0.382556263528596	-0.910579813636634	0.154726485621768	0.133020551537173
0.0727897367789499	0.0281335081928122	-0.635031932054186	-0.0404397514027688	0.548632801259731
-0.295953804823315	0.0134839787162905	0.0501045959246326	0.86599109703165	-0.266673256164698
-0.15964221102598	0.146715542187555	-0.292923669970187	-0.89003178769742	-0.144310554427523
-0.283631402464664	-0.165969392343585	0.223629222404711	-0.233291842952618	-0.38886397274532
0.21166383739693	0.0484432919978865	1.27163086715407	0.316921021303113	0.181187384561761
-0.0571824555019209	0.680421981982999	1.18805641565573	-0.200861762226473	-0.12018297645852
0.0954676687869849	0.536277706270673	1.33865224685931	0.489401861600502	0.0361819298821343
0.19319263781679	0.238501000917185	0.62325728293332	0.352419904407225	-0.273943789130658
0.0755979977575525	-0.0500893234129435	0.478707523170892	0.151110644357626	0.431999158249048
0.167058498718044	0.354456084166657	0.207287109412947	-1.0508190550715	0.00439416134889313
0.388746751047405	0.444093858409511	0.962609479852038	0.416704045836277	0.109512390975384
0.546720530773596	0.108583290515866	1.02262170920785	-0.326631498878276	-0.181055681991307
0.323763055227681	0.458243250353265	1.12251621499225	0.55050028590127	0.53561097872367
0.403109364676333	0.351226484437019	0.396259700497119	-1.09774384750904	0.366260590781827
1.15859046823756	0.0808209809600674	0.30409028414294	-0.0589935863675103	0.60461723963149
0.238735162821779	0.255655758906655	1.53413382439551	-0.0222548886326297	-0.400874181724904
0.446618954476586	0.608425503671641	1.66313591474707	-0.259050476857373	-0.11026597089218
0.711562331931817	0.617540947967894	1.0428364936847	0.111740333379691	0.440611988114453
-0.0455434296074919	0.214905693620546	1.10153063363054	1.64361128066867	0.0931325224441805
0.221411811032472	0.0244370987934918	0.782006710790337	-1.57345671312554	-0.0877147519849639
-0.175401071407578	0.0885395199755119	1.31378614749424	-0.439219080240923	-0.12401969638757
0.370087780014612	0.443887878881848	1.23472165999921	-0.627807802797285	0.0328354516454739
-0.0642638468041105	0.153724441429157	1.01616775739527	0.603332225399134	0.630926466901525
-0.257719984864215	0.0181023963430304	0.436696114213988	0.522760459277174	0.114995095945972
-0.638423753088685	-0.182101906481834	0.272953657818475	-0.486130968753026	-0.221240585668898
-0.649627737937439	-0.354486491286109	-0.180064333171702	-0.936104398174813	-0.450197186756599
-0.492756104253122	-0.141425247754538	-0.442681361006699	0.264690954841902	0.143610479549598
-0.478946792598136	0.0587802550063165	-0.3972721893151	0.886113983000199	-0.219024366666137
-0.479717060254783	-0.3549317080556	-1.33566081713139	-0.0739169338754081	0.38057542761383
0.00144534663431759	-0.249370884896813	-0.694362695240867	-0.735172636098067	0.308851580338637
-0.184763181322236	-0.0818850415018547	-0.686602922955555	-0.0237821892607496	0.52792540612982
0.136878411638789	0.22947527402628	-0.41107543049142	0.0811917852880598	-0.286930699897277
-0.320135194256684	0.0967018894818934	-0.344257142220584	-0.552697645718295	0.210916842618732
-0.0172899922229297	-0.160982865041832	-0.812159626528971	0.270925017516859	-0.386066080887597
-0.318827657322629	-0.688052489173953	-0.886018419930548	0.482054045286254	-0.0354119777133198
-0.777653484436548	-0.45814043122949	-0.780327356396094	0.260572795737649	-0.01797291620813
-0.385970189225452	-0.195802407214639	-0.298718085516221	-0.478502555895279	-0.148128755883712
0.452178507046078	0.135065691213341	-0.209047249222517	-1.41089734115648	-0.0317006126534347
-0.0771389827643349	-0.0349511598238805	-0.171716179965797	-0.00871522356632485	0.591862668036632
0.0321777528449876	0.195123935066919	-0.386315053107463	0.346949101293377	0.0889599936686018
-0.204626332737665	-0.13161842727485	-0.388650308343729	0.0352333639856576	-0.421745939025876
0.0584607796926367	0.414497154491021	-0.211655087691784	-0.0775375711897195	-0.908721828965964
0.234140613088302	0.210990675955213	-0.817452502803493	0.719362566697421	-0.0715700391080151
-0.00656477047453859	0.329240704126658	-1.16744767077441	-0.519260250927099	-0.0531750822840294
-0.274067369147709	-0.383092545788089	-1.16581676509437	-0.0836817470002259	-0.0074777110408148
-0.414342742597246	-0.0756413577927406	-0.973042598657455	0.0949616008682911	-0.948546736991354
-0.0671567454331789	0.0233233695700226	-1.11884777089176	0.959034541294092	-0.457295808096573
-0.0179526103586351	-0.0869212078427918	-1.53515090638745	0.695667808320686	0.45181839442074
0.0971812472500796	-0.464379644133116	-1.36597638093132	-0.958612793182392	-0.667583368566599
-0.3989737151357	-0.111963955020934	-1.77000007033194	-0.871371446027388	-0.533859066825998
0.238870207685681	-0.0859592930483032	-0.923850530991246	0.163510234792933	-0.649129781479315
0.18966581072739	0.630217912798296	-1.44412585036205	0.723867837479546	-0.484226748649309
0.560279598285743	0.173771180050818	-1.15223208828703	-0.141723552304949	0.716520713747337
0.05508815199615	-0.139863853554677	-1.08858201788874	-0.908017919221445	0.136573337480576
0.364826179947805	-0.120482650958492	-1.57474786722871	1.06956991003457	0.443683242398528
-0.291114416123366	0.155565907953707	0.0851550809181012	-0.131455120301957	-0.0148051574535111
0.153786315889535	0.263187649855499	-0.855226940074045	-0.789377277144473	-0.785519089884424
0.1728810108179	0.315355927020419	-0.575177875373749	0.247354957080256	0.557237236590795
0.31982379319882	-0.0118790707835465	-0.781378283919579	-0.0659744781206808	-0.352948222810772
0.112018581643743	0.00205420661984388	-0.0649041395455475	-0.970064324670352	0.820546685505365
0.170437082415493	0.507798408772669	0.383291809867877	0.0839158892948608	0.0978611399246723
0.208366597126699	0.400681166069086	0.115280612598096	0.174847501405706	-0.829097228744323
0.0800892107408052	-0.000760933742678521	0.298580996128558	0.607057674690543	0.619458351906412
-0.158386436427909	-0.0486738889540789	0.230808328573179	0.0312139673435688	-0.209375646852485
-0.00410841336541029	-0.421097914808779	0.85628227404045	-1.35999149298323	-0.678435579071316
-0.310313039225107	0.413852028246359	0.359351148109763	-0.577058985465125	-0.221632866595818
-0.0756614499255989	0.0911262015478951	0.658499630225899	0.358058596403838	-0.19362427775694
-0.0869329878086033	0.0700343269942036	0.859685065678306	-0.648737332633191	0.236548217831775
0.883074287910026	0.283816780942781	-1.65445306054031	0.435141891127999	-0.315178018044721
-0.158761154321324	-0.170470199724317	-1.81779308111425	-0.928327777298074	-0.606743063160598
-0.226099131826029	0.117034823816408	-1.71048383290607	0.0120973895948861	-0.651113809484027
-0.131569260979133	-0.315769450089051	-2.39880380396965	-0.962230319474132	-0.305691583851966
-0.717018314014198	-0.153384444731621	-2.29156967770588	-0.154885108914211	-0.695542584180436
-0.827507835946149	-0.263220976261087	-1.73854424905686	-0.0990211910033754	-0.395793495608853
-0.345159943078606	0.0633330016640784	-1.78656471227199	-0.54465311731944	-0.43067705844902
-0.345339486897824	0.0709989601031937	-1.89228199919684	-0.447486329843954	-0.374445558607953
0.00840499134771605	0.114363993843997	-1.13997561066232	-0.889487457913916	-0.362111814277729
-0.602576235883143	-0.312160978594619	-1.22752067437586	0.136757887209708	-0.341936451804034
-0.764897828875523	-0.281474683623465	-1.27689476522373	-0.261765739969872	-1.26815550792239
-0.379984629187914	-0.232339142039807	-1.51692164411834	-0.657138467085201	-0.617480643331552
0.1421160771482	0.0448889827742047	-0.39134062036697	-0.387293109119997	-0.057786696987277
-0.329250435564667	0.0632383305150197	-1.41858581097141	-0.628269140051603	-0.176032679269697
0.101153280548169	0.282138695864751	-1.21936285930667	-1.50073176546962	-0.47773821855007
-0.442763210423419	-0.37235357712972	-0.827513989572339	-0.183641435410056	-0.402303425281253
-0.036390932820987	-0.326545539389824	-0.940405446589622	-0.243786120848015	-0.328813640030635
-0.421855635572229	-0.247709207442706	-0.481776592120741	-0.244348617827084	-0.00225504310776878
-0.101258979728331	-0.0453553714495202	-0.29826825671715	0.35424235732191	0.101408496405054
-0.0637560742754352	-0.0257380548534051	0.0121278170675051	1.03136505134745	0.181095545275794
0.650231257066287	0.102752225269844	0.752953355018443	0.221212115470255	0.0596400846323935
0.631716878319407	0.316144750787006	0.918683460716285	-0.0473943350576554	0.193649428508449
0.406551650944552	0.165128033590911	0.536844206475122	0.255190272890442	0.831706798317674
0.109545743430155	0.492009789577909	0.716817280660519	1.09163675662508	0.656019562091387
0.234985646724244	0.537159502224098	1.35461566777787	-0.960519460129691	0.612236343398693
0.270450272176657	0.517963179301701	0.835985942080943	-0.986199635856052	0.334940640095238
0.660908014500984	0.363665406151215	1.24627308329662	0.119611033623997	0.564623665738338
0.116044936801173	-0.162923795679339	1.34122081359591	-0.137326129265642	-0.387111698608394
-0.34882803981345	-0.208998600310982	1.55562469552673	0.85939970335569	-0.15591403812797
-0.0533679820589632	-0.148402137861378	1.20011900429333	1.68681745482731	-0.505114212224142
0.0654729267171921	0.142954597588065	1.25258831658493	-1.47385796495141	0.371383675272333
-0.210270180957495	0.696953618318734	0.958633979014026	1.2062204692482	0.365958532751485
0.0897831096289106	-0.00169284876212722	0.413629190894634	-0.168968462540707	-0.335288253506653
-0.0436586972583775	0.3509174273505	0.613532593283479	-0.785389487062693	0.349618624150017
-0.112452332065728	-0.396029101310956	0.227476752766988	0.969856324022341	-0.306402479305708
0.0489149077484179	0.395616465408086	-0.716575792456449	-0.800818884744426	-0.178189449325726
-0.117477676038986	-0.0645907018909287	-0.921945853368437	0.166204565029424	0.0348272559411182
0.708176458395301	0.255228126423833	-0.547738158461909	-0.681807981087075	-0.249036639851051
-0.24855836198641	-0.159493380645529	-0.706655916884648	-0.1475562501081	-0.204969407191516
0.123138942828418	-0.363171407072689	-1.02889796403981	-0.403251256283428	-0.825646817721046
-0.264752792544534	-0.123895106423801	-0.225645792517356	-0.0794726936833591	-0.206313404033253
0.0832847175954455	-0.0511719846563582	-1.07434602188803	-0.078447589020965	0.451252211069728
0.513396831026912	0.261119394864704	-0.713365162509716	-0.719333617181234	-0.536582870904394
-0.160355643619635	0.399039070970023	-0.610101384829729	0.328162418339494	-0.0498667977665623
-0.0471755394508716	0.0441834572625542	-1.43505944178808	-0.869192822584	-0.428429655186833
0.174441582520734	0.229893634552697	-1.0915067598946	-0.160382584827115	-0.72422052099392
0.125562901890543	-0.175368696231645	-1.85889183277336	-0.420793963125628	0.374484186440908
0.32920910880655	0.545185727641807	-0.584566054144699	-0.528333409753306	0.0919567109569393
0.699024742634934	-0.00823544351967955	-1.55570600524712	0.518297208706123	0.626665571102785
-0.364479037099751	-0.194541823005462	-0.448900474407326	-0.128906004603529	0.271937828190778
0.525908776008239	0.0122717980531957	-0.318089582305473	0.307896359710627	0.413257609235181
0.0967643431087696	0.490406966050372	0.271341190592103	0.37479680582607	0.729665849044536
0.481879894874764	0.460232952860366	0.766160382028987	0.471347084832658	0.698216142654293
-0.317700454973619	-0.0778808466693714	1.76587722166004	-0.0880811110118562	0.212689586591412
0.264151182420989	0.0497941005134941	1.61722232054879	-0.307931416558159	0.412339520902941
0.0602167035649153	0.170817389609613	1.78571849286908	0.220731338550391	0.430441923295669
0.106951666274428	0.339421995230876	1.45327083616419	-0.370819426029278	0.376705781866082
0.253110592378724	0.444824058386322	2.08111529780635	0.00165721312728948	0.43422590669804
0.16726304686226	0.0579368131305175	2.66280027274441	0.153134278200088	0.336746193970779
0.189614021585255	0.332250139628093	2.5507967502385	-1.19775989611663	0.538369394564178
0.327372851770432	0.346971519375635	2.09922577827601	0.550217242187212	-0.345819404076104
0.21240360760531	-0.00507234930104972	1.63837252631814	-0.0312198078716107	0.463639672937614
0.810298529248637	0.488886669781194	2.42158756320325	-0.188419131923503	0.4833658232723
0.32418862863782	0.290018774196989	3.02793068128544	-0.643579839217078	0.818883126755627
-0.126320721282778	-0.325433721782078	2.46966284519882	-0.244576875889391	0.167834524357429
-0.0890054836426513	-0.16317887822048	1.72480126018414	1.08190954773509	0.478717146026678
0.137507824041687	-0.162217758789419	2.08165560533353	-0.823999383794754	0.390596336811851
0.151980168530409	0.325147839232034	2.1641159105496	0.107708792297963	0.491708271497356
0.161173376968846	0.618867125751656	2.49361217614467	1.74959386041921	-0.0466534340973271
-0.0699183185598923	-0.0164072033728509	2.00928053730727	-1.94603725857226	0.522220771605704
-0.142083628883827	0.353381947259055	1.7435226028526	0.286195552414386	0.0701726613188878
0.051178455517643	-0.175534290806447	1.72523212101791	0.104654976742587	0.455782278303004
-0.357696409505229	0.0945175879343109	1.47081283767547	0.670996816269794	0.236831280299294
-0.344416752241339	-0.129879989737931	2.09978546731147	0.266631956536538	0.171270882078385
-0.495755712484567	-0.653057547123407	1.42766999253814	-1.39019946061535	0.0840420420176136
-0.64681974611594	-0.427644689312243	-0.051275833218509	0.819713387955499	-0.446075932810412
-0.631783589660069	-0.423161999800458	-0.733657562330115	0.329731158447771	-0.658028622730728
-0.216961703384058	-0.508351410544238	-2.15840393620034	-0.538804879307809	0.214271866011923
-0.310486447565726	-0.195844623771336	-2.42079524143569	-0.34671290565237	-0.645559465355577
0.0108040840064925	-0.1116055049497	-1.67902439515638	-0.59346434890359	-0.548969035700329
-0.559022382209143	-0.0441983116393424	-1.72006578315473	-0.926804424575461	-0.570686257443673
-0.336120251079109	-0.00824669837095225	-2.56601618029553	-0.316219687060516	-0.341080415868161
0.0721189753940875	-0.273454499461315	-2.76628675162454	-0.094776823929514	-0.581293725242961
0.022155045491106	-0.599780676245337	-1.56193594081399	-0.640957071546011	0.825981932986917
0.0697931938350906	-0.158556071277544	-1.36402218463624	0.252105232304154	-0.671548484488439
0.0236433866732845	0.38694174534751	-1.6681868262442	-0.498028924311833	0.482190931078558
0.168526433479346	0.651327527309183	-1.21885259719096	0.242512035738439	0.292898526288356
0.00744214562385813	0.117966180199317	-0.751545150594492	0.490232125510376	0.453333471574736
0.156870292644832	0.0321245331504943	-1.04399335262873	-0.45130018998414	0.366753804425641
0.0205452196716251	0.38552130187549	-0.327186655809123	0.0457650602257598	0.442815409922299
0.780919276366466	0.661284164228696	-0.603533988881538	-0.430015040734258	0.821124846365902
0.211543881257586	0.0728889845481014	-0.158207204706802	-0.91906422680162	-0.176459332873283
0.100214312987026	-0.137307575205373	-0.924341898051376	0.447378086515035	-0.218940715035875
-0.286088828752987	-0.141203668857792	-0.825156474570609	-1.60520488362881	-0.308254966349058
-0.456194695639249	-0.229832451681994	-1.21337869613283	1.6398806600729	-0.557218695587496
0.420048630060321	0.0356137087927092	-1.30914459038582	-0.394903568929272	-0.168056298076125
0.0991856944175911	0.663185228279218	-0.689875716060632	0.571870154394297	-0.370910540184117
0.0547201028472092	0.3337075443816	-0.781819444630178	-0.337102918632595	0.0528878414936599
-0.145226399286453	0.196959372278802	-0.327830120525137	-0.120842688924659	-0.420262436797382
0.106307208366411	0.240657015658243	-0.0761801437605786	1.00906591620924	0.00427852023136603
0.621572793950993	0.725856467645316	-0.189552367734988	1.24879195916497	0.029333738403546
0.159321641878131	0.601243529732651	0.423949487291255	0.286201275014964	0.5010655416203
-0.184672968718272	0.787958985495726	0.571503812222778	0.521142248222105	-0.117706189050502
-0.140367690105786	-0.0264738674713201	0.0170955265684669	-1.22390773996561	-0.698315821930875
-0.205389244783592	-0.410617999318194	-0.446538780543719	-0.456368352093707	-0.214816624647642
0.0828923891545081	-0.00291914511388601	-0.397593587760565	1.14840175654967	-0.0547540675552087
0.112431281764754	-0.182958357114193	-0.722886317973932	0.24222202538634	0.0196055476048782
-0.142641583198011	0.0364141485570583	-0.116322693227175	0.941893692407095	0.170415905156506
0.167949594323797	-0.29805436960262	0.968048092282207	-0.674468634363742	0.255833031341132
-0.408942480207276	-0.420768659712256	0.503956513973728	0.282012546495396	-0.448606389286533
-0.61541663152851	-0.029364323435456	0.60195302402947	0.74658338968028	-0.378644775166276
0.0874063738558612	0.263844592890393	1.20702814035265	0.750477574646843	0.680105515793243
-0.0763455240802904	-0.00798475279706643	1.57244346664287	0.0135269057969203	0.00956065272886245
0.13716548409775	0.0875652966809685	2.2174920174671	-0.496136309254772	0.263954222865177
-0.131220167377479	-0.510347467529778	1.84992289404609	-0.104109753183971	0.560808300522991
-0.542495459767057	-0.167457415509766	2.01704636971564	0.724733285082905	0.37588470337094
0.498436047802711	-0.219411223497199	1.74157836507561	0.719799784977361	0.494723225294529
-0.468153136815346	-0.252203292423143	1.8500556027042	0.354138875140926	0.062787141784652
0.305889609310045	-0.278323855830755	1.49343233922767	-0.367227124745512	0.537915045869799
-0.759810769215187	-0.503370704014885	2.38345222240041	0.127541965662528	0.0835455952302551
-0.336231298942677	-0.601214298579327	1.2951163811708	0.970872568905893	0.0152576819090327
-0.0754966697885226	0.0136005424784975	0.858234965483089	0.109145183611945	-0.197552773213281
-0.125331240801524	-0.0234651368439019	1.47511783237232	0.0488442333676458	0.613532014576534
-0.0384936199245996	0.246015567133392	1.04413834812493	0.719691547758225	0.246631363602233
-0.145273771830287	-0.517413581074016	1.21181644477858	-0.790592614073263	-0.573416763684212
-0.217395192696598	-0.155802737624999	1.57135196196558	0.652519836730866	0.0440911314233671
-0.216091246762043	-0.278319415962636	0.897901251153671	0.690806676416859	-0.243172927361129
-0.209405895502777	-0.528263993498695	0.447037481348854	1.05714836689201	0.199044357186539
0.27309153307484	-0.314268473991309	0.995587522469877	-0.666525735570298	-0.345623607176621
-0.0289505858726321	-0.160817035162808	0.790675737227214	0.0173348270687838	0.763027823501071
0.0176760279704121	0.185506950225629	1.94849176880828	-0.150789537423528	0.164457908459986
-0.328912472747142	-0.298025620030725	1.37813419548142	-0.866879275938966	0.94795867431899
0.121997231541179	0.291473516893771	0.875704280251718	1.94256201120233	-0.440717470091966
0.0373822985582894	0.40645794812809	0.985499903730732	-0.141945257053494	0.732739080127592
0.53970837513247	0.306914705767745	0.996180407412513	1.10828460778017	0.163834281392991
0.336934249845301	0.445008669878659	-0.0685645181181509	-0.806535654579376	-0.356131029814775
0.234578351599183	-0.075466595758234	-0.370159335484134	0.584974019126017	-0.215833079583162
0.481265324975293	0.71782572019438	-0.916496881104054	0.046536614103918	-0.207994734068066
0.438607507911542	-0.229131524020438	-0.930873648619842	0.401923996554826	0.388089819336309
0.0406829088376073	0.421420383076541	-1.00783069731792	0.436172206497431	-0.360884618908715
0.0743706348776584	4.7571920535636e-05	-2.01007820742653	-0.308524344506239	-0.357279999820271
0.0460492051755281	-0.221632765622338	-1.77748321695681	1.05679537970861	0.170860252811489
-0.238905389876688	-0.183569094044756	-2.17042315229279	-0.0870429402576648	-0.550643713301633
0.465554442655374	0.0409788731589335	-2.6388871724759	-0.00882607560345621	0.270673031959729
0.385464994080807	0.164041981397041	-1.82225324633263	0.105491886321534	-0.242615317983528
0.376839815728313	0.190678423017192	-1.83050504083166	0.505731779370385	-0.456244175553935
0.349207915604492	0.0961762326163202	-0.852017681544453	-0.562004601841483	0.329336458417158
-0.408649061336565	-0.56053046335221	-1.02372714366745	0.234184556698234	-0.663109928087846
-0.183665942392167	0.237073635931838	-1.54338888256744	0.268124938258352	-0.356825755837782
0.652571719164335	0.569732048266751	-1.46676832803417	0.446840104114521	-0.60979099537071
0.167684534450608	-0.417159128323886	-1.43825497272805	-0.651680369141644	-0.271635403101219
-0.191445790456405	-0.113873785274258	-1.82187037197378	0.589014716041186	-0.385223414834294
0.106344732399547	0.308915819610459	-1.5582168454575	-0.732880316128753	-0.943982088749648
0.077760782380545	0.0951403478650966	-2.00286890152584	0.643324225973243	-0.162221304455451
0.35074956749917	-0.203368707053687	-1.27392744044776	0.712525603059714	-0.165101051241285
0.295029835319152	0.151158270849876	-0.216635129712127	0.370866260538342	-0.645004979639976
0.0465577338913446	-0.304826065727483	-0.730419900319705	-0.135184363082663	-0.185100715445889
-0.0511282319484963	-0.359623663174998	-0.648980298331964	-0.634359979247023	0.343463272315453
0.241673177321409	0.220977986091089	-0.216083486687689	0.240269708348229	0.0111012337415961
0.395469180631321	0.0232352779039191	-0.205274180566226	0.673854664410267	0.155932735122523
-0.023985251507457	-0.465522313371481	0.354784308917319	-0.980253784574113	0.0527811546459713
-0.0152074625366686	-0.169123353575344	-0.192720797134362	0.149024236090644	0.0487634736640491
-0.770793948173208	-0.507629176738755	-0.374760650990317	-0.407881943387115	-0.0835975300128537
-0.558137754071273	0.321415905970639	-0.882647574135101	0.230576498877725	-0.0334837763401757
-0.161886544081254	-0.238839058426754	-0.701833145637411	-0.691160488493212	-0.538429451693553
-0.287702216786383	-0.246346451186197	-1.06631029475407	-0.485880271765019	-0.105025855696953
-0.459491219243019	-0.758926282065481	-0.670363129963616	0.50048553160018	0.0320060116779637
-0.415227975905468	-0.438287202101097	-0.149744600312214	-0.496825112269615	0.120181196751393
0.0162460137258999	-0.0927415836241051	0.111501161395156	0.601532070851399	0.124383252291858
0.11036395937517	-0.173404686384326	0.504007569208034	0.40926254278141	1.00235977157054
-0.241654013688433	-0.392303751240333	1.40278230260033	-1.53883387091165	0.0111244234091807
-0.110264278103167	-0.412288914728798	1.82400150311258	0.0425273623293416	0.370302629846525
0.0703976926165835	-0.216899109923389	1.56746152942737	-0.826129572897876	-0.0825878807817182
-0.225366523936825	-0.508411686194874	1.28488970464924	1.44155130763902	0.214003942853649
-0.198399300260513	-0.299413234843441	1.37455427258164	-0.222552022939091	-0.0111152661000249
0.309881683215287	0.0326745582048993	1.48942991709164	0.616245813133436	0.326577861233038
