0.837784424185727	0.643830165144812	0.57276552982437	2.13335894560895	2.40373935999454
0.244758971728077	0.559318608416286	0.150991689150984	1.11793211961807	0.770719644611285
0.43250337918349	-0.227751310607896	-0.0237169175100575	1.23117044924987	0.599767848337242
0.316174765693231	0.437164114448264	0.0503989892899364	1.37494072378681	0.533151874930744
-0.139420069480292	0.345511257851676	-0.792349273357248	-0.694772337081949	0.250338699652563
-0.206279833768295	0.53595922345906	-0.412285666372812	0.328786598342537	0.170560981935109
-0.257008064567101	0.154276184860114	0.593851345114612	-0.118993566903506	0.254501950755938
-0.209221337141545	-0.16880281884929	-0.519723987697135	1.41492404172275	-0.45646879718285
0.137818794686914	-0.346656638391635	0.860558797844179	1.82543791221428	-0.105266364741741
-0.267911767738194	-0.432872422818444	-0.373414370080552	0.415956206661484	-0.493019575421171
0.241303732218594	-0.00421101668634352	-1.08212400947033	-0.62877098428661	-0.133974495719035
-0.262813513751612	-0.434576490652482	-0.198458565276574	0.329409369031869	-0.420505162939647
-0.421833219607446	0.206043863457103	-1.1488673804383	0.0233986608276707	-0.459989500641537
-0.281783329854171	-0.19615964604631	0.563610583638771	0.987686926915925	0.375097987366684
-0.168195029089482	0.432329429859669	-0.486929119094576	0.0503561556534321	-0.378396318357934
-0.0189181039726807	0.635042000677655	0.144133698163049	0.532127835728975	0.493449773911589
-0.0397232515227501	0.340381029426999	-1.25602313474178	-0.385077681481546	0.372926666025614
-0.166950718679995	0.0403660200643786	-0.191784869769418	-0.946143828887409	-0.00491226586608125
0.0401276948416751	-0.100696093367206	0.346972252352639	0.371642008751924	0.584955075361632
-0.116544309734132	-0.132003795661477	-1.46417323890144	0.391296969222226	0.230985796881159
0.31227858381721	-0.114881757627546	0.353125437367379	0.832519189172174	0.0935627455002952
0.0702757206768585	-0.138241569595539	0.31847270374984	0.291848670919889	0.139436642516417
0.300326068961505	0.269583492207792	-0.271101488981234	0.124902409233308	-0.0112609042903495
0.0318509330026646	0.570757776567994	0.0461710360601781	0.0474787751948506	0.218511211545009
0.0511402529101869	-0.405625202576124	-0.670789138990671	1.02774728186458	0.0525196655204873
-0.118594052333356	-0.219507066891071	0.0858307641709872	0.652503102954571	-0.121219596848502
-0.212177097986253	-0.0344696771117166	-0.20316152998818	0.429721878939233	-0.314131097206156
-0.00843640816142102	-0.371358016608564	-0.339578962064344	0.688781874716947	-0.297684246318102
0.0592411281373672	0.027117664075449	-0.0338564906228771	0.655904569911914	0.463601592739108
-0.195936956913523	-0.0754396866718458	-1.00979399622052	0.529622846570097	-0.0434795369884837
0.0379332889202173	0.0760460428068967	-0.253887224679735	0.509172227128679	0.158637517474817
-0.119257227475724	-0.398250300537927	-0.376034115315873	1.01646134490707	-0.161009832338728
-0.0967420583134704	-0.135813692250244	0.250556228087457	1.44583101758254	-0.109075947190758
0.10207831521473	-0.254100980330467	0.983965866326039	0.453009256615818	0.254489685323698
-0.210511605542595	0.0416448820109381	-0.289254561598839	-0.805995911560266	0.138580751855289
-0.0643022386466447	0.0284277868122125	-0.248571025252851	0.959700645814759	0.0594396442534442
0.432418424915937	0.131875830981334	1.09727972704539	-0.805472778157138	0.022274118018205
0.426227479236232	-0.258853839695853	-0.657506106779784	1.16345962305057	0.0653327795512374
0.513669829155559	0.108227057296244	0.644353848846262	1.84576537039397	0.171363330865937
0.0853962306073423	-0.3248533682733	-0.095663710295199	-0.255882856470449	-0.68463674386633
-0.0957157382699932	0.0788420668444838	0.234410534930692	1.19041286425885	-0.324554335380703
-0.209341928448096	-0.334347135415156	0.656381022322669	-1.60875708513074	-0.465437249305064
-0.507290363131209	-0.444967767295117	-0.841880485226286	0.152208834882691	-0.503546228050684
-0.0765184488938461	-0.492693599248643	-0.808573071867082	-0.918919573133651	-0.268419153585541
-0.471640913644219	0.0988811525062212	-0.087855141839243	-0.209735162430282	-0.995895140241147
-0.123633632235719	0.038534171929706	0.0307548566843852	-0.134874805114244	0.415366868340806
-0.21982035903086	-0.743934786457535	0.0709439181847247	0.60181013238439	-0.485274833078568
-0.156910909818482	-0.209789306248903	0.220535516247728	0.629078613472807	0.199726811547685
-0.131402309097877	0.269873568768046	-0.635964946918046	-1.12020041575463	-0.124431301254758
-0.176833705241994	0.344444424894856	-0.584046091274354	-0.317766025093601	-0.669199527278175
-0.346650332740986	-0.0991594987619722	-0.381481987608687	0.39801335801838	-0.359033695505515
-0.281108447908289	-0.539478690529849	0.78425146654542	0.926651465968518	-0.213039679982811
-0.111798294330702	-0.0117035064964018	-0.674845167751583	0.590115252341599	-0.976934756108429
0.0890372801055481	-0.415951924142114	0.852220616093902	0.0894535021541038	-0.274737962898242
-0.497205262458267	0.10457206417657	-0.556034464694323	0.138551431269803	0.0270533601702508
-0.325301589678499	0.0690884099293722	1.14228049509782	-1.07212214652796	0.190272561428472
-0.57431713445936	-0.284556793141023	-0.211374386091848	0.251943423466718	0.00709671572479606
-0.647173104511547	0.0960168621683285	0.339098985934238	-0.413956031732887	-0.317045742064116
-0.185804068293482	0.191432606912801	1.0799370809918	-0.660504544479735	0.467862893055399
-0.0481466990591287	-0.0286913925346054	0.595066230428017	0.858368268377327	0.530278101223567
0.573394371444682	0.92323238669633	0.954786591369224	0.194725603785909	0.648563869784133
0.088990346716314	0.244043862057412	-0.466148566739505	-1.44546196341979	0.390501474703574
0.281999412130809	0.643510077191242	-0.439627856782166	-0.643193648246085	0.00558106494317408
0.536780760220715	0.4003063348178	2.02163315153789	0.777878877777685	0.802360309186651
0.0990551409257611	0.386000130645089	0.704931667147939	0.671317750941014	0.232723755351857
0.395960463969953	0.54468877274377	-0.0497859675829988	-0.747974902054036	0.361340078248101
0.392793224020537	0.294116870718538	-0.339531015387793	-0.833200909114418	0.18207560152857
0.0636725327841921	0.239557181769987	0.0938324706874983	-0.481282003877088	0.24878883863261
0.0241245040679187	0.37895920943605	0.605019787771415	-0.704264339739501	0.200827074112857
-0.318561420707899	0.083618170522774	0.0178746043271008	0.0993586376926732	0.162106834937312
-0.0177398086454519	0.41714814721024	0.24955192207714	0.310992677808116	0.139161816059744
-0.174233034661	-0.127451751201611	0.879483083320185	0.636507797018989	-0.231187685470977
0.166518189788603	0.608839109459592	-0.326733879027779	-0.046961963891077	0.258516385852256
0.215480042311304	0.162221845669646	0.595002745167424	-1.06372816228219	0.0037101365460272
-0.0827741597705439	-0.268693038314421	-0.223019487411641	-0.0543840562644072	-0.188645432005256
0.15838686138917	0.10282779658288	0.538492865588563	-0.628512217483386	0.00223112302981283
0.0438025363777141	-0.386893513930772	0.0871859616923592	-0.176207511927695	0.216301832210448
-0.151396943987407	-0.0354694289852027	-0.33063433881693	-1.97233020947218	-0.0981680363582705
-0.174955496631861	-0.0428259259848922	-0.0852443356500867	-1.03500928217224	-0.377443793300898
-0.276310815925432	-0.0694550131393743	-0.310451852291211	-0.37575599374576	-0.242460849387446
0.183956722805481	0.0966193774849744	-0.460992741595199	0.0451480088578149	-0.354320625093882
-0.09973139819171	0.192545496987205	0.529938455564961	-0.466276503778762	-0.659076813746417
-0.14627229348809	-0.44673991111064	-0.258133256922648	1.20065389804924	-0.106936388268173
0.0965514359629142	-0.119153702198003	-0.403276942548338	-1.86482826573091	0.0986768001743978
-0.034806256489721	-0.166899706861233	-0.502868467373568	-1.39086164983934	-0.382185994555499
0.0502616162057134	-0.520921624513236	-0.473569992043198	0.750588643232044	-0.320764425252305
-0.107369494287232	-0.335713791724825	-0.17814229369279	-0.565025018295206	0.0813252346581364
0.0322778704907985	0.0182006861886468	-0.991735159527111	-1.13616857299987	-0.311989023636191
-0.262760424532088	-0.400344281930787	-0.997192301666236	-0.156385232713659	-0.501741131543164
-0.321388392051831	-0.0619459675565563	0.105443816019412	-0.647522334003011	-0.635828306377473
0.13683845068181	-0.153372817549201	-0.825959980690946	0.0164751386069932	-1.03330500294812
0.240044632373059	-0.715200225615193	0.45873796002711	-0.884887224278297	-0.49928928694343
0.05709529375928	-0.627035571951875	-0.529056054291238	-0.46182914969018	-1.0861476541108
0.174154857650562	-0.356557855879289	0.6889080368268	-0.175993838188779	-0.392560307896757
0.151800430140733	-0.547594192449655	-0.992051587195977	-0.615999619848507	-0.302745877927336
0.0347020715435315	0.201522568842781	0.710049374407757	0.249054165785629	-0.517730803448131
-0.267930626292275	0.101110722922063	-1.51924497026958	-0.197381736301201	-0.157562974553765
-0.495418205882836	-0.210559279661549	0.2827164873854	-0.561240326669173	-0.185983099978383
-0.311405557267713	-0.198131070597146	-0.15295230461127	0.396984127335704	-0.0536759705558168
-0.371969690877201	-0.319303712551049	0.259267816725655	-0.332514348713101	-0.414328524403375
-0.226112344401258	0.015600223441771	-0.415803381526728	0.347206779207191	0.442155008304805
-0.055674652429963	0.0488021340754905	-0.46936036781027	-0.186567123827403	0.0801128840289561
-0.180251738915196	0.343192166755708	-0.5277043852507	-1.18045573413563	0.191703472525255
0.0228529584442536	-0.156582118631168	0.31530970467156	-1.23124284438781	0.342304082597449
-0.19493270975886	-0.0545401469829166	-1.00692567465453	0.810236284885708	-0.134768391909051
0.0138338345330554	-0.120024283856916	-0.117997506702415	0.182783736679042	0.792971172692262
0.224616610290782	0.58711862182108	-0.601952848778847	-0.0456601055347168	0.643867194786691
-0.193903117975711	0.0297447975639726	-0.899054569606267	-0.854581142199752	0.449415925881786
0.320043325549316	0.399106323670929	-1.20365072316346	1.63871807626463	0.742584468503618
-0.213841557679867	0.199557743045329	1.18128448934097	0.0419320469790766	0.59686147662834
0.228150244825929	0.310481592267203	0.38594426861425	-0.603426884405465	0.287822254242626
0.0329746770111538	0.397627386822677	-0.26603118766796	0.788467899274857	0.623616643938279
-0.0437231370525733	0.473688481342685	0.449664767194609	-1.28949569941548	0.132617190112613
-0.334948529261662	0.273900262905264	-1.34988787498848	-1.15334576799601	0.121445009896025
-0.181019150272156	-0.541737794342393	-0.355764649171937	0.0325752591110672	-0.432022126748652
-0.0402658610970948	-0.195584541705449	-0.0789090582783186	-0.709237456007607	-0.279212830307471
0.0119890264250819	-0.200406523145425	0.976304686848082	-0.394791516213294	-0.132915753647769
-0.0759864642139184	-0.391247804274307	-0.0370073545568088	-0.932013199109392	-0.170043662238394
0.310204746543146	0.2374228010748	-0.495159223788512	0.193919481244837	-0.0409443070757998
0.141760395120776	0.0699384302594746	-0.577337936597932	-0.910525514031578	0.169982339079461
0.110045270736378	-0.427284331472168	1.47439954892707	0.0593713060570102	0.126833621791125
0.278248183701474	0.388255497241497	-0.125764788793574	-0.805615037923282	0.221841251239786
0.214892322501239	0.0557165464715164	0.937247305311338	0.791321709854537	0.331123244518508
-0.0715896950613616	-0.277402280355673	-0.539673913492326	0.0355358741087511	-0.143045708822055
0.030894376148892	0.395820471368291	0.884438413883869	-0.571015352852511	0.0881637333025546
-0.25778295362213	0.0106595815320736	-0.832872131937105	-0.509031329442698	-0.195786246822278
-0.0609595776059805	-0.196254018543357	1.30057099005565	0.0240686082166983	0.160478091192726
-0.217922898971643	0.246272495366563	0.438649109766295	-0.193268296551855	0.0893960873296297
-0.185215796435596	-0.205079180348521	-0.279363603352016	1.11031126692112	-0.0235587871591837
0.273069335212893	0.364470563188908	0.277465285075981	-1.6596352941157	0.802496418737801
-0.0922273560228585	-0.394079543164249	-0.130913775756671	0.0708880269024355	-0.307498666533639
0.169971887795156	-0.00534781333248079	0.494389825964211	0.912449677787808	0.225531532802093
0.552414883026538	-0.132671787204338	0.733662412269278	-0.0728766016202556	-0.0507896673270494
-0.0815327937595339	-0.141315193091452	-0.518808914742188	-0.304595723791147	0.0685064899222014
-0.0935333062885199	0.208960110459632	0.025910605059265	1.0817760744745	0.494347654720265
0.0647797531168256	-0.437908708624412	0.872864292922692	0.572850742750596	-0.0365875531580023
-0.117838083490605	0.16694872479418	0.164561827776889	0.0427571622464655	-0.0405452956750954
0.105725711595248	-0.629060755061721	-0.506792218756397	0.873652754438807	0.129953349512849
0.0637650690266303	-0.185544105223555	-0.0533631631841091	0.11743323186723	-0.146324983545388
-0.0112222256444748	-0.287565319318306	1.12296714039465	0.0428172144075011	-0.315510475249535
0.0724296894210304	0.250401504029056	-0.95818450668384	-1.03627983246243	0.0412813795739332
-0.187128104081526	-0.255644064365378	0.913942816105018	-0.211514043713189	0.241507623596929
-0.103065457806297	0.10408777190719	0.473452536540206	0.171620771604251	0.0227759811056154
-0.213239581901795	0.167493685702853	0.0364157161367425	-0.612035714066096	0.153290005002466
0.0362997984245735	0.0471131916727252	0.703990870904997	0.917367408003993	0.373262656577047
0.0524175108768805	0.143177797156909	0.383131935044462	-0.518140179136225	0.471066489484469
-0.29966814388715	0.0903450480325571	0.206498880764929	-0.563047479066635	0.060760951343926
0.260610350115491	0.119559836281967	0.0100915222171253	-0.0665251488735645	-0.0365680600464389
-0.0800615747496965	-0.173722354024269	0.269177707414203	-0.18270817351641	-0.03387467947987
0.0996125906315302	0.100353404049888	0.121453370255157	-0.114664246158654	0.314555014718696
-0.107847997480637	0.0368656924570763	-0.520718702663376	-0.140497598538526	-0.155213112081808
-0.0318409235244476	0.0696510277439406	-0.323404254024659	-1.06797517446728	-0.473593450846034
0.022802889874666	0.47465643729533	0.900300548948444	0.31482978020907	-0.0941583396984187
-0.0524187214133346	-0.159062043869916	0.171158817138766	-0.365616304966672	-0.323451383820281
0.229795286909566	0.050265047459993	0.862589855945886	0.144961307037067	0.148520876314489
-0.342014095255918	-0.321584284131085	0.245619536299206	0.497477955078961	-0.0434205317525959
-0.178736818803411	-0.171886204353787	-0.0296741829249157	-1.15564016873084	0.0702037290064904
-0.17928149461072	-0.0150019789409818	0.5344881239686	-0.289110618495945	0.346728642284301
0.0812918018261765	-0.410037195711206	0.285820956985165	-0.199150333725098	-0.382265934494956
0.756153049596933	-0.426936376047699	0.500878698262751	0.125036755321939	0.300363181858421
0.0564538358108291	-0.118749362643734	0.0550661756775618	-0.989151130161297	0.238849780801949
0.58159566061888	0.435418206960157	0.0836789843463741	0.628413932482271	-0.068079075957043
0.32156323792126	0.589307422258707	0.944752096254018	0.583503108206132	0.501868971985536
-0.238581706098375	0.282928086222923	0.0958104388834765	-0.869870791437704	0.130535870943646
-0.0274601198738814	0.30917036358596	0.58394411742089	0.274192460280733	-0.0561273968478864
0.234992137980181	0.0376378780125179	0.747950813940785	-1.44749369421486	-0.214422989051113
0.186310963839029	0.390760262496885	0.00265252241638069	0.490180533994758	-0.230252706918378
0.128447161734908	-0.288708717202993	0.0946948244663393	-0.0808074106336039	-0.406463613047616
0.221750001034443	0.557111698007822	0.504174403297721	-0.673688531953951	-0.165364729042883
0.151981337721478	0.116131643094891	0.268569532727486	0.0506265258427481	-0.597875750483993
0.16947890959427	-0.33583686557733	0.0472867460453669	-0.603666894169437	-0.786188657356874
0.199960465139492	-0.25044195729763	1.62416833195546	0.315299583026241	-0.191663416841832
0.389932789743653	0.14811459049783	0.427992122378443	-0.310415152712828	-0.219972367812391
0.194800055504158	0.0986642691091914	-0.0710691857855681	0.920753325813023	-0.139391584398027
0.246707730073337	0.190133137036369	0.0468472492145805	-0.704314168704757	-0.179176072085314
0.0769801853156559	0.279739976694956	-0.118575019612352	-0.998596425553426	-0.583343374139358
0.282443829410324	-0.0972024636969702	0.594288279766862	0.173670058884461	-0.385567411810174
0.272172388563277	0.323012617516136	0.395111768574401	-0.518830117977042	0.0945241288511892
0.309251578282708	-0.531057946990639	0.597774387646883	-0.0379904717238187	-0.51437478411266
0.306958432209513	0.270159914657422	-0.0814992307217664	-0.261843419495723	0.0214728131042961
0.150253340743775	0.181970451717945	0.690813822013793	-0.979102157274297	-0.209570865355202
-0.152642985421325	-0.283323244561902	-0.0129712353078359	0.163763629527806	0.118423836557044
0.223927874925618	0.161626334970865	0.546321116286477	-0.00579091076730985	-0.167641014185108
0.0279626285929161	0.135613051530175	0.596781216456103	-0.166957597493667	0.071449965724688
0.276200357839743	-0.0568109374197422	-0.109690013626008	0.0825400602627865	-0.322200366000263
-0.337208324653305	0.197772089762088	0.583397367780803	-0.171428932057804	-0.122853359815143
0.135364777709611	0.463977274450197	-0.0630862345147693	-0.714475088494811	-0.0756709090728274
-0.0195843451576949	-0.140696768316797	-0.618700192441379	-1.31786319074602	-0.225386866998447
0.22311119421609	-0.277702911412577	0.223251133507619	-0.238717409861993	-0.303353527397829
0.229241775482722	-0.193712415763783	0.304222542446075	0.5965773989331	-0.29220310291101
0.232339904389973	-0.144105468030794	0.624733475577684	-0.77564669860393	-0.134099536133784
0.116897534533984	-0.278890680268769	-0.198711648590797	-0.604623396261894	-0.0448198694104607
0.166262453549085	0.0735140112004417	-0.378414392989781	0.600293307585527	0.0343604242848612
-0.0747392610673829	-0.169284475490839	-0.209557281456369	0.664138590362179	-0.339843012086468
-0.247373955092498	-0.383764654567444	-0.232531115072722	-1.10212566942099	-0.182048221299222
-0.317560243270454	0.0601821996788619	0.18380248839682	-1.74289668214146	-0.0351624332727352
-0.128172787355808	-0.263364585852316	-0.484391302591326	0.996777169809785	-0.365043952701469
0.0708427953958361	0.335666256360504	0.18329661044203	-0.159033270773688	0.280461155998202
0.0457139187468892	0.156690355262154	0.825734669110604	0.615544174261724	-0.211185443405654
-0.214357096764946	0.203299754478815	-0.824930605668939	-0.348846774133923	-0.156533604161251
0.0882271334640322	0.0276839006693606	0.269183293498417	-0.733906360305279	-0.0578960777131152
-0.0298631164758686	0.495536220623268	-1.16697798772172	-1.08363018947566	-0.362074506321647
0.0463739152475679	0.171778282301948	-0.635211438971011	-0.898385324066113	-0.212224813445005
-0.11118764681347	0.587871237455125	0.401197749184476	-0.0436793316809683	-0.427767129843519
-0.342421251716302	-0.665017000635794	-0.550933457735707	-0.435898361100144	-0.75156371699514
0.16599120222349	0.212057022176414	0.302368887037952	-1.45455625805825	-0.086175629959384
0.464988144435002	-0.172412092479181	-0.0062237092394188	0.641300788358717	-0.476872697899295
0.407750926640274	0.316006905002298	-0.744656172588334	-1.42912681461521	-0.00333021230581806
0.246198529146269	-0.208492439739308	-0.888399137388162	0.199949238607639	0.361781484900564
0.250096430900603	0.191449969786166	-0.860787425889712	-1.22884308060741	0.0436983373777876
0.420200475071256	0.226349900655446	-0.744052177745773	0.496659406436042	0.192661170732036
0.453393578083624	0.483883039220748	0.133793967961884	0.724095394642397	1.06357125775672
0.51140656032894	0.442818474371079	0.325888230622838	0.57322190559183	0.397045451776399
0.998763969164176	1.10635170977609	-1.14557464007087	-0.452812669727434	1.36408833586816
0.801728163037523	0.76115878830997	0.458663502019609	0.388465947422567	0.586742227195248
0.83770924942094	0.861401578037953	-1.60292204950776	-0.365793706624936	0.442229825449226
0.585480721537268	0.604379145697955	0.71025014203406	0.184622667380496	0.802890339834997
0.504106952113824	0.497828741518415	-0.756390603926595	0.766424213994443	0.95276795026853
0.446635352184079	0.0998028097561143	-0.24010883887324	-0.567662362464801	0.293479479769713
0.664941359555849	-0.29674398150192	0.33933872024768	0.953505081023904	0.467339464451813
0.755390861403115	-0.171902563720837	1.33861290450007	1.51696026353645	0.328963103064834
0.579757877681396	0.0901937831217025	-0.425546345818492	0.0552634818440704	-0.317477610217743
0.256868914737179	-0.0184044624732898	0.0206201628275678	0.760531764419755	0.454569870019546
0.103474040099045	-0.183358414424514	0.929710536349688	1.13845219234073	0.504532175421952
0.351299805051491	0.128251968119166	-0.211058354606605	-0.512433320200851	0.0962387657734385
0.386004246125652	-0.358734884814852	0.835676215211555	0.95440156214649	0.0837350421890534
0.143379405981848	-0.110529735535034	-1.15473012341015	0.804892536447886	-0.307815226866411
-0.106073760093239	-0.0692571876679744	-0.640051875408217	-0.647749901876726	-0.338993806209712
-0.234909239116923	-0.41653978530149	0.481426240802236	0.845357543512359	0.181047421588884
0.224836503667733	0.413460941714202	0.00622515188209272	0.677312341231871	-0.000987169276489067
0.199257853857391	-0.0606682736517331	0.860995455369345	0.993937148270199	0.4427447975647
-0.177751056995216	-0.494735188879259	0.563429551051246	0.680265616576521	0.0721078224279183
0.129676296429949	0.352359956479494	-0.534941393038813	-0.236041069231028	-0.111622225196645
-0.0368261245508239	-0.406105024812659	0.271568536741514	0.691955439886029	0.293307311575555
-0.422109108790371	-0.389827462153179	-0.078107728640478	0.186242436285802	-0.670808426357787
0.254746874773011	-0.0352283431093465	0.677120678957103	-0.0214983736787208	-0.243346404708366
-0.257107645713283	-0.339486748568109	0.00464189842892209	0.994397928293173	0.134911743549417
-0.186938327234875	-0.538274066161815	-0.636974312894756	-0.0739299573707042	-0.461304811369933
-0.391228718284259	0.142992559740918	0.565112485036516	-0.477132215984759	0.317259219862967
-0.487302046554431	-0.599335342423624	-2.06378782840144	0.515021752200377	-0.417446769249172
-0.268825882203607	-0.196009767546777	1.19511581284005	0.792268614901306	-0.132468398957377
-0.400698330542936	-0.559448571747215	-0.137562525064973	-0.236593537620591	-0.351496243393962
-0.0998084208088823	-0.324826157850125	0.210687113467914	0.0929030069953072	-0.710536392014233
-0.0814915911583714	-0.607204232481718	0.612126501411944	-0.270230587762683	-0.351594160644205
-0.254317850845441	-0.536542525720193	-1.45522719036437	-0.237705204025703	-0.459863527050774
-0.535816855336174	-0.690418794937951	0.591220674794851	-0.753883263461338	-0.955913786284955
-0.254700384851494	-0.596964700591296	-0.380575904479218	0.907251668116201	-0.833372521668357
-0.397016322524377	-0.703161540546203	-0.311302657833459	0.917072887654321	-0.163478500888814
-0.564863690261821	-0.298111916285647	-0.167998410912309	0.951542319228244	0.0258544424813065
-0.566394462308757	-0.480510688011432	-0.659743977511907	-0.765821017576834	-0.118014042496387
-0.186306898144285	-0.0222510979850844	0.248101854942855	0.0246423386251361	-0.250824240628246
-0.821808398118363	-0.779650269630004	-0.530035170138016	-1.00271882504038	-0.631082415539486
-0.311227934844135	-0.108690206543543	0.428104626133421	0.431990661190591	-0.437381860066504
-0.307646005331127	-0.654708134073789	0.590779555085093	0.028577345144371	-0.113326036560657
-0.535296570891459	-0.279161159282695	-1.354192086324	0.936917518273185	-0.190101690687593
-0.351522097813194	-0.262388030603736	-0.162695635121685	0.529958654701591	0.657441774935573
-0.963228729254028	-0.237012626261773	0.825451079796212	0.6041033921551	-0.112604613338051
-0.12630332549425	0.299195299082715	-0.439892956262345	-1.50642128094744	0.271739947441198
-0.341818598800553	-0.00700600661098816	0.835846769814525	0.0363602948286533	0.307559242527223
0.0586733486977594	0.176888971503836	0.611874662920771	1.22828674677395	0.318271052138124
0.110296231478785	0.527077801554816	0.532266606437489	0.269693824904573	0.175873068528473
-0.124447160804232	0.131355856690861	-0.469052742885141	0.884055345242267	0.230922507011416
-0.160476151231375	-0.136157527542403	-0.0933486307317549	-1.03610546334638	0.18517314261502
0.194422134015896	0.185104727826252	0.0412739751931025	0.395458742479188	0.101417024747971
-0.0434151922915268	-0.163655332804964	-0.0971445351921722	1.35605286801762	-0.104060175205435
0.135524034283319	0.178365670826177	0.747900480976841	0.769471506185681	0.167768036870486
-0.1867087507413	-0.628523500130386	0.452649734014008	1.89096324006307	-0.0642072860872042
0.280392491382663	0.0256925233778799	0.229396070890378	0.383318851023842	-0.00755708862350827
0.134975894788776	-0.318057675219776	0.706062757947076	-0.111012963187645	-0.379945121635726
-0.171402261825042	-0.524569719145117	0.69661200326557	0.54188096952958	0.108605140177429
-0.0304389953696929	0.0853842489524035	0.402716557536128	0.379552578894444	-0.239441634170448
-0.165988179612624	-0.199813081658822	0.19908526503185	-0.567835354385432	-0.0365643773928553
-0.157062863730237	0.0508685831462786	0.174447344053885	0.516179301399394	0.011229949966222
-0.218907418399638	-0.655576314299808	0.316550957232136	-0.903874330309286	-0.142536394264026
-0.234872312959643	0.0189712888803692	-0.789223613125261	1.30431261847877	-0.0500661383625239
0.26997136574702	-0.339667680550049	0.385899591102069	0.634879840314034	-0.0143155698003243
0.00297148684250998	-0.0959844254560096	0.784471939125828	0.588426763435858	0.290171431889065
0.0377681759367239	0.183419066503268	0.111605579339492	0.297273075104389	0.136561211441069
-0.0788169563196917	0.259053404235366	0.567088964096602	0.627936456695884	0.103879422979828
-0.000145108251121259	-0.592157020924536	0.483735057906808	0.19340586436431	-0.397468264744735
0.0971017774073277	0.28870644121675	-0.292850050559226	0.757211870359072	0.0248878304448463
-0.398120038304371	-0.400790846856419	0.848788136115138	-0.494472926461676	0.248788852583535
-0.346580743834561	0.101633183265674	-0.384986084974496	1.95206208191243	-0.240292371053966
-0.113059607733582	0.224952258058636	0.480586826585431	-0.545738787502775	0.178125996999998
-0.343469585111299	-0.279879352366983	-0.308779806573357	-0.0505845256301516	-0.178500349172979
-0.350762460502049	-0.127746706340165	0.500039781451256	-0.406580162989092	0.147929131591234
-0.0698129508804566	0.291273402617829	0.210957487083176	0.0814496958671785	0.105932862763225
-0.181288011932291	-0.259516443644555	-0.436959928140887	-0.565088945567308	0.0409304389524432
0.0565369018690347	-0.414706105751319	0.256404602757304	-0.151211566759544	-0.436196871408432
-0.136741208404872	-0.581493233228169	-0.803874723183091	0.262928468918015	-0.52955220003347
0.0530965241482456	-0.0702988305537503	-0.796328279468554	0.192879006167089	-0.251681332454412
-0.714510776407624	-0.0994116719433939	0.309870226875454	-1.08688515349407	0.0188155484163867
-0.343202993745994	-0.195591850859357	-1.26505834122612	-0.195753071147483	0.316691121099794
-0.544358792619969	0.0321505430904758	0.738343204651676	-0.166624625254359	0.679303278730131
-0.271339752886308	-0.0407762421942211	-0.341761358854604	-0.524943358169043	0.277127176388607
-0.584846506053109	-0.266172566222375	-0.138422937402247	0.575714943706702	0.00579030014813614
-0.450912432240298	-0.397844753333017	-1.33675759111491	-1.42748702775283	-0.486243819238065
-0.551258266389977	0.129635336774965	-1.26989003342132	-0.0414051188829703	-0.226871751997809
-0.423375024915707	-0.185677886208898	-0.363670816936816	0.329704304158298	-0.428581868088982
-0.508041218623639	0.0857432666390904	0.0567209558255126	0.0153353097803888	0.105057556353663
0.0325360817527843	0.16620309132524	-0.88642754263374	0.495035030575857	-0.0248954827753089
0.013429756543021	0.307974058942948	-0.302993158985609	-0.461884258263817	0.247506878620925
-0.157477084704348	0.332602864404986	-1.73724041956312	0.0262140018374587	0.139784014335963
-0.0623072094239567	0.254076489363603	-0.458823266471757	-1.36841001624599	0.480449636799113
-0.0944926997240306	0.111813051320881	-1.34668229126366	-1.29077908111238	0.387889270138739
-0.224817886454298	0.28115584571916	0.060249707713508	1.49167678665075	0.382649112286532
-0.131935632874283	0.415063923569935	0.0256786476059373	-0.281207391687988	0.924553613150313
0.182840831158065	0.0951935593882044	-0.925629824546843	0.179680617715286	0.446587964236785
-0.0878422921042569	0.428885148898473	-0.0881236473265515	0.443440592219531	1.04290287169478
-0.150541998121361	0.880906913213938	-1.1666406757699	-0.136257963053562	0.594146184513424
-0.277219969495251	0.662005845496566	-0.604320807370914	-1.63751515280078	0.875082007160522
0.166265918128395	0.439744369535072	-0.729327804343946	0.422530708170365	0.283652876959703
-0.382933000721172	0.391636948829995	-1.04072805649942	-0.346929541510199	0.575696318999896
0.507268546049977	1.00526589191581	-0.32109329781769	0.535497239842983	0.357560588151731
-0.0884280336104994	0.136829175637825	-0.686305359901592	0.447798235299999	0.582051090872331
0.230940842748602	0.368133259674585	0.622935796568596	-0.720020106110667	0.595887532934884
0.293536063451862	0.647042919040457	0.400519391833459	-1.16457514818154	0.102193469331579
0.400916044106401	0.533346094297822	-0.365842842489145	0.712998771241864	0.249288806749452
0.384155980231632	0.269304710120706	1.2172166382241	0.734408634182467	0.370488336133053
0.157109843566093	-0.303077038379139	0.659661680156223	-0.108224516663197	0.703504701204908
0.165572396862674	0.260241639549412	-0.487382238776458	0.330623459946321	0.0668887832706552
0.198624967430518	-0.221828383731252	-0.410397200497519	-0.0427690045446174	0.557544797139299
-0.629587638313904	-0.416272730879018	-0.654783948254257	-1.07859085821607	-0.507844091336402
0.266494088413478	-0.020019450314817	0.727344324797229	0.402547351384118	-0.447904556097203
0.325672886496739	-0.685310653147055	-0.0569764234517118	-0.15366590059361	-0.451126318036121
-0.0461517973996908	-0.277162952375271	-0.428860908981538	-0.365215098550551	-0.455580676969016
0.320338132666498	0.0710881117928273	0.350851275096579	-0.306200694009644	-0.091382605108194
-0.120930126595653	-0.555848853721453	-1.55225634617799	-0.0150115734540154	-0.490612503637034
-0.0649060295857771	0.119501538187547	-0.168573229917347	-1.00792858014067	0.00157798978247358
0.231871732654431	-0.127866733488277	0.373648396000318	-0.0468355357672955	-0.356759723301835
-0.413753483932292	-0.0337982859602534	-1.36243245377393	0.423494209076279	-0.0508100885033557
0.130171654602885	-0.00286440591132575	0.274548263005174	-0.531145626666376	0.333315233542604
-0.0739154952849423	0.0940202699616557	-0.537972639080893	-0.805228777088901	-0.158216130230715
-0.0211657812657687	-0.0683223300549615	-0.0258682764838626	-1.07190110819332	-0.0791813886943106
-0.239373875358928	0.0539873305337977	0.153535843980088	-0.52860459048346	-0.264509992731386
-0.228613739169355	0.12100137097728	-0.320210289322712	-0.809036790196807	-0.558455665653184
-0.0561953112886373	-0.407683443073899	-0.588754187315843	-0.319732694848262	-0.876409778336565
0.114565583817373	-0.528049508024918	0.4797094684526	0.182934725171693	-0.506595803905013
0.149810462140921	-0.196788252248809	-1.01789458616047	-0.647264480098298	-0.728098361064363
0.133900896461283	0.392243704849981	-0.175195820079367	0.253816673331527	-0.271077228143535
-0.0553851709592327	-0.409994780919444	-2.12070757660093	-1.25645867325462	-0.423434493956932
0.110441055017547	0.206065287644126	0.76591798423757	0.164030175994974	-0.40977657614573
0.293082768542159	0.151852608731022	-0.155156585403075	-0.440121238518767	-0.142112182373996
0.212861572971924	-0.415225630951029	-0.37304251473113	1.21689324554984	-0.0544460300719735
-0.111662460079521	0.105641986362668	-0.363980081543972	0.604902426745867	-0.0158904138979737
0.0353029877957538	0.315212830142395	-0.483835665215795	-2.14710750041776	-0.0385047849041908
-0.259411689324742	0.563345723279135	-0.704312256861641	-0.499211875125357	-0.325158687528225
0.0875140777969977	0.410122383461345	-0.586389492742582	-0.457974286332663	0.341178673404703
-0.152335952833711	0.0422393707016099	0.201663906620473	0.628911165803835	0.317171174832521
0.160347321746209	0.489537029397682	-0.768489916709318	-0.792227163497529	0.540329110400757
-0.128668316052007	0.117280621574749	-1.14148033249093	1.05267121917203	0.909276715442428
0.319150202902421	0.918440064661286	-1.6462053140047	-1.16523936128463	0.761527021888971
-0.0143214914950827	0.695022318286589	0.534862372755302	0.554266911037465	0.46410899962409
0.353074144561268	0.28589885248165	-1.45660629926792	0.743419029662615	0.971662341568422
0.554317435060859	0.248441768587523	0.477308345031289	-0.361055973919143	0.392150897765246
0.646015288821905	0.0441096156202399	1.05709924026701	1.65137130021347	0.571682953232515
0.501530890935965	0.328024433850361	-0.43532960005339	-0.57921319205033	0.182130798590745
0.394797059195009	0.0365154406704147	0.757715887619272	1.0866103305984	0.124790068990646
0.621608235874315	-0.163889793825988	0.63290779065493	1.3042765893508	0.154946037248853
0.474672083088356	-0.225557389425203	0.494529442782778	1.29015308387601	0.30398006520437
0.432346778435042	0.659012143602071	0.156507618730417	1.32348122482016	0.63956083038724
0.158988143744012	0.282471911317279	1.19086556095535	0.0420114819902966	0.173440220385642
0.151526861310957	0.0220599183308467	1.55526028645822	-0.828738863128071	-0.125634849170576
0.390798355444052	-0.157131556463217	0.317618058035591	0.0368655201727155	-0.0875939814002374
0.0622177853178738	-0.565837305529577	-0.0247885467885451	2.13594154324979	0.282168751847128
-0.0569619012625826	-0.333929013263892	1.2735332146343	0.874847478490176	-0.154618091087287
-0.105269272874011	-0.264515777150391	0.270476411333987	-0.415289834251025	-0.0471318420307891
0.0660823945963421	-0.239652668522516	1.00598578178752	0.241902102723973	0.0303113532155754
-0.202809448863324	-0.580918451002428	0.919342615669646	-1.55383182213028	-0.251303803233826
-0.438244247856163	-0.411565880071494	-0.0949664189658156	0.521728004169751	0.01579708162162
-0.018449800775135	-0.0452059832062928	0.400021461091338	0.611543879729941	-0.0876364404387776
-0.13360990301141	-0.548493495162021	-1.07981097934693	0.762739192491962	0.0972155816637583
-0.041284375248746	0.232301086230304	1.73786240647678	-0.62430107271372	0.111392640390187
-0.322070594291954	-0.235343201857107	0.280770655811433	0.566005813733184	-0.309902907362372
-0.0642582367529643	-0.50971282274305	-0.355702998023588	-0.0768901590744624	-0.429516037195741
0.379616324107507	0.159243891858509	1.63731083507878	0.911528584427948	-0.0667137654857449
0.01617549866665	-0.0191012136491017	0.498066547854848	0.586298651862746	-0.32862925837896
0.194044217453103	-0.169445741293257	0.341132877624972	0.653575327013341	-0.253845902395593
-0.104660668420412	-0.0631658607912793	1.59160382479508	0.185637174902773	-0.299044190517616
0.0326606011226204	0.0290269512076554	-0.257894274053836	-1.00044134042507	-0.35713104621119
-0.0727360636104744	0.422659855217584	0.592747631675564	-0.109857141096937	0.212650338311334
-0.00567717081269946	-0.181105489551671	0.221170805921897	1.44084154060029	-0.0678761360708289
0.0302629267092218	-0.106421183389847	-0.415589253929873	-0.805887326298072	-0.188485941071777
0.116547460593293	-0.207118758309122	1.43680637461989	-0.110296502640326	-0.430016039183386
0.0218559523295971	-0.187335362677615	-0.316124228082956	-0.204326755700666	-0.513676476557563
0.265012212272554	-0.0560846828932761	0.492498938679739	0.374108927346415	-0.501238808157183
0.0838413038350037	-0.212903292090069	0.761136786626481	-0.791253983547304	-0.495514104395838
0.130105456012957	0.334927835255329	1.12949669694808	1.65449701064478	-0.565641119073498
0.128838809477887	0.104826998532966	0.755191031297168	0.238330874278933	-0.100377277690337
-0.0589292890570458	0.180451765682745	-0.221191107750672	-0.425321909496552	0.0466851871251334
-0.306366997022522	0.299228412718444	1.48219933500855	0.352732529778195	0.440043983757225
0.0295469733736135	0.0874614932494172	-0.100584305693381	-0.755634465312714	0.148483178006188
-0.242310922778026	0.731534685877586	-0.121869617342031	-0.374994651782357	0.74816230716915
-0.0764954406125176	0.725463684806925	0.0859884501102588	-0.438422899724063	0.747437898682389
-0.115102536709954	0.375012610833087	0.479315659296862	0.787835714188021	0.235945590492401
-0.260366637149309	0.326112386254017	0.0073108041549783	-1.18855052716557	0.484730103309328
-0.279177638259417	0.202479271749694	0.46179172022654	-0.702676787411395	-0.0209291370494298
-0.262566062657176	-0.141638882530464	-0.0431382668197303	-0.18389884824431	-0.122492505147284
-0.132940468719966	-0.365790840903216	-0.135199228016809	-0.0910506565111527	-0.399351939613826
-0.0653342261783227	-0.179741753223867	0.451811660920436	-0.343133510891422	-0.727617548368916
0.138870209821421	-0.0184025326799992	-1.31735282795841	0.174998649922045	-0.237809448616391
0.166729061129387	-0.250984520677552	-1.16967411840442	-0.561878595050611	-0.627913992851305
-0.142290787127523	0.24613260537914	-0.932487554511452	-0.176600246634246	-0.272462746240633
-0.0669951465484359	-0.0550810155563734	0.523258512564259	-0.669789057121652	-0.309781768601206
-0.116033753587824	-0.00908118801183544	-1.46131486011503	0.00394542858729208	-0.308952129247464
0.45549092671569	1.47441155107381	0.294520871915443	1.42432362283726	2.21224708158753
-0.424391831905721	1.13994600522604	-0.429560740135548	1.38243627901862	0.979847259411363
-0.576099682106135	1.00643106544444	-0.181714385788843	0.688910918683091	0.466252028606814
-0.774396481817369	0.70401395464938	-0.811095600721838	-0.304705337357173	0.491775175691405
-0.319873895313737	0.636751930311542	-0.0300764345817634	0.573818420909576	0.115502248628791
-0.657380487856357	0.898548036134212	-0.754625412115512	1.57267844656681	-0.00991151723413893
-0.0913849291050111	0.746671601340852	0.549939846993968	0.435098563298961	0.287041450422784
-0.467992036328871	0.798019520267339	0.0816318450458294	0.975791142909132	0.0833305595020634
0.113150836775826	0.9936884216864	-0.147476683231516	0.897269609386425	0.365422137789643
-0.61254505618	-0.100298837440618	-0.570266832144707	0.156058203669291	-0.291598566018779
-0.663285171810773	-0.0670156949599864	0.331294296718063	0.293554456138979	-0.412886647828227
-0.261231371095399	0.501742390370947	-0.135757692503566	0.984106545908874	-0.263483780762429
-0.902818758207094	0.306722789112816	-0.355718643419457	0.118865782128929	-0.422325462045584
-0.448074076490484	0.442439091417638	-0.41738320278087	0.557765862498974	-0.399262607094662
-0.581413011452853	0.632302999557111	-0.861007313123619	0.569660975936126	-0.319919016664221
-0.944543976859503	0.0498158068169521	-0.373866183923554	0.16106398309781	-1.28286641391221
-0.746634893454882	0.0184231179677024	-0.642136421700141	-0.783840718745229	-0.681536037208738
-0.536558115666063	0.494594892534228	-0.222338190527914	-0.759492205496705	-0.466188802813769
-0.620587935152365	0.000498741701998471	0.260802225228699	1.3494450970932	-0.411650394876973
-0.161068185551593	-0.13075969949671	-0.270269110777162	-1.44372442905839	-0.313826105533283
-0.581928576636659	-0.487948077419367	-0.300153849329281	0.201880238998079	-0.0542159787945149
-0.228106296801064	0.602078319250365	1.01662440244594	-0.570604247856523	0.0154327602065357
0.148126291612671	0.447786629208096	-0.41428500404943	0.892300531391192	0.0894020882307762
0.182459714347345	0.357119470190265	0.239847016421469	-0.349250061920245	-0.247353533178827
0.136270231244756	0.439465299106063	0.0571732775352758	0.668263004443031	0.256529633277772
0.370119671015129	-0.214855476150729	-0.454440438554651	1.01307958997939	-0.229834803888963
0.850368361742417	0.117100294905842	0.664048431542706	2.00497898283963	-0.240805224361033
-0.085277359290145	-0.791231485227899	0.111467753282806	-0.142830470861083	-0.486920645497993
0.318878788863123	-0.486622400256574	1.26119161572313	0.79835041590512	-0.34062059507233
0.645050085329118	-0.449514270828431	-0.275333403280531	-0.291296678022334	-0.237012382151259
0.168101226084291	-0.566903031552079	-0.664237848920545	0.634830345293858	-0.205999776142926
0.450707181878227	-0.233761009706813	-0.173580713851625	0.923204862672214	-0.272924649028889
0.488171358485658	-0.754882641175995	0.387982392751305	-1.0466319435094	-0.179897338114044
0.497082822434279	-0.639096240006547	0.503286441468004	0.845890350384828	-0.605635501109881
0.299011518797671	-0.609317322228904	-0.592460689456268	0.50230060053297	-0.403213279307525
0.123283036292985	-0.312091958085594	0.951667987166937	1.23951062659987	-0.14587226983887
0.243205578953408	-0.423547796010213	-0.390893313598162	-0.20088999909204	-0.011482906680459
0.249349479324453	-0.462422182519066	0.671747016714647	-0.359002682896186	-0.257338373820162
0.00619751401970568	-0.277915635364989	-0.0173549834411146	-0.386385428726199	-0.278108366016583
0.221949996125958	-0.0416918975590785	0.20095380536722	-0.359789796947595	-0.0414431128103057
0.361208959655652	-0.486964015420474	0.00771994728571416	-0.593911291923262	-0.285082949135695
0.408026485806331	-0.0286419835283617	0.542580414273193	0.89083578363803	-0.303681583503128
0.631650978299867	0.130961922250986	0.204005751382089	1.51597681778281	-0.0920589952011316
0.325569211328444	-0.437688432741033	0.188235491612991	-1.17239323224852	-0.0798042730555095
0.624576977141863	-0.209672364533792	-0.302649216593035	0.0234822731365773	0.473398149403454
-0.0274544576096653	-1.04519838920655	-0.105477407888422	-0.559950466322949	-0.5447263736579
0.0729848969122187	-0.0949277429512977	0.302009437870608	-0.728585934739111	-0.511307283482565
0.605385880691241	-0.30981418801423	0.419487757416321	-0.638913827503403	0.0291062570178959
0.206511557987634	-0.449482386755328	-0.181172172262368	0.752554816771798	0.0228163486224564
0.633994505931525	0.0696291802684627	-0.139982971083776	0.265641525980036	-0.0829712948957859
-0.106890101529293	-0.0244419310262604	0.769607313652463	-0.116192073586918	-0.0179544057157083
0.19776781076584	-0.216326384485254	-0.449156646366015	0.361387798208333	-0.04055540341462
0.0229572290321179	-0.016854061595913	-0.00957430013157863	-0.405862074216639	-0.257658331046836
0.0836848339302608	0.0411922446244489	-0.102646730071642	0.286952583551497	0.13604330734186
0.504739132377698	-0.330502645770269	0.513301945663547	-0.200659738022159	0.119725112974256
-0.212845798231399	0.0918561631143242	0.69107222007683	-0.572259329927044	0.426183212178797
0.146528801011518	-0.243386524159405	0.211300494212459	0.0591260308619599	-0.0840616131586238
-0.0820351014666841	-0.368022196574236	-0.123719526529541	0.116634259467179	0.100758124103084
-0.345665917952518	0.256303893730358	0.618019828876656	-0.739479427022512	0.0208049591965136
0.21324547410861	0.0479667783108855	0.321081024651228	-0.108177595725293	0.453670172603579
0.223874591982467	-0.161729530378233	-0.0855939492613245	-0.091018873273678	0.350092919911524
0.332253388468402	-0.0290558547716481	0.487326187967804	-0.258631849734799	0.0232211108854881
-0.0675237261909258	0.00558882012678903	-0.0411775024775691	-0.308244618907138	0.240536954851783
0.276416000618665	-0.239458835750664	0.939783102204791	-0.742003719699955	-0.677262838226967
0.0649518929017505	-0.364757788429699	0.78300013217636	1.01072119490062	-0.52677195255659
0.0583669604832781	-0.441260026372692	0.0986251397507352	-1.48723297721597	0.116917971463889
0.290205995948495	-0.201057191365695	0.265007158331127	0.381841104537444	0.0717907446592978
0.171885818997919	0.0568629267271103	0.102972703622967	-0.3875859865835	0.437125006911173
0.256174252076361	0.0982529438225147	0.443556220131187	-0.219882189812563	0.312374503196611
0.0387022580042146	-0.165530823619432	-0.345026379145675	-0.339229061868057	0.514139434212122
-0.47988705460261	0.121537611403827	-0.00853136194848984	-0.369339743500801	0.0892473498075865
0.269917731589572	0.118470629556831	0.51841274256408	0.40010968179636	0.632054611123828
0.209005728288942	-0.184156961460033	-0.260606362747447	-0.964588115982801	0.620674277397881
-0.257102170008416	-0.163450482071718	0.870947771999073	0.152582748703685	0.10400190861078
0.399105801017591	-0.223742581949241	-0.100783708886226	1.59502341217988	0.442978256367811
-0.291571333233935	-0.678917015167787	0.0547721193130712	-1.7320742444421	0.236040188365323
0.0617204517919165	0.321465072633502	-0.501917730307168	-0.126642817234645	0.314315637515277
0.111717357000452	-0.841457339388811	-0.055884983156125	-0.591112463906114	0.0693516123494248
0.405434287633652	0.0035110642741502	0.313328394552755	-1.18392661734044	0.00904391087386295
0.453235865848024	0.273148159543038	-0.159872976623814	0.00403697882120236	0.330882084597921
0.0409322302464221	-0.684951551843086	0.579443885919195	-0.645168676930649	-0.264038204857696
0.27215137549767	-0.232968230993597	-0.351404473577554	0.0902557279814802	0.102302081977476
0.0437540568853506	-0.196637417887703	-0.406736981548397	-0.856315877815092	-0.133772148117593
-0.0123140992284396	0.275013388548202	0.407003324957052	-0.867138140895358	0.460408156229736
0.125800814297543	0.0711408509994106	0.0487453024504409	-0.748276704455732	0.0898797489298703
-0.0574878086415714	0.322181457059646	0.345335716383481	-0.208687654451185	0.338041835169883
-0.0915552211708133	0.199313554324755	-0.13059546644519	-1.23368354439953	-0.338444470745415
-0.696309520679924	-0.298553370042183	0.0606045672405166	-1.70306171823131	-0.0218965220041808
-0.0423508947711362	-0.00191354645553461	0.24539836268902	-0.421527145982746	-0.354205589908926
0.485627722365707	-0.344242488470261	-0.262060345954366	-0.428579755770648	0.063038869263989
-0.198810871411552	-0.359802286757306	0.201369187259064	-0.1727208884957	-0.33791048233219
0.265291284585295	0.10523136432149	-0.449530244218385	-0.472316951399723	-0.127096875503242
-0.0693374306811109	-0.118006812400885	0.724730047953901	-1.06497731435956	-0.370783986587315
-0.00524777103322254	-0.466571400466344	0.253087322671167	-0.689986169031776	-0.346007786668497
0.288166854296318	-0.0286659918022984	0.452085281562911	-0.439360069054741	-0.135779857616237
-0.363635067084292	-0.788485821824415	-0.516805844748927	-0.993140483638985	-0.44567390449201
-0.445855446008976	0.163854072864037	-0.342996323731294	-0.465587084939212	-0.122086262118745
-0.183827909638938	0.472276992161726	-0.48354492062463	-0.245434756665795	0.112161949439723
-0.433498780102064	-0.207726231123505	-0.383135745599167	-0.307056025993377	-0.260940857741737
-0.350019036509814	-0.578561250714389	-0.635265114835668	-1.49934292894792	-0.290374870308088
-0.231408572180085	0.0926743148412175	-0.223025931065682	0.0581937256166359	0.243158605057563
0.00498859919363489	0.0350902266295268	-0.527111903237106	-0.594608576697551	-0.156375762208161
-0.54412822231052	-0.0589266442675218	-0.373701944257058	-1.06037159113496	0.181633479032956
-0.00835043079021763	-0.0932082075072584	-0.178509539574807	-1.19448354398422	-0.127129985239802
-0.0402450634479289	0.401476063390484	-0.13724042353555	-0.67948201881982	0.645856024233827
-0.269375908474288	0.0430845905505143	0.0067637187263197	-1.57125337065056	-0.326991204706293
0.0572127503417545	0.118401288583757	-0.277772809545206	-0.354843774114719	-0.109461733372949
-0.361834788179784	-0.382362545857657	-1.65572991080644	-1.37749926608822	-0.014879411827252
-0.414673184763571	0.792030567895379	0.498532693186486	-0.875300744398776	-0.130124534446193
0.432886297579079	-0.097031029308834	-0.139542006240835	0.211400947954002	0.384379542543025
-0.313341742255171	-0.0518699440972025	-0.804947695557347	-1.80535633921211	-0.0288711219871896
0.421575674745165	0.397978794091878	-0.334623169063499	-0.180198978249194	0.173659576160928
-0.320072079124253	-0.320385927014664	-0.277236607286915	-1.6775610350022	-0.0354225583540173
0.131561036571642	-0.182699071578287	-0.0201919445291715	-0.476392692627565	-0.164713810905317
-0.131568987248289	-0.603136805035598	-0.456091954455346	-0.658919079506341	0.00877784200555554
-0.170613563459553	-0.179385100193172	-0.505789756542523	-0.68683826527203	0.000392593603704808
0.309242742357269	0.125991665663029	0.0799627038943359	-0.338860397549012	0.563083771936973
0.0715020290769587	-0.556959727858985	-0.385929424192869	0.0448468793755117	0.650393195501443
-0.00429253233176805	0.147230345133732	0.574117740194291	-0.0873422174189662	0.347698667202372
0.357333596957144	0.18573371816649	0.440429248378787	-0.78329835084249	0.565672306118014
0.492518793011877	0.577236195247493	-0.780047909699274	-0.595239078981023	0.561003616212654
0.87512797413736	0.29531594178199	0.922707481634013	2.15883320470154	0.822627128090358
0.825171802485513	-0.103913750149593	-0.419066680702173	-0.330954255305688	1.20570214176345
0.672622508988619	0.227547745770555	0.891713499237569	0.733355546852439	0.368720143673886
0.666826694306462	-0.159604028295605	0.446582380179252	0.160605036227801	0.745079500360136
0.990976976306217	-0.164276937408227	1.04941297723406	0.557713699910189	0.321504775279358
0.656938089574965	0.228149364982735	0.234926068862256	0.113658671451997	0.342003519833972
0.646554374714786	0.103124898481392	0.636417767309502	-0.605354106948176	0.475356013641612
0.224072436820427	0.0637874870549775	-0.0772696420492345	-0.668548244560666	0.293454435360396
0.724486410059525	0.0657684412743223	-0.215839659292742	0.186028249114029	0.143516987410823
0.257314998159472	-0.286976577430493	-0.0976360930234898	0.685090289239146	0.516542398821065
0.531181703285517	0.489285007861773	-0.311789330125713	-0.315482955880373	0.370079942251399
0.563809398951052	-0.117061697204837	0.00529880827102577	-0.00663458361152829	0.355201450918934
-0.158021417265142	-0.250720107360145	-0.131383445769449	-0.736686086303383	0.0869821840819065
0.302003398595323	0.00496782973016819	0.0175249870713808	0.280213511894075	0.0861249937459078
-0.321517694423683	-0.0404470391639197	-0.422271319409414	0.318947507308183	-0.210814967066131
-0.134674984165264	-0.642088196692679	-0.621253317194226	1.49840130737607	-0.538868460608595
-0.137857938078377	0.0198740166048118	0.326520111602987	-0.143654464044137	-0.595865022939377
-0.127115501730039	0.504727161909576	0.0555077276271173	-0.687387347441304	-0.361983982530113
0.102038655024579	0.160228019094164	0.4257811891138	0.912076827331341	-0.533344191944959
-0.415888627581909	-0.0919225761148982	0.882624263365334	0.320332619719288	-0.266573953171695
-0.228280422010688	-0.506868680475165	0.603921282523691	-0.0338864163898371	-0.466812001187524
0.082445609212594	-0.0460800426115917	-0.122943895936941	-0.603499493788157	-0.444468317234333
0.131413391588405	0.110178405673603	-0.682422432336082	-0.032759676225151	-0.592738101724872
-0.1765279172854	-0.842629558391852	0.446942457540936	1.49126489490883	-0.354427082369637
-0.376895552846305	-0.056462757051164	-1.33150205429918	0.382373453937265	-0.405044217955011
-0.586844526548577	-0.356312185013044	-0.316076699149414	0.125504916567397	-0.57125629378066
-0.241986612349437	-0.215463314687834	-0.0659574761585991	-0.407921512686656	-0.478492359815858
-0.284184845724358	0.00251027907105091	0.116279967868303	0.176779950662643	-0.164436793217448
-0.267202279208513	-0.040797739611746	-0.201294666024957	1.31146663117432	-0.468520070762113
-0.0152061473889125	-0.169052037470877	-0.885390121088668	-0.0538622441747773	0.0842365683328406
-0.464903956990921	-0.118243149916801	0.0856159820563491	-0.336994380352282	-0.5394955203214
0.0399024524779493	-0.620212134121728	-0.565355178579484	-0.501486848021527	-0.155436897264934
-0.0444752383034434	0.25233874470311	0.480363036726212	0.220014698393456	0.449432036777236
-0.393332794140892	-0.419838321767676	0.58929628876976	0.631081876535121	-0.323294600895791
-0.364703285767524	0.107998682645593	0.664674808692614	1.08133208605377	0.576179860275552
-0.80797996449288	-0.0929048453611768	-0.622003550199159	0.209441184179346	-0.188366267893905
-0.352577709654131	0.0177170458120631	1.01346095523845	-0.135140991703362	0.259032815537255
-0.282092615872606	0.251429872489504	-0.410959699509346	0.45772818103007	0.0671219234599295
0.127283876719999	0.569310183894987	1.58415741773931	0.780702199763169	0.413342902314723
0.592790963951789	0.609262240272469	-1.03255639998736	1.29957202176297	0.700278328234139
0.00913339859241315	0.410362932611529	0.916448927184607	0.150321031523868	0.686507976206278
0.644232557228611	0.561635523984295	-0.0603117440255032	0.570892954236433	0.506494488322776
-0.232714924015398	0.145566856397587	-0.106643898594714	1.58961769617461	0.279021052430243
0.180944894877359	0.329767132000357	-0.131954025072309	0.681179452008233	0.586794376194682
0.544048957544285	0.441811153723735	0.482193686357696	-0.789241797746748	0.107475357304398
-0.24805734952329	-0.165434677108344	-0.522635925173119	1.58040221627686	0.0498090592530088
0.260031339122736	0.704305931593388	1.15116378490563	-0.792905861936623	0.125437050459037
-0.581500361611929	0.134493650091201	-0.462215419568125	0.596148204069188	-0.304975354217042
-0.0254325904357916	0.153870733978294	0.646559568011103	-0.257052680585517	-0.504060897465812
0.143977434682028	0.38365071360448	-0.39919277665624	-0.600871975863611	-0.654319470453721
-0.0966739823009167	-0.391338884109943	-0.168522138957197	-0.57965327186038	-0.734839153486056
0.199125789603378	-0.649793707431503	0.0775642277290159	0.708553358570866	-0.210023188788509
-0.16325570777345	0.371169098293866	-0.643757711608702	-1.041656438866	-0.496220528997252
-0.371499838498992	-0.794738823568906	0.500621116858498	-0.0941743361517332	-0.335730598736696
-0.255197426944443	-0.0680116792370578	-0.765636916730841	0.0915354142009042	-0.597879830457529
-0.047369715354592	-0.186668859495259	-0.86067162084318	0.770417352414708	-0.372608795951658
-0.0155541205471617	-0.102643818199996	0.0853480894720983	-0.570847387167785	-0.221921867808201
-0.240104000089347	-0.20599858656593	0.131532895276691	-1.00889671530404	-0.665388340528284
-0.15814654131483	-0.363395712822162	-0.812972867989711	-0.308327535479994	0.309406129332639
-0.688124080538468	-0.210590164526344	-0.315955396771104	0.143844667212393	-0.795965093756227
0.231095766372166	0.100328687375792	-0.104790251647855	-0.766586347007601	-0.131209881884565
-0.291609532978452	0.173528684342121	0.458498283958685	1.02429449910346	0.0509245466903674
0.00298496172997158	-0.0340973502979882	-0.628184496853539	-0.621139957245373	-0.241930084281881
0.154828721306452	-0.0043033667713218	0.666307916021281	-1.14643512132423	-0.111958830073186
0.0413883770894088	-0.382055257768139	-0.498796241024465	0.0218117427944256	-0.245805930851021
-0.0791762794264949	-0.268907768251319	0.400334541274934	0.479111712780616	-0.704640893979262
-0.217402142171054	-0.883884701575911	0.26432124559625	0.424044982590583	-0.548175043045825
-0.263163756011083	-0.00753186711765489	0.0236589202773079	0.36205933209657	-0.420742592433174
0.40687342452846	-0.196772680742949	0.284670664295687	0.0371764048533373	-0.0444830742438818
0.277583373379154	-0.591355967446679	0.0804921536609391	0.455033156045739	-0.0462891535444323
0.368267096669824	0.229952640533199	1.14919838910967	-0.00904226081920405	0.166977826016063
-0.327247353601008	-0.185804155351191	-0.389887332193716	0.0179189701805117	0.0950593710627594
-0.228869684540418	-0.343251679663825	0.25732174998785	0.463269759756394	-0.217352643900432
-0.278867477545027	-0.0867077636264611	-0.710396925557518	0.364903153570157	-0.158650648330523
-0.618162897918616	0.0797459776002141	0.158733850697991	-0.2479914594677	0.0934471573906558
-0.140871244470976	0.0483513127650387	-0.0923650673621234	0.0063233758664789	-0.335810993202943
-0.2177892869624	0.0206596584526215	-0.530035749733358	0.841686183312047	-0.0628985811705001
-0.335337394703635	0.0807733101022642	-0.646620443230868	-0.986248662288101	-0.33557913185217
-0.328373310696604	-0.144869014163806	0.297110574483257	-0.290334580571971	-0.205655809519632
-0.435262248071861	-0.0395319857200552	-0.225373236434962	0.893044428961923	-0.144935019657252
-0.561061552001135	0.246717602951375	0.0202577636813128	0.146510500122204	0.0447450432275535
-0.26695355469262	-0.484062077081659	-0.246280388704237	0.411913628969186	-0.208707678909695
-0.492842144906015	0.462645504423889	-0.775763651071146	-0.53680829514462	-0.122466943520566
-0.392663339826112	-0.444610830787698	0.284538175840639	-0.282608338986832	-0.183306949163282
-0.334071172152762	0.308686086574515	-0.87847906772295	0.505882083236403	-0.417356341876187
-0.0431884968276488	-0.016221378696249	-0.131639181850963	0.169936299501734	-0.187975764535535
-0.301230407581068	0.490676536392338	-1.44567080890715	0.485722548573154	0.254117368998197
-0.102372008323932	0.259449702863436	-0.404921377703021	0.157667006254723	0.364729474028856
0.0284912862355401	0.0209387819191987	-0.880196107078163	0.85114480159343	0.815108358190835
-0.557261968967099	0.157670421520765	0.738272207106729	0.14727244160364	0.281565722616451
-0.0449332991934719	0.902165706630169	0.103200063186487	0.471454891047671	0.415925033654706
-0.113965666202503	0.119294953648769	-1.21747239037792	0.330300565345562	0.693741172409711
0.075023860471799	0.288285222216415	0.289853385906306	-0.846771496355965	0.127823323501666
0.0373314760868821	0.341447510352338	-0.528332557941996	1.5422367442857	0.961514315179109
-0.106999717852276	-0.282768356763493	0.645529707196411	0.119627590783748	0.332653736711429
-0.168940087384321	0.552609037736171	0.344906289287382	0.378358600004658	0.29584264474192
-0.0372580634672769	0.170810104833085	0.859408509005861	-0.0374008045204602	0.187029562825306
0.187954430880608	0.618416603676247	-0.868676821133162	0.364843897664427	0.0410935690891204
0.324094885402638	-0.042799218779585	0.858682933360301	-0.360932286163693	0.632037344443469
0.283140063703713	-0.0434186309950909	0.610912029196605	1.08714308701429	-0.377811132931596
0.493702402203508	-0.123560925576719	-0.431494278385224	0.26000046344556	0.218334494116096
0.291835833884702	0.30565522490737	0.0578201846501935	1.54192643253026	0.353947599285366
0.304063309849819	-0.257242247551062	0.0702019019731334	0.443847889801697	0.492285326550028
0.175358363304948	0.186683080468655	-0.879728691528284	0.709080580295074	0.689048045077
0.188493321990011	0.182457623123128	-0.0867774600323792	-0.427519706038998	0.103649100576308
0.218680367229554	0.122434078051464	1.09058075365379	0.710413779448581	0.667550860512631
-0.294653980679286	0.2276696071527	0.0736419576957083	-0.155676417276974	0.547158824235802
0.177679951874916	0.543488672961255	0.622112336259194	2.67435578911781	0.304384086306538
0.332164335310047	0.586436927112514	-0.514071741129216	-0.252914027728753	0.505821984436383
0.065581200059873	0.208669092648312	1.03630464138449	0.357514471548003	0.215995722518647
0.0219642981339577	-0.233527506650073	-0.0896065522465165	0.423671297898315	0.19852068722307
0.134363663730676	0.196188099460875	1.11115569305814	0.410664373494988	0.252516670150073
0.184870006421454	-0.223377373103492	0.0584452022306431	-0.780755975084823	-0.476051282392521
-0.0849528470682496	-0.0601825919698509	-0.251941628997857	0.120415910005162	-0.236558646854417
0.0645055746968469	-0.601720881797043	0.150064099765357	-0.78179904644276	-0.640312062473458
0.0109683801823712	0.386021806418676	0.254433992850839	0.803071235836525	-0.265473761294092
-0.385847269111177	-0.274882518369102	0.0881885201204168	-0.205580096503619	0.0207144414449219
0.0389282438385537	0.245050621985014	0.397368318626509	0.85681834962551	0.0136105800161695
-0.0912249536430206	-0.26599342536638	0.0072765281675503	-1.32085052263913	0.161350673126443
0.088055990927455	0.3608394046976	-0.486778776344916	-0.514600744977821	-0.410357885421737
-0.175973882337561	-0.500077941321693	-0.738699171999031	0.233903859127966	-0.851167435075956
-0.0791382921480076	0.197296643257943	0.0989385863453982	-0.147731333393499	-0.360081141890225
-0.0331874944485835	0.072229723416303	-0.0565065619469702	0.355434175187709	-0.163654095863986
-0.100799605397205	0.397103209908647	-0.87329553747304	0.508821092802855	-0.414588660031708
0.0844014248320171	0.106791543022467	-0.133368400315334	-0.95016624550481	-0.214866720651008
-0.117351774036302	0.36364235753352	-0.240966093738932	-0.223462636392729	-0.470235181980595
-0.380236030462866	-0.441207335645073	-0.0257328572104445	-0.458680286728797	-0.405823461723236
-0.160350750289019	-0.148104450176906	0.251065827183247	0.81665688341622	-0.14179868743802
0.240005044480122	0.060751066163797	0.671223571106204	-0.737592566470301	-0.0653274345531588
-0.00490346925475335	-0.0857237275536563	-0.332930297807327	0.976333204914328	-0.400278403330233
0.136556846991631	0.000267523887536315	0.540779793932051	-0.661963438611731	0.493389153505235
-0.0954167428675991	-0.504208884505682	-0.508027041649512	0.0688237434082651	-0.718154635586011
-0.138049212140709	-0.294120111816457	-0.222976928975414	-0.446457192833076	-0.494297609186736
-0.133829209359321	0.0942588361434114	0.0924027186737845	-0.35060800491797	-0.206608291868163
-0.401728621476425	-0.0412136966568399	-0.351767733501052	-0.525273198548237	-0.178336691960014
0.130229729185421	0.692166649375042	-0.28257207350076	0.143862914941423	0.171351867721587
-0.0111358980943415	-0.1366296578716	-0.300026163275125	1.17887326584362	0.155827921011888
0.337797442909331	0.299298998509444	0.252634434639057	-0.276349770879736	0.415448304557203
0.28191724483312	-0.0386966867925935	0.0927700900877355	0.198633961184658	0.5806505333341
0.604530289143884	0.342824839687404	0.864208337634736	1.34139860025466	0.231107983186176
1.06276621620904	0.242919820550712	-0.173630110006037	1.4526890416166	0.839468475859078
0.419518750535176	0.311696057152728	0.374589249077759	0.733049243433356	0.524860482904896
0.889246898877468	0.527598726290875	0.7198375709823	0.506235297336291	0.837817559161305
0.166923880541743	0.172309123730457	-0.0682811870035684	1.37930092540927	0.243892471204658
0.164426403381636	0.455200948444984	0.340717309865995	-0.134743534115245	0.184405796457775
0.449674247388337	0.474838525427323	0.327023010008471	0.833674510635113	0.543632084894638
0.0879312774268859	0.272195443652146	-0.180364239966321	0.118037406129672	0.287360493905496
0.381029823824319	0.0973697707988767	0.694139816140877	0.673230116893103	0.562839524194439
-0.198351451559277	0.176351404148589	-0.437135574804012	1.14460525093091	0.204852473605316
-0.183079462457852	0.016950496737057	0.757942151344796	-0.544832393853481	0.282697927923536
0.668800298062498	0.569370171370621	-0.484978464079994	-0.137875247886392	0.770997914915039
-0.216902185308771	0.471365127780374	0.18663670300997	0.47293216845398	-0.0736735335324124
0.204695197180897	0.383006367466824	0.00702261554842488	0.795286393309767	0.420818574759709
-0.515640823089513	-0.427685057533223	0.162330739999579	0.324184408275573	0.0664893651959277
-0.00152986590825598	0.38023498477061	0.0197298131453958	0.0560614996379966	-0.371013828051675
0.357523041700781	0.273010957733616	0.446207003182069	1.78078202161463	0.0556233342355107
-0.398336597013407	-0.145523189786402	-0.239743383453079	0.000370128492785946	0.488511645592396
0.28047526301622	-0.464966578191623	0.525842084204177	0.0655145207885671	0.0464134045076502
-0.313990787305894	-0.00938669750430792	-0.726574524077985	-0.405937356201757	0.113433040749288
0.0936107906274373	0.00381924383719918	0.584029456130092	1.30484096730231	0.204745253331318
0.174865443606562	0.157093016123424	0.367045071903636	0.392702913962925	0.472246714978838
-0.0973707166018774	0.109580879550013	-0.323926586038924	-0.000699101914637388	-0.0533798349005533
-0.101889643919747	-0.160601844067992	0.628508184645236	0.965318136951319	0.272477714468076
-0.656424437351545	0.140520219963512	-1.01255256607824	-0.398612218606437	0.169250029192528
0.153674224331048	0.0868764411186829	-0.427945038047342	0.0675560083598503	0.017921898094521
0.206106163420526	0.41416345993683	0.163752320700744	0.881246318173087	-0.00805841171323714
-0.115179323281738	-0.618102578261153	0.0905336505204918	-1.82663702147772	0.0388004213392399
0.0624833032877795	0.0437016311170119	0.54504559538959	1.0744438592727	0.0178485037156566
-0.443583622070106	0.238857104446443	-0.705660387881984	-0.231023899125717	-0.0268083018488271
-0.210972472381937	0.00389018208251026	1.13331121312757	-0.00910301391833338	-0.156604492418737
-0.103604392800113	0.158016716113997	0.0621520519173887	0.0838002005036312	0.10843486197717
-0.229428710083896	-0.000361761436385261	0.12670322826382	0.525433178427124	-0.040650259696216
-0.305889149908292	0.307509976260944	-0.837262650486829	0.253907920027655	-0.0029983248149664
-0.745589539875923	-0.31481918567162	0.366358185009827	-1.90875394757551	-0.110527639423746
-0.43405723386712	-0.216660807864179	-0.270516629516692	1.00668715140935	-0.285826266932467
-0.500833396739971	-0.170681483955699	-0.00987067324680009	-1.53252969049011	-0.270916888473836
-0.0038028179102753	0.215287700922765	-0.246710506818205	-0.0946767447679338	-0.143911124145233
-0.372935323438125	0.409373784464787	-1.2317325754104	0.164028912041143	0.00771441038505213
-0.626346196059486	0.397314781063068	-0.614403783762833	-1.09828809322576	0.115366803518084
-0.20896928298294	0.112785877531149	0.0637572343829953	-0.995032417425106	-0.0314621821562894
-0.560317823312567	0.0810993078650534	-0.715961918089184	-1.32779573331132	0.0434415215408774
-0.287978808979942	0.688523760268294	-0.87685704170278	-0.732252967596616	-0.0341187977260244
-0.354410540623264	0.119111732107043	-0.120894416411978	-0.541187374692898	0.0023063159152962
-0.0619249475553007	0.635817774803554	-0.0664714648803235	-1.9450974894101	-0.147275229089592
-0.0331421638840087	0.118147921070442	-1.20145446317332	0.331966158054095	-0.363790896285358
-0.533088103845621	-0.775661009367016	-0.340363470394793	-1.12812352542969	-0.520890277564242
-0.211002125892376	0.00900328339499178	-0.400207858401102	-0.149711042396167	-0.871400691700134
-0.499141442926933	-0.779648212206407	-0.966739885485603	0.187127574590496	-0.623117279257603
-0.268873727139713	0.173165547625054	-0.276742560949533	-1.96586451414187	-0.53782539973576
-0.0913081230662189	-0.320572042318631	-0.298415105002832	-0.413173928927567	-0.469046412559787
-0.622825049421192	-0.0270377531109164	-0.746964234382466	-0.0804984016230185	-0.415667764190657
0.017946227033961	-0.0729504355261886	0.737020327765643	0.00566183102703574	-0.394327053667271
-0.0116428989516366	0.23323865877001	-0.677277693624373	-0.460719886930193	-0.700385322391366
0.106197225464534	0.439169188478567	0.497141667370885	-0.13197595993619	-0.0401395779350714
0.182238522723889	0.0406660543200299	-0.43032299250254	-0.45883128751409	-0.0140030199965516
0.192243814505311	-0.0723469170820548	0.387324182366623	0.401154790587638	0.0236239701138904
-0.0289883830345103	-0.154412427438019	0.0335904434821018	-0.69055303557981	0.129218446694743
-0.0397593931331807	0.251061947714649	0.59687366024515	0.903767291807704	-0.0294830269781393
0.557379714476817	0.307784797454395	0.93005501055087	-0.242740113805331	0.558376707513197
0.338992099077356	0.0943088320358891	-1.05420269152451	1.51151926202843	0.442732878276028
0.201535390070039	-0.323417767788124	0.645215632908104	-0.343151765875545	0.194947602630815
0.469496093529574	0.141883570409597	0.680559770652615	-0.101872555203127	-0.115844921445031
0.0739139794249096	-0.0712186069313381	0.0212811178251735	0.124630793496635	0.346499407513494
0.359978013209236	0.530264695314613	0.609161576981645	-0.149189416202419	0.175323215248769
0.127875913140682	0.0999425873179708	-0.942024410273154	0.83460423121459	0.380443332977265
0.0056108868100653	0.0629309450458048	0.300274962057074	-0.464639153411644	-0.454512046776576
0.309132718737332	-0.232380446618544	0.48897778009135	-0.244169777973303	0.0147400443755045
-0.138359369223365	0.29682070931655	0.560787189443935	0.749773867495183	-0.355202913897824
0.323279146446704	-0.147589530140111	0.597221006290996	-0.22631497717859	-0.151804619445993
-0.0408801381381757	-0.31745457677227	-0.290713822786109	0.570866472835	-0.0285231621300859
0.303250048998688	-0.140248573991636	0.0499897447071083	-0.627318118035191	-0.286053796906386
0.167328854633432	-0.926351390416108	-0.606064115530381	1.02771960931079	-0.595361923336014
-0.210093291991148	-0.136994207678597	0.641645160648135	-0.0705163773269095	-0.512295182477857
0.427376697448512	-0.418887924777648	0.432168033756584	0.896502962450992	-0.392033914712429
-0.0989551698796295	-0.384057488550514	0.336327298464533	-1.12509728393696	-0.466684449972309
-0.276960449980492	-0.234759142124125	0.596733001455707	-0.28662166838448	-0.259625606051271
0.134463203116038	-0.0968463383986739	0.332219910632851	0.0879942895279624	-0.329394594678583
-0.113644630316163	-0.449133622227254	-0.0986780808576479	-0.073570140344312	-0.331309813219405
0.0954399212784008	0.00437994443202372	-0.517259205927941	-0.650708798852287	0.0631879852341575
-0.414441371046785	-0.600039881833669	-0.106539619406298	0.568691100914177	-0.302839046798637
-0.00972798277085404	-0.257261428276658	-0.173364188188252	-0.859488515871091	-0.562150590805089
0.0537895605186686	-0.400949010218298	-1.08840038743112	-0.271526860355749	-0.502640630625005
0.00579000277344906	-0.58195467094018	0.856894472658107	-1.80329972008151	-0.22091985854372
-0.00863637438209396	0.479383507874799	-0.697492230240348	0.16006793860008	0.150725748619051
0.022318096770528	0.126683768346797	-0.158922067878071	-0.779208906100154	0.295062724257224
0.329763968049099	0.151995767454287	0.480559142707916	-0.882409123546959	0.111648281972875
-0.362933740240506	0.32580333297951	-0.809541019527575	-1.27355101459301	0.143761031486044
-0.193556136018281	-0.408250934223202	-0.158025256376205	-0.211690225645922	-0.312364213929206
0.21450877688769	0.0261762782856096	0.510868490527456	0.322361198899666	-0.188512647178821
-0.244537000134272	-0.225815881766444	-0.438267685956565	-0.721627709812757	-0.533674509881946
0.00867205888081812	-0.00167994285838694	0.0799465278355228	0.459250094877225	-0.206466795431826
-0.338238062229859	-0.413830361545838	0.150776037641555	-0.40436423634812	-0.398928288097784
-0.272285442432551	0.125795652577679	-0.372528512274919	-0.272178831514386	-0.121464346542689
-0.159192658973021	0.245397454214805	0.311388686906609	0.482587894684357	0.323094117583101
-0.417928075566598	-0.212902032219779	-0.923644872409212	0.137040124957968	0.367711650226612
0.17628605577708	0.717480442609111	0.916377301200915	-0.380571772462546	0.437217683637144
0.0774975943485496	-0.110977633998319	-1.39325321026413	0.0775436332991282	0.573395609490155
0.236547650972347	-0.357808688470791	0.102423720915893	-0.421928603193153	0.479851490956467
0.552903186406005	0.0318375646145848	-0.112808979812447	-0.0788961199647285	0.561514594301324
0.241990028880968	0.264178990692153	0.100350879698422	0.380593164537848	-0.103486109879282
0.492767127225418	-0.377226017296169	0.363727458871503	-0.849113732442934	-0.00321583975685554
0.0931856245258741	-0.850529730628497	-0.205907674383377	-0.212173516099564	-0.37802944942357
0.216688940872178	-0.4695650520946	0.00869961602962113	-0.554736843320498	-0.350687659496271
0.316150573478714	-0.14577713084393	0.433881184623972	0.775447938893207	-0.0802665030020679
-0.270694826886073	-0.640929351284776	0.0699467740486102	0.612791371420294	0.297146451979627
0.15270512155798	-0.163867472611719	-0.197962948720775	-0.691346372221798	0.471122963740059
0.0370914524781182	-0.703136140333833	-0.107092402241251	-0.133946687571063	0.0425309289999852
0.122410494081178	0.0850472237995437	-0.75733215728733	-0.0684379854887885	0.15224262795875
0.471617887684777	-0.190789772395859	-0.205462014449936	0.583200997389444	0.292802279358229
-0.0398113964605418	-0.216529519878587	-0.581421796467996	0.536143215807551	0.319874146362031
0.324173863709234	-0.133243639002763	1.08518706174824	-0.538917014552414	0.427130673887652
-0.153331179658062	0.204450556105749	-0.00310397525531761	0.705901605618699	-0.308734429850616
0.301818002315283	0.276493110188929	0.479796813567399	-0.326430110824465	-0.201893922502146
0.381771815356665	-0.216063860367588	0.893294878832228	0.528678431841369	0.321445581657479
0.0488075724861331	-0.042248110989811	0.509696853126631	-0.103546934351315	-0.455994276905429
0.238133582356909	-0.445467115560763	0.487720767097337	0.567119984981952	-0.00401204500988442
-0.36630524533307	-0.631227623843686	-0.307503055758885	-0.391186911720624	-0.19237160133547
0.0490511699043261	-0.12804222874294	0.213184872945411	0.675855785500045	0.0493883117387175
0.130906846722672	-0.0661821325363294	0.498831856209727	0.475948547248094	0.144078592328779
0.0635057734376071	0.168758874461805	0.497436254159091	0.12961677018725	-0.0135154389490359
0.163124599373583	-0.165902316538727	0.362287244796975	-0.745681440864607	-0.26161315139709
0.212739106654212	-0.367786345332645	0.513989528752357	0.390359605211779	-0.194608346903717
-0.0351481719579718	-0.274603242521685	0.508037676629854	0.50428525499594	-0.0242797248139906
0.262980929045792	0.401757297424931	0.883054669545599	-0.21101806704914	0.20467175865518
0.13119837184597	-0.436557099320261	0.00652711274869459	0.41099570697241	0.215580098180525
0.318603320247369	0.0249730638485059	0.141363936432841	-0.644799470602056	-0.0562395433654129
-0.138723427086288	-0.247858302425357	-0.661733149642404	0.966858040235597	0.00231825064717574
-0.0427782855337239	0.0877428789064492	-0.450379578501388	0.00263646128472718	-0.294989087371845
0.578546281874018	-0.127788277077161	0.926110688518356	-1.15863860382195	0.0254562203612478
0.298266805640314	0.172406088443315	-0.66611226653945	0.847515363121848	0.701719342756137
0.0574576446132068	0.0489203262689899	0.723775361906102	-1.3997483876848	0.125710780748218
0.0400235692571347	-0.142736622485461	0.732264238197949	0.723386275296969	0.297151368003508
-0.386726168258736	-0.278968138456716	-1.0000900350884	-0.875974681755045	-0.143396936320882
-0.365572611049515	0.220257659181339	0.868807857559341	-0.273493933613847	0.0862826197192258
-0.152230191722607	-0.141994916716753	0.122547961786519	0.447790056127746	-0.188764885280208
0.23274270332313	0.344300047204922	0.66685039358038	-0.422962571311004	-0.0794853499758949
-0.0956708625383024	0.558986315031017	-0.48753833040305	0.633896878240408	0.230788950940159
-0.10806774017005	-0.169104256055168	0.62720462303837	-0.504907244120235	-0.201313235836795
-0.200983195400803	0.311992479464299	-1.02074933761001	0.426030809280763	-0.0224662287601117
0.01337066412292	0.043496693438835	-0.743533144901119	0.718316761133108	0.271968526459337
-0.459288330373689	0.223237713350853	-0.202940707929345	-1.14848674013556	-0.175079843195249
0.306869894170288	1.32742745238201	0.260391742046245	1.30028967600967	0.685482102252405
-0.316370042250145	0.867504892536238	0.0142558257340395	-0.850432399327672	0.198330548231039
-0.136018396615426	0.212166449439139	-1.15852887265446	0.125897592126274	0.367779623486875
