1.19524069876432	-0.906033539471421	-0.602058694590152	0.302496098716237	0.289802605943462
0.340543902212434	-1.48884731352432	0.0465387809062624	-0.706049921494296	-1.09522625617175
0.233306341604628	0.0995928084035113	-1.12055719840336	-0.432445573164371	0.497528665411965
0.961835674246434	-0.685201117170224	-1.48160843453239	1.35789353217476	-0.959657518761932
-0.161687376942632	-0.7099465745163	-1.79321063040907	-0.788317593791059	-1.52936843931174
-0.382090199465064	-1.08788061563863	-0.503514243827681	-0.760188270985267	-0.781830974353772
-0.395708761903028	-0.802951978972186	-0.620732147717335	-1.98351807072836	-0.711030900075214
1.30844549935728	-0.314749760757797	0.021905193171426	1.30751016790761	0.65583818415229
0.483815374460769	0.216750053285664	0.019989567149213	-0.18807225555669	0.842339577372759
0.282991727606866	0.514761831340886	-0.843564396976808	1.67729378082995	-1.04066844938145
0.0960522726844903	0.479610032511413	-1.08242305632561	-0.465568093706723	0.5789392733722
0.131416132048211	-0.252638659224992	-0.843855868812446	1.4553721568015	-0.815434252906258
-0.681218642316438	-0.774974121690847	-1.28842516603297	-1.06152254658884	-0.427216514267199
0.30971430503353	-1.18682948004548	-0.898338641785087	-0.298908575333646	-1.52102027315268
-0.419614243920575	-0.736694113890457	-0.894338905298015	-0.0566930315615691	-1.42743886476766
-1.05816233848797	-1.44781137601075	-0.851108813621281	-1.38577518495924	-2.1220548897752
0.0518232896367212	-0.360791611371381	-0.674861746989917	-0.300410556048395	-0.951793570872472
-0.784929070865757	0.100858916869619	-0.691222344403179	-0.811940482470811	-1.21561525469087
-0.826341422713508	-1.05446574299399	-0.425030008561938	0.502750352342304	-1.50389391268748
-1.05930916583607	-0.856249631190603	0.55266475052312	-1.4059329815954	-0.669791946661083
0.425240524134033	0.750294344938127	0.421683798363567	0.39064353686803	0.932504855981327
0.40290475139227	0.146040260118548	0.237571454577149	1.61488471844045	-0.0470697149272023
-0.0597810303737861	0.194748675640709	0.649370540402697	0.245235850303137	-0.140864213832207
-0.260094379785621	-0.179334464717343	0.830173482722974	-0.761459122309863	1.00841883715422
-0.129812550612196	0.348988876714618	1.72318405492871	0.00678643652610238	1.68254022789991
0.434794895413121	1.58011360369981	1.8309167490409	3.35963227942547	2.39179139132205
0.121686647399231	1.20772018421742	2.45598704465921	1.13787708924758	1.6609879928562
0.448379717204698	2.2376525102447	1.90337864463411	1.33675285776242	2.72193112658682
0.36795597940844	1.31354197696404	3.20263011199524	0.0922461810414228	2.25241926497384
-0.205592310209822	2.03985093425191	2.23063915496953	0.542456288708956	1.772203694056
0.948654326090745	1.1377691677229	2.27025250413561	-1.42979695416048	1.1341385249956
-0.510935608829282	2.1257996590376	2.46159342680203	0.695686282831399	-0.295129758073828
-1.14393214782724	0.0122734532582527	0.881133396757785	-1.0590522534301	-0.45989727469013
-0.00674540072524781	0.043840396347384	1.31476116020274	0.232812874778558	0.583682019399068
0.672901777880533	0.311505708428475	-0.0317369153881894	0.848501716109687	1.18156397169859
-0.131070259553075	-0.352162629551627	0.0577939630938556	-0.894902260526534	-0.0755055359576217
-1.55717576335528	-0.478681829052223	-0.651407739180034	-0.889129088177654	-1.63357752714746
-1.52741105291131	-0.349288711327863	0.0973293242593497	-1.51010428310894	-0.0667386512798894
-0.532519570841832	-0.554011188363547	0.0828712260283407	-1.55676336490514	0.161112632888436
-0.333764632213076	1.21541124150797	0.76107773766555	1.3209095329036	1.78250951325694
0.376354056331127	1.10204462087178	0.401115505979222	1.31100400647536	0.32236459007908
-0.805232648026932	0.308002032757345	-0.46716825542257	0.297631537348698	1.37142892130141
-0.501702336432635	0.335214124698317	0.426899346948651	0.0208516328507278	0.830971723973343
0.250906805962879	0.364282753099307	0.400529103067614	-0.439473113551077	1.0740646234032
0.633392082813312	1.19209774578159	1.44671821553981	0.464589448345518	1.61428205609786
0.330687839341843	1.00349960209719	1.33944601973933	0.212875757603227	1.01246664982431
1.02058821705155	1.72671737050879	0.580409466240207	2.73372620463082	1.51916123180642
-0.841488034921207	0.943050693406166	1.02269855040427	-1.31083803128766	1.07047438418736
0.115566684978213	0.282036537171891	0.656864262103452	1.06050390087809	0.776279140021209
0.393942896526866	1.35337317741904	0.398584142142271	-0.261816105051333	2.31730935005538
0.525771355653605	1.42144191743748	-0.608512049156993	2.79935053878574	0.174822980919246
-0.826493346212032	-0.757685243004315	0.200346818974131	-0.704521918540018	-0.630854568760517
-0.692717774376915	-0.581337337263508	-0.692325622047644	0.155305227004004	-1.17775690775723
-0.355374798002471	-1.06849116013324	-0.37720216313107	-0.33439902131644	-0.273482014039179
-0.018501607763712	0.100991699862216	-0.576375648939589	0.675230499018016	-0.762549937362542
-0.777147405387594	-0.213176308226	0.0494944335795298	-0.939046954682412	-0.253747398571893
-0.413008238039898	-0.43812378994145	0.130316436328858	-0.567205376669999	-0.389060688772043
0.936568532146011	0.873223047530235	0.158146774512701	1.07208399293337	0.818014152154981
0.286130703624022	0.345824541647827	-0.382291989502847	1.35144697887728	-0.968745056500673
-0.310019031553176	-0.199787796321212	0.223739536381841	-0.352916997060335	0.0954908287208451
0.827071459989281	0.245345436538802	-0.333874302507615	0.198473504658864	0.500449540726736
0.712245283006004	0.682016172672514	0.0420110557435072	0.589346268589332	-0.0472559645252428
-0.589689178824322	-0.33499330106211	-0.23313672294994	0.481950408973643	-0.581250688490547
-0.2435363910347	0.11651200164843	-0.160224945762895	-1.35590237611533	-0.472857951337877
1.38867750972017	1.44819156055709	-0.280417238344248	1.85449266043387	1.42844692093968
0.253272428123833	1.53453546981416	0.496108070757598	1.72622806029052	0.552697709705259
-0.40657119039701	0.751500183831264	-0.179395322737403	-0.101948478708685	-0.238693608600237
0.0937748782765099	0.640627286893157	0.0650144655101661	0.504230694664184	0.507729298602306
1.69726249977803	-0.126760291482953	-0.4565716156751	0.00721349428327622	0.880946360878907
1.12195035904047	0.395872417963529	-1.19156654974733	2.10848065568468	0.115485606456602
0.550284268409828	-1.78329110435538	-0.937548593362591	-1.50584749882933	-1.43679025724825
1.54734692156044	-1.39473898056309	-1.40417195263832	0.150412393982089	0.118489937468487
1.79078866773263	-0.644814607933183	-1.28993709522479	0.57926627076441	-1.40174337281236
0.86080111315476	-2.11815418535842	-1.34227649345924	-2.74835029920927	-1.46088601184436
0.690083866627632	-1.37326821665279	-1.03297260356849	-2.0805472935433	-1.92011201998559
0.364261981607543	-1.28361482273917	-1.59181631668913	-1.18910644193744	-1.19720994664411
-0.120889093466915	-1.45380915961152	-2.09244036441495	0.460461254798324	-2.04209537590334
-0.867776376836595	-1.98798700707842	-1.60106323257884	-2.67841300760473	-1.96219610642853
-0.21596506368234	-2.03855156868691	-2.01341472238758	-2.58764755783022	-1.58833494726087
-0.495596846659703	-1.30819959891745	-1.30183028854762	-0.147662887805558	-1.20945195353466
-1.08444521557047	-1.97938378833433	-1.00199655657409	-1.86855074455349	-1.39047287093886
-0.0710456966063184	-1.39886365700228	-1.51697051805653	0.904323376248605	0.018969465463357
-0.898473375672756	-1.12234495160607	-1.63326336766032	0.614238597920888	-1.84252169831939
-0.992450503847691	-2.27448081785298	-1.82024202120762	-0.354187608854106	-2.54509504161488
-0.766762391597901	-1.62533512765082	-1.57836251318692	-1.24605541965349	-1.44393676443896
-0.419583833576408	-1.79533565250601	-0.909283875787252	1.55194193007732	-0.958626613400546
0.558201919700927	-0.520310841845816	-1.32942556984503	-0.0310956939968978	-0.00831762068913288
-0.524731310624426	-0.690938297001602	-1.35491813851724	0.955164671652127	-0.686948842516786
-1.4070204167675	-1.11889119195263	-1.20781456791842	-0.48080323220107	-1.17152183388015
-0.663882526265819	-0.897562826800503	-1.04259335879484	1.10829791285885	-0.594266443593119
-0.382665353781898	-1.01909464219527	-0.509219015418918	-1.02350227767284	-0.996078337598894
0.431584695266273	-0.014941185554952	-0.335165458154566	2.01180731047306	1.28912530194882
0.208339849371928	0.497243953940863	-0.0574343324744053	-0.0612354517007343	-0.578397900351591
-1.09940525121679	-0.20078959326062	0.242205958623232	0.133831900069211	-0.860883946149274
-0.418160917338108	0.977540235217969	0.62590715811569	0.420366889246099	1.43487422944218
0.128660764151569	1.29111692797689	0.95660915560274	1.54466957618369	0.613391438740561
-0.197696265237299	0.834904365838557	0.832455542786051	1.65305338094778	1.16676473732741
-1.13887988944662	1.15471854816282	1.45229084094895	-2.66246372928919	0.387712649716279
-0.131668745328601	0.848149386411512	2.15451247860584	1.00936447942479	1.34426495810386
-0.296553951290669	1.67664951494007	1.82687324068998	-0.15019120140014	2.71185597524034
0.609900496641316	1.82609544950162	2.03033276197128	2.61414152849294	1.94844086108234
-0.0954292468606814	1.73196947677627	1.58204629977195	0.874748445565492	1.3296343689485
-0.665375363191416	1.04716428425716	2.02227595996697	0.463067227942441	0.660563480483696
1.03539441710153	1.52920639265685	1.64592892579242	1.06227489124399	2.95385117209299
0.379393300243769	2.08807712205162	1.60959400181909	1.0812414076192	0.841176548546905
-1.21271786217449	0.72316581707573	0.868993049115058	-0.440452554609347	0.6434991171756
-0.901490718762132	0.79023261077293	1.11720348572168	-1.96636333871836	0.517886802616869
-0.804210406889423	1.26204533131279	0.744693882905041	0.228788437481765	0.178534963718291
-0.145973486383209	0.529866857761693	0.531035970177752	-2.1732837079105	0.0836980176065199
0.151146633334447	0.881361908134897	0.571106982673501	1.61722064065778	0.880335427138458
-1.37725171665831	-0.267843282740315	0.525778084897391	-0.737037959601677	-0.12314230471741
-1.44717950312066	-0.380033160841184	0.793143649989438	-0.67238640479627	0.411909243804632
0.0272918081962815	1.12899706255218	0.800370453982112	0.3436739650632	1.86500118214401
-0.0832363710891932	1.2774244433081	0.738466894407033	1.31205990057169	1.91753688202642
-0.1793632073028	1.32472401703555	-0.0519734965298969	1.30320892100565	0.188542878509274
-0.498855911646091	0.233122957452243	-0.296425815953782	-1.2894194064004	-0.25730057988419
-0.983742448591574	0.280885920184508	-0.232326848535467	-1.7511051123968	-0.65615533984089
-0.572895441178784	0.109650861999015	0.428547158276737	-0.44340349066201	0.0608315556761383
-0.0875833668471571	0.241443129570499	0.0386690063082396	-0.498237466361212	0.159831902139786
0.535155142725965	1.12018301336596	0.387279379136209	1.51087645258416	0.520752758107777
-0.128893305885733	0.176953310373479	0.101546880229565	-0.593037113260267	0.173697875773292
-0.290184011897961	0.49725029524764	0.0446419686771745	-0.609910984697189	-0.0133912308575554
0.182763533841861	-0.0849315770851834	0.525809112344485	-1.20882290469591	0.242459348156733
0.327870691867058	1.26218418438856	0.35175837178403	1.17941512507253	0.60466512059167
-0.79849941276113	-0.390271791381064	0.295368652485409	-0.548015925704733	-0.403567373957446
-0.237813223727608	-0.92646666405467	0.0296040453976043	-1.74329091758319	-0.965564721569908
0.692515449196151	0.0560667329857278	-0.0464278799230776	0.607482895797142	0.242166352332132
-0.543222878569691	-0.718856008093695	-0.319936526716608	0.784096865738611	-0.410471128261982
0.0161979842309836	-0.249254049470133	-0.0130531584535943	-2.54533066085985	0.0408133131542827
0.520366239562543	0.153354843778183	0.287656857459644	-0.822345700023568	1.14216610287625
0.910252424009165	0.167629890023544	0.495281550188448	1.80103760385833	0.726764949785347
-0.278699247354574	-0.416496734007184	0.181788506344586	-1.33862476391923	0.237625670822785
-0.379856558392206	-0.317416531362224	0.294679740298611	-0.405773752616814	0.995554925851119
0.271824223423435	0.802598744274045	0.486420440250997	1.15023156145681	1.13113129092549
0.120917982447428	1.18811169612357	0.274485482558351	-0.33230613500338	0.884590068824421
-0.565376014702939	-0.170064671831371	0.169990240712958	-0.0572980712164839	0.493347517299122
-0.778976285342817	0.402597758201639	0.459618723646166	-0.360584002840419	-0.500280272592842
0.674138701223236	0.733258090798529	0.559136419524815	-0.761284151889092	1.03823359938864
1.41718489948374	1.54724477733142	0.674155362457313	2.37719141020168	-0.0232792519047489
0.457620147896808	0.177283695018078	0.557175283574517	-0.540538896389263	-0.258473629839022
0.821311701852431	-0.203404116437324	0.354374229155869	-1.12599244044803	-1.04789113369056
0.867616808149545	-0.798476859418361	-0.584485012324717	-1.32147115164916	-1.53745875950398
1.82359668046172	-0.478705882182505	-0.711281175626743	0.641831140216089	0.168770762004093
1.27747315132622	-0.99712408848681	-0.880175677184191	0.382276978789267	-2.1996956237279
0.166938134129413	-1.92339776017684	-1.40209409490397	-0.288334748745612	-0.925194334009999
1.00336453107102	-1.45920507325217	-0.966417768398885	-1.77359917723545	-0.65299473114475
0.889493912626282	-1.48353740667665	-0.332767000564792	0.296124845483785	0.223662092471075
1.74701124211901	-0.384940925325987	-0.661288320833634	1.08257311542099	0.188478214917698
0.107418716125529	-1.05066498639097	-0.668685786751858	0.518723117930917	-1.23781921161432
-0.136377270980374	-1.47909222195006	-1.14245169708454	-1.36150952872031	-1.46735536923947
0.587581658431535	-1.73343057730381	-1.40950411805155	-1.354369108071	-0.38305424809256
0.663912406415366	-1.78374140451639	-1.5289763898383	-0.318429658614484	-0.32009348043757
0.474638090369196	-1.39245159917554	-1.59514820659969	0.317345544376474	-1.10440304248376
-0.103454623096501	-1.59063793923582	-1.78778796980058	-1.81736065619409	-0.638237463038909
0.918783777032668	-0.832723511771161	-1.72159788482139	-0.243399455625553	-0.583223339827664
-0.875731273875895	-1.90006810796058	-1.51635823552565	-1.65234195211316	-2.3163890727467
-0.959843671165009	-1.50853424729185	-1.73813765665418	-1.32366860312099	-2.43941781492871
-0.240038373253514	-2.15046099114323	-1.10482293436153	-0.950754594263523	-1.8647162878819
-0.173788002652447	-1.5281538325987	-1.33155362747235	-0.879615256045104	-0.424973324321852
0.266337388362393	-1.5401178469602	-1.2918003102027	-0.0906550677429239	-1.82817617247639
0.0556145022974664	-1.1733633582066	-2.00672178123888	-0.152287160811629	-1.66639378402202
-0.465897789841751	-1.483049480172	-1.47093450285139	-1.62350312450472	-1.51143249774775
0.360896533088597	-0.547176083347058	-1.01479540403719	-1.42037651041953	-0.706693460459919
1.31535389124174	-0.261531178946563	-0.28728871622825	0.574262731102918	0.0173874093598814
0.568076074353883	0.97783786009053	0.487603588422883	1.22743605460547	-0.459771137315303
0.712265517408202	1.19969385335439	0.588014484875134	1.96449694135519	0.175721710889084
0.545327048508492	0.461637953892815	0.537511453211716	-0.181031581725153	-0.513409194612962
0.210182750216648	0.615481076949772	1.02136779810974	1.18696730430706	0.198542876076846
0.52378996806226	1.29144529190155	1.07317320652609	-0.20576132042231	0.528778338969041
-0.316525534020593	-0.231751345013931	0.975045926818796	-0.775434476681667	-0.288387420976882
-0.729456937367264	-0.667344240490024	0.613006150127421	0.0658761289720234	-0.43676511737643
-0.0426243228983591	0.646453825672479	-0.0494360079145271	-0.332776606635405	0.0967451564944518
-1.22986785934764	0.0602773546182207	0.483133581623755	-0.310828411659285	-0.596330407104128
-0.719134254271399	-0.286994606177152	0.257773670793172	-1.42377804858047	-0.748232417631144
-0.660241360663997	-0.000604980287792343	0.351858701148448	-0.320244056944213	-0.0724317164727081
0.156612267220077	0.841182514648901	0.946261640451399	0.109562520364703	1.11291700878987
0.476543811245745	1.19200621903073	0.918551277402764	2.7546795082934	0.646376761947672
-0.424735217568638	0.118724412243833	0.245215841146187	-0.331041392108578	0.226620105159385
-0.100724224870306	0.201321045101899	0.583618949507958	-0.585726118748242	0.204548825228322
0.76324168053169	1.08959275868826	1.3977845570415	0.719217500193616	1.15304126196394
-0.533226838008781	0.708348636211897	1.09416418069863	1.89883270417357	0.0558646099980937
0.43168831546914	0.433738543605972	0.307930279039278	-1.54426798148381	0.233358669522982
0.950215462174209	0.876907988303044	0.635062719476785	1.21651547919371	1.64195475475916
0.428567736335653	0.908630335328704	0.610458857259899	0.307813305363887	0.502381035348902
-0.339717235575156	0.183796559496389	0.0868389938413911	-1.63437018216362	0.127663059225628
-0.7788580441873	1.09587930373872	0.16810706467776	-1.49777148743824	0.0309246042043116
0.771535590415987	0.876689072165503	0.237268999003384	2.0026504649314	0.972681684592575
-0.337064045455583	0.763735423386939	-0.0690502562590238	0.492764814858778	-1.27748373105591
-1.29873101379822	0.0709061292967326	-0.439455169381689	-1.31480872663026	-1.49476582174851
-0.88493224015443	-0.0451095037581788	0.00823201845349125	-0.325165588627043	-1.3809954590727
1.40244829326323	0.970510505533264	-0.698986812633314	-0.321460397521997	-0.0905270976287003
-0.144205149662489	0.733450671290763	-0.141284186187734	0.723837691498142	-1.09841515091957
-0.06365937034205	-0.75216792169017	0.298352027087745	-0.539178669357273	-0.453241369183448
0.60406515868461	0.663314171426273	1.25703859078014	-0.369994406748881	0.667893145260746
0.935838260707617	1.38628778899187	1.51408999453132	2.71500259876755	1.0730342427945
-0.0237723075457789	0.558267852797613	1.47561740802001	0.841681473258501	1.2494950413124
1.07626835771074	1.25932333038267	1.57636086426794	1.5622762042365	1.10202096118017
-0.583478498433873	1.5460115691126	1.835880700456	-0.242520095889654	0.934949631584821
-1.50017742354723	-0.672851025554804	0.645592808147275	-0.36770964359845	-0.280206084819615
-0.365287680229106	1.54547929099833	1.00159300527053	-1.2915933530663	1.16399760706365
0.221919891618464	0.917095586441436	0.798578468391872	1.66896224382428	0.861431224910896
-0.927249576587728	-0.108326611835247	-0.362959478914811	0.04192686835657	0.0205294659351009
-0.279781903761097	-0.810509523010963	-0.379510720125106	-2.59076637836483	-0.972185382379728
0.562952741921295	0.558454102587646	0.551058628103761	0.786029065559732	1.26516814178219
0.211434847509191	0.482887539617925	0.143959724284746	1.21110615790033	-0.217179317025013
-0.772033471334512	-0.355399438746987	0.505320701924341	0.1799078776295	0.754081573555641
-0.397954874460373	0.886061636457353	1.15115478909334	0.255310506272219	1.74186399564879
0.445160705601724	1.21296197077872	0.489474439869149	3.74804596212725	1.39690383739486
-0.806088078661162	0.949041213712349	0.645498815636735	-0.09741828104221	0.895897141459408
-0.206749496500242	0.625109576068495	1.09481189257102	-0.185709750525477	1.66928061005058
0.560260274453289	2.31532111702371	1.67231141929332	1.07985845917715	2.0475791922217
-0.971875926451785	1.23275664469311	0.894680231744482	1.24112089211423	1.27172094769048
0.412604866003322	1.64682919871391	1.34253311739272	0.369535256983768	3.0111398530107
0.907640407482074	1.8695963909072	0.916173453879925	1.72318156046446	1.08364495437618
0.00886175114544146	0.683651473035741	0.606283759480482	-0.522738255615472	1.29435108324754
0.659281535084637	-0.0656848415168427	0.248938070032337	0.406647017042953	-0.0974231973234929
0.1565736609542	-0.045479753648673	-0.372627095705537	-0.382110893794149	0.522924783624489
0.398053493753561	-0.52558369766534	-1.07990128361649	0.257941723094648	-0.815987202240753
-0.660578374243457	-1.853950309769	-1.59841125153016	-0.220636727935662	-2.19407862899789
-0.343992386951935	-1.9892795076373	-1.59038485577082	-1.99893374159772	-1.92906932000624
-0.419127806584442	-1.16185185381	-1.75832538927741	-1.16515945510983	-0.751532796979084
0.127978926963331	-1.46354359391037	-1.39989983063461	0.422787737297484	-0.588102041637339
-0.157733175792611	-1.68951698158132	-1.19237241793156	-0.950259089537079	-0.223816295443616
0.193139143100665	-0.716874238218428	-1.47680314060046	1.46856078093882	0.171997800787776
-0.0706330391549422	-0.228259534803494	-0.508861407034517	0.725293894933375	-1.04956110554559
-0.0801429282262801	-1.06204487215532	-0.37937122525689	-2.54135714657696	-1.213983577414
0.276213980968048	-0.87569167586504	-0.683462415935019	0.0219225991573789	-0.360062917775067
1.19618622816509	-0.527863371351508	-0.151618962051056	0.334600198550913	0.068939961069214
0.170740368313576	0.0914738607628027	-0.770184778839056	-0.692693928590202	-0.869247298066348
0.32158787851229	-0.958106470026011	-1.23271044046668	1.01502790519264	-1.3459906501162
-0.2686782354632	-1.50689477531175	-1.43916381856235	-1.10603369217763	-0.879366655007595
-0.79726634007616	-1.56660705066095	-0.931753372763362	-0.461355439081222	-0.86776368943832
3.08679661715679	-0.840896449579495	-1.0662230296102	-1.10048149471602	-2.28451762174758
1.52157551478389	-0.94487328411198	-0.927745179560358	-0.825371362254387	-0.324063720808262
1.5722060937346	-1.16316926035186	-0.563644490171778	-0.158977908245896	-1.01750678960909
0.857260145367809	-1.13377253552599	-0.254247840908829	0.0939975774807742	-0.87927116579791
1.18062657769581	-1.20900893243499	-0.122920479938618	0.531835724604413	-0.40879920260982
0.5381519437904	-0.794012939203558	-0.275670941254965	-0.42961948901099	-1.53713960276806
-0.352159757777487	-0.848743217200174	-1.76910857252883	1.68899573142767	-1.62727770091106
0.185167830631994	-0.806962432955695	-0.967302733501732	0.316699720812024	-1.58751801756404
0.959577621775896	-0.448713501232393	-1.63502661960463	0.733786505299546	-1.71701389487255
0.100966215637947	-1.14439317001482	-1.83974028943929	-1.65845604736212	-0.681988550763581
0.460725837422728	-1.01746531631069	-1.21425474120712	-0.209031468561505	-1.78528390333254
-0.629227777928357	-1.64803491844073	-0.977986644877792	-0.151070675864309	-1.95278807786093
0.185126706319232	-1.67330116447361	-1.2337083273997	0.335657276542642	-2.16186583408497
-0.866256823532131	-1.5778521652131	-1.302067008343	-1.22674568508168	-2.32618578420144
1.09800308708731	-1.03968869308598	-1.16156701254581	-1.18537494800291	-1.52473847627773
0.0803062567714189	-1.16380032480813	-0.861616225505622	-2.77400015920479	-0.75994922290764
0.772586038828166	-0.726073583464874	-0.170214570510215	1.25325432719034	-0.0841245208561506
0.448798983829875	-0.403911995234019	-0.113908764290862	1.22050970931314	0.557266663749581
0.00682886648557579	0.596997087659486	-0.0514206712163427	0.357315842076932	0.0737389585510895
0.328975010672845	1.20125489021604	1.10996580607111	-0.201634191065806	1.05147686040131
-0.0859058138941478	1.70815237335849	1.00007295090417	0.86457266762468	2.0025226909272
0.225803908693234	1.59460675253051	1.6195050147657	0.927127207724917	1.79460413789531
0.2596826086178	0.917690315051211	1.98565658226537	-0.098829952175422	0.595039331045941
-0.00844724041897986	1.25085282949244	0.797001242589492	-1.56598986539904	0.132889831522872
-0.396114746062527	0.342001993319747	1.54147213926677	0.285397444721267	0.900255016324563
-0.837128232455895	0.333016112028661	0.931120380143373	-0.301167049152222	0.890275044346597
-1.00668229396758	-0.0626698101566389	1.19838696268857	0.792749232640926	-0.218405608478902
-0.207317149415862	-0.130326113171836	0.412274352301385	-0.626515285518656	0.58498776033681
-0.813101945921826	0.120349702906465	0.562150790030568	0.343665457444377	-0.0877723124652258
-0.664202370389815	-0.826563422852209	-0.432358601637344	0.886352018588669	0.313885421995207
-0.807069039537934	-0.0199503104043873	0.278753668328586	-1.91840773300847	-0.307358096593641
-0.735143676903667	0.0278091110130175	0.46746364315323	0.786254906762048	1.07483762950317
-1.07083051906665	-0.17757693911982	0.0464442683211437	-1.87473638303456	0.129462524895596
-0.186828834238085	0.58298847718815	-0.155204588004027	-0.38782218913573	-0.400026964033025
-0.0163350462032444	0.348975123184831	0.207281569324961	-0.804151898926749	0.17679789013769
2.1171770428642e-05	0.0599464942805338	0.491335234084108	-1.16157743436686	1.09577452874319
-0.512159707223632	-0.0973122207792434	0.253288918940678	0.160940558966071	1.4355688111586
-0.858220018798735	0.0290085003056575	0.984218948970017	-0.287417807511189	1.20214228597095
0.148848256478035	1.03953749038972	0.535668720120251	-0.741743157918857	0.628354215447121
-0.30147610461222	0.79988545266385	0.783046697114112	-0.510173167547574	0.403432279288919
-0.133607669523271	0.672348653740282	0.0885917026374365	1.71518599828327	1.77245121187746
-0.0780356868793771	0.790354018415909	0.707814059073249	-0.535355442032213	1.99399162663186
-0.693466642682124	1.09341324197544	0.096264964656351	-0.709716775643337	0.848719525949327
-0.49837285183311	0.545592898420549	0.0873402683026433	1.14948552339508	1.19762429803289
-0.797220736975406	0.833758477127935	-0.544347743068869	-1.26073594293453	-0.0240067136357372
-1.08134608960759	0.0991845205186194	0.335401427532124	-3.32181118337218	0.118922051674609
-0.530726407784669	0.354066452967404	-0.00777983305682069	-0.0740486216110403	-0.298993950246204
0.330575420655783	0.610685332228738	0.205725925581881	0.936616082723417	0.278442266649692
-0.049913896520578	0.384150035883116	0.689393044056174	-0.129710011057943	0.444974401702109
-0.991523069545447	0.314564268110254	0.528484539536894	0.477610259479873	0.849475844321982
-0.38164259352302	1.01029482901244	0.764051882339082	0.708946455805659	0.999971427511319
-0.291481049778622	1.30310049517618	0.405811472353432	0.0290385157848493	0.797376336649199
-0.468399502217681	1.44322031435026	0.450798117191433	0.356223279849799	1.54884929469141
-0.465384925717155	1.12544892267453	0.345646479145492	1.12709622020668	1.17099621320819
-0.734880952198623	0.973704010969616	0.647386999169507	-1.05331887379784	1.50855497030515
-0.592797216837898	1.14260017669414	-0.072216558301247	1.4948771718874	-0.0201540493887188
0.344841922867797	1.19043101167023	0.623324008304452	-1.31497457287147	0.219616333210478
-0.417708111054788	0.540061938245138	0.341391360516882	0.367660607422146	0.626209524906789
-0.126815248716349	0.347400478846235	0.577271644132106	0.678512451255304	0.295547647851161
-0.0891834485277615	0.596125565481713	0.355433929500136	-1.36519507605301	0.436903263252515
1.03463951132875	1.24185003836804	0.203401883997933	-0.832937681728133	-0.0109099427418016
-0.19649297725276	0.0352094253675744	0.224981980236807	1.45383854171254	-0.0812762115899913
0.336325923473093	0.533493275584506	0.175610514354528	-0.499348780458455	-0.04825904999673
0.483275141238197	0.206786534096883	-0.158821432160995	1.2198223387469	0.390853083346676
0.295048733795795	0.696312685579005	0.218858586318775	-1.51080996407136	-1.19544231118048
0.725289326852696	0.294105964682721	0.0702687163349358	-0.117568066072451	0.0243337874696612
0.047552324784457	-0.0712688472165527	-0.117026193380548	2.23938118739499	0.149199834963928
0.0491920538517787	-0.650549143179293	0.274062233712615	-0.0149779106123636	-0.873441650736971
-0.514935304447084	-0.785528881798066	-0.41791610090638	1.19015843831354	0.340410303498747
0.0612673874707981	-0.880072414710971	-0.589587716988448	-0.0661764740355307	0.779706764916706
-0.118403422054895	-0.8350631277426	-1.33698137646547	1.17924566201591	-0.804556877652082
0.0258553746155412	-0.328824709447405	-1.23692260835978	0.561588003008528	-0.819799696272154
0.418319130025008	-0.577780894075113	-0.473720394141972	0.0594651497561547	0.860412286384918
0.562884636295963	-0.540487314196953	0.227113142414589	1.04126975617935	0.915155775838139
0.400655048147451	-1.13033301380481	-0.621790727688876	0.319877524313622	1.30980441555894
-0.000858348665316919	-0.708673156400014	-0.356496438509936	0.392475557697226	0.983717547732717
0.00639958836027843	-1.52892188984027	-1.39999393758177	1.01817818425876	1.74609861141123
-1.11796498040454	-1.38396191461194	-1.04264729627354	-0.167609620495079	1.19835440902559
-0.34106377313883	-0.922745610381981	-1.29512284089515	1.82672160102784	1.00595703084344
-0.134224701855897	-0.460041182001454	-0.610955763884711	-1.05584859104392	-0.436941362610006
0.0978785438938534	0.289851623018073	-0.696065155707378	2.21957882218987	1.5200785961149
-0.557835657879287	-0.323494781001421	-4.47940224171745	-5.15785268529016	-8.28964208128086
-0.431436087568774	-0.393394181446809	0.179505576162444	2.08345703813544	1.26485955350394
-1.41350761430497	-0.625959268002107	-1.34632843766716	-2.13984058462374	-3.34617322250242
-0.270120500736632	-0.717006897057612	-0.742350609065016	0.475541916612958	-1.57668855600426
-1.0302056247939	-1.27745822793853	-0.527009629636434	-0.150543976786778	-0.718444083107107
-0.323960849793357	-1.77990373047792	-0.826920706339203	2.53903779172297	-0.820947650856471
-0.475912685674507	-1.14322966416417	-0.602726206020839	-2.86763420202677	-1.89036843836657
0.307117150568903	-0.74911285144406	-0.723832805355949	-0.307302836790471	-0.912525147636022
0.87097600129466	0.197649981203636	-0.0706913309664276	-0.284516966969842	-1.1496592861925
0.297666394684801	0.873910946656327	0.567804957025058	0.733818986600184	0.231203844839281
-0.0150204528255332	0.332934718608253	0.0628848619617003	1.60932285833333	0.362807943554894
0.924928581708563	1.04725784619404	0.608242983410903	0.195208749920028	0.129265122023434
1.34627036920598	2.283715050445	1.35952356152244	0.303049213028024	1.08909635407406
0.229193377014533	1.48917316643828	1.88234676293147	1.62518816381041	2.00906180990064
0.556554976769465	1.95375156187365	2.05614904243715	0.412036632878288	1.49020841563409
0.490159446461303	1.57439533398952	2.32599043191554	0.261251112244106	1.85438708706285
-0.0909776185622111	0.873805413474611	1.85607416290892	0.872055604511886	0.443869634226871
0.215313779055325	1.28237324256781	1.3432346721164	-0.390585544001248	0.183002543445235
-0.27386794566641	-0.105829493344539	0.972455497184455	-0.05953554253399	0.465303204657234
-0.445735898459992	-1.27798313650088	0.102219765209386	-0.505388884532625	-1.1296621970674
-0.12974419924896	-0.656139758765863	0.0199203799875239	-0.0635336074805832	-1.677793684077
0.372100667246061	-0.232128584886435	-0.253273764055077	-0.878409294889982	-0.678230340108365
0.244130704042566	0.328031220255387	-0.308526333042046	1.14735787323905	-0.251155726472266
-0.518149323537627	-0.331915016099003	0.0718365288037292	-0.973951576101424	0.772844437795174
-0.417122825372536	-0.398491463764714	0.0399242830662111	1.11498634075916	-0.509667706583837
-0.141289136085586	0.756316447707623	0.144662536790273	0.389441440783604	-0.159632825834658
0.891826857573701	1.34494622080177	0.697200141554436	0.617816043101649	1.46697907211154
0.493453722272724	0.238041737341629	0.331635055517996	1.24963696747277	0.703142610214187
0.762204410679554	0.314029117312095	-0.00322247351352765	-0.327451144979856	0.390396015502425
0.905449416287773	0.657251311449785	0.444502641114283	0.624001725523083	0.0404380258855106
-0.126992154806771	0.365429589693664	-0.295143966223228	-0.163404189190323	0.369425838799859
-0.207235921514088	0.208791902610951	0.136530991139883	0.998203219778299	-0.781306293316477
0.0803733251423339	0.59938084680891	0.218565577241571	-1.37937140594499	0.373041034714093
0.0863778613211546	0.215459296514069	-0.357146216242221	2.12132708921636	1.12603629357063
-0.323614481591455	-0.0802494440736675	-0.0403395554709483	-1.86154485145064	-0.330967995088474
0.29877180490865	-0.172219393379445	-0.937014310815854	-1.21248292209013	-0.81455123308033
0.369490021412208	0.307231353525086	-0.634120946050339	-0.650157881593187	0.155093867373813
0.57797247336658	-0.0225600836823491	-0.0540996135139224	-0.0864536546760834	-0.0103179793116096
0.182931685078165	0.592987439525073	0.768191089752877	1.30152328666608	0.817416175096684
0.319282697428303	0.726391115044135	0.597783925544543	0.426047397835533	1.12245013619505
0.263898091135841	0.509092668165234	1.04285149560562	1.66613787171069	0.149311250139346
0.687616594187823	1.03898089898958	1.39132494312533	1.63145803247267	2.05569325300761
-0.864208584657428	0.469191278037877	0.927398151512184	1.13747253507295	1.32950664820923
-0.52742447427671	0.197218627164337	1.16457273822966	-0.185220559797618	1.19514611283217
-0.145157273937554	1.06200285715493	1.03590336978468	0.148424758617781	0.191210879840336
-0.316837861034944	-0.294478607382113	1.13090898247408	0.804697080282602	1.05298848474124
-0.863911467604687	-0.0885378206552491	-0.241381201188824	-0.0404926498371456	0.775715493494372
-0.095891539569723	-0.511749916385405	-0.461017651518143	-0.428718437349815	-1.79193357245106
-1.38066091802194	-0.565791005764571	0.131682213070102	-0.0654306995917487	-0.0509587369365917
-0.585959673150173	-0.554621661046135	0.106301370884111	-0.350020762871957	0.166994094462653
-1.01236836478069	-0.55606280463644	-0.177498334701229	-0.125963911815897	-0.384056168353595
-0.72987408990395	0.17014984396673	-0.333847889050945	1.18047504628588	-0.370230846915081
0.597080377170392	0.231503188138285	0.155547340439463	-0.389303332981741	0.12850904126518
-0.690095088430807	-0.332993864434722	0.0290230985704338	0.0952009824320363	-0.0173837362608941
-0.38266899099862	0.0724547066996589	-0.156250718438973	1.44659859299307	0.145508829865482
-0.620312394937603	-0.0470038635673627	1.05677745142685	1.18280861828839	-0.303049980353651
-0.38500817920685	0.472181662829938	0.991087602279014	-0.177613347979891	1.22901683761013
-0.781368145145186	0.528895949030457	0.833991013616842	0.248843102378055	0.609306236209882
-0.316910993525256	1.04058643424034	1.30553829292231	-1.42979541832688	1.14439688920543
0.550987234477654	1.35139128610483	1.05816754568045	2.1568262730031	1.6233163124194
0.368103054095028	0.340065480298857	1.2788867830844	1.65475532105406	1.03442110142588
-1.1894505752007	0.0901747637495403	0.348191001953185	0.236145595093144	1.12235516759442
-0.250732856306889	-0.550505721241119	-0.257395167316306	0.436885095595351	1.14459092716419
-0.970505924623728	-0.885475655444471	-0.72611011921067	-0.306359071439539	0.796405672781237
-0.291193793388923	-0.757178266423808	-0.760780744811922	0.0788465555753166	1.31590095909117
-0.0128118694948495	-1.17641649227274	-1.06464639864254	-0.512031595037087	-0.132624718090161
-0.103402342653589	-1.47440864627357	-0.655235998238885	-0.0996894808084904	-0.398685226214202
-0.525075683283731	-1.69978607274454	-1.13121375759077	-1.45829027110989	-1.62794636057598
0.000599191192141937	-1.72685657995862	-1.37542628094231	1.01170712189345	-2.77947975219404
-0.284213190502266	-1.18283109705492	-1.16072777762368	0.00457428245949499	-1.30794236300376
-0.402746607781904	-1.7110523738469	-1.09504674193009	-1.34485381353311	-0.498495683755409
-0.237665709930281	-1.85358031545954	-0.692500779829059	-0.0724110526706591	-1.45240607899517
-0.489766608880782	-1.26401100252965	-0.700608924779572	0.5628042615565	-1.37997600414315
-0.105934040442917	-1.17209985150601	-1.01186715137505	-0.418870479338776	-1.00378302279143
-0.0440323765469182	-1.04526626534223	-0.599421423151991	-0.781461228752308	-1.69350605054616
-0.537379430169002	-1.70933180113643	-1.41377678049771	-0.756628793405005	-1.85885446034268
-0.208144494497353	-1.92454901938491	-1.44145280950513	-0.0943101330127769	-2.13325240624873
0.323237046695131	-0.723169090746441	-1.2929219264163	-1.70580622359324	-1.30943617710385
-1.04103804293482	-1.61207378485978	-0.577511531268695	0.373967735898108	-1.38020522917255
0.0428528665697867	-1.17897833564388	-0.960562446270919	-1.54457128649852	-1.47328530605264
0.304235611504555	-1.3967608014095	-0.965040472183512	-0.69063711645811	-0.977042099125808
-0.0631102647077083	-1.56136850323506	-0.303950179797304	0.247856535955777	-1.59602052587974
0.0369635424152146	-0.685340367548089	-0.433376375132618	-1.05832862619845	-1.73472553432773
0.0807168285666234	-0.676208326159521	-0.394978174813554	0.633047642604111	-1.43421815815069
0.263100709391975	0.253795197443587	0.383716467502496	0.0193488875274813	0.283134055790771
0.332032589868861	0.136431501664507	0.177742741030066	1.25022990451987	0.186987610384331
1.21799784601785	0.961689559085845	1.26521742882616	-0.557200074102416	0.818952901637956
0.929405961792039	1.6863638485885	0.896156405791079	1.53084640501343	0.920386039307831
0.757481424535633	1.4263325386654	1.32308304299043	-0.425178109438869	-0.0802040987091534
-0.0858263620871251	1.63886013083134	1.09116877841553	-0.543893748977499	0.691298409072296
0.252706124500219	1.00457955059877	1.32382260800526	0.856428608823251	-0.0451482727730816
-0.272680583866366	1.02435560439819	0.705996700485046	-0.292206050426765	-0.214771531058764
0.34005556842131	0.56422865092671	0.293228911333844	0.69471741009329	0.245018032041502
-0.00822782121842216	0.625009572625849	0.28746881732752	0.523875989929966	0.380085653832848
-0.0243365533275982	0.783869891363785	0.432494979357989	-1.15704513417637	-1.33988080996675
0.31004292937689	1.30847693292705	0.650082360830396	-1.10557674189545	0.642025138434185
-0.0213911173068805	1.08174578796709	-0.128825965877015	0.245117482961998	0.336425077624464
-0.200583723644035	0.402580737123581	0.123286279764116	-1.45885780146132	0.985190459065246
-0.695021601722751	0.834460688918852	-0.0265583524725096	-0.352546079526029	-1.12832531826878
0.0870543509590789	0.811651842213446	0.164335170123768	-0.122150708104305	0.98455965991592
0.629843007088342	0.72395484437821	0.567747297811844	1.00301520425119	1.26660943748607
0.487910591676611	1.00145003450193	0.434430876619132	1.73394464343549	0.872440831697693
0.187875569639916	-0.327760851143526	0.150310932390086	-0.814025334213742	0.987605868160186
0.469417382201086	0.270420475082354	-0.348481357061976	0.111323179684911	-0.467237065854124
0.335484478105747	0.577547747058174	0.217301866141357	-0.308483295139583	1.064458888937
0.366787493067389	0.591997517625412	0.316247943268664	0.324835932653281	-0.202610148523312
-0.311931983635128	0.420206236446099	0.298795509105428	1.10799610918845	0.681170752647883
-0.0707995295747809	0.178191609953973	-0.473153650289466	-0.316534613696685	-0.924681689424025
0.12202450737749	-0.113634413695237	-0.196906226057202	-2.15904199364608	-1.73444606778906
-0.282054784629629	0.164817499157142	-0.525280241835581	-1.40262106539378	-1.26661184965202
-0.319815691735334	-0.280280166250886	0.0814939986775318	0.431121292393909	-0.277229162962849
0.191702038615681	0.00491688830020729	0.159051320109377	0.602939782942171	1.58515686678216
0.787160776270099	0.50538907931444	0.867790565753892	-0.0303316623706946	0.527142697019484
-0.230493958768431	1.07221409221282	0.532581365071918	-0.351331307736859	0.71792224202519
0.781041847726768	1.4843572979928	0.967071923646038	2.23722731650366	1.64900739256585
-0.013090637822426	0.934835926302871	1.02943649230367	0.760376350382761	2.74836396452443
-0.21754394228478	1.2326691118531	0.878400801944561	-2.08836413605456	1.74562821087435
-0.413881642686465	0.9036646318869	1.2832339972756	1.36001427620681	1.70094785307775
-0.251153546216717	0.629694271067004	0.540078781869452	-1.20352235610377	1.01289409469009
0.967144758948022	1.07711650076545	0.848779319442538	-0.0135138690664932	0.603627183012284
0.174087299331483	0.487539915447818	0.349700407237736	0.652869632098325	0.541997896687701
-0.714221553850966	-0.102888383587143	0.0464373586651528	-0.671199429062153	0.544841401357124
0.116957211997239	-0.305384903765836	-0.199665428055107	0.462639213909418	-0.726101755702374
-0.389756191407253	0.143755622997592	0.244552563460098	-0.575424416299204	0.0443231613807294
-0.274348169595701	0.167228124472778	0.0397435330900938	0.447720467493736	-0.0403063441188374
-0.529521016071258	-0.383950191993219	-0.0995066210213428	-0.596823540497167	0.300760212188085
-0.448141549959238	0.183410858594942	0.0246227495722104	0.512775608766784	-0.874140052769635
0.190197809915	-0.00363624771023799	-0.424535534771515	-0.748466488596407	-0.807910554697658
0.176913077468766	-0.144122028398661	0.331764643986257	-0.729750281402205	-0.180693613223289
0.137380532625987	0.97557597755831	0.765948772668101	1.06253512525566	1.46429127283718
0.266623639545125	0.271376174894534	1.0912935425643	2.12668924260063	1.82345355812498
0.32718341916608	1.21339871352431	1.81597994591153	1.64605653183286	1.66898014937244
0.769215060395826	1.04899694029342	0.807385082753745	0.990189704868328	1.72611915174869
0.31470787766958	1.32696998723864	1.33056958873487	0.476525169565109	1.19499211216249
0.0892375938572741	1.6155989476181	0.487972790966709	0.64963672960372	2.66450554406747
-0.205566986294483	0.817013614182394	0.0997965040899455	-0.405931161041601	1.53523351702177
0.379178220652428	0.439427858593836	-0.359342260880892	1.95365923296128	1.4687818279095
0.112876859893877	-0.794687972322809	-0.788074120315615	-3.4173725091938	0.651683380732469
0.265454857148918	-0.523398595320562	-1.61445538292475	-1.90634332123656	-0.800194568413942
0.59220928974749	-1.26173576123986	-1.30071091897385	-1.60622253875502	-0.578583979930083
0.134554071333597	-1.87180608705456	-1.47935969113853	1.12972984485284	-1.05241728648816
-0.752732011415222	-1.81307145294164	-0.705117146302417	-2.24423026426002	-2.43597600017717
-0.632242871409977	-1.60325701748176	-0.963891307557896	-1.23839449608464	-3.14846924334325
0.0907338291176802	-1.21402174245269	-1.43285896909416	-1.69507297015092	-2.26646034869738
-0.180566024275455	-1.03619225541043	-1.04539771221502	-1.97386273258582	-2.10049501729982
0.468297328298855	-1.22480596614168	-1.86004280468438	-0.432430430873729	-1.93577765700974
0.640338053652413	-1.31646085048981	-1.16068322698565	-0.198797986922652	-1.61463923553536
0.694014245411882	-1.54978211699631	-1.27646677064759	-0.663917541292003	-1.92013957437402
0.73594730860908	-1.23266517064838	-1.27051008958295	0.772863448978446	-2.18188074338078
0.594133176207486	-0.849248134722519	-0.759054342868483	-0.380313311852191	-0.295165703432089
0.596005409536179	-0.927206216492903	-0.981000349440459	0.864279006472708	-0.965608319360753
