1.79517623346277	1.63628377743471	0.47038006819745	1.21344554554242	1.23822508119362
1.25131239428942	0.43756973104687	-0.134418340547888	0.0114022036487526	-0.0100777888043666
0.689984891235639	0.0792620918273499	0.30514704610771	-0.288614586208665	0.400306077208835
0.567711890947079	0.528725649322075	0.00985418153633903	0.211721085733439	0.094517109833391
0.746887305798078	-0.169789185891255	0.283946395527594	-0.471292210479609	0.320754028219977
-0.246285646624105	0.08787596095393	0.313803604257127	0.211067035545099	0.290372405916724
-0.117627410512476	-0.127301748367652	0.0147503868289765	0.832985462126589	0.263086795445806
-0.135473476133393	0.186991933431174	-0.242285944178989	-0.136721835240386	-0.112773063435324
-0.574129583802913	-0.484819083721067	-0.0276436686133675	-1.28140185463533	0.613371680111842
-0.0529101675309736	-0.581152644650379	-0.0985204092169081	0.304266489130135	0.467270382214077
0.357947191381443	-0.0447180286349498	-0.521689788044358	-0.0927643052796425	0.16068766795513
-0.750039524946237	-0.124848200422875	-0.547686183495003	-0.83824621586383	0.299884521383967
0.0145266001920136	-0.271827484240606	0.010309580351769	-0.351498054062414	0.484261888164126
-0.586705390192839	-0.449224178630801	-0.56035424929705	-2.02173243460054	0.0131360314677267
-0.313538192901518	-0.231811337238695	-0.47222330957346	0.264735401295982	0.282328662658189
-0.449772738983058	-0.632338152897526	-0.242894137505061	0.0317589095782026	0.659304422932216
0.411528090162241	-0.110085605732095	-0.284172571343924	-0.223820367703075	0.473372320571526
0.32362307989167	-0.188152151103577	0.0150077545032411	-0.507474770975767	0.554475630845705
0.325753312319107	-0.272000105567416	-0.105887439710812	0.40033992207558	-0.0190391393435796
0.2069850385456	0.181319417806379	0.361855646362803	0.239891879290575	0.2245154910637
0.378557978732936	0.131129594143262	0.509111043647491	0.103983049496561	0.148570321898796
0.178346006476867	-0.412326274846932	0.23936163626097	0.860311222134871	0.15124351967664
0.184700327425611	0.0133848738476377	0.113665725205237	-0.560698878336471	0.0163936846678558
-0.07786878063461	-0.304286468245439	0.142403398093375	0.0542401553025418	-0.410433347324075
-0.174926971268104	-0.317400315136946	-9.70750915901937e-05	-0.278957557502255	-0.280667287244271
0.495923001533649	0.107969988517336	0.156082300645473	-0.00810814101200731	-0.392753048374495
0.206665110820489	-0.303341195560431	0.377213927386771	-0.285699321238964	-0.264753670057088
0.504942308040474	-0.349560329834122	-0.0858520411384187	-0.776341141381037	-0.474224849456501
0.233584559845689	0.0102972705614945	0.161417396072037	0.0340541187067797	-0.554082058338353
0.363230281419526	-0.145260179748232	0.161925829206045	0.392594047609983	-0.283673307910719
0.384315844377655	-0.232374486768256	0.466055169014038	0.143716273195512	-0.673259279914336
0.0625189586664094	0.0997574443173186	0.372710752123172	-0.185274814370376	-0.598118479402595
0.358893035650672	-0.486030499758151	-0.171536870894275	-0.766833661333881	-0.0772757523045849
0.187028214499184	-0.179365771986118	0.263811338725577	0.216871630273028	-0.517851995899871
0.491358840069258	0.31372343059453	-0.314091517549887	-0.182205813336205	-0.332553861350196
0.17746915089189	0.126733920758661	0.0653006966504817	-0.814521960360233	-0.309488122659641
0.37504658692352	-0.289191634954639	0.0854206507164795	1.45211023927207	-0.259588088410181
0.62321425999785	0.604317313476668	-0.0658842891056634	-1.29269744835426	-0.514404388361943
0.317766361570542	-0.0631003590434662	0.065273817310433	1.2158041969181	0.0688726898790248
0.129574236638155	-0.082621159641961	0.149229837117297	0.224392665712898	0.32659539599774
0.220645849517589	0.285211399209929	-0.0465240337781716	-0.784976376511479	-0.397130741484758
-0.0395324434191531	-0.350636247609034	-0.0112733158128676	-0.142173791089629	0.166393344781702
0.208621138648423	-0.081576599233632	0.23286125203898	-0.221379941852072	-0.238714674814388
0.240129975990579	0.439056417509319	-0.356219407605021	-1.4252433282333	-0.896751715851179
-0.284214100946145	-0.499241448836414	-0.127863172126385	-0.34793329157995	0.377907653873393
-0.337293581357419	-0.178334142161546	-0.00451774606407038	-0.734105521693597	-0.133467994332309
0.0824271130880457	0.196545463957234	0.546893947204606	0.751726934179838	-0.477957110055914
0.545283736446967	0.299870152340289	0.379340056753011	-0.467027185217262	-0.080483581626306
-0.0698882757406715	0.701581123027037	0.133664886364421	-0.606999832055344	0.243199085400485
-0.165177852698232	0.280466934565937	0.49264161704959	0.327960697863968	0.0767970660210042
0.450908225671213	0.315735102064597	0.574646438274303	-0.681119121229689	0.16008294372634
-0.142741419988382	0.206882119851204	0.504915330365677	1.0398865628273	0.412018690923736
0.259203496417113	0.410780815817984	0.565128651512633	-1.09427967650564	-0.306920468585745
-0.455871831344411	0.673459011359554	-1.04872986652966	1.04760489844432	0.200070852458092
0.844834887120076	0.322417240729511	0.734244710465292	0.333138643321795	-0.453457603124534
-0.224155557850103	0.00645590253993741	0.502464400304688	-0.390434155716139	0.529263463286908
0.173751444754658	0.415399199974746	0.519990203381835	-0.0297970387485411	-0.104226440416847
0.203455861820391	0.243937297262339	0.0360875215938302	0.804488849286354	-0.198474484285862
0.0400683928208639	0.266583077287374	-0.0264082158850615	-0.184819663431195	-0.258806908720649
-0.0641036060981615	-0.166369957515766	0.228474781876075	-1.23795951133968	-0.17204526656886
-0.448005753067959	0.302508318338586	-0.24151448089625	0.431231658904823	-0.244542166572302
0.0302206786540224	0.282998135864889	-0.105155047547351	-0.534672746120787	-0.664892312936859
-0.315511285499723	-0.587354637811181	0.172678709107547	-0.200351607063696	0.0126520658259043
-0.395488522245934	-0.232769203611013	-0.173046763812148	0.557483246334967	-0.185528720972464
-0.0847362844121877	0.373528421105192	-0.231467713688621	-0.703777542250792	-0.383309164105764
-0.205432573090404	-0.289299837879214	-0.110756604569492	-0.428142969275901	0.691529763051015
-0.249954345862477	-0.0309192702749911	-0.137289723735415	-0.649573293071278	0.27831055551685
0.249507224781694	0.817409090032499	0.267513909919138	0.271672940004377	0.828815071936604
0.290835954775321	0.144594135556878	-0.257007281807193	0.0392245711594946	0.365868508159988
0.178812711473763	0.451978015501026	0.065858195375931	0.528953175837723	0.494264018346602
0.146986128020033	0.392797116036031	0.0940142782666235	-0.245390704346315	0.453249054974641
0.216768324313614	0.472480779073963	0.458558437757826	0.806114313570697	0.159784102306704
0.285388055345912	0.304545855923423	0.225433657084031	-0.342087190224117	-0.035904575146404
0.170565138879601	-0.0556051862772823	-0.168045157145183	-1.28165955598454	-0.650835074561415
-0.463587914941624	-0.432022271395726	-0.164355903120171	-0.933235105134674	-0.147921960847808
-0.780566133952739	-0.0437161868326492	-0.446058559601494	-1.23297724263226	-0.183808956978543
-0.703115622232135	-0.314427425066049	-0.589600938646234	0.699570995514017	-0.229526968297959
-0.38508640111272	-0.754840054476853	-0.812370668697283	-0.0467949523458437	-0.465574726919469
-0.493302842130888	-0.849220721757028	-0.237595714782818	-1.00563206866257	-0.565235463605408
-0.0641965018582597	-0.950271470026648	-0.82437380456931	-0.876344244808052	-0.317915313627558
-0.571466558771895	-0.279146529003387	-0.587572431228036	-1.27627320117511	-0.407042345397748
-0.00264931183810234	-0.309208564234562	-0.242917457389354	-0.256074037143609	-0.157932871908715
-0.0623936066924992	0.00699978124693875	-0.224807231202385	-0.176276033723427	0.193304915060884
-0.0687471457204788	0.322108149728164	-0.249933320764971	-0.124812388119134	-0.182586996870989
0.297360674672629	0.364481661283758	0.114838186742791	0.235400921722373	0.157282276743046
0.397061158880319	0.537788470081982	-0.00736422939631271	-0.0172065999587672	-0.120916839516045
-0.0937703314659469	0.426731487341896	0.21260088855437	0.120610422434343	0.177995419233765
0.742219034262761	0.0974452334828261	0.135809877155848	0.496476778867212	0.0914764368038491
0.322861795558589	0.481003303248331	0.128264080611552	-0.817401757794773	-0.324515480754125
-0.19515390163268	-0.408765693840219	-0.0821147912090254	1.57367903584724	-0.497602182164633
0.0828941408184206	0.271710306234672	0.0025622196482612	-0.0966925945924793	-0.824530047252967
0.155682046083387	0.476677930719625	-0.109644268652415	-1.50704883411377	-1.16870128583385
-0.331718097595485	0.132821377912807	0.164540012494003	0.200831979120271	-0.247290982090288
-0.321915394606521	0.0421733935565173	-0.333567072894968	0.412528921116957	-0.435344284484597
-0.0565382123856248	0.318726460046049	-0.330928331223693	-1.401921051693	-0.487217472933511
0.172016133432387	0.114200909667653	-0.114346599683564	0.496873798579501	-0.438169006576302
0.0497608820127382	-0.140492716965256	-0.27543813382977	0.933137917173469	-0.0117129418451521
-0.268806359626361	0.286672851668259	-0.0994044221986482	-0.638003510676858	-0.86041069977055
-0.00896551510649384	-0.091886282695071	-0.0396729317671084	0.313701015066065	0.0128547912588981
-0.156757245046549	-0.182843284777785	-0.540979923540789	-0.500782250029593	-0.453259014206055
0.209288632034132	0.0166497929474147	0.011440222419033	-0.334489511399333	-0.183256643534467
0.0594342021338492	0.125034343326379	-0.926094997026788	-0.0167478907522766	-0.140161889045278
-0.231746389893947	-0.0287335327061598	-0.775797087386204	-0.274670258591094	-0.265689746848854
-0.122528359546153	0.203345956733446	-0.319562034945865	0.4596989110095	-0.352923905348492
0.348305810041575	-0.203783582962444	-0.305058762763747	-0.577405659184812	-0.248552715236555
-0.11592300412646	0.174585555069091	0.00707300367510864	0.66921211341183	-0.764757844728455
-0.712665550773342	-0.210828462351827	-0.428390045638559	-0.702710448658898	0.715534446064564
-0.016446228245134	-0.041875253481472	-0.156641463537524	0.0849200322821086	0.055610136228448
-0.151880785932733	0.354282079409583	-0.0817468188993505	0.637256417702657	0.440310445499637
-0.25958595958154	0.307207103108102	0.628588097005762	0.29842644353265	-0.211737733251393
0.0130827102786721	0.156577312660895	0.206023496922572	-0.343028857375237	-0.135506470383156
-0.0361165289337579	-0.0263807353269651	-0.0490848062174394	-0.458138562761514	-0.0643298592230971
0.28174880577618	0.338895522667223	-0.0433986854044508	-0.512763123332183	-0.55005552157591
-0.0480827729741482	-0.480817767565636	0.287180244765444	0.67626284568494	-0.445727209534916
-0.277045179789279	-0.653780887943123	-0.152818395231689	-0.318599486901017	-0.0520951232951895
-0.398666225318221	-0.668773809833787	0.182236903930754	0.0185286180238647	-0.521153407768939
0.127019782192326	-0.160433491994605	-0.432463800665633	-0.530041451267127	-0.187238531463862
0.00444366744192306	-0.0760692897795218	0.146739988128164	-0.0664403303284511	-0.684341543251209
-0.143524057599736	-0.718832732296828	0.0704329528336942	-0.391844910575028	-0.108014589086648
-0.446816201716319	-0.555961431161856	-0.459135811786776	0.598320696657249	0.330098087135224
-0.0274336069976821	0.162947355473134	0.380582764155755	-0.711054327775931	0.220781893069042
0.0897687226098176	-0.516571830230927	-0.252158840230021	0.831585878527185	0.530299776859318
-0.607970828377296	-0.142134071792148	0.450092876260475	0.507523765479212	0.385737298848109
0.049863157124738	-0.526461925592151	-0.370911390157229	-0.55376307202062	0.580584312229401
0.0717064681114436	-0.156768993458523	0.299473963078719	0.151434770789798	-0.423180123266539
-0.288565119006111	0.0367684482850052	0.400344815121652	0.38421118885387	0.348819758593992
-0.359712165463471	-0.366824656931538	0.347157509838681	0.908020602704617	0.499430818174711
0.063121334706456	0.368561007155973	0.383694863081892	0.426487326158608	0.370498574985675
-0.145756058929854	0.280422352312285	0.176118490823384	0.732457623650159	0.21301674828595
0.263670626775563	-0.816689502286043	0.65963386926365	-0.142725569323678	0.826049723974843
-0.282661304518199	-0.00873444520043152	0.304195493509004	1.16262755806041	0.4382996487086
0.390892307407924	0.247362476084522	0.360748647714492	-0.20044083034072	0.11972463112053
0.0448399487050054	-0.229764563763678	0.145540235993776	1.05348521461609	0.228286936056679
-0.400905722819104	-0.482591373095028	0.0604198744502956	-0.385091851211533	0.325144776135192
-0.245061237423519	-0.104548676996023	-0.55576134187273	0.328902432345052	0.135310597588957
-0.337847937637174	-0.30920220064613	0.122140244029842	-0.57635794868742	-0.0202882188490883
-0.53307490300648	-0.639516416647028	-0.414238455840609	0.896005669253452	0.0715960724396361
-0.166485273817055	0.0819187413837494	0.22789102586095	-0.264513200242289	-0.331892666441706
0.0460456609436353	0.108564585653183	-0.109715839985538	0.235321903346024	0.0231483107288485
0.0333244243069244	0.274525048224736	0.350563323296641	0.227460311243477	0.428057708059257
0.213905807775677	0.673789361884408	0.309865492057237	0.33410818433604	0.682037297861851
0.348012202589221	1.14598978337378	0.342818299839618	-0.0665510411348197	0.340631373089536
0.290500339128162	0.783992735961808	0.508862004930853	1.08073123491692	0.879965647113362
-0.0576257792303024	0.24540403516861	0.265363382015311	0.432623899433087	0.38573615729638
-0.216716749861949	0.179708662547378	-0.145510534768806	0.840560630573943	-0.421699497662642
0.261367512176953	0.337438850515871	-0.068923707855002	0.0991541541306846	-0.128566900180602
0.441528833993001	0.308457840123703	-0.123165447235513	0.108045624058609	0.125917804875987
-0.241731873931667	-0.111856948482977	-0.158596449220881	0.976610366666217	-0.0632513158406841
-0.454756886522599	0.145092928557104	-0.583872950738441	-1.53652450044699	-0.605538167884897
-0.0680355585119844	-0.172204331383059	-0.170121574705812	-0.780240251409108	-0.394025348611005
-0.242926220653483	-0.033788085108782	-0.0926376105509512	0.0666982200186479	-0.122447544793645
-0.213989609350683	-0.181869003573949	-0.294841544574812	0.792432176754132	-0.106354492608515
-0.0642162912470992	-0.180955337443322	0.0189576434528648	-0.331101749556414	-0.228065228619783
-0.621249902376547	-0.326518828888009	0.100311592265264	-0.440291649928836	-0.725487592532512
-0.0436947839936356	-0.275886754925861	-0.290798819388396	0.662093608722163	-0.519792256579131
-0.076348513758567	-0.307994852969972	0.0805170774593596	0.17822972420621	-0.133016329205402
-0.554271981113941	-0.369548063851876	-0.198982136613209	0.47297363339246	-0.537309659342273
-0.0544808785546313	-0.266157460525891	-0.379420803540317	1.25047260872813	-0.748304665004371
-0.0142235188449143	0.12470793164407	-0.164350451821909	0.153246063812326	0.00595440066970875
-0.269991531084476	-0.337483397337099	0.0462683170306759	0.593671271226418	0.0445104690049034
0.0314750491726588	-0.227595707826441	0.128946004156071	0.359661392514355	0.351355528402021
0.193388233143305	0.674051306180188	-0.0587420191650552	-0.00596318174818852	0.526726726322725
-0.545004635748713	0.0911953400315972	-0.00659660726466467	0.621954535663481	0.0996905125676684
-0.19462309050187	0.327965624707079	-0.43616310284319	0.772203855218129	0.988760993087009
-0.340608151056351	0.271341339825638	-0.329178680898882	-0.892922847233221	0.472966739610472
-0.303057373904475	-0.226399709622335	-0.397256041961811	0.00697189914038113	0.237725992011217
-0.207128299189187	-0.912752134545754	-0.0256126945932941	1.00266620478428	0.482796608542131
-0.390376087862903	0.0489951188826953	-0.45910718827065	-0.639674658038954	0.630455450466737
-0.299209786207538	-0.323165040673245	-0.152191201713817	-0.495711116822691	-0.05378270990412
-0.182022766118297	-0.402532557236107	-0.292901704376863	0.598176724241528	-0.255215966368671
-0.281509508272063	-0.343006283650424	0.130997772406359	0.263012973788783	0.157517131468682
0.476459250635092	-0.178146156095415	0.188350503439809	0.491368908502271	0.62091936434533
-0.0644351827320242	-0.0485276435472554	0.362645520926473	1.40311632493698	0.288692725195787
-0.101920010893018	0.394183393688762	0.468225261483025	-0.400391984245288	0.84423114435615
0.153099264596309	0.866345916410134	0.884835777607393	0.753339598918038	0.397225531794132
0.201391815446277	0.405019265884408	0.839224629528029	1.16983699661936	1.10397854042886
0.359882193142681	1.12138559420256	-0.18503621449158	0.888414346170711	-0.182607285226491
0.112707444141047	0.291055900783104	-0.59739353535514	0.0333382305478181	-0.0476306790048598
-0.53553228610365	-0.518606043948475	-0.664562015491877	0.364810025986656	-0.431392201358492
-0.591022295839818	-0.583348684178123	-0.424950454991798	-0.541278924809457	-0.758794908912647
-0.238539595944921	-0.787588860524221	-0.258561986485081	0.651044932573646	-0.837038291032992
-0.197181591908814	-0.497885319679183	0.211411636987325	0.210728283058842	-0.85968897408612
-0.760127676491392	-0.219896652521306	-0.33994972529508	0.634859557516258	0.378825614238334
-0.476619545769297	-0.469646720904685	-0.407838816560696	-0.357277826295353	-0.30815277429402
-0.132682512497962	0.0546128256721491	0.0314910705974853	0.0624166107583982	-0.194911277680251
-0.505887455355	0.0607133907848028	-0.00777124149668821	0.851364147192086	-0.55843908316881
-0.643967729576801	-1.04360427607882	-0.529176624485757	1.01946633399974	0.0358031812288482
-0.695784316622624	-0.8286881777029	-0.563553062005162	0.695789631908477	-0.20396908557944
-0.133447669442789	-0.46284179326102	-0.110381805304426	-0.125501695363003	-0.448369162208613
-0.373387438082799	-0.274360876951124	-0.991549654854122	0.0240190393078209	0.0172272166035326
-0.199392792674997	0.0119719816916465	0.115541651930221	1.08294419899528	-0.0624678773293345
0.317663834453361	0.663761299841691	0.266266608963362	0.586248177775108	0.0419061386746205
0.156760853025968	0.686795154504645	0.272503635973365	-0.163292502876083	0.496115159545574
-0.0549036535545071	0.331207032653642	0.202472593993723	0.474619814033316	0.935056737943392
-0.277873751123078	0.154166994514276	0.458344209808716	-0.206057732621476	0.633283077306786
-0.209146726367253	-0.421875681169881	0.22267432264584	0.845807461524661	0.513273649740676
0.00181066914702116	-0.336069266409334	0.274058960284371	0.17436338735301	0.474262259546458
-0.200237973964643	-0.114989013415704	0.491450779477404	-0.967706572712132	0.433149049168099
-0.258551468630935	-0.731214189072672	0.472269519679231	0.307849243264195	0.467380289519252
-0.521937250956661	-0.34891072617564	0.201154765395565	0.704295593688366	0.195170158595153
0.454879103613041	0.2291069841319	0.41655386213051	-1.05965532292054	0.416485537555723
-0.310587406797502	-0.0448006126537736	0.557577859941445	1.99840568170898	0.422791999619916
-0.0503977864183048	0.464396026226466	0.602875629162715	0.871851901098195	-0.113742966675282
0.169319683612529	0.449270820200964	0.188037221452314	0.345764461075599	0.236002558258001
0.205557662402978	0.682460544809558	0.897387624950902	1.0143257759446	-0.0745482846630212
0.310137036251501	0.360659554063941	0.312976472204807	-0.433104564051983	0.210187958711997
0.140093273765639	0.0631628587833003	0.599096876941079	-0.0136342345121258	0.329062209669737
0.33128587749464	0.502761315036388	0.367183190466286	1.19955720953821	-0.456586451589862
-0.0497504479645196	0.0596285443396437	0.437650805653887	-0.193472073430129	-0.391864274693267
0.436647846893393	0.284318933356987	0.45082583115461	0.161395657361656	0.63030484704771
0.0884026275134014	0.117966191282215	0.638984964987525	0.738869476939211	0.231636644053464
0.514452154488157	0.502385107986173	-0.137226734897956	-1.54449542449609	-0.602153130503068
-0.00868853834556072	-0.69682361124778	-0.306464175740994	-1.47700282365963	-0.151798797224393
0.15107087959291	0.0984510208937996	-0.287037118782533	-1.29465394319779	0.239784446728699
0.597039158951196	-0.107108529733473	-0.181801036138963	1.18538154997736	0.455342151402467
-0.381306993667216	-0.0667960683694676	-0.227739377614617	-1.17469497293777	0.133062099752955
0.142145135996831	0.395604636142501	-0.0167057926524672	0.913163427994732	0.464629173347896
0.0615093684154346	0.792254493725733	0.263607526254452	0.856316337018938	0.48764035277235
0.00760072093970657	0.262128948612273	-0.223530741235667	2.57194545332574	0.277221382501936
0.508603604522154	0.651049584541417	0.309168158624615	-0.632814168480017	0.589233523409089
0.243876156712804	0.836937404346627	0.26587818445724	-0.944319410456415	0.467468205376727
0.146852580428033	0.418376343547456	-0.315247300784072	1.86667789332561	0.659790993766946
-0.498430729550561	-0.181664661877326	-0.236502231048179	-0.385359289576701	0.826552472751301
0.011531201681366	-0.232101062320976	-0.375785175479791	-1.08451758455354	0.103875229080234
-0.0782542370448878	0.068131548739026	-0.508861245291804	0.272171415215848	-0.150719201241556
-0.0642829052420744	-0.694511011255428	-0.530846340352175	0.275803665838984	0.381543294251358
0.173034650568893	-0.301325493387445	0.0460401922289157	-1.13780810298135	-0.0442136985241709
-0.234118864430843	-0.0516247925949101	-0.0955900029363632	-0.373742305271765	-0.364796818784001
-0.778198778998492	-0.443023505646039	-0.161680322760418	-0.514056566023158	-0.155849205926098
0.327606371056823	-0.219383055078204	0.528469950341326	-0.560518602163741	0.169556962800366
-0.169905136280282	0.152619518724449	-0.0640057865720469	1.08258400468669	0.529202235041019
-0.0312447358491859	-0.397969506214123	0.196423533216147	1.09238741876737	0.156832163798595
-0.283669360912503	-0.200792557418188	0.109799036338457	-0.0165843007334561	0.0066553967907641
-0.0373758663859682	-0.640567895678895	0.377020792034196	-0.520439011932659	0.400904360684897
-0.238530752299153	-0.451119991950915	0.172735482024023	0.815297426169676	0.235268879752387
-0.296622033515749	-0.603083544757143	0.0206403705852146	-0.551851237131656	0.29466281678314
0.179793932505723	-0.0504415973444944	0.0981614888035513	-0.427413693912576	-0.0130433682564012
-0.18979537527197	-0.481359097904221	-0.193489161539995	0.788884130314019	0.0925362895526942
0.367266540236336	-0.369211409245175	0.497080564915673	1.05836663241048	-0.0172751126300758
-0.319241648603469	0.1652312517491	0.235790398243217	-1.24106434543358	0.379633756934388
-0.216918583230766	-0.074069495318069	0.100194479041866	1.69307156837741	0.693228515372479
-0.198444495125557	-0.128062359709493	0.281046256120663	-0.781273272559042	0.46051184544906
-0.160227773003557	0.400340851620609	0.074423808160577	0.477073354821446	0.31692202807307
0.0201134493041955	-0.113624593653379	0.465373036039478	0.0544785380865356	0.0284510274857652
-0.0588093760059869	0.490256137642788	0.375600334633641	1.12860525487178	0.0198926422964367
-0.276864123017473	-0.27115892843024	0.225639585744434	-1.04325682937199	-0.321712225252513
-0.2943073117491	-0.102722574625082	0.117897793098445	0.202455589471992	-0.119074928539084
-0.152254846605128	-0.283449605660902	-0.243554605306766	-0.198487728696891	-0.0591515353016743
-0.199407588431009	-0.340453561480435	0.21298587509888	-0.279626922921225	-0.441902713680197
-0.696761301559516	-0.458633295162341	-0.0120571844189137	-0.148594209261556	-0.424511296540939
-0.387809601270624	-0.388623917669792	-0.0799195632600383	-0.758091903402787	-0.421299388349412
-0.351714255078248	-0.245742789651412	-0.245751812543839	0.0654266369039171	-0.0564422655718513
-0.412903587885633	-0.0241111443457009	-0.150777082331485	0.694967434803589	0.566883155632008
-0.512615622231988	0.25318105745172	-0.853637151260097	-0.393998611392568	0.117475105403037
-0.0175578488105655	0.268236822956352	-0.131824006829704	-0.081318592687314	0.540022415178915
0.259676501675804	0.715761654066436	-0.413320516228504	-0.305878317506799	-0.439662336239394
0.337999334498979	0.879063378225857	-0.0689711470293617	1.47520426418578	0.0558034718373532
-0.190541435037055	0.492215639227165	-0.110470535545589	0.726865525929158	0.0707385145984605
0.281226881083627	0.117205969349735	-0.163101125608741	-0.274904387372506	0.238006772431169
0.129293907073208	0.110448462153888	-0.449936777309786	-1.38341670719184	-0.652643461962064
0.16755884827504	0.561010033714763	-0.603175348630416	1.32470764780645	0.0817608598861886
-0.481339310070718	-0.0999799518471952	-0.622458039868273	-1.09724849468602	-0.457146277319293
-0.154024020561599	0.240244588967429	-0.599605900143349	0.782463094033017	-0.836620660940079
-0.28479427743107	-0.859458869045269	-0.578461683643378	-0.830158290727543	0.387847226508619
-0.206428932154347	-0.203139216914832	-0.721348901801988	0.0762631296508706	0.074660438110875
-0.196472181694403	-0.475687389003766	-0.608496270252127	-1.23861292205278	0.558283023858317
0.373174979487898	0.352869598120605	-0.338482693596688	0.578256240967873	0.20836033608991
-0.118580481326202	0.331141038704995	-0.257815686630425	0.222521683582201	0.846741358611497
0.015300585340017	0.891412533840669	0.360241624977576	-0.138998209891654	-0.0114308710100976
0.181175663335819	0.990784053717059	-0.0750674963650213	0.134647565168816	0.950028539480759
-0.413702176859585	0.358638958427928	-0.130917321892432	0.246096931262018	0.737454191157592
-0.0457471808890568	0.437246242592554	0.220721462002992	-0.639578427422683	0.409128657962916
-0.150814393629519	-0.117041754811874	-0.569972575708002	0.360156905694126	0.198545181903697
-0.253026828826164	-0.553336711584042	-0.231191071659599	-0.146470181742436	0.615084784770082
-0.177616430942224	-0.217604885120208	0.137088826986545	-0.687830046384913	-0.366079125797968
-0.107045267414497	0.290652125447245	-0.146483532124363	-0.132763330958539	0.470575373743358
0.0564780943500035	0.11460850109575	0.224281379736191	-0.355760519008005	-0.0565898936184998
0.389548976446292	0.357713926294178	-0.0274289764698767	0.0911303307605586	0.62405950994191
-0.0622448854071865	0.0309870388422395	0.204540811722101	0.205857108944752	0.304300985211715
-0.244558323144226	0.0929574185470414	0.382898674792285	0.475532606449935	-0.586103535437451
0.0410036184016366	-0.0791732023243492	0.274548702706918	0.362714262928539	-0.097268349855195
-0.238229993877535	0.160877214927144	-0.0601073627811338	-0.0644651272971299	0.00711286473675729
-0.416448463335889	-0.149133031141765	-0.448293195664457	0.273656951308062	-0.500978288130637
0.301601083826957	0.209369824354763	0.166658663878675	1.30831390777175	-0.175096139772692
-0.158002598106798	0.0921226524160892	-0.503217701558652	0.275479092278622	-0.207222013161502
0.164910705213769	-0.14647295512532	0.298689617986688	0.0874183221000462	-0.0379174659417555
-0.453489568606204	-0.118468314093521	0.405558942473568	-0.832144599637712	-0.313620432117884
0.3019197064208	-0.132247911577499	0.0606726357414821	-0.00976943755828609	0.0277532366565172
0.134364656059742	-0.0802620889137205	0.161854194709815	1.49468432585476	-0.266653088831847
0.0405616210754314	0.453766935930241	0.779190341401416	0.628928135191862	-0.114809080703174
0.284506935480544	0.210271916706743	0.475513989062469	-0.747503789120043	-0.069493103425192
0.202197840182362	0.497863255760613	0.752720585104807	1.37141905855582	-0.365793715846106
0.314604724475716	0.17038142783636	0.393959358029072	-0.0687332138059733	-0.187212631479109
0.770578773178796	-0.188974775475248	0.72774981499172	-1.24354979439875	-0.318425277057348
0.698881793975975	0.72060476613258	0.359070645308406	0.660288839631088	-0.0292485071023007
-0.153370855910842	-0.508735677268977	-0.0783246884649394	0.218893969840285	-0.284194144429072
0.113215910589731	0.364415608252338	0.0294787341572652	-1.26734231611162	0.0816819142375456
0.24776946206308	-0.0676480883121857	-0.0637236520498635	0.00796401384544634	-0.245164383954985
-0.137536429362678	0.623159044417204	0.253424675753645	-0.488056023686383	0.0415927107265799
-0.0946302624990373	-0.313611137822122	-0.441884964565886	-0.0473500433455132	-0.149399161311375
0.265886520888865	0.00456393087645771	-0.237792835074853	0.51766987697732	-0.171148818664968
0.182697421047493	-0.182163172557548	0.0424483805736859	-2.25337197700206	0.086495344339921
-0.556038667902803	-0.145993654467067	-0.237903572037362	2.45918487450462	0.299538791443838
0.165381201873366	0.219102175469168	-0.205996129866999	-0.677711323085471	0.141979577857523
0.138101577700092	0.535773725021423	0.101998687330543	0.0442442674343167	0.652373301457042
0.362854891888028	0.0842856726439963	0.028636812683396	0.39649160241134	0.111882307746621
0.487321394400345	0.344376723095858	0.559858323537751	0.213947580808894	0.441581048605498
0.167133468025283	0.868263278167149	0.542193260935126	0.87165071782879	0.735795557834006
-0.183215776158401	-0.0147951219962346	0.337797144108036	1.25671024657951	0.836561651956836
0.172693530092329	-0.45342385365976	0.204259384202075	0.468114290861749	0.404967241665999
0.246754642175933	0.0245330550061181	0.200896457782651	-0.982426528345945	-0.190339119665798
-0.341097148443802	-0.218396072824925	-0.096023624338612	0.202660422399576	0.0130055425049499
-0.118414878318757	-0.358213321316784	-0.426801439087988	-0.573495992353803	-0.269371860867671
0.368706327408213	0.0500144146213046	0.149946786685269	-0.576668814778872	-0.0966892807200061
0.329209303059376	0.00932892562994108	0.019070964687728	-0.0112967098804377	0.160588309307828
-0.124210656772369	-0.367280254591597	-0.538337350334206	-0.0979093144340223	-0.21346748451886
0.0553285611955798	-0.241588225773617	0.0704828478844018	0.515452101190424	-0.310837763065635
0.193509132446999	-0.279993764542716	0.132909742133261	0.472702128762401	0.275165364721457
0.225131002193531	0.318765791794974	0.0166381896209314	-0.209175608694703	-0.186748965659265
0.353095037440475	0.745270603726485	-0.0137235550626493	-0.27685964490703	-0.36797513403285
0.0704515630415055	0.146309054161161	-0.491650277102238	-0.325321245967578	0.0683373788914651
-0.00717593617758856	0.0881940094418639	-0.361605040924963	-1.47731231038202	-0.0819851848616886
0.244672423761274	-0.18890504241077	-0.321086678142131	-0.854616551341167	0.0300299289444471
0.193985019822655	0.17810139095328	0.0755239997969337	-0.0420065292872024	-0.275977037896208
-0.11805466402657	-0.562129693362625	-0.514116603206286	-1.08046226839583	0.0303605059577316
0.119232555005067	-0.185685527946488	-0.198328016784222	0.0265693132094235	-0.192099018524093
0.272487398861106	-0.268058969770062	0.110059013462478	-1.31744507623765	-0.669417271368484
-0.0222242119087197	-0.179680988187803	-0.121953862776587	0.87730672684057	0.287281501133738
0.350911487201329	-0.285902372123054	-0.252933439683906	-1.68979889267132	-0.468932266651231
0.320639636587755	-0.132909942559035	-0.0757234074531394	0.0330660606950342	-0.672032674253433
0.665227091419407	0.542047284503446	0.371252986367779	0.00781094181655598	-0.403693850283013
0.469993560108887	-0.793729696763404	-0.385139735366484	-0.490904972686851	-0.182548123953433
0.0519835767415467	0.00488979177140931	-0.0595281719749365	-0.802000903827189	-1.02303931803264
0.462764899566259	0.367353320007022	-0.177278709205307	-1.15618620451479	-0.523698806548241
0.355741239273026	0.0693071983848638	-0.308626638351613	-0.55302837855509	-0.374798908856132
-0.027584282889725	-0.192871499081207	-0.0733488193378067	-0.38316141695962	-1.01217359054504
0.54328683400714	0.487035711330349	0.135036754517187	-0.126461537867568	-0.133368141755085
0.0681354238935051	0.287298755587722	0.189477133216669	-0.102066391807628	-0.0893598673725563
-0.0766836463938833	0.584493027998314	0.314683694926904	-0.522738209777149	0.316664779250875
0.098353877816254	0.606803131791551	0.041796538766227	-0.548430832109041	-0.229913434542151
0.254705047091197	0.173396678094616	-0.121323516114149	0.254358783761923	0.164110069812488
-0.159368821224343	-0.140968051141628	-0.0354859062906543	-0.243134250403999	-0.610515930532424
0.202137165357989	-0.494817077885826	-0.00872109879548168	0.369299910439783	0.139999999521815
0.184058399165407	-0.41314238399364	-0.344349726765876	-0.693158513083739	-0.108101091766889
0.0543092739733004	-0.708258444064176	0.243292715292811	-1.7943242336376	-0.533753425493516
0.093765599731232	-0.315886238261897	-0.121332912088454	-0.507793987665305	-0.140753136719293
0.294576859594053	-0.421417943294092	-0.171162377377764	0.478319353036101	-0.267101667319807
0.133559065094529	-0.394531779477117	0.189060105355476	-0.289877996619058	-0.888378768766403
0.0736203659506038	0.0928809754741687	0.319658192815409	-0.206519526293707	-0.471700760434366
-0.0941383789870959	-0.53891114480341	0.195102337763565	0.0122993481182589	-0.58545370926159
-0.01735961660961	-0.672232807651958	-0.314484569916098	-0.413880382088934	-0.555300036922555
-0.112500174308419	-0.399021221206774	0.469631748394397	-0.752129393728963	-0.540751414631792
