0.948487584060469	0.462788354557283	0.845835919461734	1.6165858479921	0.938842889386929
0.343577531927075	0.701023547645478	-0.0848951267478923	-1.32434329683921	-0.0399178365625268
-0.0216824570570995	-0.58394380853423	-0.652928722910528	-0.438601878097623	0.284323223354949
-0.141797175152819	-0.625735424100743	-0.552022029965496	0.569583971573172	-0.731976190414708
-0.111325960841147	0.699134780464144	0.0214467972505357	-1.36608971695766	-0.0701005974984236
-0.450838734071258	-0.322144878513695	-0.403825366546111	0.176769589390259	0.0691581513029774
0.188970384650242	0.224417237265503	-0.107334574845486	0.414534995856034	-0.679973092469275
-0.0582014191203632	0.00481783525386246	0.318721585839437	-1.28788791033554	-0.0889875992279362
0.28748875727856	0.162773105157379	-0.302464046592775	-0.890929104295956	0.622281659563923
-0.0128026844891974	-0.326917445243602	0.559482864614911	-0.594638070656429	0.460207456479319
-0.762475638182469	0.542938766970859	0.425483561943903	-0.930612538013422	-0.563894608748186
-0.572128854886905	0.819016113116684	-0.166702244245779	0.523333966315036	-0.533312410015441
-0.0630995854690667	-0.872440224612003	-0.0927042381739714	0.5998222152081	-0.702856365650304
0.533818103227782	0.115427454702238	0.563990904729028	-0.373382705261135	-0.785546038969361
0.434362561196829	1.11485982112716	0.094879319634721	0.744138480705944	0.149297536445604
-0.446305725127946	0.537711058979802	0.319670245035288	0.186009598465038	0.0283251524782165
0.353720831126787	-0.212862918833945	-0.169178535108919	1.13794335848717	-0.0977445803723942
0.664908867321583	0.692558008245563	0.537955550163903	0.271479261096762	0.355183873495326
0.895637774499393	0.665884001252951	0.343973401184772	0.794697591722378	-0.128223580318569
0.805972218739654	0.056548940710197	0.04378369359315	0.374320733794056	0.561124221513404
0.767001166425225	1.14086395434761	0.832356011905066	1.27196063048858	0.485690573880321
0.896456669239663	0.48524215801126	1.19372293112628	-2.2706889395749	0.949253592343258
-0.0876370540265491	-0.59961312637971	-0.0569133673372106	0.156519104540657	0.511257804148272
0.0671638831742253	0.204008084827699	0.801276770653118	0.0234980620296513	0.790028775018354
0.462600751459385	0.341505857687357	0.321615023373059	0.412706377802203	0.977982246085593
-0.0493863692973168	-0.141237495432409	0.385092325000325	-0.738327435571946	0.461001648317234
0.191416636413463	-0.443298362030737	0.206319542631179	1.07970216192917	0.490830296011624
0.353381374146729	-0.215845815289195	1.0106384963435	-0.234334999892885	0.768090353885766
-0.286202375103035	1.04145946006238	0.181193910037694	-0.565531213801986	0.610425670272847
0.0117881764679307	-0.69335873145964	0.342247694453754	0.305374266809945	-0.140711155649841
-0.0177511610003443	-0.0705161652262363	0.0124983937766326	-0.506369359968238	0.757328842354142
0.693043700824234	0.646487222779457	0.506938600720143	1.76733028591978	0.31688941624315
0.287472428592324	-0.477539928544321	0.311103720040847	0.686714930630949	1.31635745423548
0.216991259866678	0.147278787573179	0.451027249724803	0.365927342876191	0.27259894168986
0.117137865852321	0.246365035822928	-0.174804343304885	1.79604547692551	0.703425944751642
0.296860574059549	0.983605618108796	0.95337183828497	-0.254755532523113	1.14257727854684
0.554806250196222	-0.235326085918752	0.147652720738637	-0.497710803145801	1.70178145061216
0.891009811828237	1.00723826450086	0.606151256702286	1.72701215745628	1.21317346270915
-0.205737153620465	0.189528656376956	0.341286357438453	-0.528752992309357	0.91947085451246
0.955638249334408	0.629182383269038	0.721645783260756	0.744305963159838	0.497308165527324
0.363603194658655	0.0625940380769766	0.944020488633202	0.236331104866734	1.68070106923369
0.58735190387096	0.830017369130569	0.634606911357838	-0.00745505790158858	1.35966967803132
0.152263214097204	-0.49612427275097	0.511574269191611	0.488119147472106	1.07863120489212
0.31711898832268	0.827718681856547	0.742776262348886	-0.976142274359346	0.533952543959331
0.938638918493342	1.04774858817186	1.01885371354527	1.49989403133462	1.56702284490955
0.079054915799412	-0.251181694015614	1.70740637204997	-1.30597631714403	1.05749739650509
0.0810659723151461	-1.13073398111365	-0.248854400733251	3.57927238101324	2.80098927891244
0.340230156549966	0.0775567957607022	-0.356750066610757	-1.27488624886232	-1.51205750324656
1.32094487911786	1.55658240211492	0.67858934873967	2.95277580714743	2.51183577506116
0.82361837640886	-4.93994875808024	0.22809891351601	5.1366936296407	4.37393064764186
1.69362529196878	-3.38239050132114	0.510490591220757	2.59486978838298	-0.018820852842037
1.23714360729732	1.37912743954801	2.1348327663211	-2.92571536929064	1.79700968483775
1.56944278980761	1.71292220160843	0.872986131988606	0.743715066766273	1.11772028921548
0.648371941600005	-0.237291689298953	-0.334458489811173	1.66066520582447	-0.383251207179782
0.517704503093099	0.408115098449567	0.211404078737369	-0.422200219587244	0.142639307416024
-2.63682413711352	0.197357429605503	-1.95654400135668	-0.401985091390904	-1.79223957129418
-3.05798184101238	-0.710982416111281	-1.95030414858022	-1.77187572607322	-3.05944829411729
-1.32010866025845	-0.0195784343983042	-0.573450070408646	0.768021089268847	-2.09066368771224
-0.47917279658606	-0.100098704125013	-0.24371797220868	-0.0533263308095784	-0.845742337625615
-0.545981914872859	0.318993840546147	-0.458788928661156	-1.10441046222177	-0.905190147934416
0.0246816633152506	-1.17703133078723	-1.36471963119797	1.9034629104152	-0.691631965060928
-0.27842879054191	-0.0836986180390978	0.076300742930668	-1.19366002689286	-1.1754088901308
-0.0936687417865935	0.658699438012907	-0.558742277489242	-0.459171508080032	-0.214000445769299
0.014309112914612	-0.279595946809457	-0.537498729759393	-1.15557409326674	-0.591222584060271
-0.0642230093239085	-0.119941758839516	-0.996005092754097	-1.62499164273215	-0.424010006127676
0.845644702321418	-0.0967174942003956	0.0450396717035906	1.12620275961197	-0.499378128944248
-0.300586496639266	0.540030433194892	-0.879690549250252	-1.7121372616288	-1.08589632571817
0.0392818614764732	-1.01663322787176	-0.39539591584628	-1.52570810936105	-1.82992211643351
0.549821144285048	-0.142666008725267	-0.48701940665814	-2.17724705068262	-1.53952266340083
-0.0722227709326931	-1.34957293017806	-0.588593792428965	-2.46495897672841	-2.48216718130572
0.4860369797739	0.134315959630995	-0.989900227935907	-2.25035903217174	-2.31731888855515
-0.44064074865174	-1.91728742897103	-0.0792453734117147	-0.108745806637213	-1.73120793119424
-0.727223644961178	-0.637166562642135	-0.290200822781763	-1.24274111939342	-1.29007623421101
-1.41089880150904	-2.05178638594662	-0.765107819822432	-2.07875534737736	-2.48191820916959
-1.3730915116445	0.0894271107301913	0.0803606667415432	-0.430577661638006	-1.71818068764868
-0.710116773610908	-0.555463421202024	-0.0929173007253705	-1.85104468366357	-1.00670576756266
-1.03077176770961	-1.08112693053732	-1.05586064429998	-0.402610144472076	0.363240173618279
0.291670653742093	0.595518871805174	0.351230995194514	-0.582542174301802	-0.54819359258707
-1.51636560259703	-0.69412325186056	-0.0551722078133534	-1.65411913457811	-0.825540613885831
-1.02184078872143	0.256971704207475	-0.0797876300242263	-0.0493260786673199	-0.215058510055408
-0.779846236928909	0.915632528250331	-0.71398280510371	-0.18588082423839	-0.0637291568505816
-0.0550519606094412	-0.452088231325813	0.243134603781682	0.296673687499176	0.867743651988573
0.34124170515733	0.566870220704023	0.161950718436902	0.837932018333081	0.911514648757296
-0.251499913764435	1.57784546738738	0.492018635429379	0.582188336623347	1.31832090290219
0.0696304747466144	0.359328542542079	0.682758661790291	-0.332832729438571	0.613057678200574
-0.0345878895802739	0.781416969153369	0.370205687328805	2.11547366898119	1.12677861308131
-0.154423429890388	0.562298582650303	1.13263974790841	-0.481670009423438	0.807068789324675
0.854856677174394	1.52135996152683	0.528244166677439	1.39230908430403	0.785152342289485
-0.252663327885886	0.0522765341663677	1.07820185131256	-0.03333320183887	1.29167311696683
-0.142616920985012	0.204370582357138	0.63952103865026	-0.0163696208773816	0.765876654855803
0.40624221642043	0.866802998209352	0.301191523965043	1.96130153680429	0.516256386169285
-0.0167809197495301	-0.0242096475511287	0.599994044205252	0.809580883082231	0.0832706823605961
0.153008406371648	0.258140132806877	0.479271853837331	-0.0287834622749838	0.921552424339418
-0.720473793677598	-0.156451996851736	0.123061154637554	-0.4080179339375	0.0338324355000311
-0.400486278814976	0.626207919075295	0.0214337562550265	2.412182952617	0.27456592902112
0.409504980245461	0.023493049685223	0.456533126125387	2.12649902623836	0.358322087198802
-0.07172418410923	-0.602397656577035	0.518152048461176	-0.192965568777019	1.23688733191302
-0.644334284581772	1.61818404786494	-0.0917281221946187	1.34737723244637	0.559007702049429
-0.08951947136233	-0.549960762947935	0.0260258548278588	-0.592764896132734	0.933302110468977
0.744373732569033	1.15845951016638	-0.230843154917107	1.72091606535105	1.33360458385089
0.638247676664631	0.564180882969858	0.829050256283682	1.30340211006539	1.46111631760172
0.54501353334633	1.51936947071286	1.02791051708139	1.30794817176361	2.00474888796747
0.398818430703115	0.522743087150224	0.0308217506283541	1.02754227384964	1.30110915695699
0.888755435429729	-0.353071250774231	0.677418188148932	0.234024020679236	1.13533697999428
0.443279740725335	1.00741962247831	-0.246218336030729	2.07002831732347	0.996422514960591
0.708708850030339	0.257315509012181	-0.0577113996929859	-0.539790416021536	0.91047396007728
0.670465106927482	-3.98974588857623	-0.318178766310456	3.2682286572555	1.76257604880133
0.583621435525906	0.943506860349067	-0.668349534202454	-0.678639288651747	-0.25786315142337
0.168954285708282	-0.253968565864994	0.0452187075531727	1.63043533128221	-0.0932013053099309
-0.340118023399442	-1.36024300551757	-1.12815268508733	-1.42879232404904	-1.27579390188935
-1.8532702482424	-0.360849543636914	-0.686113094919492	-0.506112302460241	-2.62130298030896
-0.930497770904144	-0.772553044039022	-1.35453094773485	-1.27397875419857	-2.346658964024
-0.787294335885368	-0.574625248708314	-1.67765396881581	-2.92680006354266	-2.85899436718367
-1.68599988280629	0.597069437901837	-1.19442372037041	-2.58521816143744	-2.56292731420159
-1.0359872392847	-0.902657622037834	-1.44579167817521	-3.74552277579534	-2.72228267432427
-2.00290991953095	-0.811292975461858	-1.34736762386867	-0.522206071402697	-2.13528971342547
-0.949656371696257	-0.534883046263323	-1.26924354456074	-1.77149190923289	-2.1570825297205
-0.911318372128861	-0.57241902977489	-1.27857488058058	-0.84867774427581	-1.35689880227128
-0.979082799904739	-1.45257867744714	-1.07203250589258	-1.00992276395514	-1.87519528025632
-0.462892624615802	-0.444844189578759	-1.04490851275519	-1.71585758032301	-1.59955857314139
-0.613880895018321	0.401315696694433	-1.06516946976135	-2.46137599443613	-1.91432712282868
0.0519092444610677	-0.99020107634283	-1.12864463132335	-0.77588366348674	-1.54106401191663
-1.11083152762691	1.03418819257178	-0.647680615960581	-1.96612778002708	-1.99382621841341
-0.459759761336466	-0.106884550825901	-0.484361551710922	-1.49673096650134	-1.5400452691794
-1.34350527327893	-0.572060290887345	-0.579436875669348	0.660621423215909	-2.33801316710251
-0.996601144171834	0.328125746639209	-0.228834754735898	-2.18836633451122	-2.42142994066583
-0.365132761197842	0.438373920597612	0.0888057442141963	-1.57978400209479	-1.55776509786394
-0.890510123339917	-0.691313008049138	-0.453626576126125	1.03943276463671	-1.01234946950895
0.0236895631484005	0.704865689920877	-0.234213953571605	-1.5341291133423	-1.09432350373124
0.15795847489689	0.844453908468233	0.177612944803309	-2.68928950757947	0.232310671054658
0.458098786734845	-0.120226513123827	0.338801798704972	1.23822152083433	-0.499024400115437
0.186478148995477	0.309540069801286	-0.393760723400275	0.674631921165745	1.25167527272236
-0.762291858051161	-0.0649523695122309	-0.473173916549895	0.461855726447084	0.0262468168983046
-0.942208540798061	-0.570946582304583	0.0403493774782049	1.05378320616321	-0.646395397615245
-0.48234571626787	-0.401660582707365	-0.233617617678296	-0.562949981992183	0.508043329332368
0.0528530136414432	1.20215688547693	0.0670242116530226	2.80574972483562	0.567953745774907
0.634628883354641	-0.572467389547722	-0.0293756680666364	-0.195047601790641	1.26820440327166
0.802982746454802	-0.470886908731285	-0.0637474434702091	1.71507287623882	0.955469932113399
0.169027535341349	0.297479052443464	0.421530566866584	0.549335541565401	1.37177849998223
0.605918696545603	0.00619854365222778	0.302971573281669	1.76100801284538	0.951967566066441
0.617489549351849	-0.555345895781674	1.27424429632487	2.22147119839157	1.49680715821402
1.35697544657713	1.17990506749191	0.755526418784074	-0.30477028451104	1.5288158530746
0.522835869328364	-0.818069742369398	0.742558700699373	2.57650165324994	1.2687438397589
1.01395749446252	-0.102678743175495	0.649423937879	-0.110786275610102	0.351733739130252
0.123885465750777	0.170428300719456	0.690181768588704	-0.461763682344395	0.268396072846622
1.55488417251028	0.0327366953780945	1.1881193519941	0.645913240349705	0.0753626049043029
0.494488182942008	-0.58038034114091	0.990167380184899	-0.0218637374628117	-0.401028325088149
0.740626326460805	-0.573748939749042	0.386251623188036	0.752225183478713	-0.651911242992062
-0.251031487843959	-0.815553615889583	0.185712187030774	-1.81263122788998	-1.33571596019133
-0.992088675076666	-1.52802476402834	0.212294133266912	-1.21607979579472	-1.55240793257397
-0.421583472742897	-0.251783618982668	-0.802288625943494	-1.66390822954191	-1.72771317663624
-0.287098972437671	-1.14562245216919	-0.698901749030621	-2.79747744679198	-0.999515945212824
-0.164586794482072	-0.21009576986475	-0.379879533479754	0.604457862857146	-0.432721914464635
0.507949663545943	-0.404101929704048	-1.0107147922772	0.0144472459623924	-0.204139927409702
0.202895923857514	1.35099161287462	0.671331676802887	-1.80510142098154	0.645795735735249
1.8791965494266	-2.14712534104242	0.00361801807421434	4.60332917349792	3.59527665063081
-2.93755911557516	-3.91835874069572	-2.06242859074186	-4.91417829342285	-6.48136339469948
2.59921527858607	3.94518877677728	0.247346620144081	2.09203645005782	3.0903011815736
0.0235117471693045	-0.90057526564401	-0.395335135178979	-5.04841340222636	-1.13508226164435
-0.0515029328211975	-1.5516598176375	-0.758074224126641	-2.93946217335828	-3.02081303506134
-0.574132799447773	0.725797592879552	-2.07602287925269	1.15502337560691	-1.30125555108421
0.271496959564807	-0.336107419333705	-0.636786301179244	-0.334122841855555	-0.640337934036247
-1.97493786822495	-1.11671581299277	-1.28112760492728	-0.447918610060783	-2.15007685965334
-0.748888359028087	-1.46268295602738	-1.1557700457498	-0.741999947622834	-0.997621604415969
-0.207431017828192	1.57381825557541	-0.971307014701402	0.364176777879477	-0.819177027740853
-0.0107220077041231	-0.228669678386509	-0.971558940845121	-0.148549853484781	-0.186746394040395
0.769265110078527	0.460704904512499	-1.28728975756819	-0.149990282976405	-0.529307787788333
0.0597908567019184	0.466044056694713	-0.349499152885348	0.543667283652795	-0.224959766814345
0.195883097226016	0.737259404245751	-0.405382002937021	-0.687953042535099	0.0509594587335101
0.0301646990519617	0.281367111024293	-0.709189167395928	0.72243748408167	-0.40475018359434
0.198165243933554	0.170253794076696	-0.673553433768599	-0.751900791725291	0.236709829535626
0.0563017481968971	0.551726589495306	-0.131437182652918	-0.107653353579867	0.604902135621168
0.257922100525031	0.1430631124072	-0.230215370142928	0.371309125983194	0.21921465590664
-0.323526363233559	1.15829863131784	-0.216381042669314	0.0179334175878349	0.0205657946589017
-0.166556055526523	-0.655655790384813	-0.641757973228562	0.275378290660413	-0.402280022681755
0.00956224607883104	-0.543300187227467	0.0684852484441249	0.44369283790585	-0.694381730651343
-0.354144066149348	0.44277317407956	-0.47587969795355	-0.737198707388127	-0.0998969443106232
-0.435724961665449	-0.728459543895774	0.065326893708683	0.690805684041834	-0.0746080091906752
-0.0999405017418147	0.0324915487690745	-0.217365550154113	-0.1978714185597	0.535776731106732
-0.783517556327976	0.134661603362079	-0.164212431494889	-0.93745679597082	-0.256372791133947
-0.891624617089516	-0.0876836802961405	0.0273137602456462	1.24841870557458	0.0614368017745504
-0.562611979331358	-0.691859882664229	-0.730869892139341	-0.290435849119273	0.108024053819163
-0.0507025908469785	1.04167198834202	-0.225237326894161	-0.0791752924597414	0.919228973904753
-0.0351484520651354	0.684438384842135	0.45019406489462	0.0946740753822709	0.877398298054122
-0.250196120257454	-0.284537399038485	0.730768807519327	0.177033605958261	1.09414255723399
-0.33422609036127	0.705425506598813	-0.487803994814695	2.13032672474171	0.432214835463981
-0.370369679598695	0.0583432535763663	0.826591244456682	0.231718235365649	1.24887299317928
0.552075132789772	0.389380811747342	-0.0101566242623462	0.394439702907532	1.37252394072648
0.189136982625652	0.743671957340367	1.01963274238994	1.82085665892988	1.02146159578813
0.145889893787826	0.551541404526812	0.896111512273522	1.53617499243696	1.05769922777779
-0.0011957615682715	-0.153910516701692	0.207495448371063	1.59350171972575	0.693226712961575
0.612006785358735	1.05720171791548	1.05379423120244	-0.364009491271286	0.945837715427059
0.304220858807446	0.117801985103043	0.847268360227152	1.6869363153116	1.13687792752247
0.356922901552866	1.08344655537914	1.12928719313905	0.86648501381429	0.988187421367191
0.107486785953278	-0.0161804309888265	0.707168751222526	0.489641832200784	0.998576175980248
-0.141450558163203	0.49212852939068	0.959638353449047	1.28480664467923	0.546762141485578
0.153243700953633	1.0106838384355	0.567226889046437	1.57183075349436	0.585944430804533
-0.130710958124146	0.601502641539315	0.668311911895678	1.58405809988024	0.372428700058423
0.26117269117022	0.020934748301399	0.675907430358338	0.696965174687753	1.04840126850005
-0.164451599415709	-0.50191460327492	0.699785355712974	-0.853581494879106	-0.106757039691571
0.33766851396964	1.30700141425861	-0.552452593884328	1.46055472101708	0.60241081452867
-0.344352640998441	-0.652272261307518	0.977507344241157	0.951781787886485	0.729010131532016
-0.190943968537642	0.377579167320712	-0.218138727579556	0.0682810475160236	0.800065491310846
-0.0115314855030059	-0.0875368029102125	-0.12513489838268	2.26642818097215	0.275521488853383
0.976322115365636	0.554099803095551	-0.16178294474279	-0.690521915039525	1.11218248216793
0.163096552660531	0.794045151392399	-0.083375252253912	-0.194465627703088	1.89285344590013
-0.094200278132867	0.0163991775846971	-0.231010408715623	1.27914243123245	0.2026695387935
-0.0920492110724829	1.43306933972132	-0.590924399029431	0.917999257089283	0.322383466295263
1.3908740102742	-0.372079067458827	0.00748838021026331	1.8569252420091	1.9776100789916
0.726759584489269	1.11866056534396	1.26132904553095	-1.15252035302253	1.52099586661792
0.454527969279084	0.504066828416531	0.363205585099878	2.20614383156779	1.02239606280478
-1.1368657689912	-2.17805383643202	-1.92198755799664	-2.10049775597984	-0.970745056627399
0.796011678576781	2.05740742450524	0.653373247288804	0.366482089785023	-1.25330615590591
-0.131346071147859	-5.2575147939284	-0.85490987448908	0.539273060325126	3.64778804878068
0.853571091090114	0.143031802171546	-0.396596975861155	0.234204039479758	-0.974537726704904
-0.624199289725259	0.627096652809676	0.225705125119603	-1.73737111481105	-0.813067833420041
0.680949542335074	-0.39321606291898	0.439994566958324	-0.701645496104864	0.7074615329713
0.3018496388066	-1.39434292254925	-0.830590698622086	-0.398655545798306	-1.34209632145838
0.0668086577865083	-0.0838508559698018	-0.79423282225111	-3.6270411493158	-0.548116216207073
0.224123522557461	-0.390522616275692	-1.29594013452142	0.220908587867209	-1.31008459363133
-0.566671360693615	-0.620475994573142	-0.574328019703343	-0.747690556767762	-0.731703705449931
-0.514095122801917	0.14580917734873	-0.999878876743513	-1.71546117298605	-1.05092763287073
-1.04925749090391	-0.962563985778916	-0.586355713900577	-0.698398290491978	-1.79431560636694
-0.397760661454307	-0.112352286694628	-1.12799460788915	-0.939627613057173	-1.33869743163106
-0.234737811339887	0.920802716547388	-1.35004966238959	-0.128233178045877	-0.527025142066252
-1.47483413397039	-1.23666139842372	-0.49690442966347	-1.89965521209523	-1.82898535629076
-1.03921291179561	-0.250844212230879	-1.12573381715994	-0.14525837233865	-1.17166683793861
-0.917476558522175	0.258845020509863	-0.319226199517488	-0.476204661697981	-1.65959415231869
0.508988871502621	-0.353873855971385	-0.686397988231643	-0.490206787665412	-0.0509290107963845
-0.760340548340523	0.512349738636209	1.05011183516675	0.327494494918934	0.0463598593195618
-0.42221957477959	0.665670054793459	-0.0456038068039294	-0.678463106365416	-0.193140233861772
0.0941230602304195	-0.0212591638576429	-0.166491391767176	1.27964906643966	-0.373234152579405
-0.334468279298913	-0.556621419347849	-0.0315600384027574	-0.12749182158765	0.397544862103289
0.483571641779629	1.1779488667061	0.535974901340654	0.97345810915592	0.423338693954337
-0.194771740912562	-0.0606059351851152	0.364538546257541	1.15432753345149	0.59243744280414
0.154919954529329	0.633446279214491	0.203625979819744	1.22856031566487	0.163756920695048
0.297564269772956	0.0106023509439658	0.412178686238466	0.184949333553333	0.566840459540499
0.155398096971056	0.353324709726334	0.339051782474398	1.23463366864669	0.513595181219893
0.205811862848672	0.170473925500385	0.56071118513448	-0.210053147023204	0.0341312644645438
0.0357681655221342	-0.39555442622188	0.010751421089412	0.801845229934038	-0.543826405912568
0.0684906962812289	-0.525336999645747	1.04216152195036	1.16399890290706	0.746146780324519
-0.109431494486093	1.4139116389202	0.823857400960606	0.242041819529317	-0.0420939421082836
-0.261104695992009	-1.02847984640381	0.0578473585082886	-1.35275842635606	-0.579721515660152
0.0403815946726428	0.760157252280526	0.22992163591769	-0.308055952805263	-0.035944883588685
0.186292621922218	-0.648267112619938	0.968512637012225	-1.06452367791305	0.285398553958452
-0.0372025029366719	0.553426436330494	0.672595810233441	2.67975863298887	-0.0175334276561868
-0.327095163211453	-1.15014635460606	0.378238632133131	-0.537696569573565	-0.695465036863046
0.766604691082571	-0.0244228531061067	1.13689561183406	-0.780508148992663	0.198523140248902
-0.866581436248035	-0.354189481398227	0.544562217656442	0.327556889414964	0.223414878539657
-0.090090214886912	-0.200996414363707	0.262367839669567	0.657155820326519	-0.526780376334924
0.729271158418546	-0.152998948535476	0.195458892597333	-0.271578160011389	-0.698051513287001
-0.22360529273826	0.112300277257324	0.303925356701467	-0.519539576489623	-0.148568167663344
0.122090134705646	0.131376411155182	1.08306066735962	0.758045622668496	0.973820224956968
-0.185244201237104	-0.289910031471587	0.0194183160603132	-0.724633478851992	0.0963846245331021
0.893574000644417	-0.100612784098755	0.368132107824925	0.714124066871949	0.313556382076557
0.561188475029451	0.972178370695719	0.902256727338067	0.243109633566284	0.978173998067718
1.27178444549226	0.0026621155662981	0.892435870657279	-0.457500488043181	1.37565083327942
0.809873393169795	0.209962559630461	0.00303706339084892	0.0409815608440139	0.464472217380622
0.700879052484059	0.321502115912043	0.461941068311261	0.5742583668223	0.868901488226576
0.957926645350497	0.840746459014005	0.921825878549116	-0.310464562972408	1.2273456783426
1.16336226049597	1.79010229603551	0.229936274717782	0.294467104060242	0.816197560557783
0.359585454474754	-0.887564113257505	0.0792727288165452	0.504697897332797	0.0438359434007775
1.43715131195138	0.620835656549316	0.560951435807351	-0.421132964107001	-0.363890471089159
0.333517838106774	-0.896623545317314	0.174376139218405	-0.10208299346314	0.919816510488716
0.4647358872958	0.018102174376209	0.711484492801059	0.373602621064001	0.400707063289481
-0.727862657327765	-0.191154317900199	-0.620308499311496	-0.196219520793253	0.00581286708641393
0.528291592536647	0.452169392866478	-0.402438649146235	0.375705268315757	2.81428181643968e-06
-0.426062507329375	-0.680354487589866	0.307223770771989	0.0513164973024611	-0.0330509246340075
-0.314059572223546	0.531358931932571	-0.0454815147148909	-0.975790922938881	0.363417890477996
-0.146259621226981	0.49652479698753	-0.22583514707101	-0.00558458034252284	-0.38604142559102
-0.0702433853437156	-0.11355373020639	-0.0498168904555398	0.284411045739625	-0.390455899128506
0.179177450858043	0.163194700130698	-0.302093280602875	-0.647087855866106	0.102338779928703
0.58441267677279	1.91019037412286	1.29404859587752	-0.692660170390117	0.816873043763181
-0.553429592740414	-0.30435316706835	-0.193421297722209	-0.504390176135591	-0.135019889367885
2.0900434389376	2.86303915565385	0.419935835514103	3.15077988469926	1.9564206560876
0.0420145520701839	-0.0731183017013977	-1.01383848577496	0.981764170925672	0.75071977729726
1.20047535685553	2.03621788901392	0.598244489569793	1.38676157748201	1.73335939269142
0.869491406967046	1.36646514816421	0.339662648316704	0.361049440821188	1.29175370205504
0.65905361729667	0.726216015448844	-0.214006444281267	1.77935329134829	1.31010642366787
-0.144647726606447	0.0722257099385058	-0.975077126861662	-1.55814692139737	-0.30422771096617
0.381520224324375	0.554685670461218	0.636721184754644	1.01537278032549	1.6036025441087
0.351995420059747	1.36376408160985	0.25862266424614	-0.417544295146863	0.437338946451725
0.612218189213461	-0.403906995193097	-0.454675480049043	1.40619820673688	0.230844397926922
-0.338862365700311	-0.527603254533318	-0.425583175148576	-2.48723216445212	-0.894708865591054
0.252352649603373	0.783570860167336	0.50073926221071	2.91746201348437	0.296478738298352
-0.328715124510185	2.13796559607767	0.281906776607218	0.660206419398251	-0.359771735350665
0.0898052462777782	0.0108963334941485	-0.142805804483086	-0.451683456425238	-1.50115892167889
-0.649777761574666	0.609163305043634	-0.789719188714224	0.153171984770346	-1.1006368842438
-0.542671169225861	0.752873086937558	-0.0696256731393664	0.462987487031281	-0.584633726830189
-0.125649024525781	1.68657421459824	-0.0157959534089188	1.15450667915632	-0.930907895622048
-0.765770782593966	-2.06835849330285	-1.63819624731364	-1.64300573206344	-1.09459478340843
-0.446282956337337	1.18135037268358	0.385040410391147	0.326985290773814	-0.246132090239685
-0.853160515298744	0.279702433614637	-0.54289104819923	1.66428451034678	-0.0735081679158924
-0.323225806391618	-0.319477537049416	-0.482545441779267	-2.97297725876707	-0.297888735620467
-1.04739374652137	-1.13106620698706	-0.434218885624539	-0.985472605025831	-1.26805834487099
-0.70550784707921	0.408499358743483	-0.185972801757463	0.918695654561045	1.02079644985015
-0.621435703703177	0.434149518756166	0.459228462922352	0.0818069816809687	0.285124941096466
-0.943204098144053	-1.20849761519149	-0.966953566719139	-0.329832318584126	-0.481903007973207
-0.568401652051703	-0.310878524968867	-0.358188307569414	-1.88239019000009	-0.4343701330289
-0.12873520676537	0.328822024503931	0.243922951204955	0.845705968683516	1.1248977902269
-0.347294261230632	1.56848596888026	0.585978698050883	-0.935020285398159	0.936350526823112
-0.121124812375216	-0.953966960546094	-0.146266414689041	0.292633125793545	0.420797378656847
-0.671101710650636	-0.809561180128495	-0.191737204619444	-0.00341629606632826	-0.14513389879834
0.391672585966003	0.619322688326904	0.659244435022899	0.717609865153188	1.45019314259783
0.207385531126587	1.15002097912989	0.990167682084211	1.24589821365551	0.753026329144793
0.265949388435306	-0.687819313738135	0.553635407544368	0.678494567055634	1.37549785928776
-0.0614106976832674	-0.270012094998284	-0.344172440749744	-0.407375163939309	-0.244234925376615
0.394650601504939	0.66639794616758	1.16986600732299	0.818855741316795	1.56506094353354
0.0145107634984557	0.740828144659522	1.19511620905755	1.28355473643843	0.154980029622528
-0.104655323725483	0.288025822511422	0.463876977872517	1.1368356600327	0.304638844255206
0.156030538944698	-1.24460416248344	-0.064955410013079	-1.89161880558099	-0.419562819209535
0.358625113182325	0.444203653111247	1.13915187807143	-1.11475317616888	0.194692453426592
-0.502445615215146	1.15306525079007	1.33694170711678	-0.671340284206361	0.431465381090923
-0.340800220317598	-0.789154538271261	-0.382074128530722	0.833702872094861	0.44326935931774
-0.280709556447129	-0.682880165091772	0.46614960875764	-0.850674063292546	-0.470960578721309
-0.21205119007333	0.459096031368509	1.02939904908442	2.4525937811694	0.983417074418012
-0.157098947627052	0.08320600114829	1.47999076595911	0.43432318106697	0.320759069396963
-0.170664020280634	-1.66052888458697	-0.0298262482224338	0.352995011356511	-0.250851397181942
0.213351847141751	0.000426452193344	0.465355562070664	-0.273745712223028	0.24390236091868
0.177061190529016	-0.158408228975875	1.28511928964072	0.703423978791637	0.446008488688015
0.477919172077927	1.12550397880151	0.924771555642939	-1.19652758445293	0.665086658894474
0.216328047050475	-2.27876779409159	-1.08611615670839	-1.15003110655437	-0.675188472976556
0.781746236686319	0.753779899535979	1.52771112085627	-0.0280069428251245	1.34612729808753
0.87136470267201	0.0551510865215329	0.536505572412798	1.54195519506813	0.817437187413738
0.831285057247722	-0.111302762220697	-0.299920886099961	-1.01555749837023	0.970296762117184
0.185844538443768	-1.85768907294314	-1.41232456650898	-0.862884512301138	-0.534776964811393
1.17539070029801	1.06193675431117	0.738867472583768	0.652587735830796	0.874519333688069
0.00989169876429767	-0.17358832131606	0.00752918851678736	0.00800934207529197	0.244721836057208
0.650954378765798	-0.0767646172740384	-0.197267233118887	-1.37809567901073	0.835405396281417
-0.2349019450563	-1.18806714641015	-1.35015817937266	-0.402716835534845	-0.834801094204635
0.373729812560873	-0.31428388140864	0.525278936944552	-0.17005191310701	0.374077490226525
-0.283598709751512	-1.0210456064642	0.0548549152781451	-0.454146678622114	-0.187709485880129
0.318708771607522	-0.522433401279443	-0.0585307605306933	1.17971000662993	0.213827721179182
-0.525313304302589	-2.14796113845198	-0.786969738300239	-2.82494966682069	-1.21267962235311
0.830829168558688	-0.457510491541588	0.525222948842669	-0.328079445418304	-0.558715683897242
0.214229603171571	0.38077489618544	0.389389663993926	0.315370231529928	0.289441150183429
0.377649940203163	-0.86360499650341	0.266055646640093	-0.0220910819540085	-1.01715617274718
-0.392010306681555	-2.04219454046196	-0.977682153325809	-3.04335713320792	-1.86037297175536
0.401942381815737	-0.303653230011867	-0.158922165822621	-0.477825054624036	-0.922217249475459
0.0113996381938019	-0.260047690104602	0.368339481948785	-1.75629942278209	-0.902798457996408
-0.31458688808857	-1.12555025125361	-0.0333047456620927	-1.38454114701908	-1.57210616015419
-0.99827970033509	-2.39127403731267	-0.90314309182084	-0.971629734165691	-1.13764807810117
0.02440066663696	0.208406978755588	0.520108066312014	-1.29387562063531	-1.79502587516802
-0.335567763128249	-0.979630066398712	0.026635539555203	-3.13433827571505	-0.139540706725981
-0.370379031559497	-0.574483871000479	0.197673818628186	0.817344495454974	-1.18094183218115
-0.701748055181952	-1.59850563956676	-0.0985016673368029	-2.31650682424356	-0.791553005535311
-0.254996200781006	-0.51179171165813	0.692100733516831	-1.33736073520986	-0.649349168598453
-0.268746651707375	-1.08528850975115	0.909660169762224	-1.07830310952529	0.0267468465826939
-0.442398169351301	-1.19183920270191	-0.532993853263747	-2.64419315397532	-0.600119893293521
-0.403862894987452	-1.25398370375419	-0.0515911751722767	-1.17945310468281	-0.822262800710551
0.418127080169821	0.157636035800558	1.96464923993824	-1.73777441860129	0.902493739475168
0.468319463536945	-0.104848093189685	1.03000616889294	-0.572852566668476	1.09383260661574
-0.0856220960073478	-1.3797057981642	0.226243186497336	-0.923112530716705	-0.437705051235438
-0.0644219849364931	-0.966854355004304	0.193574814964186	-1.18951712261906	-0.101328723867505
0.563235885920177	0.32343895174143	1.91293631804741	-0.716403062911514	1.10241090133911
0.137865016273612	-1.21881753787474	1.13717075297754	-0.64868328653176	0.368384356277972
0.25956813166809	-0.949964749277327	1.16154670067593	0.957320848405351	1.02053268648148
-0.0720595210148742	-1.33770174240565	0.746279926477661	-1.04683239224268	-0.320616895278821
0.373248820572228	-0.80726491820318	1.5523182828336	1.35596219583837	1.02231079764087
0.615597946830347	-0.241467994901809	1.87473736320129	-1.90820047287123	0.919788249634965
0.210602610101461	-1.22982186394445	1.00731179520998	0.531009114533361	0.415001579098879
0.270701251561068	-0.611144498351413	0.680975055741595	-0.917616317498269	0.0687699210938047
0.567287889181139	-0.111384993372596	2.11839920680943	0.616784753632715	0.463019864801387
0.158335993842724	-0.342258871489386	0.938242608355081	-1.17057657070052	0.0387215838425667
0.523525175598336	-0.425155761231429	0.867485638180189	0.22862881315674	-0.0108499194923266
0.0409325549895843	-2.12719920667212	0.544321712216579	-1.1125372875393	-0.546097314360528
0.624027249125358	0.100581147300366	2.21030149056402	-0.450221378453213	0.553024549944319
0.632724075786988	-0.596730572604327	1.17277847266654	1.02724110654082	0.543283717106931
0.415900898373419	-1.27116394506425	1.00566911178673	-1.25660368832577	-0.683913001642618
-0.453925399143347	-1.3612651825042	-0.414932054144674	-1.63002885658799	-0.855227012972453
1.78095639208998	-0.107780012268217	2.28320597052182	-0.60335454969247	1.29022655763107
1.08710263656982	-0.336328581938693	1.92347908663159	0.291017985394262	1.33899250336237
1.33900832395318	-0.371860056704785	0.667898090706449	-1.17119226584198	0.880947773171121
0.644589538974773	-1.03852556526611	-0.117282218894743	-0.873467372219723	-0.366621890924351
1.33885370332705	0.187248182788454	1.04832730693924	0.88297990921421	1.04031355872927
1.11091992727167	-1.51618647520232	0.472571132850413	-0.832923074448766	0.112430111751877
1.36806697456579	-1.06905114213558	0.510732422006084	1.23119502432553	1.26861543133831
0.0248214802801682	-0.223301534221109	0.337356097225707	0.21744278265727	-0.915549807067745
3.60095556470215	0.814530771406562	2.60357704495521	5.00100622491012	4.21726481307144
-0.755300581266569	-2.51274358544387	-4.4274457058958	3.78852228561231	-2.88525627880757
2.53354722970771	4.89120854536855	0.30900014326394	4.97742304099339	1.9826222544729
1.990243542142	5.97361168291212	-1.91274856099116	7.10500594071783	2.25981397020033
0.598102097018037	6.28867307439146	-1.92408791566471	-0.0480951778020185	1.11344845069335
1.30701999367642	4.21724376240839	0.0838608118351864	1.85657272412847	0.00781250570326308
-3.74629310680015	-1.94334318443212	-5.21603748701651	-3.47477018005912	-7.43416373143664
1.44036763616148	4.91334798510665	0.00714562420031401	4.23064077533584	2.54895038063292
-0.462133296925785	0.0936808797916307	-2.59660155732161	-1.21012883535357	-2.963458420467
-2.66020048037936	-0.803497490905112	-4.4454403376004	-1.78267779945626	-2.87719452106104
-0.198846820103654	0.662126417510728	-1.17744582096535	-1.8014479272306	-0.682560892937099
-0.296420597479046	0.578297180368726	-1.25068769290317	0.897097565022544	-0.907551075308444
-0.105245349463962	1.16326359412516	-1.86683575069822	-0.337938918828154	-0.109785258753029
0.135296195224533	-0.0717939681338457	-1.69039116892425	1.20319649591554	-0.196367761668592
-0.188844093303867	-0.862205904349105	-2.23438205132657	0.721010057322369	-0.849097073507749
0.446868918684216	1.2823232681123	-0.979239830906142	2.26765622609305	-0.383251820592187
0.168032322474829	-0.0726246416211732	-1.60728667540146	2.05395314807061	-0.149849824924143
-0.366625404067145	0.664260430106357	-1.22202666740446	0.655022750544748	-0.629625049999839
-1.01338380991149	0.0442134211510599	-0.972229514069058	0.562317022260245	0.261238870442831
-0.741279544118847	0.444314076081882	-0.725701508385002	1.18383293969429	-0.608965777701241
-1.21094202969411	-0.861788290355959	-0.746425574023374	-0.12191708392922	-0.340565762404076
-1.86241598069082	-0.809364959557291	-0.912131898634802	-0.621141949326111	-1.27027020073107
-1.27990023776066	0.527082558213068	-0.0830534504200635	-0.368699694818698	-0.741986327194827
-1.5864315502785	0.0753243291474252	-0.986799818412245	1.73787970380353	-0.536364063411324
-1.50573490158836	-0.153337382725789	-0.533764069619775	1.21447097002641	-1.5523279438781
-2.58994148639528	-0.555042077430649	-1.98502927660252	-0.847814443847658	-1.24910468951531
-1.31732835750176	0.767782106676192	-0.873738971675652	0.196689877319537	-0.950047835592231
-1.03661535709745	0.580756564120124	-0.359232536853684	1.12955034878813	-0.0654998594371838
-1.38519139240582	0.706609284296074	-0.505562742543712	1.19783713003305	-0.346681846134579
-1.44953085233762	-0.263659826608303	-1.86043000145025	0.66560981234831	-1.12436027464709
-1.36037549861702	0.249318030615454	-0.718256207737391	-1.96963784140844	-0.141603205768736
-0.321204701579409	1.05608940363226	0.526121471725738	0.67280272203966	0.788385357049632
-0.319681713901526	2.15697907690625	0.621472283065918	1.6767537748383	0.706865658248153
-0.208853742534211	0.70199356035144	0.237524718308659	-1.10666924516988	0.725759545555056
-0.269126138999408	1.49966555661975	-0.282604592174063	0.304093336600565	-0.522425905591954
-1.40387864035015	-0.147445479846256	-1.64037227577867	-5.05966626004204	-1.75146374138256
-2.61012995134799	-1.11990609148416	-2.05072914388843	-4.95541723152452	-3.4357598715245
1.00762431331733	1.73893361086592	1.52178434693332	0.543043673130911	2.78546320964109
0.712134335702442	1.85864316855295	2.46616039945958	-1.93193920914526	1.444278686889
0.557625855815262	1.18155952844978	0.681204394623853	0.492752722788317	1.4274521570883
0.799447072753933	-0.0491097640818386	0.83604366250221	-0.0219996306045074	0.373025462229342
0.264510149693092	0.0791830182421842	0.193598244620144	0.988580605929006	0.10839185290957
0.0226082589782103	-1.60235964025848	-0.25206464405281	1.22452257717045	-0.593874705005367
0.379057210533241	-1.27790445813788	-0.759748373209782	-0.106890377654938	-0.440943076603486
0.31371716792507	-0.889437263567585	0.191662029843563	0.415104293901121	-0.083868184452275
1.13661287948211	1.24942057561329	0.00578749720582958	-1.29895585203182	-0.129565161965457
-0.209539269066332	-1.029008917517	-0.250381077056208	0.940018747019808	-0.848186146459242
0.817471610787968	0.174810379970954	0.253826793058843	1.36469742948045	0.463801994159028
-0.826707140516191	-2.66978798761023	-0.00167747201594462	2.96335609427809	-4.25451890286086
0.897104314083571	-3.87731681910294	-1.25465631001331	2.75230980080556	-0.990040790760586
-1.83044226653087	-0.379384337682218	-1.61100993310228	-3.7251730364355	-1.99958750190786
-1.16920281178975	-1.77436014466755	-1.95704548296549	-0.687005661515062	-2.20106244641353
-0.948392469153403	-1.27206060805956	-1.06998448774095	-1.2304417323977	-1.28971606446638
-1.55271893669054	-1.24437040949263	-2.39862272936871	-0.89163787047671	-2.07710358856742
-1.15399606399606	-2.02442246664116	-1.76931367653451	-1.02114254448087	-1.69666661109121
-1.31572111571486	-1.98541867471707	-2.50375226894944	-1.33537141179937	-2.48815391178639
-1.48078275912166	-1.25808185574477	-2.63187696130981	-1.2937631457914	-1.78711555154746
-1.38909632807117	-1.00883980693216	-1.20280658005181	-1.32043316157261	-1.48634916809629
-0.78288784911363	-0.260462289733307	-1.5011068268906	-0.492355428882273	-1.84607597649644
-0.669029152766788	-0.117729881347605	-0.94224198472284	-1.12692686254437	0.171545305583137
-0.377686264289761	-0.238629859861548	-1.66544814589353	0.459392632781638	-0.988169671837828
-0.634826203966495	0.025431164222385	-1.64129813485921	0.370457577811966	-0.704389367090562
-0.383536428444528	0.33343994809158	-0.446471872637908	-1.84349754052469	0.130358828118588
0.592335610836567	1.59408068155164	-0.257691110884374	0.970178798115203	0.647030325866147
-0.27274449171929	-0.144842566806072	-0.942606111140501	-1.67107280401133	-0.286304666233209
-0.0198883564492291	0.172839267912906	-0.743511291860902	1.27641693590647	-0.304531498493024
0.509606603507374	1.28540766554637	-0.351826962565702	1.44468318289923	0.465540614504897
0.312611700595053	0.744123894923248	0.303850098128506	-0.167430477111695	0.464421413809082
0.564711162961621	1.46157735202008	-0.124086430816376	2.01529786842963	0.795221255108598
-0.082800671412133	-0.29080177768298	-0.601144370973146	0.446658840301286	-0.0735173709844894
1.13840760966798	1.65658396583671	0.500998774276756	1.10651376990098	1.15258447520321
0.61470246684881	1.10399904140401	0.802424162434974	1.85176765418641	1.15450780818455
0.331797590245651	1.07030167661981	0.844160325809993	0.889552142702488	1.16161216083336
0.46760851050501	0.151470159914697	0.629730354843226	0.717269016065207	1.34344550610787
0.130693158677714	0.127087410477805	0.814552924804258	1.24581844713201	1.26469071036607
0.136737075685726	-0.0925596629176504	0.603209462495167	1.03676223647946	1.1293002417122
0.105058097459045	0.514149506668298	1.03805462553333	0.694552642223248	0.957298891164572
-0.773321312444694	-0.266069963325808	0.332532458825382	-0.812451119899714	1.15705593255013
-0.214871711977219	0.336189819235597	0.701011936999052	0.927601132981319	1.06273405906577
-0.119745227149772	0.738489017894033	0.90578935747618	0.946515227006235	1.38048372043131
-0.619968948894538	0.237361034215867	-0.159466429368602	-0.0546397295394395	0.732909022181677
-0.0623210276468378	-0.502979223860619	0.0996976609509373	-0.125159322426714	0.656204301203348
-0.296498632542272	0.976896968820945	0.975088338001287	0.672684412205602	1.16922024068472
-0.317410999571697	0.20648064788736	0.935833380355797	-0.24729452132878	1.1485401486683
-0.0467486857506084	0.376235867559888	0.3485812203508	0.1327062966631	-0.121203555369932
-1.20770836198121	-0.454444360574166	-0.275197227473436	-1.19778171226457	0.666046653254392
0.559104641463717	1.06006368328401	1.74201020107275	0.58989050290882	1.27806175832634
0.200208924395096	1.02813066257165	1.05144896314703	2.7129658201608	1.19645388761811
-0.0216089835657269	0.113590672126163	0.0327945783671614	0.187730269272614	0.67268967259726
-0.246496478733785	0.139870641485573	0.693167644807287	-1.02547495788717	0.630315030747973
0.849836237057687	1.1814746469709	1.39038762054595	0.910464297477364	2.20432079887647
0.423591925263448	1.43335227380987	1.40195694472196	1.12503291877908	1.30146120172338
0.857970214689534	0.751871744576767	0.563497875008187	0.328516698419404	1.6495749707552
-0.334561317845307	0.629881517525263	0.370327137312132	0.519118518040907	1.16300130387316
0.943942952612866	1.09836539134427	1.79318212377903	3.86733530525171	2.20314138825303
0.170762286483355	1.08338908067583	1.12015460693516	-1.28211763293629	1.78260875986146
0.691162140087481	0.433805981163586	0.724332532208086	3.03214295366171	1.81519078100002
0.230932338524824	1.91590340176378	0.459977360787079	0.726804471782777	0.495003171698929
0.336667590739346	0.770467526535478	1.3133226177571	-1.77619749512319	0.897138557988198
0.844303741834692	0.218499946919677	1.01426471191181	1.02820632248494	1.04874505218263
0.45421182373919	1.72194377196802	0.310196998331375	-0.616813942595187	0.529366997111
0.101018734023806	-0.742382769909213	0.254278733807678	-0.218095873254364	-1.63708960909459
0.860826907335672	1.20776546143955	-0.0616822189969891	0.451357033439476	1.82615445079263
0.255632749954517	0.146001012380376	-0.258049091291097	-2.11407851570204	0.274819090850203
0.046946677378346	-0.75334477068066	-1.28920031935093	-1.12322236425896	-0.892519505416426
-0.441520297969198	-0.840840688021317	-1.125904189337	-1.09922843951228	-0.158548235149995
0.291176826746055	0.509018671579796	-0.292144794241046	-0.295590610231986	0.333884479735236
0.42872915725717	-0.660523354369668	-0.326419702431968	-0.458731401720007	0.276524237497281
-0.111453578639727	0.313026613221403	-1.15350905073764	-0.8920226582137	-0.852265130779975
-0.925979884817956	-0.553992280743393	-1.32750783283878	-1.37811323540493	-1.07233182762493
0.221116988078735	0.428790796590059	-0.277191818154451	0.107638768723789	0.199891270867191
-0.362779440698394	-0.377245569216526	-0.207346052797989	-0.803410308479545	-0.087152954523149
0.47889144560535	1.12564552495145	-0.632374788944297	-0.734880579870392	-0.480070767033922
-0.431701977773608	-1.44161012555745	-1.31824140525042	-0.76823265957559	-1.31679943410752
-0.136138848641796	1.0890414129635	0.209756072339017	1.51275971007888	0.432119731458097
0.31326614418228	1.09885267817685	-0.280506410085847	-0.00948419919479443	0.132507373642517
-0.496628319343906	0.306954617638918	0.135163434978729	0.248433862337574	-0.668660725321209
0.0181345030851395	0.386870474205628	-1.36287280455091	0.150050962421798	-1.08827431449953
-0.147524970772296	0.108908958299958	-0.0514060038197606	-1.14777701166707	0.113063168360028
0.0565653314702025	1.34700536824376	-0.278627354741596	1.15876397223715	-0.0723010190024719
0.154542547877389	1.06437839485463	0.120465276088108	0.377813415180729	0.223408372400664
-0.231331668322493	0.271836014690042	-0.87728783304423	-0.889906434139653	-0.498305929075784
-0.505378179376931	-0.248899616096076	-1.02286507935924	0.600664255136239	-1.4023172170419
-0.297130417498452	-0.00333267966405433	0.313805186743079	-1.38052501789082	-0.426728992475531
-0.30326378254206	0.786311542130329	0.671970983995583	-1.02505621050669	-0.137131347288193
-0.568270066553516	-0.412983949776988	-0.674276464443266	0.0112141887885893	-0.787209313420462
-0.69986775682254	-0.379866597126914	-0.422831434189447	-0.263903503400761	-0.485079069339877
-0.057783341079501	0.686569688020069	0.559527040264147	1.48795337974686	-0.1974576884113
-0.21457839615658	-0.0138598227998364	-0.277422997613237	-1.5912965995992	0.437180283587969
-0.483447109963288	1.14123486837487	0.272403769474828	-0.445319222879854	-0.401160099181885
-1.11716875576013	-1.43520051907014	-1.12407880947122	-0.859934993055576	-0.947793868930302
-0.655861531870999	0.663719940448157	0.676523610541042	-0.407511670326227	0.376243028037631
-0.472068304414602	0.488870850889166	0.606443320686925	0.957502592542739	0.948033662666695
-0.203575064787729	0.75784086476105	-0.144111125123716	-1.91531107049951	0.692387494349898
-0.676440722558533	-0.369995833442124	-0.251206156408733	0.34164205763995	-0.0267086574543515
-0.662767198493673	0.140443559244756	0.440906524655936	-0.992775026329641	0.938537867918187
-0.436677460211655	-1.37502224521979	0.566774739117532	3.60557593720529	-0.861253875091799
0.594270136423095	-2.0114425702625	0.296573549450918	1.25576709307644	1.35136447242628
-0.027478286932184	-0.264919930331601	0.510537033976899	1.54802904488825	0.373135465355918
-0.458259879139006	-0.549363999755366	0.953894862855419	0.658390346610718	1.42508146406204
0.866420221080801	0.865485898495082	1.64193127663586	-0.493619157758696	1.28136040783421
0.292203438766422	-0.525313734370747	0.349158382316993	1.26315410055807	0.110754764388267
0.124404375153396	-0.63775433394432	0.724616348937789	0.701409170564853	-0.257770166089975
-0.0499834797350569	1.18928729273461	1.40129447668741	0.945763749913338	0.679045536019334
-0.118079427993704	0.218976901154578	1.43634618580143	0.347789092928752	0.383286107376047
-0.150778053455006	0.102269179498078	0.0919635461718097	-1.32683245180345	-0.211375598462117
-0.290824028297219	-0.506621652541286	-0.426376648576071	-0.160115935278928	-0.957054738391883
-0.0642388548818409	-0.635591453200169	1.14596244347303	0.884899349140309	0.0551308526138867
0.248106365185622	1.22836623171162	0.184132735004252	0.545420865944757	0.284886731250532
0.04278330137237	-0.92172421164277	0.645256785724488	0.899137779988464	0.455522900375399
-0.984249434075377	-0.432453219108416	-1.41517407569793	-0.167931563045752	-0.893475973948095
0.325917582909336	0.600148689331303	0.765409722293273	-0.375595359064598	0.782217385696187
0.237294096516747	0.156163108531028	0.323964872727738	0.0789646881309435	0.925457799432955
0.748122830666212	0.427689763639919	0.571034202886272	0.246217676830635	0.240355910092107
2.12535910322079	0.0844753836414184	1.14635307313514	-1.28453247442683	1.14951425099526
-0.220792324831514	-1.48654298941271	0.480532768659765	-0.272177173761108	0.0465406729612795
0.701250643521003	-0.814280281426211	0.964093117899863	1.70154115285095	0.880486136971497
0.296195684772089	0.0485146709336513	0.2585969336623	-2.56379089356521	-1.22840963359968
0.748314249011258	-1.41599661730786	-0.53598183830069	-1.44837247605555	-0.790020373611925
1.31819848672265	-0.446105529643022	1.21083435329254	0.707316748273605	0.496777789875736
1.54283233639781	0.0917622019942422	1.06556148727326	-1.54979888400839	-0.01354795482455
0.926463860641754	-0.737624084540632	0.524043464708823	0.952935269400332	-0.34271823962609
0.567972347291295	-2.15590650047996	-0.978164487046562	-2.77425643896046	-1.66510589861989
0.829061537228174	-2.29181908301055	-1.04421228689664	-1.18177175893583	-1.73839170699573
1.05813892398128	-1.41732669854049	0.783729107721004	0.474729568333426	0.451946338674713
1.63926785238011	0.387298655993807	0.72806025700161	-0.527254346915702	-0.0173389988298301
1.08412374477681	-0.14270870574302	0.969960209812815	0.0522035212634842	0.33276807531694
-0.0665204067748339	-1.54817793622161	-0.596761402075069	-1.03171767495962	-1.65752651349415
0.104024281175596	-1.26192861740206	-0.348698933359729	-1.31644402811563	-1.37171864456828
-0.502955950139108	-1.1945585126146	0.232420367330526	-0.731691550414531	-1.74904521415677
