0.582713942320473	0.35251013527983	-0.515235342425072	-0.821715177675233	0.0069052833755524
0.312607007478705	-0.0844963552202163	-0.4420140902155	-0.205362235079057	0.390408654738073
-0.0512338117197302	0.210955526486337	-1.28339092179757	0.297088634932555	-0.189519589775754
-0.0366390092255274	-0.815516998772475	-0.668849478548243	-0.961733927619806	-0.706136772819177
-0.0595496303737481	-0.555251254319688	-1.08016503332253	-1.09350198013347	-0.544866111837106
-0.362766050101254	-0.258799019797958	-0.594298607213456	0.0921737857223886	-0.86153539877526
0.267742251366935	-0.0897948345556652	-0.2811080508732	-1.39261740462322	-0.136902349185907
-0.0563413739710409	-0.817819131919349	-0.0702045962476038	-0.91950489971437	-0.75786365125579
0.0971940861214649	-0.368541549004928	0.646926343707051	0.576232701078171	0.0435283599111586
-0.0960865650767013	0.111096486702476	0.195359309682716	-1.62783737593156	-0.262878779118191
0.0384235195209856	-0.533689402521457	0.689223148304272	0.322280428351935	-0.338416166339665
-0.306645994530994	0.469322360026946	0.385260205134591	-1.1521638490569	-0.251317496408743
-0.231398444460743	-0.427259033341524	0.566982781520878	-0.481742853202933	-0.625723047056371
0.162785918448546	-0.190140085572879	0.942793613604118	-0.724529186723853	-0.466716776079767
-0.185928956949991	0.177615793343771	0.458227315836724	-0.682823763152889	-0.390268769531026
-0.171578031861164	-0.733087265235871	0.446415259923663	0.144336030836015	-0.679553917025254
-0.0495692266583863	-0.374753114991232	0.609533068392741	-1.56927955508139	-0.819011326827875
-0.279596106892732	-0.443601933043161	-0.16214958618764	1.12118930190923	-0.457758081265392
0.0976368926981034	-0.714475857212727	-0.405952085998796	0.464001116235965	0.0861759673866813
0.386416010432408	-0.473338689404808	-0.184841018977309	-1.81478571127232	0.117451480354092
0.335385450288818	-1.06907711123503	-0.251595701360079	-0.182730184071424	0.140924258405525
0.884057860483876	-0.610940209815613	-0.149240046417902	1.04236359760281	0.0885737722110098
0.107028449786832	0.111270129539877	0.162370362797986	-1.23884690227218	0.365350208194956
0.794129207443883	-0.813212757026777	-0.363159106484086	1.25943403886546	0.251089182258558
0.908424130376975	-0.382703433443389	0.0392428047098636	0.841837820840254	0.913150895397482
0.878752485968604	-0.644010124812813	-0.585697078604574	-0.603455879177299	0.759701598272531
0.903143263762358	-0.68915178550166	0.438653579620492	-0.143021578341667	0.687752849124241
0.753572942425057	-0.476400779641277	0.594576808896795	-0.118704866747084	0.508591242113183
1.09930912780739	-0.308386417550361	0.62139867564748	1.0253114480555	0.986047975191148
0.938551430862402	-1.06905535087949	0.576755738474353	-0.59501005611653	0.871402642744561
0.937030650292333	-0.752873550608784	0.103971115397033	0.34774611031444	0.438636439405122
1.06353829953957	-0.322429514930292	0.568082018905649	1.37869731466065	0.637368261919895
0.70841105402599	-0.443374939186561	0.268451569849872	0.0798827683713425	-0.0978299368846706
1.008455214298	0.253961133027464	0.199672823069376	-0.102749008859709	-0.408673366482444
1.13729089586453	-0.69214724926983	0.893521283913753	0.584834825286533	0.198444849571315
1.10467296585638	0.704865131760999	0.748876807638684	0.0104976586947356	0.194333788302567
0.746260741001204	-0.442196804746658	0.872097180557709	1.03769490579503	-0.280248588156922
0.711234245099688	0.25846820549235	0.719376195966694	0.637938032031977	-0.1763833700838
0.784066968181617	-0.472880104991269	0.749313856497928	0.595630703674726	0.0287959277651749
0.523415526039171	0.415656695944252	1.0504957539719	1.06753136295899	-0.0919950870450576
0.406322981785557	-0.467116228203686	0.920683303249696	0.49715258189348	0.127783024500519
0.534979036114267	0.134223891738078	0.335826368578894	-0.682520133800647	-0.135164230752135
0.0621708164293193	-0.785854797362505	0.344264677131794	0.915457038274769	0.022012834066595
0.207845979975836	0.0484017848791301	-0.218367637280871	-0.507634030045281	-0.609132202315247
-0.0949145053967668	-1.02475296489558	-0.0571163196694718	1.24173326316683	-0.523859416455973
-0.15451500061547	0.219388263737311	-0.648332771745768	-0.117941170236127	-1.26141535334367
-0.223464584519919	-1.03334129937749	-0.107218445625892	-0.194512518119131	-1.00953038838257
-0.683002563577224	-0.460590089374273	-0.0046211213437852	-0.296807955018683	-0.87871474987421
-0.458164217983765	-0.665919506310858	-0.116073763211686	0.422778236940488	-0.0249832546429154
-0.0475478764146005	0.0927457435703539	0.422040173146361	0.49982115043868	-0.355395049895125
-0.818749124439455	-1.68142402202677	-0.6508252197279	-0.718369217960643	-0.330108831152743
-0.391552618640346	-1.03586027107585	0.54153920446492	0.480482496641477	-0.450257561011057
-0.705595683042666	0.323058336409756	-0.15017934183384	0.0816143542825242	-0.200972929065744
-0.0244215418703546	-1.04225796152539	-0.0308690541563664	0.0828379192564818	-0.906106918834877
0.116457160261249	0.189965290200681	0.94592987068452	0.68346310978573	0.570368998183141
-0.454537644280747	-0.00205870173232136	0.0710525207047674	-0.207343877912218	0.494919765011464
1.75407420596959	1.40965392386091	0.777183085024364	2.51613212145524	0.25286462421461
0.371110775331597	0.310371026329547	0.360696260065869	2.29488654359398	0.345339500400197
1.40808642641201	0.0339037649631499	-0.0486979848131688	-0.136279098638964	0.248586779571684
0.256510539077662	-1.24730012786529	0.18937952133698	1.57229458571189	-0.0963082690344958
0.257259540434561	0.712481842123724	-0.731574586081301	-0.392963662454891	-0.258632885107857
0.0989604892952102	-0.110308621783026	-0.591661787312876	0.647477127801998	-0.457824173599075
0.327291800198112	-0.699751904837319	-0.647428834347897	0.927148351156341	-0.494615874047818
-0.597196597159924	-0.293002699938776	-0.378787285393684	-0.597624225665319	-0.775074966257612
-0.0161693930940065	-1.06205087003849	-0.399298470364253	0.0990568514032021	-0.104616240136438
-0.220772452631573	-0.0198508508870791	-0.536719022958505	0.688965466859226	-0.147585292895888
-0.199220357535065	-0.691607397455706	-0.865289893832778	-0.458983957345109	-0.359846761340567
-0.0512979301128244	-0.8720899520729	-0.436748436181458	0.773301493664885	0.230158389651047
0.332111228975755	-0.65844406008983	0.571513829799706	0.780872026391229	-0.247172443844884
-0.0357065208317984	0.0534569445951097	-0.0209587497739759	0.575034128862959	0.273229895521909
0.407403658716247	-1.16269228438441	0.0844914382992937	1.60943354592416	0.193356827814512
0.7363433550376	-0.472152419172366	0.940441912668008	0.753215556606057	0.501916795312198
0.577761817812108	-0.600816072647865	0.238710713311576	0.238365331647692	0.587230359873779
0.267553671923675	-0.520536160950711	0.161044829199121	-0.861831323571808	0.850536727594778
0.574158889895534	-0.228444803600884	-0.0989397267392527	0.575252420395011	0.548209437081747
0.50353769665569	-1.06122874065523	-0.687108714322203	0.560851170273924	0.552053849344475
0.255617168288231	-0.272648066447621	-0.898100192012174	-0.325967992231389	0.624993055593461
0.0335634056578471	-1.06220331139092	-0.360291374769218	0.505085718064894	0.236354617626969
-0.235572147092836	-0.150710222501481	-0.35485004973349	-0.504381248311585	-0.274854434080947
-0.0796974304953311	-0.67207080296591	-0.414445748650728	-0.405986128359746	0.143797315868272
-0.523601025800888	-0.00103971379309	-0.643194930662053	0.0829318689033754	-0.379059397920586
-0.195517753903798	-0.835530681663439	0.450094555423137	-0.457388501736843	-0.250063192175622
-0.829688026784224	0.211109552060534	-0.0729473499901276	0.120944564847459	-0.452782757813148
-0.401022118896934	-0.830098654293211	-0.142526804604685	0.449799304801921	-0.638765558618394
-0.350908075423396	-1.17384037586385	-0.527694942954346	0.334459087128482	-0.950054650568208
-0.372240239782151	-0.231884331036339	-0.261516037341193	0.0767011174395391	-0.669590983222844
-0.370287795212557	-0.598972348979033	0.0823422101896808	0.212925546941807	-0.49127470208098
-0.420379708918876	-0.0749947040505161	-0.013510565047712	-0.616039139163954	-0.427524950242684
-0.511055135927236	-0.894856955130774	-0.388470466204485	0.995838831722379	-0.662222878214617
-0.42425420859244	-1.02893490801887	-0.630573032912863	0.519981831552451	-0.386419759859058
-0.167699899823992	-1.02759241127591	0.0291285019309673	1.04127597913993	-0.406014621710628
-0.495015205739447	-0.915123235356666	-0.543786199505603	-1.18816672247748	-0.256219936721116
-0.315961815440195	-0.702978086585398	-0.0471052625603302	-0.202617998836256	-0.717534524748677
-0.518939571408065	-0.683521490040587	-0.220854392275164	-0.471009877903152	-0.524943435362685
-0.346334877616278	-1.33921159957871	-0.0634082452395346	0.0877244470576429	0.178210563152772
-0.0931635318447727	-0.116814812358661	0.059032614787734	0.0903163953714042	-0.0344344156746298
-0.215891649431541	-0.793745497994555	0.10879515752277	0.573260716682414	-0.0971928434564939
0.353645111726328	-1.07468326876985	0.624231108270611	0.048758672030708	0.0094163976090652
0.148339094208794	-0.265109514121227	-0.0148739652203056	-0.740790529691219	0.217644154286141
0.748853657353814	-0.673378856237337	0.526068181387803	1.39938639791294	-0.382315504502368
0.070235871669049	-0.749877084974837	0.821777965490872	-0.480223561610607	0.000181849664284372
-0.0682426374207789	-0.537812875132878	0.598162180902343	0.604089714495628	-0.0902906008974149
0.0150914416254087	-0.520954677907882	0.587528743540716	-0.351922248890478	-0.155647018550873
-0.474707396254957	-0.224117639900897	1.00873583543978	0.960178551414617	-0.32024015007745
-0.363428918772321	-0.760195492699665	0.56295694546777	-0.266094048104107	-0.428440381536834
-0.634917309255655	-0.0257044265387178	0.430446171054913	1.33477327447356	-0.273583095189253
-0.180672005782426	0.036438728807909	0.758938854319051	1.14939829570664	-0.514130892168056
-0.461365808745577	-0.316029147853495	0.541527737367456	-1.91031824636174	-0.728266807017166
0.401573053408701	-0.762525327268618	0.852255339085001	1.82421144296605	-0.678163362061841
-0.597848799484359	0.137351657032979	0.436948184277843	0.576658146007107	-0.117962625592332
0.198198997005251	-1.12227326618058	0.635263109682453	0.113769450151808	0.111465916475725
2.83246439095643	0.574493437694842	2.9168206622885	1.13805403069076	0.349778328925173
-13.70009098352	-3.20176885373907	-9.51639962286458	-7.04133084430059	-8.61405851478805
-4.68148762191545	-2.25031049270326	-2.81522630930481	-8.64939914130873	-1.82235207493101
-1.98369676685229	3.49964427532537	-4.70936793419287	-10.0870440533341	1.45083149789586
-0.242901305406444	4.80170980842925	0.0559510172768272	-11.3492851258697	-2.10236875650716
1.24323974926964	3.01387646205958	0.760621389894508	5.81464957998263	4.74677601059606
0.292889116600462	3.77497283390369	0.666305497495759	-0.717423119317044	1.81266863297892
-0.398324942020529	2.63857689739703	-0.242817759242051	-2.31632325258877	1.2145019269113
0.235423520754544	2.54153463612054	0.220301689968487	-0.314112047902787	1.69229796152942
-0.396626713930278	1.73776802731264	-0.713348149138603	-1.14297699769884	0.935444893777553
-0.429390485047812	2.15804658938126	0.111742957390043	1.10314404462354	1.56845124603717
0.655488162163509	2.10074637145328	0.276710743151834	-0.816056211524311	1.62461876301682
-0.197595599044924	1.69849108122222	0.0160325700348274	-0.876371732799455	0.815144058917002
-0.297339226117774	2.00818872165602	-0.176078078482262	-0.847614341864066	1.27052804666844
-0.577675284351103	2.42472733319648	0.381397620994467	-0.403892012455899	0.802348443635353
-0.312207405903105	1.7812541907415	0.261248919315519	-1.55163663555381	1.06342575948224
-0.318566331348685	2.40594479639722	0.750304221350144	-0.984554082996404	1.44612309912565
-0.86574503200543	2.47568445168218	-0.226118269328055	-0.623511712658789	1.03088526395315
-0.340765528256544	1.61323526087995	0.0439376809927811	-0.594816828318629	1.01682761287342
-0.495094078307491	1.08309369674884	-0.360138528971453	-0.996203405888252	-0.536087486126512
0.0522834317931254	0.492478842162434	-0.399648158480284	1.02815132280251	-0.183845727753612
-0.395390377675964	0.313571519484665	-1.49390905454871	-0.96976346539199	0.3406659102798
-0.13505342987926	1.65684968226375	-1.01499569308012	0.0776937237057688	0.306668824496884
0.285179493921716	-0.0745275491837353	-0.25045166772237	0.0634397522001758	0.63065400093604
-0.434852200186463	1.32028326601231	-0.628689019413612	0.549307469272338	0.0712959756784471
-0.187215383120344	0.825362352819637	-0.129059428371035	0.389914980018482	0.407005359482428
-0.3067534949051	1.04749149734577	0.144720232181125	1.73310141891162	0.77787829083925
0.153476966212198	2.61488333129374	0.0422544194151846	-0.558811345000532	0.887287780264835
-0.123276062325178	0.635314333153323	0.384830100696167	1.24315028851498	0.914995831451973
-0.676102944293883	1.52291444780505	-0.121400981571953	0.173695617409263	0.984256692247997
0.159658495760129	1.20273399536452	0.721703582036075	0.296224500116475	1.27047846991365
-0.491578304660646	1.53130963713899	0.436134707503056	2.44953651273608	0.775235972704167
0.0773822706815927	0.515058892292267	0.0615305625212103	-0.0553464205921776	1.1828938952076
-0.723528705554064	0.726691150753619	0.61372609954806	0.463590022639802	0.608287418237709
-0.141882803700948	0.807604405405668	0.191671364640886	1.85978839564281	0.968032648594047
0.293138684749759	1.84095267029819	0.148888536062317	-0.851482886763227	0.51775865882794
-0.323137671666361	0.653431182517553	-0.289740508860282	0.555069241051291	0.503728091161735
-0.124092608330331	0.679607010927882	-1.06829172682548	0.453159207065365	0.166012729628834
-0.124755814358531	0.711489400177856	-0.666066157446208	0.473556077225819	0.130293538280349
0.483641296012668	2.23904329898519	-0.0705578219151701	0.579227581995475	0.452385488749734
0.315042499129948	0.697582156040051	-0.0795883285450341	-0.750361482825696	0.231720166993089
0.0912168734130849	1.11446498858088	-0.141913068769827	0.870944331223587	0.126360773501971
-0.287588575071111	0.244760673187943	-0.206279340969368	0.291118014326524	0.0443011598481168
1.0348358421381	1.57598455459696	0.783082824960391	0.225788442412728	0.219980056377919
-0.100073889864986	0.244907685483933	-0.259568500874248	0.572564674921758	0.124694200126554
-0.099407262855606	1.39937595806919	0.375221510619372	-0.102438639655037	-0.0323197580893389
-0.253021514636182	0.689295606189456	-0.42453280995447	0.716927224558696	0.183945610130003
-0.0346492721883642	0.112218419992609	-0.305234860071973	-0.600211256822238	-0.00686004336686885
-0.0138001289962433	1.12971947066515	-0.507880776721837	0.250546150714556	-0.0157311094971437
-0.140267776779263	-0.525665434668384	-0.363720931513392	0.234924830061908	-0.192176677335166
0.765298364060477	0.90014083826062	-1.15195482189548	-0.261259489732319	0.44359020107956
0.0753978163562408	0.275785103242317	-0.220229793480564	-0.175121960017266	0.0900395720959094
0.23859243064894	-0.473812256338296	-0.855136546282899	1.00676511460579	0.067116932508333
0.583916702475669	0.470281717137125	-0.438512103230199	0.110517892450141	0.165831958318222
0.77803055612764	-0.280210914106776	0.425148302246425	-0.077537572653286	0.66629182267343
0.941544989175111	0.459533330790567	0.139166671029641	0.967212375306187	0.50491557926281
0.36764583014303	0.296736245798862	0.478348879448654	-0.195293172926002	-0.0468543882509072
0.468757201744227	0.906542277549853	0.13386187518347	0.0584394974261941	0.0625555436584302
0.123689469735343	0.15152026607484	0.528306464469791	0.983957050238258	-0.114009527201031
0.509202462067989	0.395984556563802	0.394990245914122	-0.245310738228679	-0.0434015255869314
-0.0811349192814482	-0.267095977807532	0.727695460360399	1.79764658558274	0.623942069328504
-0.238647353697069	0.730703356960681	0.0834755612518934	-0.874581442656344	-0.813508300057851
-0.286600495778566	1.93581689727812	0.565091050218667	-0.291972922424182	-1.91271762557781
-0.292557202101185	-0.220111271948519	-0.533826234542714	-0.20414366703202	-1.70886746001921
0.214095457350909	0.0577018457420648	0.760668699662221	-0.416753680325593	0.0594262402235333
-0.078180417928141	0.324800605841436	0.829610663595738	0.788380825655188	0.00225403581444815
0.145964640805064	0.344334020908007	0.199390777667439	-0.608736269572188	-0.222831751118833
-0.36064956578751	0.363318719292768	0.410812160452442	-0.348031705625473	0.0208543361883891
-0.326528495700628	0.839937832108091	1.03448878338827	-0.390094034778416	-0.311863661805099
-0.102668860533904	-0.0123733583533319	1.09913950063408	0.700516249683259	0.456467447823652
0.169068850290285	0.84442110561156	0.404174768396475	0.336800774017949	-0.156776569132387
-0.024871493799969	-0.0598928425677289	0.319881769490601	0.104675439843763	-0.0427884360822213
-0.176332146838003	0.334364420487714	0.432704612722883	-0.462541857691104	-0.164937928417836
-0.15087926578911	0.95997051327832	0.353889959939852	0.501206540892519	0.837697308908991
-0.153001219266121	0.246599616463812	-0.0731862013380025	-0.659634952332716	0.342358838584221
-0.161334657593185	0.248907715028597	-0.271763108436026	1.82655700926547	0.248177569492729
-0.0707555946939719	0.751546664971042	-0.230732517338642	-0.637705067632609	0.410562827987554
0.29118450835221	1.14425410949926	0.754025671903477	0.313309320734691	0.581865948852359
0.170691374793962	-0.423969885924804	0.347870076917974	1.95507830736	0.458174243367047
0.257428055591229	0.658965665195901	0.209823689742774	1.49673023279272	0.90319696328137
0.334566107930584	0.157710244821855	0.741476492319208	0.514136301885127	0.860347170098536
0.27935891176698	1.54094380863497	1.06371841322759	-0.178425887184208	0.702326872873371
0.134179927373167	-0.249749234317106	0.517977466158171	1.58592539776847	0.735995945618831
0.114533444755951	0.441920369730725	1.18693519375137	1.12083412241814	1.13465335926124
0.196589421155903	0.229182205048564	0.897918690105661	1.39860266179092	1.0435994064168
-0.11318086705522	-0.460963853060426	0.527688845830764	0.199830512515406	0.813623252513754
0.264364072987193	-0.311373927620836	0.419054534860221	2.21714355013682	0.515028830131809
-0.204938216718346	0.491400396837614	0.424469220321188	0.0739673578276812	0.19355028867352
0.581487433740425	-0.409683403708754	0.628761859158515	0.495728852600924	0.850941038219147
0.484578473432438	0.477395499642335	0.193796841814122	1.03158917717427	0.112913025608494
-0.330312311785835	-1.09707745069319	-0.468160764530525	1.12733807757949	-0.328698746306697
0.521175797718859	0.385665311458671	-0.75833005812746	0.63873746134892	-0.266508459456974
0.238418633340904	-0.918576468385169	-1.10992810351356	0.908858926043919	-0.119824253300569
0.0754782558946187	-0.0216371332491463	-0.191161385919156	-0.161059289526972	-1.03540007385114
0.0374035015921106	-0.834429053054635	-0.544140970299394	0.573561790395679	-0.381345529994543
-0.487100972169802	0.344074644239099	-0.191635744442728	0.514747697559084	-0.213029130573765
-0.670163630076603	-0.719782619471054	-0.0243153063391444	1.15448933202177	-0.173759714336294
0.108139570687403	0.179489133888922	0.654558022833951	1.53565913037125	-0.00792545998199773
-0.140366038511187	0.409682383667872	0.389684045800649	0.449891420441326	0.223714556912966
0.169096504288653	-0.669912603228611	0.168807831429984	1.77255483739091	0.767433955651746
0.35458780288864	0.438997685898359	0.84502698616059	0.325592023144784	0.275042545230635
0.163205585473823	0.0272517004891197	0.446196964702345	1.91693064061748	0.395150592764983
0.433398401525379	-0.596526704651751	0.146080051573136	1.15506296954754	0.437266352539993
0.348922838167797	-0.527725939571326	0.0848294028966478	-0.769646489377227	-0.319266415007492
-0.175572299746654	-0.193005024692803	-0.485087257302576	0.948395204192942	-0.366035602662299
0.119151688106507	0.607008359608006	-0.685929191034724	-0.962559234266395	-0.146777480135376
-0.167254994123413	-0.113381261298865	-1.06540551775218	1.67153710693514	-0.823454975119573
-0.568033625003139	-0.611641632817323	-1.00366377530786	-0.270125958378364	-0.588906404628848
-0.546833899351292	0.368750740357947	-0.431995236668967	-0.0343123144903399	-0.606304764293953
-0.62766353698021	-0.717401976963656	-0.397715704833296	0.585651958389906	-0.306862219186052
-0.554199359081923	-0.525434122388133	-0.230386653050318	0.493779055405021	-0.209090005134989
-0.882826453826114	-0.201545418828455	0.0499184067938092	-0.167480590469224	0.153414983063158
-0.372483182205459	-0.172146510228611	0.662936287472036	-0.205716578710284	0.0851240897299976
-0.669568986206547	0.0975156748879766	0.0879866112273153	1.19018534769725	0.051313356406878
-0.222379365795054	-0.537822321745361	-0.2159519718166	0.0480785996368282	0.217309244656083
0.0143056854501063	-0.552245749364007	-0.031425022160582	2.04359239373871	0.563490950543069
-0.249470574803424	0.00643552504662711	0.719289938941503	0.466104682273779	-0.0566721438463368
0.0808579876675298	-0.218236539236911	-0.158272787599316	-0.0636760059820307	0.522534830127289
0.204953254317118	-0.451138971534163	-0.0515455075437938	1.05789026170734	0.247200968597132
0.141151820684157	-0.768710794334238	-0.00338841126766408	-0.354603930287301	0.324519697010087
0.231356100137275	-0.703563662510794	-0.83756523853521	0.960315046516233	0.601515823216737
-0.0595270690188002	-0.490178226265619	-0.828833379399636	0.425504910183316	0.051198393855254
-0.437594622916831	-0.172583409894207	-0.783890670796966	-1.29275953931969	0.157838175938691
-0.114980760423262	-0.0460536307864338	-0.675180593134828	-0.304441894882242	0.211634880221883
-0.508805594712829	-0.766457903239385	0.0299952134695463	0.453168882926513	0.237877663588679
-0.0608947553586829	-0.222192377819886	-0.0241364247827855	-0.541914707886017	-0.307367138881621
-0.340564107422853	-0.697263996482599	-0.115437682440946	1.22697732428272	-0.240354272957132
-0.389670407713498	-1.21102594250025	0.213344923507462	-0.536393492518374	0.26157300256056
-0.148038871654524	1.31209855747386	0.561256853480306	0.613943777029511	0.231015468997463
0.215584929935608	-1.04829181307603	0.657867263049722	0.965750183686552	0.124729087183332
-0.131105663663298	-0.933929985832774	0.00267259403619907	-1.43582014800198	-0.505192433387138
0.517037606666699	-0.365471868075125	0.563859742943462	0.55355825197392	-0.0283936007342171
-0.169990699690818	0.040474512026185	-0.119973230055495	0.847209259724761	-0.504249880932189
0.350371901956177	-0.976349101328708	-0.337443640770771	-1.38367002924798	-0.869544639450073
-0.348474290358384	-1.80784611379564	-1.12380522636561	1.82549959003117	-0.611387539376334
0.459541278122656	-0.298345024277176	-1.06400906703843	0.640734848163114	-0.995027848633976
0.289879856488663	-0.254508622133808	-0.901050602958702	1.65853644004874	-0.714783379274865
-0.00561694171221287	0.0372892046433256	-0.781129580971329	-0.741096302562621	-1.34370571207358
-0.0425992060691165	-1.14145623644157	-0.807242034433621	0.354510747539943	-1.1369257900499
-0.200879355096743	-0.837562740585565	-0.50204343650609	-0.408260158630581	-1.10908965315243
0.578565030549113	0.760345894301195	-0.122008891942036	0.916964405033745	-0.616558113872346
0.313741408293143	-0.689074008627637	-0.272804165752777	-0.157422942474738	-0.617497628600499
0.146401625607246	-0.172773823328588	0.367050274850361	1.52141537407427	-0.664309502925216
0.506067006369014	-0.271981784056405	-0.557678685556385	-1.88660529315856	-0.626179712380451
0.358073887946158	-0.114363155646291	0.977202430674582	1.61601443096345	-0.447143231373306
0.0473218412586601	0.423696496621317	0.317887925178373	-0.765041033170966	-0.00768897071849153
-0.220879882465804	-0.66615688997138	0.849509395248227	0.263860772347185	-0.888932458048571
0.189790500469414	-0.311028870536621	0.0981040668876338	0.355903275021613	-0.226819233964343
-0.0778417245764554	0.203414842098679	0.420091957463772	0.148885386774373	-0.321355023954392
0.220088173148871	0.211584091965897	0.59313310945287	0.379092582101873	-0.640816238511949
-0.186481902132333	-0.636493196791952	0.225878729967647	-0.00956014199922572	-0.645497789437112
-0.204366926894142	-0.522317426487488	0.224543780696568	-0.169199484347401	-0.342619217664059
-0.223470586641192	-0.0806343973791448	0.26409586699289	-1.43938363864899	-0.494926164778667
0.114781516305675	-0.72982436334309	-0.0976755640399023	-0.462600668382294	-0.697378895329802
0.221275173892697	-0.198675876691192	0.586049467956734	0.0710253479038268	-0.439820612760655
0.421672298353857	-0.691530659981834	0.160397384981703	-0.710293773107098	-0.650584990357177
0.214529842879558	-0.147445744547637	0.304907950112348	0.193342272956201	-0.552389685841964
-0.128736831958245	-0.506838700595846	0.641662287272944	-0.535353325591745	-1.08611745191076
0.394066980696597	-0.108904801858262	-0.0573949501610097	-0.438707433532024	-0.375188587366098
0.225770571045046	-0.419612851096647	0.482495457405778	-0.00152592557879847	-0.82534785162742
0.20446213074515	0.617151768470711	-0.526587938171942	-0.84737831597173	-0.801194516010481
0.0607348368663569	-1.15735266358183	0.469821543532947	-0.554173254206744	-0.823193801386667
0.323071190184183	0.108125779622812	0.132892620212957	-0.591610386931293	-0.418642600062706
0.0741318046503339	-0.130239606508842	0.0358098047079886	-0.0476971995419741	-1.13935094841433
-0.226297581616274	-0.705033703571919	-0.18057630649154	-1.13363710219537	-0.737588827915628
-0.296947190106655	0.685506058745663	0.471138900208136	-1.71429634549316	-0.854850448445432
0.132472365192341	-0.491027661613354	0.075373342643598	-0.0895087116288707	-0.501628156619178
0.0896861384871774	0.322363328596778	0.559522889210493	-0.141521050684129	-0.861534825124866
-0.146987476109423	-0.720920288538708	0.0365240076127221	-2.08408096685236	-0.87214153509806
-0.266687942054725	-0.416790496879266	0.360920989050378	-1.37354375918059	-0.855570528899565
0.268830612154597	0.326724083753749	0.542832198374285	-0.692072551640681	-0.652223193965429
-0.41159660072679	-0.385559476976034	0.304946257734313	-1.24371050543903	-0.196594105194532
-0.00975061020868316	0.475540491001257	0.669068447158594	-0.804216653734617	-0.324812979677296
0.225418927183296	0.623085147074113	0.872936234617422	-0.631798333992925	0.323779532738148
0.536757953588954	-0.0902817097355927	0.664542971323381	-0.126423615402786	0.0809277528986614
-0.0830128824065866	0.731892073824508	0.688627002737482	-1.57364402901164	0.0850640195007842
0.499443312499	-0.719256757995873	-0.258977265064732	0.127156799631979	0.39342928000256
0.419757755765171	0.605080646144972	0.14279993688334	-1.20263238616442	-0.0132576518295718
0.479013938687332	0.730310040974672	-0.116388531801908	-0.484310834902716	0.396669784930791
0.830720222208938	-0.630907638653684	-0.398601622782405	-0.779602601510172	0.390832776331326
-0.0939286611179202	-0.257492180888928	-0.476070611420032	-0.464751838302802	0.0379003910270267
0.708695537103686	-0.320112602786467	-0.594110059292326	-1.62446021029772	-0.0335314280281
0.113905446954189	-0.252860340644363	-0.0816146601799449	0.676532912591389	0.147922781105027
-0.0624916919604349	-0.143959533504724	-0.412914498124065	-1.20210010503477	0.152630704695272
0.0178291113551723	-1.18662289930063	-0.191755835232802	1.93786940551015	0.0364316089309678
-0.497257731913153	-0.687649542948254	-0.211716609459703	-1.21874884837286	0.0163709186403868
-0.824686930116566	-0.535656552752774	0.295547268076179	-0.459372765329901	0.124278373747564
-0.0945774070987817	-0.477017447285799	0.0152674998887751	0.534493389927422	0.022518648770958
-0.519954116018992	-1.18881845851437	-0.0682470038863646	-0.425410571385158	-0.494871540326274
0.175941538865937	-0.514199512847866	-0.243663735977653	0.165408440224581	0.0496299623802121
-0.195211704444014	0.106111608278728	-0.205709474549592	-0.66759724123903	-0.12285703141038
0.1570774239241	-0.0734021931206374	-0.326681735983149	-1.86748778740215	0.106199647915546
-0.0737307016512252	-0.599591442248225	-0.781479733717052	-1.88516603020496	-0.315405977126054
0.325075052818737	0.0898316885967734	-0.753500876302243	-0.95853856786289	0.889519223371302
0.591571705665417	-0.138359747248942	-0.463318531831627	-0.57778604795134	0.0210770445658267
0.212530544915099	-1.09907471422145	-0.853410706781381	-1.63402057643392	0.282957578519062
0.205504867428445	-0.304325896883899	-0.561879236139465	-0.622808474085451	0.339731626102647
0.447992314157468	-0.525828612368491	-0.352616655959924	-1.16337670121846	-0.145305244335404
0.281876161505274	-0.349364874319356	-0.235541942116745	-1.14343493864346	0.394843022057804
0.196380940979182	-0.825048631611422	-0.959701568740664	-1.48608910364044	0.325191873084508
-0.259364030581357	-0.305718624362337	-0.214713512742089	-0.908867796383625	-0.289658799445788
0.107338075401243	-0.204593539888505	0.034217840782778	-1.64902512132103	0.12614806098293
0.195177096427679	-1.28988384252482	-0.141779654909341	-1.23252022338085	-0.173595086639317
0.432621364873883	-0.956079983705555	-0.14118791597515	0.306810581242495	-0.176062237146029
0.52306159061941	1.25115748006459	0.648504327918858	2.63175488323453	2.7800500615026
0.0285221455840959	-5.30601483346271	-4.39610873791986	-19.9137818384809	-13.9220999629831
1.73084364900857	-0.466794734882452	1.17060760781419	4.09985533497423	4.20588242266995
0.855595469481842	-1.7756097660971	-0.922048544486164	-0.392081741959846	2.20145204587408
1.17939671988104	-0.353092974778308	0.473651200586132	-0.778652258790592	-0.0871882454983543
1.37498383830369	-0.864349810155259	-0.333309208070394	-0.801170612807423	0.205688420112145
1.24651359902996	-0.474944978778359	0.321381993192482	-0.525113071399588	0.251872105210147
0.961924459704114	-0.300872140183975	0.334755016193333	-1.03550336897453	-0.210548142948001
0.588816150896346	-0.967308213428982	0.396809518537792	0.273316601636102	0.322379603110664
0.730942978243167	-0.10873831510042	0.425348639774722	1.2859805741032	0.424423949535347
0.77558193578915	-0.412220434733336	0.384261042571371	-0.145139221886734	0.249014443982022
1.05857001537227	-0.832089948815913	1.22184205171267	0.26769247231198	1.64068176228218
-0.384040651524675	0.0598990884877503	0.499372311968375	-0.597672918539082	-1.48498433727549
-2.95958465705205	0.672392191769877	-1.62572793329538	0.802104944732763	-6.22165139768151
-1.16770503244265	0.402325987186952	-0.777451831958922	1.74007594809814	-3.56294301837517
0.955226519801571	0.218582368768968	1.23570176204773	2.01965560512584	2.2712694590415
-0.0875260994343304	-0.227959037033034	1.13041154151855	0.526942057838777	0.643071076347966
-0.105467588675481	-0.298154955091541	0.580736022218891	-0.625606166928821	0.616895149971988
-0.194327983855664	0.43331031989581	1.16190855642328	0.581273534492231	0.549394544138652
-0.0459050044200225	-0.719897292805646	0.376495326069246	0.912253222097486	0.190440901027973
-0.239418342465448	0.57566751554287	0.411298927118261	-0.0905857313144201	-0.458783346444631
-0.654836559043718	-0.46578973392404	-0.119697807634193	0.505394907523962	-0.0807953522295549
-0.546162152040727	-0.19245481086587	-0.0183471488423337	-0.191145640842082	0.16618180273099
-0.445855616223035	-0.385963077743302	0.370412691568326	0.404154702295393	-0.268825819825165
-0.310417024475488	-0.462533477259176	0.0428866767263788	-0.896358348719806	-0.319817517288441
-0.48650741335517	0.219355858233619	-0.530602826970136	0.83961050858843	0.107341466184561
-0.500297833049523	0.365326702537191	0.041363074255291	-1.00740631588851	0.341910518935449
-0.0545661054464332	-0.806267327474756	0.329090092381604	-0.465600926964325	0.245313376622595
-0.634177058919462	-0.0394317544170964	0.474385740424827	-0.945893206613987	0.0464475812499062
-0.429879161468122	0.0533135055997644	0.207396352347597	1.88745498421803	-0.0471787910182633
-0.188771831867445	0.365289269051129	-0.211123434902317	-1.88927747547903	-0.141707227297864
0.0719843068327168	-0.191494260713456	0.301873301660648	0.380487616059185	0.523105043419713
0.115031578038728	-0.106262846808631	-0.127961631123216	1.39734420538329	0.197593306520958
-0.286863008334572	-0.507992883534077	-0.355991491964322	-0.882889907170696	0.446352225746847
0.100918612106339	0.320035595990911	-0.182186839655046	1.76013107005896	0.356527310288956
0.00593270029412966	-0.463710132523092	0.290287396534293	0.102643782710141	0.428219264476274
0.236067134205598	-0.0363490565554358	0.437277202969877	1.73788487446035	0.67991388539822
-0.231230909131738	0.410409775720952	0.527709571099301	0.884137367763051	0.424992364403147
0.178241005615865	-0.473125432589545	0.779101990265065	1.1909423355683	0.672371322780797
-0.44322992363476	0.164214873083281	0.237648878474496	-0.115833338908095	0.311656313219074
-0.23190492429747	-0.233031584284645	-0.14578183012864	1.3430817643884	0.220151622262247
0.401423175758877	-0.221112873040826	-0.240036286843128	-1.0996783450995	0.730564897704891
-0.0250642138352221	-0.0171408230692546	-0.3310889468981	1.04213418435007	0.763687804227181
-0.231307900669277	-0.620142140769981	-0.311646467936954	1.29291350378037	0.357781660427056
-0.061557509826629	-0.143150574991321	-0.00197121430239938	1.04786863286722	0.479767924768544
0.193808474113308	0.241913418219094	0.0927633423881727	0.511169591354727	1.00359887762914
-0.0762755391531703	-0.215106518457963	0.171925735806906	0.45224583606218	1.12105805813895
-0.141529709010205	-0.054607984919228	0.245600495002645	1.04347011965404	0.606534374610613
-0.187852111778784	-0.240440071550754	0.965310925017118	-0.395456106149792	0.676302229089751
0.118376419660774	-0.274850403358372	-0.0424884393550188	0.591237628817472	0.93366837829088
-0.142072276700129	0.561473203365663	0.866190970262958	1.42763521012451	1.05061259361769
0.349670955402094	-0.678600961884942	0.506690585519462	1.00348948786687	0.83622485904168
0.0312058361500445	-0.0360926844730885	0.409849734918777	1.22865615768433	0.936492041694822
0.405692491220329	-0.322631079964135	0.831783003870936	0.0504807390191055	1.08029620708829
0.203852329793012	0.0214117782740021	0.661913370169868	1.41591064625226	0.972924104116011
0.121316451007185	0.506303047632941	0.862319929986768	-0.419896578688591	0.635878980246855
0.112648504267256	-0.305440673754066	0.714102082243438	2.2856689029123	0.533430743990381
-0.151365045969268	-0.19712815084269	0.0603858198171751	-0.599495676553345	0.363829219162297
0.471710043867479	-0.0927795783113889	0.465960503892609	1.75446748131953	0.972460814988464
-0.041246733211899	0.264402558300792	-0.0231482418943828	0.792247083515208	0.59039864543964
0.158356047776542	-0.192280527196892	-0.262363249044818	0.22846134578957	0.659464291809998
0.239845091938599	-0.540581715407299	-0.914187608679406	0.559360603242681	0.544057428935453
0.481178912730824	0.615235630703767	-0.490062072477686	1.60291569101763	0.81355292628673
0.425532950947645	0.511454180411853	-0.536840086111431	0.259663461383231	0.760956659816167
0.699604362073258	-0.282114596541045	-0.221091860234499	1.83492205299391	0.837100001771973
0.487898730267346	0.108891552844481	0.134075772643396	0.559015087141646	0.981749608204236
0.757258668231283	0.0730046596397179	0.0663587973931338	-0.639291670909834	1.01771946784634
0.56617314563983	0.183985413164744	0.69001266632533	1.48230545146906	1.01715281032867
0.456707795059954	0.489831853986127	0.965670848180004	0.662590080608596	1.09221350497748
0.47437840855754	-0.846541099765768	0.339713167180504	0.111823355400609	0.289264868591643
0.247963730173047	0.105906844900787	0.646002701478188	-1.05563215344497	0.83443200943716
-0.0401143839242093	-0.210342070194826	0.586365280723946	1.08977874240301	0.520583288855481
0.25406895041259	0.0754731676190768	0.490145038634264	-0.0722297750867574	0.447790120496097
-0.101447146588014	-0.547360614859067	0.370942980371822	1.02541185470846	0.496940810031669
0.318933272188025	0.193024343515823	0.0706719358555622	-1.43517990804936	0.349384707529458
0.455222467301726	0.358280306234807	-0.372386262432507	0.934773930351893	0.755208196779423
0.228454806183252	-0.617795398377761	-0.0523776192855923	0.870501656385314	0.483449069552147
0.377220201788452	-0.144764539734454	-1.19658037910205	-0.648944236286883	0.69354657809244
0.562090664697839	-0.126580831323858	-0.897750905252813	-0.923206474388479	0.249809820595582
0.526742447752363	-0.441543690390433	-0.557331202604846	1.70151025631076	0.30815253555686
-0.0726117033001904	-0.0616373267532463	-0.610625659149785	-0.967050167461452	0.350304135024564
-0.121876597141046	-0.0964057508771621	-0.810275583906572	-0.338714790669513	0.0682724788061726
-0.0088233947725882	-0.0482842918829718	-0.385415789183216	0.244392527414929	-0.217999299041624
0.12240866122628	0.59354248257176	-0.508404608312474	-1.5232694542357	-0.361998206743727
-0.592338304022459	-0.482613437311537	-0.259477286283809	0.221563365183531	0.0953463484321905
-0.713507284672927	-0.326677645825371	-0.453990154606333	0.811030009805814	-0.169552367660177
-0.0761422137411241	0.389183178243553	-0.167327782676388	0.841081603654719	0.0972623810470316
-0.493070471859347	-0.588836923233758	-0.644325309926703	-1.57425789767696	-0.252032066375636
0.021073966041213	0.0675438776327925	-0.375118528262293	0.355750995474432	0.362230547617799
-0.372955477747078	0.240256920300506	-0.722824011684718	-0.10280836496459	-0.0959330860564368
0.387392122309735	-0.348303224543356	-0.110349116659555	-0.225228194870823	-0.0566061909772134
-0.258152962720246	0.559490976076636	-0.146372440279082	0.370041177769734	0.427608169487598
0.274356509649259	0.147997444274611	-0.251200479142979	-1.98682828966363	-0.231368156741842
0.222626991007935	-0.325410079704493	-0.587094430002377	0.334110666896107	0.587245734458125
0.377627404648828	-0.0637463496480223	0.0115502441843481	1.13580896030081	0.167535752160919
0.0143792620929124	-0.338247486020797	-0.363434876300277	0.24935129747189	0.65818414752567
-0.0684210524188457	0.417573812229253	-1.39813108341993	-0.373732994655669	0.0471017760767744
0.0378023604448762	-0.771212288805884	-1.31335037043238	-1.20237635780197	-0.0134104563899485
-0.0433707971278483	0.11466279752945	-0.897183567856458	-1.32373246219995	-0.476718617091268
-0.118611474788057	-0.578504760918205	-0.865736427208653	-1.06722563882772	-0.111752788606591
-0.455130741133155	0.139988537923138	-1.17028540811825	-0.132348166187727	-0.336632270069413
0.167444505500391	-0.243694258730689	-0.168482333765162	-0.79792860127197	-0.100879048449496
0.415613461379607	-0.34049209514637	-0.439618624033574	-0.438975149145959	0.162723421945739
0.400469510088984	-0.395532840353774	-0.497453729854498	-2.54409282126978	0.211329303484142
0.113138231123081	-0.516382180430737	-0.0142952643703629	-1.78125322891577	0.381186830333406
0.632100261811079	0.176117171440824	0.587587485281409	1.01376721521204	0.689775854814566
0.148273412789966	0.296598769507576	-0.338228966405142	-1.37160457491406	0.111874405059004
-0.181613686204453	-0.896222654934913	-0.1120396031839	-0.233316984236251	0.0531124542263322
0.115075629046592	0.280651199492804	0.14050355099825	-1.56256359245682	0.293922098046631
0.536784088705596	-1.23192832673049	-0.730648334500177	-1.59430970346083	-0.428593821800211
0.0861087357834577	1.33844032592213	-0.799102582431804	-2.11449842632809	0.0417515993741408
0.191497114076044	-0.248871403608463	0.158925151011164	0.5523974423372	0.302730061742146
0.314059439319289	0.259960698664939	-0.60679114024594	-1.92446000367033	0.166436260741457
0.497317683300883	-0.232943241980615	-0.74986965542564	0.485693986353839	0.257008523170782
0.480244961834623	-0.522559455291637	-0.852625854895546	-0.912586774975488	0.0551174056343139
0.459331915616432	-0.278683244210303	-1.09212627089889	-0.382396655593022	-0.14920752737117
0.251365807613367	0.311733816547001	-0.845855348824845	-0.722160584465547	0.182180954428667
0.358851322923812	-0.00537977553942872	-0.392705392511426	1.10283925233865	0.303061600250417
0.346011282209153	0.257391756571745	-0.912945052551287	0.260340269487663	0.536018542230529
-0.66825787517405	1.25564368992831	-1.40144080331953	-0.261200785556927	-1.84455426677818
-0.189434637733716	1.43384147299675	0.765008544570499	2.82632596456242	-0.208883333886726
0.598464806613535	1.08963074921583	1.35709895667812	6.16932299983113	0.708329506924449
0.677317510975744	1.53201471340009	0.75937131672609	-0.465691523529816	-0.68136837824098
0.875678366778616	1.76984797074062	1.45593129960229	2.85977901152534	0.325923932847917
0.311624763818066	1.17840663570013	1.49203714018818	1.18116521516881	0.0972148608533032
-0.424525016420581	0.255063732950629	0.639588391757045	0.134141674939077	-0.79873783968252
-0.474939649747231	1.5673628748686	0.441068910355824	2.52754781342759	-0.672637386703216
-0.9805112912313	0.760640820521063	0.0131642487092382	2.02844645330056	-1.23127451706547
-0.683133565167495	0.857941364867946	0.189531316743075	-0.171356652127309	-1.64499772822311
-0.851792296066287	1.07552794890123	0.0285986181760167	-0.24317412320152	-1.18660551552087
-0.362681451339757	1.02029289973254	-0.022966186674894	1.43892514805346	-1.16821017130074
-0.850453381151077	0.136725148881956	-0.369145385224376	-0.148717179576481	-0.866191830687613
-0.544898071170366	0.686581199560119	-0.989170895997266	-1.18771147023292	-1.3234405748527
0.214295451666344	0.245841914790836	-0.216870644377193	-0.265297846199753	-0.441442218960079
-0.967091609468374	0.995986723304344	-0.390431953846696	0.374334474898673	-0.252048308256354
0.31209660817467	0.534289725068949	0.802713251656404	-0.87666983656565	0.217359848765994
-0.476976600546625	0.214926687893882	0.248483503611126	1.91400704427497	-0.700165286766623
-0.268585729107502	0.862945100647148	0.480644937150584	-1.26554862277467	-0.416376588302799
-0.599114311584587	0.646336935735374	0.214125996361936	1.04186506234192	0.00351576430131757
-0.48921911263471	0.661964371740388	1.1829448739913	0.531919873539517	-0.343513354888627
-0.617748335321678	0.868035545271743	0.732538188272601	0.934933457547475	-0.707124905529435
-0.498168912688103	0.895885693569945	0.538088152976439	-0.460278950422439	-0.833238415481052
-0.483837430371478	-0.0927147029947968	0.608828835949349	0.632741171303948	-0.539653122401787
-0.809233862742599	0.596835930990155	1.05118350750596	1.32094297180246	-0.440620766149942
-0.889646873387565	1.18688254536717	0.058970671272237	-0.75751602476388	-0.628766665527966
-1.09417401916542	0.648727841387168	-0.0281653166344443	0.624928579288809	-0.639631816837172
-0.721130372900451	0.0202736918428788	0.259765244906304	-0.0821779766837494	-0.565752606677218
-0.589449522150311	0.606826660383294	0.404623977171745	-0.0398229885917976	-0.762923037903927
-0.653533464703958	0.796420928239453	-0.199354317008816	-0.741607904037362	-0.182151756096695
-0.894946897075094	0.105159519168449	0.665021524626877	0.372368739937946	-0.13228057400463
-0.380548906815179	0.509892429541714	0.266149223128334	-0.55391347549315	0.168713295981531
-0.0668315637621423	0.779325637485896	0.515871489849883	-0.0759893020656569	0.273203468774065
-0.248487016916242	0.346599352510859	0.574374704381167	-0.304199628785154	-0.0174830145164559
0.394771789949263	0.969549531486545	0.364372695374245	-0.79221370205772	-0.375021926072235
-0.188978777427183	0.54867127673596	0.403557559078781	0.502819642504663	-0.120928957890439
0.162108992667326	0.445929606963792	0.588805725851369	0.346500870159407	-0.151320102218528
0.0293010569177773	0.558838071643033	0.0439114765243714	-0.389211347882705	-0.889880962980656
0.251467720145551	1.0806845307887	-0.0322076884722796	-0.0570353957453086	-0.0153599437677667
-0.155229048302734	-0.0444974076922136	-0.120315844893906	0.0864011527931298	-0.670749527292131
-0.279277400909072	0.519196554409507	-0.116848129103348	1.60410867618335	-0.51304377398745
-0.317250236751307	0.356709162868398	-0.00979770749174484	-0.673168230038226	-0.99183472750363
-0.594077582721243	0.478004050985364	-0.513988212560611	-1.16430743560465	-0.746189138219386
-0.68304952859014	0.600757876657345	0.493064174253996	-1.34810016396446	-0.285600715077529
-0.558619510360719	-0.074636757298216	0.03466565952538	1.21400826544034	-0.817116422589207
-0.681786404603959	0.339921972628425	0.0559354146127507	-0.821688182749276	-0.83019407263241
-0.392804254761031	0.160007982853851	-0.383660482235075	-1.67597236500526	-0.551639002196854
-0.46988451113483	1.12017772098765	-0.328190524611245	1.23174168203827	-0.140672040855859
-0.0582227843035937	0.281389322342782	-0.694711432779489	-0.91505656981871	-0.264002752987263
-0.390377415168416	0.591157817131636	-0.448527902246467	-0.710795966352693	-0.0687007297098311
-0.373550675046776	0.172727410839347	-0.129345349488597	-0.256923581820623	0.241441717882217
0.264360286630121	0.0970416568620174	-0.211646499390958	0.0689752893108804	-0.0121095739767591
-0.179473870123526	0.725579277456388	0.468565980205449	-0.0942038781054377	0.381207879408113
-0.66525058140052	0.226157715199199	0.310233874317395	1.13002757452061	0.186613526998318
-0.15531037788713	0.425648512350074	0.454371379226632	-1.46833670952018	-0.164153755130397
-0.554195722044409	0.364732709528149	0.182623449921745	1.37759176435068	0.438836794581073
-0.235015781075099	-0.340750161497266	0.688196530909588	0.263057595273021	0.464912898860209
0.0299924373939008	0.74702250361663	0.618232730978363	-1.00401853378588	0.353207043026403
-0.430862734529295	0.278574771812943	0.421250435130823	0.620292998651652	0.208410047635355
-0.0355089300559005	-0.137630723171252	0.632275852518489	0.309826942762846	-0.0606872490702609
-0.030240985261681	0.276815988734071	-0.646243506356663	-2.04795623641968	0.219242785174622
-0.611402903599167	0.538162647302329	0.637214768650692	0.564284609853318	0.0515870845287175
-0.590929519936887	0.211639339154857	-0.280816774214234	-0.388340119648607	0.156650938481162
-0.399060441493635	-0.00197177964319434	0.19012957913887	-0.934708971207729	0.0274206452380067
0.147615031377188	0.613385866116831	-0.0782647475501918	-0.829683568502559	-0.0133392051767837
-0.326917033658305	-0.157511980264687	0.0151833501783969	0.862230509181256	-0.119913041394915
-0.206339741171037	-0.195835043288579	0.263910881723111	-0.203690073641473	-0.0257820095739678
-0.797491400290852	0.364001990880216	-0.106994460631482	0.00736847187636639	-0.197776898862056
-0.376871415950941	0.199837530686437	0.019514458603196	1.24112438651954	0.0068322636258046
0.114838579707625	0.181871787709948	-0.936706060593971	-1.80018378709745	-0.473990736884502
-0.327739161119603	0.328644089318928	-0.152379820765491	-0.0132860082944359	-0.277125596607852
-0.363691150628501	0.767160358359819	-0.0555934102723924	-0.140604472720035	0.047932823074184
0.0402744648273879	-0.464458433370768	0.266403900515579	-0.136071868160955	0.0714776212949079
0.245482530132053	0.399999405545065	0.295556361961732	-0.867471581283942	0.179989471764713
-0.106130969494025	-0.447533284171175	-0.0134025633284352	-0.882197149008337	-0.215332872758184
-0.0279134016755482	1.06192032315587	0.227892364748238	0.426549475114715	0.357116243452808
0.26112762114087	0.520613007962916	-0.011406867462452	0.0233499541693879	0.132331292521897
0.25716825356668	-0.705311174258286	0.237684012002552	1.97380730573709	0.448935334198088
0.289102376912446	-0.0874951802398636	-0.102655545046599	-2.03033422770468	0.212927385898505
0.405922132514432	-0.196746513385355	-0.136756002417847	-0.579115157634953	0.203214273053637
0.151454456429593	0.232408791749265	0.179882602026675	0.122182651485767	0.580306551691425
-0.196965003951816	-0.0294724342712761	-0.168379275961692	0.0872066840601225	-0.111342223497806
-0.560962695763672	0.420733720657953	-0.21599206249583	0.558924641587024	-0.201491472731328
-0.322215883543575	-0.552642216783697	0.0284190212571378	-1.13868029020066	-0.28278235619551
-0.317965068095615	0.0383771669000894	-0.162999028051193	-0.289373778759284	0.388389427427547
-0.935490069974591	0.0583542925964801	0.0897879232469543	-0.120809870273907	-0.197193361092142
-0.62575071743371	0.0338815585128375	-0.255380045338007	-0.249428255233181	-0.257574538422016
-0.348168077393776	-0.232155309405725	-0.0129913312504706	0.481133669949945	0.233475002333663
-0.130405578018862	-0.276108259139966	0.285287812372236	-0.463037083925751	0.0577284936003023
0.13510788607847	0.361567128256772	0.591385157264616	1.52094454530521	0.428791981158217
-0.375349145603085	0.00990288182282587	0.467931490648746	-0.280265483406673	0.613384689181973
0.187967094590532	-0.498899053309752	0.20088619670015	0.676768920096645	0.434048545049998
0.361213357453107	0.206655918652795	0.534762395242552	-0.0213216678691	0.180585475390342
0.111830842790114	0.0234865946708759	0.240538663457179	1.15109642569569	0.508685969415045
0.338553243979342	0.304681404582029	0.393331302507763	-0.472266215482831	0.825987588258072
0.0427803952219292	-0.336418741029196	0.228003201181905	0.893913482445364	0.359504809294344
0.353744401963317	0.00756626749882098	-0.0143465688618315	-1.05739790016524	0.603621841446963
0.417184114551781	-0.0485853702675623	-0.612407874593009	0.210294489515383	0.051188597508005
0.291278164474513	-0.199466241524951	-0.459511616488193	-0.106857165227176	-0.149052924844868
-0.0212267165880392	-0.231639994254619	-0.535193076528433	-0.0643734546380979	-0.29605798994328
-0.00670630368341357	-0.579524759547401	0.00594543252722636	0.204240734808075	0.0875180028510147
-0.334727456352402	-0.132242390163811	0.198313734115336	0.172787181703366	-0.625953257502032
0.104504506729687	-0.0250670597914735	0.0108014841952419	-0.138600032658522	-0.263126010190044
-0.131770512869232	-0.387253812589639	-0.0829720183873455	-0.645285502428384	0.199377553832912
-0.55402401770308	-0.309134964705891	0.314246369531453	-0.152519097641832	-0.0651373912706961
-0.0858574506608328	-0.245207625560174	0.0574398979583751	0.243637998484895	0.0261474137075149
-0.388862385092032	-0.0667613460761331	-0.0501567134721802	1.11334540211282	-0.295954184375214
-0.352368349823475	-0.784303593326244	-0.318005223158329	0.161424143965296	0.0819343167846795
0.0931585525300416	-0.0619378169898138	0.56236455360873	1.3234511561054	0.517773241780739
-0.382399250296507	-0.422440174963549	0.256935979433978	1.41834138024047	0.279484777070659
0.0660571174226962	0.587727088020889	0.0487526838963389	-0.757764669979661	0.242791445700515
-0.0625569644942352	-0.696105953035989	-0.259881575021567	0.0290030221886595	0.0341182067632927
0.106073315741659	-0.166828417979058	0.282602713435196	-0.249739201851627	0.433758412587897
0.331075047075557	0.382282167020361	-0.325234259691887	-0.177013587838966	0.620803016421564
0.0993691190084455	-0.16393882471881	-0.441622319720232	0.384868541551863	0.389909814765221
0.378882145044617	-0.0485162116330673	-0.011911394592534	-0.101962097249224	0.0598323236243805
0.477562113545646	-0.280878720462675	-0.29443432284727	-0.136966664083839	-0.276593259431962
0.0507193717818827	0.0978359195437049	0.0269967672852054	0.29061682868848	0.214686398168399
-0.051224079121465	-0.13502532724332	-0.194075386985172	0.489790947295808	-0.0323928797377428
0.092174211605019	0.21106965220805	0.142917012205328	-0.380190003424564	0.292854026797198
0.100558226914965	0.186803131586112	-0.529765206672196	0.099399347900153	0.0412124261953078
0.257326201714082	-0.0368311626486248	-0.699921636015515	-0.475173461456987	0.031609895091475
0.668770511399143	-0.113437787534531	-0.0773703858279279	-1.00961178993782	0.729813843310841
0.596913626007486	0.540829109015445	-0.438429840201757	1.56081444667532	0.707171901633078
0.377155736222912	-0.380121851772538	-0.0842677080601876	-0.784655744811811	0.466647630727772
0.511346766030081	-0.617484296604574	-0.380826369446843	0.167784468712887	0.236195950174079
0.578970046166334	-0.674606058804542	0.501567022930447	-0.639698816346127	0.509004456952582
0.695697207755736	0.959078729595767	-0.152778591927993	-0.260682774047547	-0.159555941879006
0.750799933604269	-0.117923200554597	0.0517675166378065	-0.889819162682484	0.240119576636377
0.396780766549771	-0.223576381854898	0.0587266885348948	0.967009616808005	0.237004952002725
0.773731334689642	0.396885577313025	0.375911510604704	0.142451308492807	0.259628825252722
0.61917101750031	0.638171207390085	-0.416794185905261	0.965015493475532	0.60790286300446
0.653232478314162	-0.440342276466702	-0.279147166052964	-0.804108505562229	-0.0406757493100367
0.573413669407965	0.0364801587292255	-0.535013513522878	0.210047066534933	0.0262964084559421
0.719649212123103	0.274693584734334	-0.361674980705115	-0.0783744951897272	0.275788331369778
0.140533547139777	0.149552933179264	-0.28147382020425	0.51088563456502	-0.226910492050071
0.193759773972147	0.326484927294013	-0.294625676681482	0.592840414146978	0.00180925055860985
0.277665059327286	0.38339275181915	0.179667957175208	1.20708937189088	-0.28229221919876
-0.489869137013652	0.375961203700459	-0.265996033480481	-0.00130233932948257	-0.610932398563389
0.353997902504704	-0.581374987428123	-0.420569236246666	0.713949497167057	-0.533674398770882
-0.10364418933801	0.76365364712885	-0.25250052761215	0.611543429618338	-0.761984670671316
-0.454652979142751	-0.257083880344606	-0.111519529383178	0.199760775422508	-0.517116744305868
-0.371330594459494	0.0946284836799849	-0.252149257848369	-0.408956316393724	-0.558608167140281
-0.415101317794104	-0.223286111997545	-0.176948232977927	1.88140928421248	-1.05576942957788
-0.286039920968439	-0.418754923440367	-0.497005644134276	-0.378752824756369	-0.766057550397341
-0.286059468158504	-0.276209087085164	-0.605799666791916	0.403564859199217	-1.33476854292919
-0.205914031835738	0.0495618821828886	0.649207636637798	0.00859164611654041	-0.55580877840902
-0.0257143591426752	0.572399039525147	0.121381663012113	0.283081394109276	-0.695392865836511
0.1786110119792	-0.555442730496482	0.285589394160297	0.447847214641447	-0.708253102259151
0.288347247536319	0.498292079232783	-0.243706224574141	-0.0488284682629516	-0.928695957858691
0.911634525222846	0.000930920685629124	0.151114566056847	0.975247893785214	0.112024904932066
0.207992607340729	0.500627533633183	0.471488358811125	-0.11377408469496	-0.00411888842241175
0.0962035179408876	0.409025706251547	0.296602579473369	1.72192815910079	-0.100774274981341
-0.0918367511144083	-0.0856920688707792	-0.0260433537924022	0.792110915579477	-0.275751963688587
0.0413009152394106	0.374710134686011	0.311889291838391	0.214251889012668	-0.0113461448768969
-0.642889921620098	-0.514242195405651	0.470552635428634	1.4510067154345	0.172029138980387
-0.671484205858016	0.461869996864393	0.0721243557922873	-0.354118898823169	-0.398853335865397
-0.825193092590546	-0.306952649454494	0.476611349627521	-0.117623961223836	-0.377767971399644
-0.0834808540055583	-0.67951488515043	0.0406934293705324	-0.893129971149746	0.00582522377016083
-0.640199548538679	0.16521290041733	0.578455712945384	1.04225793454148	-0.137508153716264
-0.714785227968709	-0.136174805948093	0.62464988581056	-0.00902048159493485	0.290653460610652
-0.734569835423568	-0.0925086062234134	0.321632564005826	0.561600184733684	-0.227168272032737
-0.237685895477714	-0.84848415991724	0.518321787321025	0.084962813877766	-0.000925550584931978
1.09059725173249	0.354936877816003	1.36289310977079	-1.46928664417712	0.633737517335497
-0.476287244587488	-0.923767394259053	-0.0849545234271964	-0.00961203860219177	0.485336718407814
0.634924246263245	-0.759976310883443	0.364183422249093	-2.71251840677622	-0.390376522452647
-0.523688720949699	-0.557771332720056	-2.03191928790738	-0.33484456434072	-2.87856105006381
1.91417712715625	0.655298174479764	1.32583114645208	1.48098174639935	2.4062397869684
0.864744811562886	0.0236636453104575	0.898048453231086	0.928482647174625	1.45157594399707
0.275517338606723	-0.232606994761887	0.712045468249652	-0.295659775777666	0.716030633088043
0.221683803524894	-0.301251616314714	0.316784297452917	-1.31896296731223	0.316457018487038
0.50076453991142	-0.880063285354423	-0.138688545941198	-0.42376367924849	0.612991647987699
0.222099091480865	0.06324141613879	-0.126094492778454	-0.169588474286596	0.446453593432651
-0.196422435202295	0.19918378653662	-0.00753012423668016	0.295162011295991	0.279731531676457
-0.202407659984225	-1.01938714001007	-0.0359079786654328	-1.95545534884185	0.0621372613169639
0.00113691086381738	-0.156198897995752	-0.371637436025487	-1.57230865780447	0.144687958552797
0.663590124465174	-0.941127770593715	0.629015477554733	-0.00569781534193316	0.486969481691777
0.396086873182284	0.39204529877382	0.0926216078423975	-0.660409646909313	0.172207529271132
-0.0629568615855932	-0.680989008453787	0.00611825882422162	0.57216225982751	-0.087052655227389
0.548177151212145	-0.978885322240607	-0.566209103877005	-0.960752234355486	-0.241382029486606
0.162470630226825	-0.245342763862978	-0.703332631773508	-0.428547718565236	-0.348762730838131
0.112271572663599	-0.366480975509492	-0.490416391906438	0.0671964449576964	-0.349590047668277
-0.21656921736983	-0.582255688504752	-0.110884410101802	0.797057509859033	-0.202683215205479
-0.438300338257736	-1.03252943202741	-0.722703069178047	-1.17962862263459	-0.241702577847722
-0.14115402768742	-0.788372846678653	0.226272920508573	-0.116270671826589	-0.407814917844151
-0.138934307606706	-0.486914670835272	-0.0172461198992752	1.12639720779005	0.481872317753174
-0.051639071758126	0.0423007147918301	-0.0342706631323979	-1.32713348589188	0.232873367196172
-0.386420983545681	-0.705567970670537	-0.0243575423938392	0.874691384884492	0.303264377102408
-0.340023649675357	-1.25818068980863	0.208211868029822	-0.924737785131344	0.268033877545527
0.566578685853469	0.211548589924391	0.143345236575851	-0.0169577902781432	0.656792663016657
0.437327651492405	-0.234982287287143	0.616742698296397	0.650730534313111	0.765556192437195
0.442620350333877	-0.637143359060956	0.881289655330085	-0.283217863026872	0.723809957705026
0.246767556643981	0.0587779359630349	0.287333303196413	-0.368751136549572	0.342164080098331
0.346639891065609	-1.28365997157062	-0.197807634373223	-1.45306210544821	0.202037035546693
0.400108104351803	-0.0909145842923575	-0.518418579568537	0.678012762114315	0.289481191059413
0.474492007456096	0.0344612145066841	-0.771198572939969	-1.59162563744892	0.0538940375428307
-0.110501770885931	-0.849097971214635	-1.74811820303907	-0.753147867668014	-0.854508522739503
-0.114625176510092	-0.215711776637809	-1.05593946813818	-0.0563150882562178	-0.696470750918053
