1.18000851414602	1.44454693099396	0.792727460330157	3.71590437477857	1.74994928160024
-0.0594067667351321	-0.281942411372222	0.193992111804256	2.31638185728002	0.540342268274899
-0.174733179266494	0.474052128837053	0.429394221024427	2.12437339679398	-0.0379543666142359
0.181805067522528	0.0885353009117679	0.284298259185627	2.915482295051	-0.0196392314247539
-0.257567363713546	0.125073766339698	0.132512531095812	0.418511906197304	0.557890323038171
0.676958418879453	0.0965715753983053	0.270151642294433	1.08221720180967	0.27101279625673
0.0172837118464205	0.127400980924953	-0.0908289454983958	-1.61690106122777	0.276017536350213
0.335752481101113	-0.287465796606041	-0.565191114745915	-0.617731681757779	0.25623612206293
-0.378400857561727	-0.257497799011603	-0.487684752145227	1.01559153626904	-0.503704673899276
0.67305278555691	0.282959982040087	0.810283029616383	-0.086238169658588	0.37010718616145
0.454103526060197	0.380564339025098	0.0625359438415868	0.838410777965427	0.248586115404987
0.9104239755343	0.316793862516688	0.190683231639124	2.69622313638747	0.13703241218425
0.61710672165464	-0.134597432142227	0.362083073959152	1.5681677077022	0.142439807599059
0.904322913758296	0.354138937361713	-0.202174666568692	1.82780760648831	-0.378013865143189
0.166924720339666	0.0878890958693108	-0.576247795265438	0.486223046360548	-0.397094611862621
0.242360331635301	-0.622988573082448	-0.337943324496418	2.07056218131207	-0.75807824620413
0.537163830697895	-0.305178778446102	-0.179630216890999	0.477425069743614	-0.0745805428798577
0.239596917492291	-0.281917478133031	-0.157089017519335	-0.274056742384608	0.227313828816487
0.0429494370005319	-0.702524322831391	-0.724164128887876	0.939769883241443	-0.239244945580943
-0.574185596009596	0.356699645810955	-0.686376274293385	0.77520677132881	-0.677089790049841
-0.204386868091444	-0.465087542154611	-1.06589737237163	0.739857368614417	-0.6971010040864
-0.0400189779297439	-0.266296245948528	-0.533608649581743	-0.148783982221233	-0.596742398640604
-0.0540097440542141	-0.170940020292459	-0.571988432920775	0.57360606319972	-0.237657509656496
-0.863965396616214	-0.435426610793018	-0.238857584527798	0.00723273389373382	-0.452141124342305
-0.201209670919662	-0.806128131980062	-0.529048016150336	-0.234833892998027	0.060597908862557
-0.629488670864706	-1.00639568162171	-0.694709839946553	0.834865960088058	-0.0766929924743036
-0.550996435618403	-0.0558678164118981	-0.249472968247617	0.43725175769172	0.409638351033636
-0.217552709453174	-0.25282850732802	-0.0791087862676255	-0.31390367662625	0.306319592854767
-0.257405768602424	-0.700963422627155	0.16025714256265	1.16228844600166	0.0454168766342894
-1.16733251890985	-0.492987122540932	-0.432644610992526	0.193869513465829	-0.188099625847038
-0.309497552350677	-0.173775073765268	0.47150519142806	2.62714476540678	-0.141320219181618
-0.211821943603987	0.0760366478416093	0.0768642594138419	-0.531238509255191	0.301786233415406
-0.174925174933077	-0.560385710307979	0.402429935518955	-1.61261168793589	-0.225951036196759
-0.279497028329325	-0.531161251209462	-0.0141110709606249	-0.445769984662653	-0.248697118727424
-0.179349768955025	-0.252635283740488	0.0292498988174192	1.60928195236202	0.24867297720616
-0.787328795919052	-0.0388437361666985	0.174856468657344	-0.476662472879646	-0.080589437422081
-0.0378250887233864	-0.237924015521278	0.0446519533161005	1.60173982694729	0.268399985926182
-0.275085397900329	0.441885397370358	0.269616358098706	-0.958658824620235	0.116799728655216
-0.034149768710603	-0.191684995350151	0.0457894101070847	1.38298856907959	0.0811363735612753
-0.321300894407628	-0.137375238188602	0.283026600215409	1.10691463552246	-0.31958877133598
-0.263170968940543	0.56894158860286	0.0862500260956922	1.44389598542188	0.406025880735162
-0.485885469346868	-0.626193623168144	0.244216627130371	-0.728114549246416	0.589188998431913
0.0162026425556079	0.199406717374158	-0.0229606773738977	-0.43061401050537	0.990561020113167
-0.102358327388364	-0.0559445742950806	0.279160925587597	-1.50553698392966	0.343070137900876
-0.51583947806711	-0.227589782481114	0.419022840247366	-1.07901455352596	-0.134589119644547
-0.314670043838445	0.175307300191133	0.161815461125573	-0.367218232592575	0.455397690366552
-0.0730136643005918	-0.175154873042088	0.538548966369601	0.651765446357813	0.644436087731377
0.458853799895588	0.539019312692628	0.845357448848909	1.2691766595333	0.0334038147200639
0.578607871098924	-0.280429394081203	0.95350458133994	-0.378204859777403	0.510308602416251
0.194964503672544	0.421150314284753	0.902240108781021	-1.16720693666334	0.797762765835635
-0.696231682920433	-0.0561458974907173	0.465246532848087	-3.24260075602707	0.123205523739176
-0.16862350140952	-0.390626518900715	0.483801481130585	-1.13756247791538	0.697030948619796
-0.0839138617738248	0.187469675261132	1.02744853276338	-1.60744461201477	0.494331521631057
0.4136936832871	0.235669675479527	0.727774232624134	3.12260226996257	0.665701144522518
0.492188246958116	0.397306290249245	0.577497905306522	1.00673692326229	0.482558294029667
0.405170301973861	0.180372668697311	0.394862838092066	-0.346227467447243	-0.00855120885152993
0.304627997723358	-0.246537677861088	0.853305244839984	0.432597857900018	-0.477200985726007
-0.364473514531328	0.219690467089244	0.0892028414093194	-0.136580883656761	-0.72271674300191
-0.380940501219115	0.50736534684724	0.0823915298047858	-0.0580987454295942	-1.05855149782675
-0.217633400645754	-0.31016854292224	0.396555215114012	0.200752871023186	-0.133980911706908
0.0159524603810202	0.0314158439167618	0.020154679099397	-2.02027922984449	0.016029685362824
-0.0582307421018591	-1.0766128795229	0.156959001442472	-3.06665312694221	-1.11663612472055
0.300159495721098	-0.457895383381595	-0.0604227408286379	-2.55606846984997	-0.227502653891742
0.187097284776784	-0.143329747677164	-0.250876726644626	0.0454538841317617	-1.35069245991252
0.409992259247107	0.738453667160987	-0.495275378129548	-3.41517420161094	-0.769926568353657
0.336200769292487	0.0703006326614496	-0.12951915360967	-1.41780553931334	-0.614180631588081
0.711540711370365	0.149658460026883	0.0856477399476408	-1.98092772943749	-0.232134006366057
0.463371016267359	-0.0624584462744799	0.355769157916757	-0.0129733029733566	-1.33243188007556
0.114993685054893	0.0851157904632565	0.210685429713792	-0.633479497300233	0.314233097099435
-0.0390935375339759	1.04088681277954	0.328740448044616	0.439481950395319	0.450250226462197
-0.125366816778199	0.0722060081344746	-0.169493369204262	-2.51070807795213	0.475184023593715
0.428372977800381	0.124073636761243	0.0475128275931457	-2.15969035247036	0.290365958347191
0.0634243056732593	0.0842835964432181	0.0637532474648016	1.01737297897646	0.944202050525346
0.530978312108286	0.25596135280496	0.506893063013214	-0.415318888609968	0.357116555881178
0.330616615440344	-0.21674680279198	0.567959237616748	-0.199711706053914	0.313888561553522
-0.318926395901771	-0.65824503538882	-0.403818637763217	-1.67364522859949	-0.295517531242377
-0.000280124761600611	-0.439431697873041	0.305756294418878	-0.518094544065944	-0.32718912629163
-0.260483648796434	-0.365971125992587	-0.406387384467207	-0.49005315507162	-0.359128853584578
-0.558863297432539	-0.627567437716204	0.2039850593969	0.548365527219713	-0.543509432258988
0.300554094532299	-0.635360408944552	1.08619892849188	-1.44844696688236	0.264909645977907
-0.491043304796737	-0.495512930405863	-0.123548847341613	0.248492152083654	0.0553745911379325
-0.402815491770058	-0.48608841924116	-0.044589938872981	-1.6114264475371	0.0657245660735719
-0.206597859408692	0.0218721077310728	0.822375651815133	-1.0998246173626	0.356034658546465
0.182320747850061	-0.149672832845375	0.657497669200064	0.800547903594509	1.03069286442079
0.135672343658338	0.33607071096439	0.156508781945783	-2.26830953567284	0.693144415812523
-0.4889381229834	0.155808877385427	0.378985579943856	0.906683059891189	0.151835742016788
-0.060861837521682	-0.539072033414062	-0.314472375605785	-0.872607734477158	0.648099818838876
0.348008590118495	0.669387019650316	0.841550976586032	-0.484701645841211	0.861091636457933
0.221136698507184	0.482953697175671	0.267586992392447	1.30787661372259	0.793709554179893
-0.258665762661295	0.272737766325344	-0.563919470185571	0.0481619913715663	0.928960523807085
0.0680277902565869	-0.0738202834288074	-0.407583129270981	-0.553411846179625	0.74229622196668
-0.0502634384410632	0.679277050393731	0.212319164966351	1.0620526767208	0.485278567467721
0.344813131815911	-0.133730548544348	0.211900552228965	0.352705139093747	1.29277536683359
0.0602689408986031	0.796538297780867	-0.365749783605552	0.925294770239803	0.903175513778504
-0.320507184836892	-0.138432116360936	-0.11261767324112	-0.280440246550062	0.402857706990695
-0.267888608465371	0.284265432009297	-0.17531968182714	0.521466658358263	0.100948623123976
0.0472175582201478	0.711722020685234	0.176348294678889	1.39960532077137	0.278447039249163
0.322104918122659	-0.312506422824861	-0.125772261920879	0.076575468359307	1.09098033812429
0.594453021429144	-0.169400178059842	0.165920782284236	-0.838119454295737	0.232343721252474
-0.0312208213226472	-0.188487659848358	0.155643734435363	0.00197425099097927	-0.113400672222217
-0.455717239741211	-0.00170181340131845	0.29697971217655	0.0702866530510636	0.057755105172814
0.480786796928855	-0.366955639550439	0.108179214398636	-0.980843430352031	0.497171721782858
0.367549271592196	0.0892953103710327	0.389946265466392	-2.77230924800309	0.461088307193942
0.521756096574045	0.134375370864568	1.10628292995115	0.583122626973826	0.163927761773039
0.516484620645226	0.130267495733436	-0.00377950676917611	0.345965112903709	-0.229530233985078
0.592764855126773	0.363639958711771	0.518988539848504	-0.026908423500093	0.151829908977059
0.31828815342934	-0.0618131879576948	0.48554065634868	-2.15433016728372	-0.842288376935107
0.141219847375243	0.264785790880384	-0.0221820938291188	-1.11384961842994	-1.00306473678184
-0.0992567086689723	-0.159416323896547	-0.68186371338468	0.22085807352786	-1.51677701067647
-0.390331480144742	0.206853283871497	-0.329497715501324	1.16542366269294	-0.958932480251422
0.499609175355052	0.647751336302806	0.0112737287339633	0.0155143788767275	-0.968152929828144
0.0775872065777951	0.870209975641922	-0.344356318814208	-3.15878622549125	-1.45076807158556
-0.507866330761584	0.377256471969833	-0.967499142125925	-1.45059912072553	-1.67486343945239
-0.0954455175796355	-0.687840859261121	-1.02578567984289	-1.54261891929224	-1.38645347508021
-0.435930783229471	0.536233307627828	-0.81048828373812	-0.776469510522895	-1.21438656556018
0.178384399778357	0.350525658672017	-0.695005867790331	-1.54360077092197	-0.594586209784803
0.317151035027449	0.657669745060813	-0.781516328468476	-1.35569208236367	-1.24845333512287
0.222190663809769	0.343104292638922	-0.624446016594884	-0.919807975244629	-0.820663270758569
-0.00867163753487557	0.189092071153183	-1.36920656033328	-0.197632781256344	-0.830177235193933
-0.0149846681414703	0.313761912064224	-0.994902861774423	-0.418003446463349	-0.522068925653951
0.256128884762134	0.827265723820258	-0.593799189078289	-0.556780126245195	-0.177878602533402
0.459747676752961	0.454174140562807	-1.0654600311974	0.403591984638079	-0.126388146943493
0.119369035041625	0.138042466527734	-0.443893309115402	-0.416888938020158	-0.548968626673983
-0.304124331538629	0.545771043569077	-1.16124651013022	0.13162804162727	-0.49681874058611
0.000865176319110772	0.188026979827778	-0.956071999484469	0.409271288775757	0.228382282078886
0.211198834068733	1.3230096284592	-0.485139296846979	-0.578884922365955	0.685378336951428
-0.00916238078021172	0.336375275136166	-0.830253501209217	0.916237731568526	-0.267332943667666
-0.203458192345133	0.27802829690882	-0.801872603572004	0.23391546264489	-0.309757313359673
-0.352931555391815	0.138982084361267	-0.577175880894486	1.28424363374017	0.365748909909086
0.185016930733146	0.428585581360487	-0.400544669133008	0.49950590309445	0.221249501428591
0.0770905352809511	0.257843763551159	0.087630748427452	-0.473179655918042	0.188803954998069
0.0551597772952092	-0.134532188896309	-0.33831030242503	0.251983896720409	-0.0778059310391712
-0.555678459773323	0.182798188704696	-0.217002752534725	1.08744999127983	0.0145133334827975
0.246159625734018	-0.233552008411555	0.0324258595949177	-1.66037918633667	0.266595780676684
0.173515798359653	0.0997741302905807	0.611694584063803	0.66667413539222	0.587910100413053
-0.0373303951738387	0.249185132052039	0.202957485143958	0.377329780475634	0.413799520358924
-0.12826086140292	0.127150577961245	-0.216020242394043	0.315561199344952	0.206810681544115
-0.338262073720833	-0.280212766956898	-0.43638098912751	0.723783912846838	-0.181823198526539
-0.138567995116055	-0.133550448366982	0.361041203926211	-0.000838925254455305	0.480432313904426
0.186579506871737	0.256852346933844	-0.279296295786033	1.33600845573069	0.981063801380304
-0.181561719529603	-0.0130976478604675	-0.379681211093496	1.01746256034321	0.131055492726805
-0.590939882014753	-0.150723212800081	-0.755837209679341	0.639266333578901	0.332861535753205
-0.265988356074121	-0.338082711854146	-0.452021781678196	1.03209281949274	-0.00363826405135025
-0.461445826891131	-0.189837987526443	-1.20462009132797	-0.407431027089615	-0.243395194741552
-0.0835076285607198	0.131574943959998	-0.506645709954425	-0.402995593032689	0.347452393871657
-0.087392310422205	0.0757052339063634	-0.667324857894879	-0.0910574387926269	-0.205342874508299
-0.190830224103925	-0.617457500283243	-0.64493911713394	0.478627385385146	-0.292681759985363
-0.19948729128955	-0.530143030306081	-0.612259570040151	-0.109349430788881	-0.916763912848872
-0.391325300791804	-0.179864342804459	-0.414420527249374	-0.538739616796604	-0.132314971108536
0.194068565738996	-0.245344547848382	0.437441444748334	0.814200499490246	0.00800893186187237
-0.0563172402105315	-0.222005648347854	0.146074664876594	-0.708886831621997	0.442253478520636
0.270465030378539	-0.155715108051836	0.13974600993773	-0.198858728808065	-0.159057600389832
-0.0101718773004271	-0.490811100169836	0.555446386855484	-1.05039020813947	-0.0511303305072368
0.675396649943571	0.0102892669698481	0.816521368347951	1.55933903584486	0.258537758785078
-0.0941581205378623	-0.201722566940604	0.697392056640184	0.7570106768919	0.37313720292246
0.718568358742441	0.102895554479769	0.633515918286963	0.0330246713526776	-0.119200776537317
0.179052760622568	0.506799374802712	0.639636815954187	-0.153500461471384	-0.510672553206453
-0.311957616589549	-0.33012493031903	0.442918145426818	0.929454750706719	-0.704359051831704
-0.0167684753574716	0.289688284884675	0.292259193554234	1.16654920715112	-0.682655113258815
-0.292580571865112	-0.0969624323700622	0.0702804293765533	-0.588659362667317	-1.08531946234893
-0.00430452094223937	0.0381042408848176	0.144057386229394	-0.587941570156452	-0.413405042513278
0.0852681050841554	0.23776771521275	0.0438966288400622	0.51951476494151	-1.02335702870351
-0.675097120444167	0.410750165478272	0.093748993736314	-1.58611829136915	-1.3223682956997
-0.220022453562868	-0.174084623214544	-0.476246261368474	0.0170297111349602	-1.01054066408509
0.162528700063872	0.283204422675061	-0.144932915257603	-0.522058486117556	-1.5631870597887
-0.279686406404033	0.104849226127843	0.0951974219549482	0.22367648271506	-0.50569460401402
0.279851470400403	0.313193244610389	-0.0218644072741645	-0.143103501118713	-0.496262993705227
0.0407655283067385	0.100429905836621	-0.0077387749549371	-1.65568833678151	-1.08585515257836
-0.322896818069662	-0.25725515439958	-0.300438331263616	-1.21816957844699	-0.701132727780257
-0.0909916874838812	-0.7733934084739	-0.290128853248188	-1.63872392196422	-1.17045363801644
0.213317695773833	0.357911374240814	-0.146521638889188	1.41394390209097	-1.30682603248545
-0.399365846099561	0.085917805257725	-0.451063714913631	-1.40476949252365	-0.72230377237875
-0.0248708256861099	-0.356375096483235	-0.291369931507546	0.380572962702505	-0.860352503987996
0.112554417004731	0.236014908705993	-0.429473218127568	0.679538888610169	-0.823545675242995
0.0247770706685109	-0.114814774161733	-0.553602123538582	-1.72877681406028	-0.937457170564799
-0.253295642006223	-0.248302217134209	-0.879063829517238	2.45603349107405	-0.577924331098993
-0.372966246260235	0.495886873013017	-0.644735376470144	0.55842685674963	-0.38784488445624
0.0980999823845361	-0.173782465801554	-0.382702834927995	-2.11628510989985	0.14371847981686
0.0107325402074184	-0.0606481812540104	-0.28460243271714	-0.371469842722827	0.116919916544887
-0.190699706386358	-0.395783524370829	-0.248316350161034	-0.584853633442389	-0.309272155855459
-0.232050423753043	0.35099986263482	-0.466092793002323	1.20118895503655	-0.373849519872346
-0.290740003819908	0.0313763018144165	0.0704480734989421	-1.17242051295295	-0.0471866549786407
-0.695049039401794	0.285684133973635	-0.0922063451164671	0.851239907943509	-0.236328905532873
-0.0873524467684108	-0.473929110097298	0.0878026274586104	0.120122100565632	1.03699918606032
-0.117087613897767	-0.00871889050706552	-0.0460794668883069	0.0470568182966759	0.320958407417207
-0.33392667726715	0.0039795526951583	-0.334232398841713	-0.727021590280016	0.660937908359431
-0.200512758546256	-0.0952750125849443	0.0454379884428978	-0.434160844016559	0.837273557136659
0.0605810050360132	0.215771941621711	0.442827708613479	0.171037434891902	1.16065181229211
-0.238472903255654	-0.39575178791084	0.0950623728415587	-1.03722631086302	1.13791175935402
0.0327323337066783	0.161775608093096	0.587053711218147	0.427958884839376	0.6489186580019
-0.183864787923071	-0.309354870653523	-0.374962663968816	-1.18292243599383	0.559924327508866
-0.275652585139101	-0.655066940252328	0.318487382241589	0.0449454135912023	0.542735445077292
-0.154674153519163	0.0837313571304351	0.0756880060637255	-0.0841932436144138	1.01014229676645
0.101771060291775	-0.352963770083828	0.547346102938169	1.57403663014857	1.18307697652991
0.216546595929644	0.16611267495584	0.466211417396627	-0.457490565405619	1.31285163750331
-0.195431909308325	-0.555396055073067	0.208096261170992	0.828603175878291	0.510834713936968
-0.0939645238768572	-0.308226072844355	0.734694836027761	0.612317653639238	0.85564086282502
-0.0106774230441359	0.202541936861718	0.385061730475603	0.38779397689555	1.02193200786784
0.256129536014532	-0.162531109885873	1.42742839904927	0.0455856751987532	1.05759639379108
-0.069601711016094	-0.616069077118054	0.0966237488503251	-0.991889960845697	1.16499056087886
-0.694362146523904	0.199328038224479	0.648395141086933	-0.297347719496372	0.641327453809712
-0.326759890718911	0.459447023233603	0.508273784331988	0.260951502620717	0.656203069306088
0.0771325279196278	0.233779864336301	0.314926426515932	1.22852418539829	0.535269557032979
0.26376758559455	-0.169441685853277	0.982927057463962	-0.74661427879164	0.877266650416785
0.301914242472921	-0.26887000732973	0.722779626308407	-0.32985092100967	1.19945035019524
-0.45568874768377	0.332604864838842	0.546329650813044	-0.166519293286038	0.521241526850819
-0.436464020857317	-0.533042891671087	0.382466014051	-2.8638894529794	0.537357314787853
0.312067051589946	-0.381252342171115	0.713528665134269	-2.2394241803675	0.734230849845964
0.493730815417737	0.321766271960964	0.94023910935818	1.29350527746162	0.433340036309923
0.504775515797598	0.910746175872553	0.889359318193128	1.57386003701892	1.18134287133991
0.56596819843099	1.5269361647408	0.657831840726819	-0.722549062648343	-0.211070884656956
-0.129215770818278	-0.425070980654282	-0.311318975811912	0.00227649832138645	-0.246234587491794
-0.0433057342345002	0.25634005299417	0.0136002775977795	0.161553570995415	-0.175341796714971
-0.0441826261940985	-0.494453810575508	-0.27503157915692	0.0480194599479276	0.173898265159111
0.243494822163431	0.466457432533174	0.041661326284027	2.83601495948365	-0.36205969962461
-0.286458843820254	-0.148190078451376	-0.140420931958704	-3.13233927100613	-0.329191358728752
-0.0792836392678444	-0.228999329530786	-1.0342407886276	0.449420031158676	-1.22652278395845
0.0876117791632944	0.274834301927211	-1.22608854261386	0.511191416205934	-1.29241143375463
-0.584017690649343	0.147635838480624	-1.03463380624723	-1.05406144545138	-0.241773039868568
-0.647295184476695	-1.48536379168331	-0.638716211925816	2.12044283924395	0.271461944426415
0.397925894572203	-0.0176718196766587	-0.725837175792419	-1.06891018877957	0.0109557611895757
0.687972265248641	0.178974350024047	-0.458102111510998	0.575013871268033	0.0719637052078745
0.228698708411039	0.338801517160228	-0.312150604858438	0.952294338812285	0.782299871154752
0.392924267472499	0.246641338507418	0.655483797769904	-1.11050632534247	0.0682756753377313
0.459063771221501	-0.514231814858601	0.427823248680165	-0.282265038329088	-0.118725396283222
0.273912110715597	-0.0684410490505952	-1.19728546585688	0.950085054577089	-0.0486228723052256
-0.259910028555025	-0.137735276913113	-0.298513922988585	1.37132181101571	0.223598136830693
-0.127167664336	-0.295704060781646	-0.682747518403993	0.429299567264326	-0.352022618565264
-0.284965767591958	-0.346294397815604	-0.630841394961984	0.414498199310752	0.304474046604022
-0.489725507784162	-0.321404627895708	-1.35831023918025	0.507654126051567	-1.36618569259021
-0.699526632773497	-0.138977224911033	-1.46825125261191	0.302317871200517	-0.614699402918741
-0.625529460760686	-0.44462427982556	-1.30330753822974	-0.278298868415788	-0.256537133342971
-0.375142694815678	0.00691242664894739	-0.640567290088019	0.316563350454557	-0.815563691109712
-0.125490840971028	0.370201820500934	-0.510113718381482	0.0839896357461245	-0.303805504443667
-0.200407650340745	-0.0802013834148179	-0.566287217158339	1.38129265531765	0.0909197382987265
-0.190760116048385	0.0436207493698845	-0.204162754393992	1.43612336812431	-0.154690520750201
-0.811079543728295	-0.11568895803356	-0.37886080822758	-0.401770527337831	0.165461657555136
0.0515864508052871	-0.114456420320844	-0.187656027540383	0.95773843702915	0.176597777230113
-0.0281649112748334	0.132199617406041	0.416526562956695	1.41008726931334	0.443666365103371
-0.14361524839234	-0.504199892654923	-0.517656488988598	0.233133185154329	0.219047463995077
-0.497527187160509	-0.0515302480797462	0.0625027826876452	1.07001891093723	-0.378389431380693
-0.231722315287485	-0.294278256506605	-0.0104417038015495	1.10808085460632	0.0753721311817908
-0.236085384730259	0.0180057419482891	0.203740936811827	1.74169676145498	1.11154128411798
0.15883335780621	-0.22435864436046	0.707588870759098	0.256936657115647	0.106679607393488
-0.251649407511121	-0.099914389401306	0.275211488868901	1.52615277325269	0.467051983764459
0.0356638601513768	-0.359885403725119	0.308208361015366	0.396452018492204	0.558240063158791
-0.0151270679588833	0.068355425649116	1.58830592071222	2.83296880395203	0.936575121554959
0.346187204977285	-0.27860312470378	0.747844897658854	1.0437647459504	1.58138832051755
0.387584926468668	0.214381317977354	1.2531823624189	1.09844325109155	0.390464163148671
0.187233227247525	-0.456361085045689	0.890306006173098	1.35484610081134	0.581053617024746
-0.163606319537686	-0.384020948827808	0.0544502425606986	1.75520949381023	0.326392514878103
-0.0757612878629881	0.194491754644882	0.366035957617294	1.4411560843721	0.055343325341635
-0.10074176852155	-0.199128477338116	0.137812419058527	1.69121395392191	0.390311845536352
0.170193588389354	-0.336415185202373	-0.0925608013131978	0.341467585098964	0.00777775223490129
-0.00336081228345735	0.220325115353723	0.219590357905729	1.02890187186171	-0.701174400839905
0.222141753553638	-0.268361945292181	0.430438609905485	-0.391298452464787	-1.12811626014469
-0.482426769385458	-0.476973778041009	-0.41260900208164	-1.4442322385428	-0.60284064101099
-0.595782766450295	-0.0199875746627535	0.374069280851588	-0.533718286665067	-0.651271500304293
0.0781666732498457	-0.51950538275186	0.255507995069076	-1.25011256851885	-0.0334396379705202
0.538780351637868	0.173241371822032	0.980641156111029	-0.324313872345137	0.275113359708157
0.599310863486108	0.647714361024675	0.882634934593195	0.795843111523279	1.22307623921558
1.09411580644348	0.4022293672971	1.00617592219337	1.03348063443507	0.604383487703013
0.808499785719725	-0.0891217362416733	0.969812083302818	0.0279935572394167	-0.267529760141385
0.0196912908720108	0.118624249533786	0.015277547494924	0.761504807423728	0.0369749852569073
0.123879356738153	0.622048006037013	0.366171123008983	1.41333338495018	-0.23394499474024
0.196672709888981	-0.24978129482909	0.640288988295428	2.08106109248853	0.108210453830919
0.58153230936634	-0.353773009568175	0.570771589417912	-0.586528950414517	0.0217838614689462
0.32049103094118	0.359270949115565	-0.0432092750810341	-0.70343286270134	-0.526895209375106
0.310077883206425	1.24302323497904	-0.406848448298258	-0.178252080878832	-0.564702672552935
0.682023216734124	1.30674216960852	-0.261415950334237	-1.24423194352568	-0.251455585936133
0.822141357593414	-0.185344797229214	-0.120915395688626	-4.20929580978434	-0.595204626948948
0.519217668034902	-0.0904898735553195	0.243754224770893	-1.36919956122461	-0.568196350123513
0.165331983066899	-0.0840752955004779	0.203913827908465	-4.28307248832373	-0.765226191155586
-0.307505661283377	-0.00770444451195553	-0.50845284266352	-2.89150310127895	-0.513684561068842
0.50010872138724	1.05742742298713	0.613571905802505	6.05941032945179	1.48605483564794
0.205303090351424	0.687125989118364	0.00635871730333736	2.27055466497438	0.230660814086019
-0.0883081367854019	0.132797018426227	-0.0828458480956678	3.0715471804197	0.0961122678970336
0.171949633572196	-0.465422345269218	-0.289168406007081	-0.679482983392454	0.293692487390519
0.209166539703395	-0.973754800627115	0.487896305834253	1.73944732164344	-0.292845582977844
0.00584751835497839	-0.158146845115414	0.338698179948575	1.42076599925373	0.237012268416903
-0.39368995382392	-0.636570989577295	0.100017602973155	1.32548018754441	-0.728678973236062
0.233959227934532	-0.337572856140276	-0.0375562471913308	0.127062836433615	0.504345125043643
0.127614785909637	-0.352372676256574	0.25492759130506	-2.22457619775538	-0.163654055586375
-0.0770260609071983	-0.308355318598229	0.241108822819815	0.757769272294866	-0.331907771745508
0.101770867882968	-0.428559645339921	0.30885074047721	-0.842909407993144	-0.0109530307683532
-0.0467892494176948	0.413373865008074	0.494127265729897	0.828458680162654	-0.629103595865726
0.441326667067431	0.357504409456419	0.279218934388517	1.82626298312222	0.837328222762768
0.176131858156771	-0.476753596905247	-0.319705602443035	-1.9114005608155	-0.26153695382721
0.386121625687686	-0.050531367941892	-0.120430863325937	0.217340374258003	-0.750385546894797
0.204689188796238	0.0948542123528342	0.0663623258527778	0.198807131045273	0.15945789179748
0.0404668389899142	-0.177237055843193	0.314517479751843	0.988922896272671	-0.71922186417224
-0.189784350494785	0.0979329607953629	-0.384022102825963	0.0959774092074819	0.229992798896876
-0.00568790533584524	-0.329096923927654	-0.100731845883238	-3.30372937623828	-0.454706102361862
-0.222155698032027	-0.127092629349798	0.155501549449994	0.684583570271411	0.195485399013865
-0.188729061417199	-0.117897389149229	-0.545812937828158	0.273315699826045	-0.271414684229427
-0.670641582706058	0.094821607997725	0.035044593609027	1.67912588782152	-0.197136169165556
0.160741148027673	-0.0162318551492531	-0.209656395583678	-2.60804259751497	-0.188890762929924
-0.342367160943486	-0.20820884233522	-0.0809521642168195	-2.22353911654424	-0.220264640951037
0.0612512531483014	0.113483182514835	0.217258176742252	0.439717569569402	0.121680999632015
-0.68632179134036	0.255312046354393	0.0706177202454997	0.313672618330955	-0.00144736757566125
-0.0158924001548224	0.210083717828937	0.041711849020919	-0.862381966143755	0.238798379128568
0.0218685377556537	-0.287179794762766	0.355407346080772	-0.19789928658431	0.241664261921357
0.0562458314353009	0.27187691630029	0.179285185504471	-0.339768746071677	0.516455317257343
0.0122687384909597	0.066614004417766	0.187977180806038	-0.76848459566374	0.69512123960874
0.279481372864446	0.501959565814795	0.331783847052106	-2.17609954316793	0.296975325392338
0.45150300837735	0.229540753818709	0.822337886978419	-1.80485705186809	-0.282876434781391
0.587766988284513	0.559299052871519	0.460994433876892	-0.817501362741767	0.0876126109496915
0.599765457884166	0.500399895893494	0.515957684186426	0.535712266606894	0.324586307988445
0.215117167842959	1.20045123689797	0.203725643992267	0.722138062049225	0.545682541921938
0.836241097143254	0.547473898442161	0.680838515077788	-0.396850256851111	0.486828417219308
0.447393337761171	0.514335840314327	0.715045941407772	-2.66493086493943	0.0801998076661953
0.45984800088407	-0.145371583841873	0.212669328444791	1.17096808241584	-0.0531399540100509
0.349601551046453	0.909704373212543	0.375206523452686	-0.421192293317412	0.0905854754785964
0.127595504217608	0.673366976790496	0.307759808799296	0.442645973011693	0.336206457750425
0.0346416798638435	0.21618637215685	0.0947917594468398	0.446212912325944	0.0132045232370997
-0.267667737060922	-0.416459606526171	-0.632896066967305	-1.09648244472343	-0.104939916456173
-0.709659633177305	0.123438520034965	-0.24724824974046	-0.0392859817283408	-0.453587314190249
-0.46090282669943	-0.638663187070078	-0.562990438788356	-0.474174348706226	-0.315491785114932
0.100162326841632	-0.551754370983659	-0.737514747299844	-2.95658157521013	-0.201283310504405
0.112937142098613	0.0766796096917071	0.177610505026528	-2.1402864093832	-0.00397460982476168
-0.0654551493396825	-0.19122743246808	0.291863862658684	-0.438063111628019	1.01170921026775
-0.53244026853322	-1.16410952614342	-0.743582871473099	3.43197847109843	-0.433309997390397
0.363519806531798	0.871169137026314	0.789891953847707	0.218109379664831	0.606818426092056
0.60459396943019	1.02209603605379	0.630745381643319	0.523922503683624	1.08195095687947
0.752595156333123	-0.202351398155898	0.915744429738971	-0.826824841199837	0.646785872581275
0.375797820287838	-0.201684355900061	1.15642402134067	0.167069355411337	0.186124597290578
0.809773356832475	0.469720483624799	0.359750416119981	1.51675220035907	0.197335517681109
-0.230101477501143	0.750573273983998	0.564168501386416	-0.385266179064251	-0.0351932755978767
0.132750540567136	0.189269967419383	0.0657895360954254	2.75473369993987	-0.224821214638583
0.484430980973256	0.112561213874186	0.190504033481075	-1.11411955337993	0.0249767730455989
-0.320221590467483	-0.520721608958273	-0.41544270180328	-2.75214761164057	-0.989802113517149
-0.0960265066177007	-0.0683215641723118	-0.531215230086942	0.757202546332262	-0.625901852839068
-0.760059131273088	-0.113114782648655	-0.526625609375838	0.366878413963703	-0.213424699838956
-0.229056605402218	-0.0948015516866747	-0.870617062148721	0.648472090130875	-0.600281292194913
-0.356724926542019	-0.362146874031546	-0.591251699529441	-2.76452406600364	-0.431336183167128
-0.2496603909565	-0.786536417077579	-0.293560719684053	0.255742911059759	-1.47248048414923
-0.139348271083721	0.186463023300629	-0.612858017210292	-0.189550561663802	-0.183903332032306
-0.446425352245973	-0.227026911133375	-0.23160600272969	-0.490870720653273	-0.0788333496969941
-0.0921211318626639	0.529849809207741	-0.397149413186808	1.44443795259339	-0.462928180440566
0.00685837314371666	-0.543356908761695	-0.523944527556672	-4.10980893940083	-0.563105067016648
-0.0688972110319577	-0.329485989406276	0.243673959251986	-0.49376492196529	-0.59496523241966
0.292957573047241	0.549483057757193	0.244750996446178	-0.85000459193198	-0.101047836929604
0.0356174659749766	-0.606572553202163	-0.0583720211124875	0.787298039170449	-0.208516646581922
-0.41129253787312	0.229720542695879	-0.0481499286364192	-0.550466212632322	-0.123825189810566
0.442291618327345	-0.368114956831301	-0.308923235327491	-0.012387634154778	0.348669304913264
-0.462005422290861	-0.255242518946549	0.0614008737484914	-1.2661239190833	-0.66397054653732
0.321019276968513	-0.338188438498668	-0.15530112822391	0.986815827370294	0.246899769904289
-0.335805279529843	-0.182066518130316	0.00225259779707361	-0.221241494802187	0.15710722104423
-0.336006178058342	-0.343836222112848	-0.27105351363416	1.23681659972803	-0.0508722372499841
0.0333143343114916	-0.581413439846745	-0.267306129415363	-0.60983160419274	0.251139551888064
-0.0114853843546566	-0.224066087033061	0.0457920084200166	0.0383751376934412	0.0501725760912627
-0.279602585055028	0.328974861849072	0.0893347664071488	0.806957993744169	0.147601773824712
-0.393735143412121	-0.313434227438642	0.481913640390832	0.37896002965901	-0.177228661412162
-0.343049674676076	-0.195313652504451	-0.126244303263163	2.03658984460969	0.168980511619672
0.366094278483047	-0.262838734051375	0.31293927389876	-2.96401266463543	0.0618308298910631
-0.563870396783601	-1.12527965097663	0.254275124240866	0.155458353403508	0.0426050034274144
-0.0945060231900203	-0.0149117206378943	0.439961893621218	-1.04158721047	0.241016885569744
-0.33607424321971	0.035522328003525	0.364539956717795	2.30771469928957	-0.412341164981234
0.0475768049013802	-0.386960463073288	0.0404180375555296	0.0824060398534862	0.0474424656432243
-0.375112032376967	-0.473964486369138	-0.0590470507918941	-2.13649700454902	0.235757389242837
0.211544448508705	0.181717717718929	0.416382167835079	0.185543433070247	-0.156426445856599
0.0686128151070321	-0.699887387992119	0.372779385473669	0.442124333573864	0.270762205773762
-0.0467117957194016	-0.529978291761342	0.622458736075583	0.0538121976036024	0.386044045368021
-0.0907042293759202	-0.271056434486953	-0.171739012244263	0.946674054311935	0.188366449438594
-0.0844353768481537	-0.115415614904137	0.470569154378618	-1.64535523008639	0.0760999954464796
-0.180488448558724	-0.438781575927617	-0.334850907110164	-0.318201390215391	0.182647544622971
-0.453860745140762	-0.237298778955963	-0.0335812214519273	0.606965575261197	0.194873070708905
-0.455072559639675	0.540521683638135	-0.135100638714589	-0.632635172318487	-0.224990277748762
0.0220434195353956	-0.25614345707771	0.0825015626886405	0.765457278343157	0.0871599904713012
0.00450951729659335	-0.321396257887826	-0.548054263276101	-0.792565677337325	0.363429932614031
-0.174135889282124	-0.379581261324979	-0.386980018549948	-1.77358297449689	-0.387439030048194
0.211912415744497	-0.348337390676573	0.271159637581023	0.111550861523305	-0.312801811644672
0.0855262528317255	0.059978480342722	0.167900938330478	-0.139126448461562	0.686106546937501
0.234694438414794	-0.502015223537677	0.16016881466139	-1.24098265324798	0.187331260354268
0.0387891003818089	-0.195207272459328	0.574267113163499	-0.536618058259043	0.541231919243758
0.38612201889667	0.275244353410049	0.385248808952829	-0.575380761919649	0.34608932639137
-0.016121716648827	-0.492678291143077	0.804386850728557	0.370440635557947	0.113108924955599
0.986550226205341	0.722633004944288	0.39077082053805	1.25441218973261	1.60480417054848
0.251293664894801	-0.144514980168123	0.972611224325502	-0.919467321190642	1.03211499152854
-0.344589420624842	-0.957430679028887	0.387045298132063	-1.01588964125658	0.201084782975783
0.131712647562185	0.0291119661412845	0.478863388513562	1.41133766915521	-0.0259119340757294
0.200991277675497	-0.733258562387597	0.206850702891401	-0.453817138796675	0.175094346891643
0.470922259055062	-0.0219411919139772	0.0844415027727666	-0.115900313847512	-0.0659338719915604
0.286801581628578	-0.463974561285828	0.10201035290162	-0.957786854162133	0.15033708950027
0.183366426416814	0.766992534197351	0.326807210299184	0.78892102145951	0.42513380348143
0.133074752183935	0.124784280416162	-0.822023635925025	0.526704695387809	-0.254604180646521
0.586748659193091	0.828562155165513	-0.361582156350244	0.436321301692037	0.206487784602274
0.101860471026746	-0.114994533075115	-0.565302581329812	0.635743428119502	-0.408005977609552
1.17247840478854	0.264403962455759	-0.490349323316176	4.58660380943263	0.366876201585218
0.59428918773862	-0.166326476406965	-0.547364532127499	0.511609058000681	-0.368336539555202
0.709791964996838	0.306076053356066	-0.815494943415557	0.00183041811557536	-0.447152097467191
-0.156982646471925	-0.526800699966464	-0.683853973099205	-1.1676733377085	-1.14241590684755
0.170949043577886	0.24420094630093	-0.358985383372505	-1.05006390745831	-0.274773689696138
0.134808399074112	-0.0184451296413656	-0.322361953004666	1.72197579503422	0.0674347944450936
0.0582326155846619	-0.106819826325573	-0.614326269142487	-0.195975776670886	-0.561260091937493
0.0866081197685998	0.262055888905676	-0.385740313946222	1.09744861143181	-0.55163003256335
-0.11744590237022	-0.19779928991536	-0.208321959453307	-2.2289026157737	-0.364825506109315
-0.363213663492475	0.236062898913412	-0.597312029421596	-0.212169329105292	-0.875659960984092
-0.432540024328757	-0.142956449744947	-0.510241542840716	-1.49336184586278	-0.247929056135665
-0.16389893921743	-0.51700545962379	-0.315162681714848	2.4843604612742	-0.255400333312699
-0.565783796607957	0.242548947097215	-0.678771497535076	-1.00335767534225	-0.311455297486922
-0.877272125367729	-0.0655966537015775	0.300623540330704	-1.64494153616662	-0.185976075415621
-0.554233543508325	0.474697300471544	-0.0222039814768437	0.487746505552006	-0.339741385579797
-0.524820610142325	-0.482084304238324	-0.12168395739325	-0.37120132180788	0.0749081276250998
-0.745151235547999	0.467020701636615	-0.12233456126031	1.62206047147368	0.264960895148529
-0.471724364335077	-0.261966210058844	-0.16330594300567	-2.49523361039825	-0.621515729276465
-0.286201807524213	-0.0704070217710576	-0.446020719266219	-0.354002891196264	-0.360672063057184
0.162858817634207	0.259521158410239	-0.314091595199541	-0.354949208816261	-0.244874067670338
-0.440325318584108	-0.315170037037	-1.22998690819938	1.7474016434418	0.109788517067299
0.096397580774997	-0.144667775645318	-0.917453225659624	0.0945842976787601	-0.0447082567127858
0.0276525490702646	-0.338175851210837	-1.05013877224722	-1.1396852120491	-0.680974364704859
0.0614406155881132	0.169680120657752	-0.801344306921583	-0.275325651555135	-0.204223069975702
-0.181894683352265	0.122912962988613	-1.62438618109353	0.572248931125228	-0.556639448549254
-0.394202623299392	0.587668693633797	-1.2310864481769	0.0160033277363316	-0.154185517674451
-0.561919254531326	0.018584358319351	-1.40383900750182	0.107951587845416	-0.485565657040024
-0.152881917035302	-0.429814420948349	-1.2227188478879	-0.61966689275466	-0.740441583610058
-0.522580065146699	0.362499269688107	-1.22954111552108	-1.80444197357539	-0.264317389524219
-0.158542400663929	-0.465887196256334	-1.05720520742047	-2.28798214791239	-0.344262678162203
-0.408666022794101	0.880571328490649	-1.22528141155053	-0.121498451536052	0.00465681218136356
-1.70859758832157	-0.0919225643775801	-1.73072607988129	5.99019231917501	-0.0292704946589338
-0.704960855821736	-0.4264883954607	-1.19257282936475	-1.07191578805478	-0.4689184634817
0.241810841141308	0.995236267283287	-0.818228318662234	0.852101009805313	0.231050071606101
-0.504675150549291	-0.0942100021639322	-1.42805391201905	-1.12912384188201	-0.186188479949404
-0.132444584943115	0.0553939361476707	-0.603993759790559	-0.988676531142368	0.175500123493173
0.236782260860485	0.48439272578052	-0.693192208958921	-0.743143437784219	0.265032867629081
0.493471748703362	0.201094360826408	0.303261520134435	1.4843156624765	0.61120507566463
0.714692899437158	0.24840881648423	-0.185474121463376	-0.0110474759816767	1.05114327629175
0.359311352561777	-0.194254554450184	-0.168867961457563	0.000614537325402656	0.698336575480263
0.68182639319732	0.491473817721729	0.725211623865374	-0.14643371656845	0.447276693046307
-0.128428477628233	0.606597290147206	0.27776291193098	2.08960736105371	0.915749030839506
0.616739851409846	0.711073210648653	0.926889332897116	1.23366975118826	0.506866569162128
0.222666513789374	0.550269585642434	0.544070344773822	-2.41007137697898	0.629385691608671
0.0353416284119998	0.124107209199989	0.706512315208098	-1.3505274392263	0.298853573408211
0.234882048852315	0.317746894175976	1.28036864166653	1.6504357625286	0.349415259747152
-0.100099162803281	1.42448959649585	0.775258151070444	1.07622518893153	0.541724973376879
0.456237771571879	0.324254401493448	0.876028172779621	2.69405581635855	0.443279141582887
0.0622829889921314	0.433448339286388	0.654631610369938	-1.40513688237343	0.131436761998845
-0.135469582302444	-0.27226974557915	0.448334772738402	-0.193068682533974	-0.119722207019818
0.209773418062884	0.838721244424229	0.601001462334482	0.258661140490213	0.0350731255556043
0.0210646104880424	0.426795944595491	0.641028364409645	-0.81191515525238	0.211003837997283
-0.271591859673987	0.825266867347629	0.337557021108927	2.22511263712797	-0.354724756700979
-0.331527881707681	0.231397968214948	0.0307340108202529	-1.4561506084877	-0.0125984175338905
-0.194860992453031	-0.161335572918719	0.725693818766439	-2.56610956621407	-0.89781937236361
-0.151025428371396	0.430440583214984	0.215906657902571	1.31095775703287	0.610970657494995
-0.0450931990028122	0.347714983919097	0.797516507081006	0.11051052202045	-0.128994777780492
-0.42023303983463	0.390499548817607	0.135811170738503	-0.0661431149725586	-0.735423128075381
-0.548491018835405	0.439382578425297	0.220016222924621	-0.266377022374574	-0.147591254489999
0.0041014241782463	-0.169823831252694	-0.109659122484477	-1.9124865605946	-0.892037352599514
0.115093340162748	0.368847013342706	0.102066873919853	1.63588590738271	-0.140392391032994
-0.718480656068543	-0.550611488708417	-0.111913616767613	-1.1766858119817	-0.674855918810178
-0.107979991140664	0.0133841964154126	-0.0780503545690793	1.5201917203569	-0.422321631457656
-0.193013925135617	-0.134653588145709	0.129114103020982	-2.03814043705752	-0.152641803152051
-0.267694335420664	-0.303995291305039	-0.272057087901092	-0.0788598305325809	-0.710146700659063
-0.23626651410103	-0.543810342639676	0.200670593927586	0.161377008972898	-0.550912585029408
-0.373432406870223	-0.0548415586795322	-0.0727033019088403	-0.388198178151186	0.275883525917382
-0.718419903138867	0.11245919932275	-0.036887888639097	-0.120433059901589	-0.326814899833592
-0.260355095756102	-0.580654689925303	0.0905104153347019	-0.893695209647678	0.277981902656631
-0.389663748327337	0.215502336608955	-0.362989000679747	-1.94153932348071	-0.21264795507328
-0.281442341563461	0.019418236122114	0.231335050033445	0.0259772860312878	0.0112161851206567
-0.167283361929583	0.000892406689401107	0.13727603282942	0.576566893860113	0.0465982524467656
-0.255463613484182	0.272742418769667	-0.0808836361376571	-0.877612865170726	-0.269108113691754
-0.143244373653756	0.854972359503497	-0.0983736289556374	1.44753396670565	0.302130913626272
-0.25487621907842	0.253705511971876	0.681278252445964	-1.68709294344593	-0.634743253228529
0.170312218714807	-0.0359094993798259	0.307419051610806	-0.316230796909097	0.16125162012722
0.0416069124551188	-0.0507431975534695	0.416934475537074	1.33527551583109	-0.396171617928721
-0.0884952546839651	0.238793599326333	0.658619449447666	1.59470321938753	0.475995923354111
-0.0591307074418463	-0.475012014032945	0.311115339673987	-0.0419515757851561	-0.255316279171313
-0.188601825605393	-0.106479091663624	0.406621458910389	-0.507437635143269	0.337223551605776
0.0782282796761023	0.155330282579734	0.316207875903883	-0.287664472557332	0.321628402227388
-0.141086941658809	-0.0620268930708257	0.460169571172487	0.830845882963424	0.60491278610017
0.130524580966776	-0.21967750990069	0.284563204946234	1.25498225490219	0.176223159410321
0.191764919999524	0.154360169668143	0.379887082942211	-0.0222708709577853	0.912277346113905
0.0982712109542613	0.531995783056522	0.266764130946926	-1.77035586998325	0.286274697736767
0.190694743238923	0.0198272319508608	0.166821920654229	0.212088043471016	-0.135682398833325
-0.0766758806079382	0.38946440676134	0.198028475091332	2.05584810861383	0.00619058672513885
-0.282972523194103	-0.0909431135413654	0.061282690738483	-1.93883816562594	0.0401356093840532
0.786595012812724	0.44518413645033	0.293548772670265	0.445524185694235	0.574862136213895
0.323074001711308	-0.969618342825807	0.186395139328611	-1.08633584534227	0.28426869047902
0.391671781226481	1.3056208641292	0.244977852686319	1.08683618068129	0.521370244328467
0.136498875029104	0.220167817397163	0.815824872985536	0.619854294723616	0.0533492734295089
0.177367825008127	1.05426440306809	0.624580931854538	1.51727226257203	-0.0136874060380497
-0.923156137052021	-0.406987575047381	-0.119561290948035	6.34544397475238	-0.254757943952053
0.261285911288474	0.296125197368805	0.164321855215151	0.622287001377496	0.51865011750612
0.315045541069219	0.508424465977142	0.252774687328946	1.75364894784824	0.0756895172959665
0.589555586501336	0.205218873965281	0.176645969307934	-2.02104355325247	0.2798450851728
0.277324448565696	-0.449997428148588	0.118995777655705	1.22103604207179	-0.225813881446761
0.530777607486364	0.432368385310521	0.154579818659745	1.05314012583333	-0.0399758953572154
0.313743589942145	1.09919285398693	-0.158290333182515	2.85422885673463	0.369932345600543
0.334815946392238	0.446294863839526	-0.185740169161832	1.29915184548289	-0.0742391568550957
0.501258772961938	0.491187426191979	-0.396311059816044	-1.52835442784971	-0.0121590453986144
-0.157990993987067	0.152225868491736	-0.284459946776193	1.45631951566529	-1.05158739478845
0.267546416113038	0.459392433033737	-0.766430160880938	1.25160217419848	-0.159953974395763
-0.100223591905774	0.355053471010434	-0.391434309921183	0.897840305077868	-0.254787345800466
-0.187076491108947	0.0702172891216457	-0.121412418651153	0.843126980231014	-0.00119519416591991
0.512775242019304	-0.0183226034629955	-0.547626226295802	-0.63488747651518	0.658275612297835
0.00783733600885726	-0.248788250461094	0.0141753993183351	-0.947308577552601	-0.646053872637804
-0.0935087248788496	-0.300050406570228	-0.40561076060062	-1.79880450996919	-0.207667479901979
-0.24334528744963	0.143218255316212	0.381598866404887	-0.0894390315131977	-0.163494945347432
0.0409863535620609	0.478355943971419	0.173900290225162	1.09101589819067	0.223892366558068
0.0102443638748512	-0.368406287136042	-0.143020118020544	1.16182017255985	-0.342785755566729
0.0588351902613571	0.654904536368646	-0.0623913354223185	0.538073237750479	0.0342276960188358
-0.637102286824054	-0.0459044656985864	-0.253312173981771	1.02600376188286	-0.616433218362974
-0.0701832310124392	0.098144479698386	-0.762665642380092	1.16080523403949	-0.176289218562346
-0.306622395229878	-0.0913990295617906	-0.487941928201549	0.897012650119393	-0.52880459719023
0.261757269452731	-0.549115699895863	-0.745183829308738	-2.83843618254557	-0.793862718413403
-0.149344946202488	-0.191673071454585	-0.309829713019699	0.610140025841963	-0.480999701503404
-0.18503550856631	-0.323805588728324	-0.605586721488965	1.00712248455258	-0.3005519699973
-0.353950469333626	-0.409701107018123	-0.466961571082821	0.691648404060829	-0.698082346832768
0.157487934412309	-0.278554702824281	-0.552166535461435	0.219221249717418	-0.325101069645091
-0.254030278898651	-0.234077207571792	-0.576556369528043	0.760611705793007	-0.0116571668406495
-0.36837684132761	-0.360842378652559	-0.456212324562105	1.12833294315417	-0.488078376750061
0.393375147209359	-0.473589289011229	-0.608783386292669	-1.05476215387279	-0.165923769824747
-0.195214559669619	-1.62002270683213	0.249912982059706	-3.73610424118294	-0.890820728250874
0.334685278531525	-0.639515993789028	0.00296262828136996	2.26336564057789	0.0439592667196944
-0.0333751808025709	0.603066247046663	0.0342612350571373	0.678163630403404	0.308558609662725
0.182307200298675	-0.427534785550962	0.311154309370389	-0.555003575309173	0.250891112217506
0.0709859619745759	-0.225779533892517	0.210477198723552	-1.6355240703147	0.547581862365308
0.43833976919522	-0.360019698412573	0.705015893528662	-2.085183686489	0.166104110920014
0.132442456848157	-0.184386289072743	0.339474113540964	-0.937372979490251	0.611549354801794
0.311955723834168	0.21783654977519	0.556850290575441	0.323572085837648	0.690960470338927
0.187154380788139	0.144337892440998	0.282976355138333	0.22514670101947	0.821988263684743
0.252196587873001	-0.397386585314635	0.228665533297202	-0.16919474079399	0.258852765225503
0.484859346328234	0.284498737476858	0.415576395610463	-1.08010191965389	0.596678536656434
-0.226543787399762	-1.06748432609559	-0.232260006931812	-2.26356908588959	-0.571895380867556
1.05485150758566	-0.300230153696916	0.855952906632783	-2.09038541495151	0.748403655999943
0.566146847542643	0.331889670460755	1.03889868012654	1.51537570827947	0.68845750608067
0.425244112594421	-0.650676999539623	-0.207846601090464	-1.62023388141704	0.559199390290863
0.578394484190839	0.311756823343034	0.197525743247244	1.28148075478526	-0.121415313789799
-0.00103492833119052	-0.94871120102587	0.151007756860941	-1.5789281558741	-0.419994609184861
-0.021641707208693	0.00332373750830418	0.581868887323606	-3.44401035529961	0.435022216087247
1.24062862226226	0.533837171961508	0.380329908267102	-3.66614935503144	0.0816689812970468
-1.04256772786617	-0.532967292768338	0.521684573126573	5.33358674611352	0.00470459502231853
0.425303523230661	-0.0581283495622615	0.0882607916563722	2.26363107315631	0.107430651096338
0.727401024645986	0.323859621821841	0.935620400053701	0.935914728914319	1.09347088726229
0.693079980952595	0.632798383907492	0.703835572428026	-0.713619321918167	0.730474298367487
0.882268429503005	0.652712094844641	0.912253850543783	-0.753584453957767	0.27944265030408
0.377326949091196	0.125443696290303	0.637852455810462	4.09932388473859	0.673887588065623
-0.0518172952922363	-0.290763705692953	0.574372866667124	0.0299850793069534	-0.0815070216145911
-0.215166477191713	-0.0126215279383616	0.113084581467202	1.77532106300372	0.0439696238495618
0.0149304657271245	-0.49691934222135	-0.409041135657253	-1.8210453972408	0.20901367551445
-0.749608272502535	-0.966406994250176	-0.331234163365494	-1.4629463119331	-0.685655264044638
-0.419692747528039	-0.151403703417775	-0.299472917376823	-0.43848570295009	-0.471915144982068
-1.0043027915449	-0.960084991898029	-0.908081370405209	-0.513140090380184	-0.452296562154136
-0.291891562950946	-0.58066689296746	-0.482738673681712	-1.03874285924881	0.159648493130454
-0.638543058216809	-0.640235624701954	-0.507217861751598	-3.58125367148297	-0.323696715098338
-0.416131670957407	-0.296166721058869	-0.155429696582701	-1.47064700347868	-0.284029877013376
-0.035525026196114	0.0102117179765901	-0.069654481981189	0.413456670454801	-0.144657155756926
-0.628807368400716	-0.180229569850179	-0.213905760257658	0.189110800292916	-0.0127703962430398
