1.05838804541719	0.977899558265433	1.10418882712838	1.62898218767089	0.727177319686726
0.230962694818068	-0.114625485928213	-0.32987585883982	0.265227770550084	-0.150112629986524
0.171297757097508	0.151586672533081	0.143845566977301	0.302685925857258	-0.716714158971672
0.343999049474972	-0.187499098846574	-0.991196913372341	-0.838044892595997	-0.0592216074572732
-0.31094925285724	0.138293006747542	-0.338656661977161	0.169189478436722	-0.106772903046628
0.212056502176587	0.362480087871615	-0.0803675266068733	1.19386783639577	-0.0054253049439526
-0.15121320507747	0.723953444655824	-0.450602309110486	0.613862147556872	-0.0945070915461563
0.225929348904098	-0.0820078460900153	-0.349626105688613	-0.796481355456041	-0.46786730883119
-0.151024770936803	0.439649200579342	1.47257091261966	0.175841721391882	0.299332173894151
0.796517500168715	1.24289398334515	0.57012561378439	1.9747601658092	0.422858391323038
0.848238506728153	0.680550859454355	0.938993764471163	-0.455324673598205	0.0513960006083278
1.03569252590567	0.763083993690866	0.818146702223502	-0.456642780784965	0.289672631646637
0.102365698538447	0.607507893771599	0.150953590145889	0.43386582898344	-0.0170105409122357
0.570012240568977	0.501109993617051	0.462511741908579	0.816257463985989	-0.298454398343194
0.108526384551938	0.782724241369613	-0.287218281918571	-1.27729859934458	0.163960066118945
-0.85086061755375	-0.127718935102815	-1.10688947851674	-0.482026804236571	-0.71436921230506
-0.609084482515214	-0.339335163666656	-0.430169004375923	-0.625210160296236	-0.836220927990282
0.156283237962157	0.654180395478222	0.10391406842263	0.91384683244838	0.187832724391607
0.431351027028331	0.524681396760926	0.258277517930522	-0.791411980175435	0.410404765377577
0.8205007414311	0.51919016796124	0.505894510735765	-0.138481008335398	0.420125015916235
0.858039752226687	0.0235871926899189	1.30775272600618	0.674097537407281	0.3817371245959
0.286569769421278	0.300518060929696	-0.2202840072634	-0.663651993503603	0.330930712501989
0.601445764340851	0.149253313127383	1.11757770580383	-0.514669365252614	-0.167455453138909
0.182554790638482	0.022864367829055	0.484394264000973	0.626544888493089	-0.334329225866155
0.240778782049913	0.40477115822658	0.294297917702321	-1.58782360139094	0.604088561786321
0.985292363038466	0.0250369417443769	-0.0805474578417412	1.34456778498834	0.309343555712934
0.70186062719281	0.610457357195811	0.225596785528743	0.00812354868983447	0.646721881416427
0.611954277422691	-0.221238335334739	0.727154381798495	-0.278219424092259	-0.0804101702696717
0.27519035798273	0.485863014133156	0.408018207272906	-0.702173035978678	0.237660423956343
0.33922886721034	0.0142257610730748	0.0950777166337848	-0.0994273681694142	0.436551052457175
0.306129448282834	0.392913552577744	0.888363315608048	0.159992791322478	0.124436301704614
-0.497211951831988	-0.111291190732249	0.34264980818486	-0.275085860123261	-0.198362837137407
-0.15135164604937	0.220668811871789	0.897464618111059	-0.195210507237423	-0.00864416211891822
0.391901129167407	-0.154842633081938	0.130108914380458	-0.41587600877696	0.391118281084635
0.0567208982827578	0.0314116724733491	0.77865931963816	0.054520850287163	0.170532548719003
0.206424255110776	0.134278399147434	0.124591540583584	0.143591450271729	-0.036442718479419
0.61115469072751	0.523357382441172	0.563815754604709	0.125060061765378	0.377606683464404
0.515125344146253	0.31040086685173	0.0628468498887642	0.51431464359078	0.65867976572956
-0.379016923905505	0.0899614115398638	0.412940659109489	-0.339662918763592	0.0930673243739664
0.130345588035538	0.118439546510415	0.914485273194085	0.544619749414399	0.259927366377201
0.474381250537431	0.330141362885786	0.0418930896411065	0.83771455764047	0.590574273894395
0.532977715995038	0.471878524898189	0.559013505700479	-0.221443302440637	0.793948974616012
0.270973061380486	0.29019005959604	0.73782522171445	0.551977643285518	0.52015036911982
-0.14117982355707	0.583559198958392	0.405615544601006	0.282447665496867	0.929666119505842
-0.236239555994841	-0.0737146603924783	0.216005354032963	-0.629591038077897	0.0974714154328115
0.233742139430412	0.0251483700067627	0.341785468720544	-0.307751499075289	0.357308533859588
-0.197983084979459	-0.206074783440916	-0.186993604028822	-0.269610834430083	0.803197070462801
0.719329032765039	0.446500819790092	0.222349458720771	3.99682659463354	0.443696119775395
-0.0588064031636992	0.701589663080258	0.745491373211863	1.98400803707557	-0.0771320756656976
0.633850204860936	0.237683833816552	0.840232625274486	2.29754739723018	0.244933046371902
0.291196379499532	0.000608033511807743	-0.407216836672168	2.1903658969875	-0.438375974555377
0.277874648917356	0.718495171066672	0.31750436285752	-0.401213367971125	0.193595065510934
-0.116402545745582	0.249269939680003	0.233844271838642	1.602152026366	-0.100729263337171
0.450735511136223	0.0841219032197432	0.259458931359324	0.268572482494344	0.0135871477360392
0.760545124985739	0.370793963833374	0.84695503437158	1.14315205333376	0.370259894981306
0.504913789216907	0.478114408375594	1.17498154127029	-0.496847445100738	0.242733356716749
0.817233496202452	-0.215480233173074	0.499469830270484	1.96219550117091	1.16853783842989
-0.0048221489332467	0.301494851092482	0.635867879656743	-0.929965922593835	0.0370232620176229
-0.282938526052476	0.231602319003486	1.37647714808624	1.30146461204617	0.479155524412405
0.579940846059923	0.642140679195898	0.994051175959704	-1.22327142783854	0.457990717625964
0.0913509103850281	0.3377692894675	0.959982206008712	0.373338207983885	0.543804188049657
0.055780491881551	0.409725975479702	1.02260839182974	1.47758625561806	0.154261112208162
-0.0698360392227826	0.648115581290484	1.49545536503912	0.30817409779241	0.240404390744465
0.499630447459246	0.472498172350094	0.489304563173593	0.965604154334995	0.745664315104191
0.633526547295425	0.565100726738305	1.155755372143	0.369018635580325	0.742791187196053
0.382546322473957	0.585790148331878	1.46660122418705	-0.690864553103076	0.462458821411535
0.428915625875058	-0.0394990501581669	0.254070595673273	0.0217460857788218	-0.294224740052843
0.310904995775529	0.386360230401186	1.42204441511715	-0.919599770191487	0.112773076749311
0.670548449490463	0.613165371708108	1.00392941752939	1.10000562196221	0.295400740133144
0.371916534150144	0.179274550083688	0.856720477981754	-0.362941933699909	0.401489289107179
0.504651178410218	0.273490778932074	0.661392890403514	0.690186075557227	-0.136008227650313
0.44287824612754	0.175620441527286	0.414303439904961	-0.132217596906135	0.872431474229845
0.0945185201673283	1.03968075795622	-0.3071609470429	0.471634024747172	0.280583819708496
-0.0767981998546244	0.564494844592529	0.756832032498513	-0.562595685133408	1.15045393959047
0.120513774347192	-0.107392866135656	0.280789920145893	0.809879667289093	0.234678535576386
0.422172465856989	0.200320205886875	0.338827928892473	-0.0840554118513435	0.473780934072153
0.544319005079039	0.199220138353122	1.1252398256314	0.180651402903799	0.759215555478706
0.195270949166621	0.539670179697358	0.545652656784612	-0.716766192158213	0.416649540544839
0.315712906589015	0.0868389627422578	0.0413494071608274	-1.10148683712592	-0.110501963842421
0.0395069191613436	0.45767738938831	0.650885389377476	2.943534032703	0.448559499220349
0.415484767434632	0.122691578233644	-0.0440805040963105	-0.824752561765405	0.138735677282091
0.575166830029887	0.169772605971842	0.810921663418462	1.669973164668	0.0373285243909174
0.0900839331708157	0.542993329491589	-0.00140941391164712	0.00633878163328169	0.153251973547369
-0.122172801858145	0.101805583003935	0.61518162523572	0.908438688302161	0.305885548238588
0.676951233301777	0.474481725611572	0.432973057799999	0.517873511446132	-0.103750623113741
0.342852707137237	0.720526111906081	0.878010891645071	0.161701277734542	0.159695669400415
0.12673981231149	0.455348081914471	0.0940874046021017	0.695862266007641	-0.464523256031731
-0.17857467875092	0.497369585763989	1.11061672190883	1.15036895156116	-0.718642859971339
0.319692995761018	0.120690200995735	0.632204540107669	-0.422301372630269	-0.34519592974075
0.311934613631243	0.43306652508074	-0.721232790585714	0.319822920993356	0.24053845060569
0.29642440862508	-0.0806347811142906	0.78777918559155	-0.998247902412334	-0.11815645020434
0.179206036318822	0.314815990222887	0.197893629851672	0.297414470379655	0.163260582219663
1.15330086462531	0.914214364709649	3.12581197891331	3.9425891220697	3.5212905179856
-1.10017514807748	-2.59383215934727	-9.85396320220203	-16.0255370176849	-11.4872187587051
0.0492756532659987	1.1868349515378	12.5110941529438	6.21220518707575	2.50841234675487
-5.55701896848035	-6.55045788873696	-5.66435182543231	-9.59149239171443	-6.11211274962334
-5.02624331091796	-7.24570011771565	-6.6630994309958	-4.92635458315046	-10.9376321824612
-6.19605661636816	-8.90150168827492	-13.8832570139537	1.90409608050623	-4.96807883535208
-2.40809031597605	-1.11039437350443	-0.883267096814968	-1.21510657152325	2.67212716602982
-5.33596396669769	-6.59685489977018	-9.9547928628064	0.46859235096554	-4.29883334826451
-0.67961275424018	-1.56752085687905	-2.34626203334381	-1.50243463113428	-7.09127183090706
-0.146785285918547	0.0955165820246944	-0.913376230673544	4.71223432084104	2.41318646903938
1.99550070910793	0.370590950287338	0.249742568607228	7.83366720452484	-0.539261398505801
-4.4917491424839	-1.10605606593247	-0.0264232328710339	-9.22231403228368	1.05008941744594
1.8942242605884	0.332147701106301	0.527561576798254	4.32760578063528	3.19567363198596
-0.180970643516508	-0.959897744867923	-1.35008941876979	-0.478742401163248	1.29064456640192
-0.185256773717313	-0.405273731355972	-0.280620715889693	-1.04901458022731	0.25026868187645
-1.43967911176211	-0.765832298706014	-0.6935876775821	0.0797500619632108	0.339663338537874
-0.52227450467186	-1.31091629854082	-1.51323889562433	-0.889707766436532	-0.500218448856052
-1.42131687196224	-1.56401010148511	-1.5483946699151	-0.337931858444555	-0.732449298877185
-1.22655682841311	-0.935868023384784	-1.00907229917418	-2.05508427151118	-1.30564977874239
-1.86624405829735	-1.29036268174081	-1.39391595677721	-0.975803183178049	-1.42445086132212
-1.86587087929001	-1.54566883795777	-1.69470095074446	-2.69494098015706	-1.34488608199945
-1.83144167354496	-1.38839462122884	-1.88868697203498	-2.48018369525327	-1.29231619020298
-2.03934248131072	-1.58091481803741	-2.10869935564655	-1.83481584575774	-1.23249024561072
-2.11519308970564	-2.00421708084723	-2.33513152125783	-1.75957633055332	-2.46650636447069
-1.24837614784377	-1.35271483273478	-2.4911520549881	-0.695581492916887	-0.451335975844047
-0.746713372773034	-0.444054344949577	-2.22941280595579	-2.25000970214728	-1.69304390860447
-1.37159326947404	-1.04078215808648	-2.57171471778212	-1.86811607188454	-1.55867116534983
-1.03590886482354	-1.16765899660597	-2.17089131417137	-1.01311122002977	-1.36411282920179
-0.250224391251296	-0.824365667044471	-1.79789893435197	-1.23655388532098	0.272079757118776
-0.0967396408906466	0.0650474847699591	-1.52512573969081	0.915527813436043	-0.032341190110676
0.294833733000465	-0.112626460320067	-0.00793887162914673	-0.960356469723453	0.702671521870149
-0.197472930748195	0.136145522735901	-0.451956432198013	-0.772636268102877	0.131844669159052
0.401703131370749	0.301149419014571	-0.367028583974744	1.29287544884303	0.0966837399029761
-0.224579210923342	-0.492219689626155	-0.0748671822964481	0.106044314860569	0.74712771103546
-0.052015417751051	-0.381195572301386	-1.26632978438001	1.09242245199831	0.620354989119703
0.289689165370129	0.593012204432921	0.00757193844856064	-2.11770114666114	1.44727259949165
0.474378763568198	0.446719530731376	0.52029344088244	1.46443151455442	1.22420035828256
0.176264874810609	-0.114297584628881	0.708067472563591	-0.189202610888965	1.35979868123145
0.470274227070819	0.610278843992285	0.044163774145739	-0.125803786461492	1.11921584933452
-0.0299018765833664	-0.128004308222291	-0.382953157443708	-0.252930357790981	1.185804679442
-0.422858033548864	0.229975471206127	0.0560227171454146	0.134112282985769	0.961823532904545
-0.384382641636839	-0.479921872439665	-0.299392642298164	-0.939761716194892	1.01440985819676
-0.213913257503195	0.253927623549741	0.333682194605433	-1.19078129586451	1.44202277387539
0.422145610291934	-0.0742050259517257	-0.430759400279221	1.4224565521073	1.49779275654991
0.0355572296904703	-0.0496689958323043	0.905278931806807	0.478601156088345	1.23065038475251
0.81952122795775	-0.27262111181787	-0.110576697173899	-0.779910373531487	1.26651085198587
-0.314067217097249	-0.0460149630453523	0.363772317170152	0.519952745826096	0.915579431261141
0.581349784034593	-0.300295811846708	0.35550097349487	-0.680834173040893	0.270539060735214
0.059501825205118	-0.598879314795905	0.424887894061704	0.545781626323718	0.240309095355991
0.0151076143632861	-0.0240880720067917	0.237773184573905	-0.796680574265131	0.166467116215786
-0.26022143510663	-0.110056202133568	-0.110091205852673	0.944385278977671	-0.0688032852196281
-0.110877532996361	-0.0277531805667348	0.728321544367962	-0.553461191584098	0.312873972233087
-0.16501419778696	-0.555986762617267	-0.20364352311617	-0.737796435917838	-0.470771386335009
-0.616069543920128	-0.16242800832782	0.538429299017721	0.118810479017103	0.114538919749359
0.0566155784246321	-0.0411560953918158	-0.12670268677591	-1.60270898703319	0.253706250675255
0.319420974444277	-0.129096828560369	0.0629447912944102	-1.29215288667557	0.12333136697005
0.000875645492079557	0.180243174690344	-0.637546313140692	2.17041233697926	0.770352103892325
0.360934036717296	0.310034414833373	0.385507917767067	0.679751637154115	0.0348851297653172
0.459436037202407	-0.087430940341013	-7.62869244028574e-05	-0.552167175610614	0.820059174535789
0.000884344129942689	0.0992315382289541	-0.252549009748994	0.297968427654747	0.420200793985704
0.282949085576541	0.437111740893595	0.374409528992362	0.165782849626282	1.09121133428478
0.39673040034319	0.383597055669005	1.24847647158727	0.870753665642978	0.620968500476881
0.730981573949136	0.830016421148868	0.673408406323921	-0.436003257574794	0.215196031051203
0.222734499303794	0.728365502855027	0.825309553268018	0.91196192551978	0.859210608196327
0.40481919061993	0.581169248803157	0.581123000577274	0.915551538110509	0.516092363697835
0.132298299202414	0.206487670316003	1.35167448900909	-1.40434117332188	0.65567780206156
-0.0118130771735579	0.883832803561477	0.473933086646933	1.06437756453309	0.740487661756439
-0.00784096988536098	0.450100985710505	0.0623400554150327	0.60437730965045	0.8922964507643
-0.517781532254455	0.623627869274092	-0.26198351562271	0.0127470383438837	0.603956022759278
-0.0655654342358176	-0.101455653120847	0.320764031276287	-1.95902448537309	0.397153139321401
0.33703144724321	0.30621119874806	0.444820428392295	2.68806367372626	0.493494736368365
0.482088344609679	0.140134652969479	0.440340656658804	-1.45821148518706	0.743580427813758
0.337253275517845	0.537692728624365	0.309169501677709	0.137134286284749	0.987234886557733
0.554922140882832	0.0848670245416995	0.0798680302618326	1.03381941052435	0.530183750357241
0.192345138092941	0.609330725156508	0.0662214095059189	-0.921508194302761	0.694502746428127
-0.0253582542523246	-0.0075842030066839	-0.807289759036776	0.106558709872211	0.231603789256714
-0.00135293200437417	-0.0785500861089647	0.067493578999318	0.476204057911239	0.333082139151218
0.593097967638009	-0.016277516712595	0.17655563803517	0.433236733340448	0.75156338103862
0.247684848445074	0.953482820769931	0.882188024654654	1.35570022707468	0.281475313151972
0.516710582088818	0.125930613436936	-0.0253308681506446	-0.544773989972475	0.412311540211902
0.0596758212639033	-0.106429226955497	0.418566704892331	-0.0521217139229176	-0.0399536284551838
0.140901780919888	-0.019302883617342	0.94005838643017	0.835988945747783	0.131301210337449
0.213057566345731	0.392842704627463	-0.0309012908733715	-1.34066038533038	-0.349535408121282
0.224872809146947	0.425984179094487	-0.501494813997946	0.240509371917158	-0.203855643217078
0.111107522035089	0.0310040685152336	0.816286742421483	1.16704296594955	-0.213448555911827
-0.09088636430205	0.331258899989123	-0.299941363211869	-1.28058696699694	-0.196338401432829
0.156624908661779	0.0970361228488363	-0.327272128065826	0.369836746948407	-0.144749943491459
0.580499619836162	-0.0243309965434032	-0.31743209634718	-1.03905759149751	-0.433104045002888
0.12388192532581	0.378434764381541	-0.177353095358276	0.523939280736232	0.200821258512822
0.367497994773648	0.707563997854609	0.319143350218298	1.05502816447664	-1.02037022456814
0.116701714551422	-0.156322542782846	-0.0624420227431172	-1.49585940580329	-0.896778575922153
0.0454511604335836	-0.224607806283209	0.572050364262357	-0.22252473835806	-0.314539663101227
-0.0409096721441108	0.0054691667081376	0.106663579006344	-1.093683811265	-0.121874594705468
0.456974347468861	0.451528434259584	0.498371167682686	-0.334466980677162	0.626675640638038
0.753361304608424	0.303262838555237	0.919504959629523	0.333746471830568	-0.119993260628467
0.467400405897964	0.374027894166247	-0.339228046943634	0.740200952515983	1.16519511942168
0.230987281570498	-0.156059401261281	0.147271492203737	0.366896996598404	0.312438555406757
0.426162086729228	0.613422267819005	0.0589879984746169	0.497465370228076	0.442766171671695
0.438961053150105	0.227848549849184	-0.362735245089534	-0.300514096029133	0.801872678457069
0.803657608859446	1.45700456065123	0.564169963542746	0.706942034150617	1.51904552379119
0.856835521513775	0.722780819837732	0.602570762414286	2.83617432721208	1.00552219892989
0.589320043915255	0.368038836744426	-0.629930207179413	-2.96096050133644	-0.283299053349659
-0.165414471638848	0.355529660945524	0.221865768553097	-1.18886913679497	0.981288630329028
-1.62199857272793	-1.06266994959728	-2.2093041616506	-0.365216876859137	-1.08972350228013
-1.40502813612456	-1.3356966407118	0.297774694509072	-1.06635535376627	-2.14809868853926
-0.356756924434934	0.455542575962	-1.59833735118882	-4.18633797317653	-3.48957286060423
1.36398043056352	0.960834769878666	0.388648051570434	3.4291246499343	1.56068577284845
0.764551523187478	0.897789393373176	0.308733071807725	0.747765255703694	-0.666351680489554
0.735332433435632	0.461447916878597	-0.530518572452354	1.15340967376756	-0.130655631698432
0.0672856454052425	0.546689464812547	-0.341878395612914	1.0444284049513	-1.21852533457867
-0.0473441498324063	-0.243292536992654	-0.491134032052205	-1.28295437289434	-0.658332337017562
-0.305059912194195	0.081103771755463	-0.543754355410408	-0.105430852437205	-1.0240442870333
-0.0258311386272772	0.193393757211292	-0.920392047584222	-0.370184168557665	-0.463336214327254
0.886225964977479	0.771666342793299	0.488792641797805	-0.759968910696471	-0.293028103889575
0.276784144325105	0.682819722751936	-0.708571861890738	0.197643280423239	0.40104052067269
0.647807550869236	0.569940140257141	-0.230692624704971	-0.390723664518192	-0.673363571438575
-0.104961575608062	1.1122852912182	0.145905958617845	-2.78449734512374	-0.180759347031013
0.199126695233342	0.594305398268341	-0.246547721560231	-0.0647719719685193	-0.44632451494202
-0.133414547539108	0.485959755716661	-0.570926149737406	-0.338689242893588	-0.188448061548565
0.0889802556248006	0.438400194373332	1.00262608562345	-0.657313352277581	-0.795196835003662
-0.295129944632305	0.973780537792289	-2.03005915903408	-1.00990950734051	-0.855414674481351
0.513321852066575	0.314532700723773	-0.280695434142066	-0.403902500648989	0.329413818498675
-0.119298485484127	0.702368842819484	-0.55829511550036	-0.252261269726077	-0.824899783438639
0.167804935095612	0.66133042979059	0.275329314754975	1.14322707178309	-0.316208321443208
0.00522183629494811	0.924369960340896	0.159821471285698	0.711476297522121	-0.887225266030616
0.0994268743371915	0.965057906850857	0.600071382820846	-0.109260114457366	-0.524383367151426
-0.0452119457591026	0.586358898119266	0.303398814545323	-1.28744532205289	-0.818465141660989
0.13232595292658	0.825682316134808	0.494395174074406	1.14650371669114	-0.588113315279277
0.0810308214577122	0.609760906284645	0.126090157573834	-0.126995116251673	0.0370883292095306
0.148490917040767	0.165174537969028	0.636073204979823	0.538122634718313	-0.272056767157325
0.0568899010244721	1.02691986380589	0.713257902833432	1.60307810654593	-0.331546097472813
0.63912341419079	0.696369381049058	1.37283036061247	0.792296037839371	0.645414754610996
0.778514090226504	1.03680729158906	0.646664325934826	1.80798821915543	0.694561641875071
0.913607317875775	0.411174633709956	1.11010122657427	1.07603627124846	0.772545807379647
0.347356380848244	0.605407801533482	1.16864481715495	0.186665691105261	0.199480244521537
0.945039190706959	0.585726141581894	1.68654191058953	1.2120016705187	-0.0134981817378078
1.07928455726914	0.866515847954697	1.67582494223101	0.975713505727423	0.535170603974131
1.06831576573909	0.697531996350706	1.22335394474934	1.35975801558211	0.758799618497877
1.11933792471933	0.64744718416898	0.137127902564189	1.61044685809579	0.586845296193691
0.705085093145374	0.199289469228674	1.23887899086601	-0.00301044440192264	0.492767534625739
0.878309711386951	1.42667336837163	1.07543029471641	1.45299732955887	0.784175482849725
0.468793392431223	0.296500360556895	0.675853966406442	-0.360393748457448	0.364019165543888
0.347032461684769	0.836180905242535	1.16435909246642	1.85520100392207	1.0843831849883
0.86611544287694	0.855775381120053	1.31031081778509	-0.206406074641036	0.636898322843957
0.629625209443936	0.725861447312102	1.72492350776799	0.146854730793991	1.38372634148982
0.66156105076514	0.378063007002809	0.739890806749499	0.536756120709656	0.223456513690391
0.53739926852156	1.11217814839418	2.28912379123603	0.346724403816852	0.366771768036372
0.415651596054363	0.570835157741261	0.949256515538082	0.903760391357896	0.223942150069573
0.406450903011698	0.147790447921592	1.00153866158177	-0.273344978811267	0.15484807243257
0.555712327408901	0.664046830454679	1.36987314401513	0.923527772179248	-0.164681920944006
0.445063308910737	0.573707913984223	0.655139728677896	0.493351681458866	0.657518123544374
0.902514978119552	0.816645051922908	0.678057776095204	1.30608661285876	0.428438651181632
0.630872301671198	0.715255981756795	0.456492400543459	1.82481402560066	0.405530363168808
-0.03329844410051	0.392686665857987	0.907726363612391	0.638709878344661	0.427920959865739
0.556901960878891	0.0316018673458378	0.199420974477842	0.956579223849664	0.136673765728267
0.387571755599801	1.09302318813489	0.509918043654072	2.05953675483222	0.0533443989221764
0.216202057363179	0.00736256550001693	0.956138916686686	1.04860535101948	0.0400360587795334
0.264213488047593	0.181331569236049	-0.409202582904968	0.88269178449049	-0.438276632740407
0.635908986944698	0.994905088053633	1.62470968822446	0.919447157955215	1.678951248136
0.951240140765383	0.650494517738548	0.173385804049837	1.58352028184345	0.441137655435202
0.000200573013932826	0.947258090801275	1.24958643488589	-1.53558097337711	0.526321709747561
0.383106634858567	0.507133109323343	0.984083534608144	-1.17665190289716	0.540854074185545
0.0132976174006143	0.356233831988557	0.488988810814465	1.30750913428025	0.61794545477826
0.148106655783777	0.258005711564697	1.18524178215952	-0.693282324583776	0.475404091926373
0.459105354377171	1.12704818690303	0.695207064103139	-0.162831250051493	0.25821896623494
0.0146736989692854	0.18264218677977	0.604120921835921	0.232096609065596	0.48192954595939
0.172183563983284	0.731788010490745	1.23518924680074	1.15082083025639	0.472793683903807
0.568250478599492	0.697890986902136	0.571831786770423	0.23208753862616	0.475628066074413
0.555311513830229	0.187157074885919	0.930868501068295	1.33270701401778	0.262538806693042
0.603634253330737	0.57997272395761	0.543753906879641	0.183929767458562	0.0446129248963852
0.258136357371677	0.413906883962401	0.850315669196766	0.876259538772518	-0.0322181638019761
0.324349964879842	0.370208806470476	0.384347804747475	-1.48082572755726	-0.138591759405049
0.410049329100281	0.631006087090316	1.01955037137992	1.04879278982807	0.00961629292246433
0.369649766308191	0.143828133403714	0.0585062073000991	0.126614775877154	-0.238361785458026
0.117705707953237	0.645497717917252	-0.228396983372556	0.649331048114511	-0.304092288832452
0.430361537792117	-0.0532493501388154	0.330382933596446	0.00273896339733142	0.108751287646237
0.239565717960638	0.820550524117731	0.445491441563352	0.375860866637152	0.162959329814945
0.308988866950687	0.108061451158523	0.181467100040012	0.665339101956342	-0.136997295157594
0.476395547353018	0.564771774944616	0.26990705428479	1.47615839518463	-0.216826915218344
0.301293514758417	0.268655272401677	0.8412357859673	-0.0332270616840495	-0.0218424577729285
0.0897075465933015	0.11046179444142	0.162947338710175	0.571226959415763	-0.0753225097843639
0.490146694897159	-0.0924816559099979	0.931973329137494	0.271747204272635	-0.229621997164922
0.443633730907669	0.00122852018168745	0.387974551422597	-0.0224170223778489	0.235190681333949
0.713313910706135	0.361098505160622	1.02159888590864	1.86966733848348	0.595786263322035
0.74283645191058	0.0398707680924494	0.825296949254382	1.01107738902351	0.147283525982859
0.494182508515783	0.0206067582865733	1.23243896867967	1.5952736194215	-0.258707851026672
0.832705428913958	0.445182008451945	0.979754262897554	0.594927063059925	0.0958847222684684
0.675610099521703	0.330656801235978	0.596826458102062	0.387470238173899	0.639351712519241
0.512435118527129	0.533262325827304	1.35450306410674	-0.976639899245373	0.0634918340441009
0.461302354335058	0.536132758273623	0.138478299073389	-0.237697854672082	0.102047476529851
0.825126818101229	0.228111484300634	1.13908896829211	0.240089164415935	-0.0383272176884938
0.677509056625054	0.56945675010951	0.652528041869316	0.455969674310254	0.204117814219597
0.78530136932177	0.376447621257145	0.69961803804257	1.00506351522133	0.495854202733275
0.123691755241482	0.487740289813158	0.673105086344892	1.08146062358918	0.355720930158974
0.77484226278953	0.351069409716579	0.61758397402726	-0.150633789202565	0.0959872920454536
1.26809518818837	0.610920657175753	0.751252811948344	1.91383700549397	0.912794703995042
0.778123754871128	0.454892279406807	0.478545689633586	0.707382872527671	0.748454792329557
0.565925970342866	0.775228181186966	0.437430842754369	0.110744551299681	0.616038244862935
0.312514308842219	0.841028611466152	0.833985325959368	1.25960679402777	0.00921904085969824
2.15023606543066	0.771428510572075	2.06628063245528	3.44824659542791	-0.822925700575079
-6.76421761947573	-9.17592130183986	-5.90811030960762	-19.1896205482561	-4.64602536966089
-2.16483888795653	0.134377955949147	-1.4234586448594	-2.3022762866898	-8.02788315619902
-3.2105881181578	-3.7161467317309	-5.46684950314558	0.758570708032184	-7.81978843282354
-7.88940813269664	-8.18265816177933	-8.31790772954288	-10.2551482686807	-1.49796542866865
-5.21132426489333	-5.88316511442215	-5.34852541181139	-0.61964081113667	3.01798999102822
-3.31068735072662	-4.71866740766051	-4.41172905932135	0.919935401535144	3.29135091710409
-6.26110978188776	-7.23552889524237	-6.07009064224494	-5.31739553214442	-2.46288071118062
1.99723257702647	2.89662746041668	3.65338322050637	1.08592566954581	-1.75467797978256
0.284514395236454	-1.14993618693384	-1.68619412321741	5.11464210639386	4.55702912041285
0.172228525526987	-0.274361190137905	-0.493175716501444	-0.855464748141943	0.149716854665343
-0.670833941637254	-1.04327074616537	-0.925681258266941	2.04327064457235	-0.629304571557455
-0.487281748811399	-0.394219147958008	-1.26478072472208	-1.72762669583334	-0.894267073392958
-0.521827874154639	-1.24070199150241	-0.873471455414452	-1.82441006358796	-0.899793238714027
-1.02261696600998	-1.39385161117956	-3.26895287677371	-1.14760498154055	-1.57912030438556
-0.44816424952107	-1.22480184958625	-2.13282737521707	-3.28997789014013	-1.69566131082665
-1.37758024796871	-1.37437347511828	-1.89956296248495	-0.860027762840135	-1.47379770672897
-1.063203113099	-1.50097066324421	-2.65623022842826	-0.908106943036605	-0.73274117010555
-1.08671367260436	-1.40121435481768	-2.35959156572849	-1.63923563963597	-1.39901381753359
-1.36671585322237	-1.4081778397123	-2.18165187261118	-2.40390165442526	-0.906733351356092
-1.24218217103323	-1.50048179591621	-2.39816216808866	-0.846813127785007	-2.08405282789842
-0.787308210268889	-1.04096993732728	-1.91785631348545	-1.35517676095316	-0.47213351225228
-0.639454897540262	-1.10819183261447	-1.60336106820693	-0.19362912186106	-0.847943863072666
-0.705557519262298	-0.517581356385526	-1.54973862642939	-1.2152018097833	-0.421965405455496
-0.342982988915381	-0.622307449441816	-0.275290104412618	-1.15366031052407	-0.233056543444557
-0.801334679940159	-0.459072681373385	-1.8677042718477	0.328842685585079	0.540054184199242
-1.31721599617031	-0.566582521343893	-0.468805633112524	-0.217157699950603	-0.622391770521636
-0.51121805592702	-0.271423675621004	0.0755763019775711	-0.770138339433002	-0.0028635141173659
-0.342780307265326	0.0351754426148594	-1.1827336695428	1.60976004543406	-0.348097539945446
-0.458362993961946	-0.0730965017123887	0.349626637725607	-0.913792124677684	1.24491062396218
0.0768315452414839	-0.349621153338491	0.0151175393775523	0.0468320878396989	0.346595219167496
0.0305053520270869	-0.0366655708031911	0.702190989490215	2.00242688001605	0.679284036079137
-0.694622789174952	-0.0460433064402598	-0.200744245601502	-0.882135585817103	0.283828860142316
0.328991220599472	-0.0347843524329013	1.00927639000692	2.5046793811986	1.1749322480466
0.0206574616685741	-0.105437595818125	1.26235174414098	-0.864432600013183	0.972105485095325
0.0802904396728533	0.151283404337775	0.100007050820794	1.75493044111755	0.513262016484246
0.377036719288484	-0.327770454690224	1.39262825475788	1.04235393482553	1.04023543374814
0.730144776962572	0.363594369727293	1.00237827280458	1.08540740015365	0.992028705245618
-0.138565733716626	-0.419046747474055	1.16904042657662	0.967514475789935	0.627590527372321
0.290322592357233	0.061144670901285	0.997099603054502	1.30877700106097	0.869283584964286
-0.000151270850273865	-0.786551937099718	0.844108900993202	1.08506215212978	-0.436407261555593
-0.382156729417685	0.05365135097626	0.901177194499309	-0.0172795024943129	0.284120346708362
-0.704932548541414	-0.286453700518955	-0.255427184459766	0.912558781223809	0.209934379331374
-0.633669126580681	-0.720674427191161	0.28494142185757	-1.5528956023693	-0.338864124110558
-0.492993366834384	-0.521377338658326	-1.05777369106703	-0.204591340535923	-0.446721613543009
-0.0505367936935614	-0.448759007618092	0.54054257257334	-0.109727538974792	0.291287948045893
0.057058224546096	0.35943042890812	0.0253552964389874	-0.465304404046732	0.0861082985804008
0.282027387010647	-0.212723073188607	-0.204028322801915	-0.13017009713715	0.362153408476521
0.210449112152991	-0.25637084898751	0.235415086859412	-0.180784172771796	0.356789003852254
-0.273708747620657	-0.477321937810499	-0.179301017348263	0.352201646767334	-0.28309966715463
0.240983275985803	-0.194406894335232	0.718879619063442	-0.0585982784411042	0.389419329664501
0.462165163706923	0.0976179831988137	0.913999229399345	1.76333115414815	0.449806250287519
0.0960699362495886	-0.154662044005842	0.532223732379152	-0.527677625134457	0.151575342421871
0.151903336838179	-0.132898230211542	-0.620629566574918	0.385209739662619	-0.279697946572973
0.247267125350195	-0.604445263203738	0.104284287791169	-0.52083501997598	-0.223444477790953
0.65678257439975	-0.0944571103783609	0.246047383991348	0.767733108492816	0.0302371669035114
0.201971091198871	-0.0810353198629699	-0.344419055213579	0.425424585592136	-0.334716565719865
0.0843953596589634	-0.0608967852734781	-0.43391404331303	-1.53667015526595	0.168181622613185
0.19796252753539	-0.609043473700431	-0.302626387120617	-0.428253091356063	-0.475015815254126
0.0123121171260154	0.0242484596676394	-0.238637878383333	-0.101840674074225	0.57143508026573
-0.231638803666431	-0.254648592374507	-0.651237228761937	0.43781961048635	0.24937136136014
-0.156852117440442	0.768395289551572	1.0125562968017	-1.63589622551379	0.104340578727158
0.0903461888964766	0.397478275877628	0.00946605104807682	-0.586709207076351	-0.560722425580295
-0.745894917262803	0.225075489567488	-0.554092229796626	-0.628086962968398	-0.0842922039428228
-0.284475093202677	0.697009679976191	0.725275234569231	-0.140058414152467	0.68152408338291
0.576353531225006	0.589249625350887	1.14123574010435	0.109632964946736	0.80438919613246
0.271919778281884	0.407499815287954	0.195973663900687	-0.836693761221131	0.575112433227572
0.260858168088394	0.194944447922161	0.577811715705811	0.916874939332799	0.747894043601824
-0.0707587201027263	0.203856619975076	0.738655906381961	-0.524932084011999	0.348905381167109
0.569717288854852	0.638070447637444	0.202898912918128	1.8224007562328	0.823020839582748
0.732395645554231	0.333535581106112	1.2232710080495	-0.954996819484543	0.742501362031506
0.458362932476943	0.953645338576635	1.04084212720761	1.29530828535292	0.845927472932859
0.488938367568782	0.268056082779237	0.281312554102135	1.87293888815485	0.779772997308325
0.541026887479603	0.335815618677139	1.692571040813	-1.24372107273522	0.0687430508076342
0.37912534572029	0.602325310142998	0.0412996111366634	1.36014686759632	0.937935254393832
0.615421878024319	0.079411918810944	1.09214218725234	-0.0370619033767378	0.606071543631617
0.89070920892655	0.403528168912009	1.15485188301806	1.097359652088	0.226223341567685
0.235360618226543	0.137492643064509	0.302823121209772	-0.592753858488552	0.232295747027691
0.570715291206062	0.323061883824157	0.861871596517986	-0.0719747776819112	0.124003561669277
0.15122106103679	0.114351541580205	0.181530417638145	1.69586489834142	-0.387864500480667
0.540448477554406	0.434734289054448	-0.466926424093086	-0.423125011259465	0.0829412092569744
0.82322033571776	0.424216223197503	0.799478213037074	0.675818360300794	0.364597454821968
-0.145200139412129	0.52313155229258	-0.327661578738284	1.21048002765208	-0.372842461250785
0.629226961944899	0.2427483538246	1.23248961759454	-1.17049677181261	0.101723595432709
0.173465009676941	0.35902419972665	0.24692108585459	1.14955915887162	0.112480456579408
0.625978690007869	0.266408558241656	-0.185102960164928	0.871325196327494	-0.00133968921842127
0.50921338200129	0.316164960787897	0.208310852040781	0.0807649284285958	0.04352161023313
0.21727771378488	0.790084453065292	0.669695892914764	-0.876659174111121	0.196871368369049
0.106276719874172	0.182239542476852	-0.18840538290039	0.701839873016867	0.592227684542183
0.73627136684332	0.35005327580216	0.390140140972643	0.850213752324712	0.454660620475266
0.604586187596779	0.76208177227545	-0.65710055799279	0.409123251853239	0.603331033383396
0.560958771914683	0.465374493006843	1.03610082580048	1.21062069751253	0.290094830373567
0.0484705274437242	0.442214283949393	0.0781416084422628	1.26923905658576	0.622802259091382
0.912339243521205	0.685201626149049	0.454849773461798	0.779770618306003	0.743500394921856
1.03250453354189	0.637505684183446	0.348702807680788	2.02432198567541	0.780439926710913
0.436113978702724	0.531495263323341	0.866392939168773	1.10522675590474	0.440293035547833
0.35181636470082	0.0271271890848105	1.1592090877485	0.408290139673797	0.379021435297119
0.581720635387032	0.181834591495682	0.754456497552296	2.13200626546087	0.371962091924787
1.08497506975371	1.0769324437692	0.92456108759303	1.95760963447458	1.42544429289529
0.752453092246215	0.292403412159401	0.509251921541431	0.629383921756359	0.761569862666519
0.846702271750567	1.80143084151697	1.82731193718939	1.00895376222918	2.77981083545393
1.80053888070144	1.83877243244111	1.03351832032639	-4.69108400850959	-6.71225918473522
-7.48639632923904	-15.7630471766657	-13.9899302762539	-2.02624698926205	-10.5740149693798
-2.70435663445457	3.75941900198062	3.99261011905616	-6.6607554955626	1.88246447542205
0.863073614213344	1.86891814152999	-0.506992057614209	-0.999417482272881	2.69672219306254
0.392454438140206	1.57404147276588	1.30685703202144	1.26835067535163	0.775458058692356
0.320434618153611	1.15726903112916	-0.291045374110482	0.331819035436128	0.211425765587954
0.0355342776406161	0.829199102384729	-0.112427255461355	0.729415646418763	-0.349437968872853
0.859685428008107	0.805695633077348	0.180338223709119	-0.851560328527576	0.358081290635131
0.8069288029068	1.72760161294887	-0.00917094985054092	-0.82785615746558	0.624645224331047
0.577486248132922	0.861390945829085	0.519032759932389	0.021880559108646	0.126350553773638
-0.0745321833324597	1.22916958071312	-0.18297142861072	0.0438258490891654	0.369558202206749
0.049130689527781	0.782160967791994	0.182852871670504	0.181081528402071	-0.474417380867531
-0.406997727139405	1.3552076595003	-0.157814773962083	-0.0976911585336006	-0.343862485020648
0.60528883088225	0.603305568279642	-0.114918472499377	1.22335983188209	1.2621512556204
0.0419535697652978	0.257192935029425	-0.527891771799134	-0.577103542576749	-0.0509297551527862
-0.226770604058085	0.193159754353068	-0.945800054865565	0.135740450446234	-0.217510693358717
-0.557168019566095	-1.21158362681777	-0.173138925449543	-1.83286832030856	-1.36446976077039
-0.493293428989693	-0.483805168487366	-0.52449808889626	0.247173273021498	-0.694084454265989
-0.301280298280688	-0.315040277411843	-0.0936485734488589	0.790193215826835	-0.816914926499356
-0.192250965898202	-0.40106949942095	-0.545000763267983	-1.99366002874054	-0.0230403842286633
0.0546731245468159	-0.45781593262829	-0.890529693509673	-0.62648706242137	-0.409488276796159
-0.707700741491971	-0.715486005698569	0.890366655780616	1.7363513811856	-0.466342820422378
-0.2731169263615	-0.138384680534949	0.0542661425398799	-1.97336908386076	-0.239023720449177
-0.202706883328379	0.475549030824282	0.993348123645069	-0.101353047346022	0.250074404764457
-0.154749223428998	-0.0535136431282896	-0.229552153925048	-0.741675679608483	-0.048517345652546
0.0017543037211659	0.0983475585018879	0.318778404930692	1.00748548779818	0.164573260802789
-0.461014970421641	-0.417466443612739	-0.781118610470508	-0.673186138512761	-0.541171589316779
-0.89590133818525	-0.360692295458797	0.387008975258438	-0.117257774255438	-1.09663590344098
-0.521372355137626	0.389310689666879	-0.278457405844803	-1.27953454393323	-1.27982590859663
-0.568508590793782	-0.497306931013864	-0.408393274016238	-0.190403975489592	-0.0849443089717287
0.125734446455669	-0.288252130727582	-0.650014269172109	0.562570561931764	-0.513365252720653
0.415388469784484	0.446014076886964	-0.230948978980736	-0.858783403994243	0.225129231267164
0.221081126605603	1.01554833529273	-0.760248439041132	0.499606534174393	-0.590691012505309
-0.189822403117412	-0.454223049399175	-1.11996644887827	0.867543038870014	-0.0583930371619361
0.464003646300641	1.08782366232855	0.0725362347385355	0.469003972873956	-0.275443488701019
0.307417335560978	-0.175863305108238	-0.686434651946304	0.461028702891656	0.132236657405563
0.268221741504688	0.479059975181408	0.529071735605706	1.4695601066763	0.31147503156073
0.122134062345389	0.0171954368588298	-0.0788867068586401	-0.763649062765591	-0.226724856861958
0.410922567560457	0.681495884536719	0.878964801845711	0.271984656164443	0.886257708300023
0.436358158789487	0.59785338283823	0.675066231167218	1.78458314991976	0.445839348495142
0.460100910157238	0.280872712295738	0.623828806948494	-0.155510028185386	0.528791145716732
0.441311145058753	0.201683404074405	0.178223797312468	0.679435031087201	0.0922064456324165
-0.224026974051115	0.127493817893902	0.573297798597645	0.587587141514256	0.0283380135670235
0.0086230575163281	-0.116821368952899	-0.203077221503086	-1.1646671727688	-0.12198698442627
-0.43067980246718	-0.0437159478668751	0.610398210789954	1.28737838084119	0.115321723196197
0.472914604648554	0.223338567773895	0.331064757231305	0.647116877392563	0.801534523491258
0.280678911148368	0.721032865374602	1.27951357922095	-1.20000370119592	0.3864161770568
0.603308416948057	0.567025697444754	0.0327232527767727	2.21854956597254	1.41347576027428
0.170814534148039	0.139854794369832	1.12680736007304	2.04921609040461	0.276446288673122
0.152265830276348	-0.361122762938954	0.665624178304171	0.325848094219826	0.625614588925277
0.24823889701874	0.630787756686837	0.747073751345592	0.632885582261815	1.02980585354877
0.910736241826087	0.741803829013766	-0.253529711244027	-0.761140278474048	1.41197470919604
0.16405208484194	0.450908359926048	1.3194700395808	3.02739084414676	0.279026714345853
-0.100728066713283	-0.365976901963444	1.33811701640064	-0.277296311221727	0.407390640374065
0.273251178572285	1.00410493906925	0.435428165385439	0.14478452578442	0.138865445935446
0.318304979735595	-0.0685525699849606	1.08059426560485	-0.304026918555572	0.484886480225208
0.599584436744806	-0.168223667409343	0.503244256817773	1.05555395309217	0.490654596598471
-0.396975849621477	0.0614039644850835	0.819381603585916	-1.22761763315184	-0.0512224343262942
0.0952814594456587	0.599621342049846	1.06857897736642	0.470335443614193	0.476941162186906
0.305971899645732	0.526523649731653	0.375161146598434	-0.653100733253824	0.947402872224071
0.685252694672195	0.641139273704193	0.662747230018311	0.630377365525539	1.23881674229174
-0.318474020820665	-0.519887543905883	-0.293849199775975	-0.219269918459173	-0.130533655273939
0.137376783523274	-0.050918480836423	0.747230593772176	-0.112101007882121	-0.168311793321771
0.0115561420263316	-0.0486168919245742	0.702264050722497	0.010008454363137	0.123537089245319
0.365525815998013	-0.0930349349897353	-0.680930264072073	-0.645253347141145	-0.196477557101668
-0.498558651401855	-0.450123068310261	0.324271287986385	-0.623888920748806	-0.321223303778888
0.103245203366603	-0.505996551307782	-0.308268170458201	-0.0435120991344739	-0.134565905370254
0.0765346455885326	0.776525636171027	0.660617203117013	-1.77562459132876	0.434184219770066
-0.18926743260228	-0.243920369389352	0.517203994502126	0.758094648103091	-0.241979232760968
-0.69409108558875	-0.663113184493115	-0.0965852952431218	-0.172373275756826	-0.336457760816791
-0.240767310110981	0.0814531309231321	0.0684340166027132	-1.20677879207571	0.206733625079177
0.0685211971621534	-0.244404626461274	0.800781925206199	0.591925805860507	-0.00206793783667406
-0.115153719604632	-0.618456144977062	0.802645115941328	-0.613877848200153	0.11077259792558
-0.429114919150255	0.333731909719256	0.302425341803475	-0.353033712723877	-0.0844874661790729
-0.344365708516763	-0.203503333789692	0.101170561858434	-1.07470566370947	-0.0888575746697493
0.373049121161889	-0.210236535257151	0.345610753562291	0.0381101085455861	0.0973397199058364
-0.16674385731607	0.0873613135654361	0.313262024613858	-0.402472230425721	0.258334127122429
-0.0118618135018423	0.0198997277392918	0.0702488360703946	2.13561012951038	-0.270841235222038
0.316175200569439	-0.0466676953379031	0.169499785098709	-0.348464293160679	0.249421830296609
0.533889065328692	0.572664485338699	0.36280724405377	0.443600910879331	-0.0806274947518316
0.35699306590497	-0.313737634557637	-0.137588317246109	-0.340984113833821	0.373677807450279
-0.538576103535762	0.109939637689818	-0.00674953542442771	0.653351828979612	-0.122735404490311
0.0350414070237021	-0.453784085316233	-0.930617663905144	-0.914466450351804	-0.0997048746250473
-0.0781032412731817	0.0911307507413691	0.448907918503624	-2.15749955436178	0.520340622050194
0.409568558584347	-0.13155822652516	-0.590800402750341	0.298139948632183	-0.0534917263372567
-0.0232896953364169	-0.288032443301515	-0.274186642950435	0.318361867235515	-0.113217891257835
-0.252215727342734	-0.164364617023704	-0.492952983231227	-0.463497372592449	-0.244282242069645
0.396133285558632	0.0608780214225747	-0.196610484054845	-0.293943267939852	0.284388637866987
0.0202822905171249	0.157365207878066	-0.479507851533958	-2.9927972510568	0.101145424671473
0.0945732232941287	-0.325449207867861	-1.0805491436534	1.2668665411135	-0.798552303510799
0.00605682091395469	-0.00369783382998289	0.142974089408629	-0.708702626326236	-0.689282434172471
-0.236928631822324	0.396515420604082	0.341549794366409	0.174935976470104	0.564681805692701
0.700127605732139	0.347531124261499	-0.148558440856239	0.955038632202581	0.579906121469666
-0.0440105461795042	0.2912314280008	-0.60564630325339	0.174944528935178	-0.371419286574129
-0.101896123950929	-0.819623903776375	0.410014688620722	-1.58780654357261	-0.521199001922318
0.22844597179476	0.598499081294595	0.268912425687925	-0.294152184345452	-0.033464049681774
0.593844367208961	-0.235247385187431	-0.916979878881908	0.900769920085873	0.0717880979030165
-0.458006855131305	-0.330150778207657	-0.0306771563723246	1.60704006346353	-0.240963479137701
0.184026325391097	-0.163811037199599	-0.472602794604545	-1.59177400993137	-0.255660329751925
-0.0176832795719285	0.391649924102384	-0.655162117133801	1.23476508010877	-0.00969868254832081
0.593182726957075	0.0331809105462763	-0.572401857582362	-1.77163564591989	0.177590468847393
-0.0751711267437857	0.636695584448893	-0.421974041205503	0.462419223349692	-0.152749581217855
-0.349502300590029	-0.274881851940715	0.0191976569332225	-0.295796865568155	0.301273911559991
-0.104076968413533	0.00182442170004138	0.237686802920626	1.84362357054604	0.0109019884404012
0.320749245560763	0.225793523251224	-1.00457611846697	-2.27216701654502	0.334791839721384
0.298522930971551	0.296074613114422	0.0783716812800545	0.115987345975683	0.614636833727864
-0.118589177655195	0.131405522829003	-0.532946840946604	-0.436228062327188	0.0325276204488373
-0.307684276711653	0.288733279531462	-0.308177258557311	-0.588033069751253	0.0632932117630243
0.19873679750916	0.457929828769817	0.55856225003661	-0.878872238366431	0.230102330926817
-0.375905041551617	0.264322845468068	-0.580554304765022	0.331950814167617	0.283737599824325
0.0686125023348725	0.703777388197179	0.297022233911823	1.62457304360271	-0.132174402881702
-0.568363580477692	-0.57863454770336	-0.538649997249864	-0.139607759110662	-0.453203849143591
-0.438953075206886	-0.0409427154867201	0.195343138131791	0.716874963245789	-0.439016000306116
-0.45512766632994	0.139116019889231	0.108026593418818	-1.93306595580277	0.0611017693062573
0.304849079309335	0.442124111035172	-0.662776676812516	0.653515263061984	-0.798857673090979
-0.551247051084589	-0.0518137423519664	-0.86616074380128	-1.06278963960286	0.224754856816595
-0.229107727873403	-0.387285074556804	-1.08069633051623	-0.307375471273926	-0.630993607036453
-0.37511602994155	-0.285541439407142	-0.648917421246369	1.54510866055515	-0.517389378441615
-0.153623478829738	0.977495425658276	-1.08204364783608	-0.971804753161626	-0.737004676182495
0.112837601058949	-0.113983199855248	-0.685807114442109	-0.711996297315433	0.111605734135674
-0.0369281926097331	0.291284337683923	-0.760711506047352	2.15755278621457	0.419283958547483
-0.415705857493545	-0.530821134127014	-0.600321799684318	-0.982651790123481	-0.0893434869669332
0.199366463183426	1.07808551229545	-0.954503835518459	0.0609143353101068	0.509418029276222
-0.0814066176269172	0.479491967265946	0.330300281587602	0.597697286982199	0.207388180856103
-0.0194280828186449	-0.14074657000528	-0.829210899222418	-2.10122169928583	0.0588546952670269
-0.368409897766169	0.183591614114035	-0.685307648738417	1.64770918391166	-0.552134891292066
-0.311600880309556	-0.339591897260245	-0.201426891256933	-0.858754398172803	-1.18109728314536
-0.36000449619542	-0.560753470932164	-0.61448796716144	-0.228324043428245	-0.653364116924811
0.280117672710346	-0.399470691862193	0.318061736368969	-1.05764972979031	-0.612845911052932
0.244770340312813	0.0358347315319518	-0.893866257141274	1.43078538218883	-0.587317759185413
0.15067927280056	0.0156524098901678	-0.935214466747622	0.442039554093238	-0.0810930315059352
0.0849619788946881	-0.253514484137412	-0.258897373381764	-0.364610481792989	-0.00416077604143882
0.46645502935521	0.114110110174026	0.279630475844635	0.710716598659174	-0.156645481661064
0.754263802763241	0.290731790637949	-0.0805287181393685	-1.47033836698263	0.204393580226685
0.0225382448004059	0.240399833955131	0.250863635481096	0.810617583100674	0.207778003724678
0.00899858723390332	-0.634382880617656	0.27396771604276	0.912609474882995	-0.797147944554176
0.434870673533697	-0.122625848802245	0.917522517940462	0.437912354753012	0.250558538753825
0.647856703888463	0.481973234869305	0.384273585040742	0.318418067277949	0.0290914095911634
-0.102807693013886	-0.523978799729801	-0.414775686534317	0.746181501198905	0.778650002978665
-0.144559621614927	-0.251587668230513	0.5619192494775	0.153940550341284	-0.499335919550401
-0.211576539800502	-0.468084844665881	0.134458671279511	-0.608579412381896	0.142443502027148
0.00189499551716175	0.250597055326434	0.741782331522711	0.0619963077292586	0.473297343386915
-0.126617359946715	0.29051701575418	0.320315419483044	-0.623124693146926	0.511124336794691
-0.414870957585599	-0.724965128091834	-0.0419740627703275	0.623664051913185	-0.133180989433445
0.0787368708575384	-0.912257299939226	0.0876018834422092	0.462053351190892	-0.00774969490324474
-0.0656675103800802	0.413727443271702	0.320300021320392	-1.20671343020417	0.316894679398597
0.347797326440666	-0.564217036571238	0.46933879713194	0.532663174165482	0.0485142566002083
0.458412573495653	-0.448101889309432	0.0316943912400062	0.319769776570987	0.0501758417171587
-0.168351448232041	-0.869830371991331	0.0197210895586747	1.23945947653187	-0.878185877503906
0.188359778486456	-0.0388654042701366	0.324678356769541	-1.67166991475742	-0.66072801929809
0.112875954140351	-0.279636431549342	0.145252809943805	-0.655691691521082	-0.404732844239443
-0.248065668780316	0.240872214245559	-0.643343262322216	-0.376112227742209	-0.87483752557656
-0.438758063934642	-0.686148464653277	-1.19796807777251	-0.857055247896222	-0.820104335697546
-0.0551289434824176	0.496802126508942	0.753839306503452	-0.527590395977182	0.182566984163553
0.254855103576677	-0.0397847211293444	-0.5290949045683	-0.534193226037482	-0.343389126551229
-0.397617727640746	0.456971063713336	-1.00911767962372	0.530533839385645	-0.525509505556506
-0.262516339248684	-0.622468860490305	-0.250999531195045	-0.244920938648472	-0.424208758232786
0.0227514231996652	-0.435017559339024	0.154531236998065	-1.35221653804756	-0.422589761859351
-0.151951578282069	-0.229527008458855	-0.414611102200189	1.53169321957397	-0.203887264500178
-0.0240182630764823	-0.573988889850802	-0.715951593268585	-0.731953793603102	0.244301787419789
-0.336767408834	-0.00808000178885186	-0.293732459651692	1.6931825831303	-0.203413244892149
-0.37251702747959	-0.60344290243848	-0.393548366881722	-0.753932715582339	-0.284448276017837
0.264122820102191	-0.239877514717244	-0.14583078264437	0.446050303636085	0.137840993709547
0.171556411543282	-0.0263967671055354	0.207326194930136	-0.398262061316513	-0.177804686004794
0.187430576853311	-0.357764651399133	-0.360617389183807	0.587902981659208	-0.0406769213893561
-0.378438011283403	-0.534649324847304	0.374811665711643	-1.17586290298367	-0.289830351354622
0.301173417514045	-0.111731131700373	0.705642307481712	0.891259154887091	0.106748174903645
0.0623176182360656	0.509841467126887	-0.605037727307291	0.203901441894021	0.205499788298514
0.0427323346991514	-0.432023863625657	-0.370394721104753	-0.272164186336299	-0.529448096916583
-0.214204379980894	-0.319543358197196	0.747699515622329	0.101895271017089	0.331835987659249
0.244416248244779	0.381648839734771	0.0723553533970357	-0.164618502127746	0.639628384485871
0.351218493384524	0.602354253918591	0.70907513309982	1.22826990772891	0.786193530704864
0.142373773070364	-0.142438443469301	0.265883572142843	0.628711899124797	0.270258379086177
-0.361723974400415	-0.591845925556686	0.269516797082366	1.10574733947935	0.145593244926186
0.555078035488086	0.846994363469193	0.972651901941784	1.167941578708	0.790033082020468
0.371866108462113	0.566316802951852	0.263954984780696	-1.57032167026581	1.00762458647491
0.350087297401033	-0.0361605857251626	0.27530442441874	1.37452442029788	0.344131702954455
-0.649458600662753	-0.193732617774899	0.179449896076134	1.03017229422054	0.0374120303192059
0.0810571649686357	0.514512658495321	0.0802599561462756	0.577317290437142	0.577703973438144
-0.440072367060252	0.250501602394602	0.0496057206275154	-1.43130497631814	0.333957806767075
0.00449896775461667	-0.0669521021569965	-0.361850368529151	0.681731659799099	-0.110582965903789
-0.371934254296699	-0.306427910436609	0.174763369817298	0.502205423625482	-0.122590312632546
-0.110997559689352	-0.135696940652764	-0.090858517807711	-1.40402180467433	-0.260854341955127
0.081015386440515	0.244697553423575	0.0277822330267994	-1.83383174116662	0.223426207859789
-0.404969976193051	-0.443834291981091	0.0763341815746218	1.53917790206607	-0.379766183867794
-0.254271006179432	-1.27219708606493	0.142153276225595	-0.367192658164921	0.213212231076851
0.122617763283368	0.385153693552372	0.518627479876697	-0.993901874329202	0.315364217829304
0.700988293267558	0.544714327560319	0.561284792903412	1.05046500641586	1.71012038390906
0.023993837868401	0.255978055028949	0.153432959303248	0.95034279344367	0.668971074492426
-0.0601172364202421	-0.606851291941592	0.23581673711938	-1.06992510292788	0.154591424788328
0.0544610261074219	0.125696414412998	1.07563969121949	0.637397033612597	-0.309368609427993
-0.271336735540259	0.0557369408593148	0.139352311598582	-0.873969589706442	-0.179316881326458
-0.329454243429191	0.0601749602272673	0.324961102254612	0.721585646825791	-0.118763351552224
-0.337233558001525	-0.292468490217147	-1.18756959890876	-0.397986510444429	-0.201726221072452
-0.129787467946412	0.239999052116562	0.719467050647832	-0.887072107528783	0.219866721148244
0.129731360124891	0.0428249124480919	-0.241710507384601	1.22042063382133	-0.250313324285011
-0.253533661571495	-0.365983605081324	-0.228076798529661	0.0548105582279289	-0.232522810619003
-0.139175989088497	0.0326033950957354	-0.438344837771845	-0.324848096146515	0.352812381440466
-0.242802050231334	0.310159522357539	-0.539707056484079	-1.74079495096846	-0.441139178411498
-0.115021791386907	-0.327215499423728	0.0216239556119167	0.697052286945427	0.057271468382387
-0.601532086804429	-0.197061378866141	-0.727770232666995	0.448889332915162	-0.748241212111254
0.0472969369690968	0.605744040901434	0.807377380667395	-0.423863700068983	-0.10797512107366
0.00612823223263142	-0.180576655228948	0.0239529480928244	-0.36979708038831	0.127165956659348
-0.050333880788051	-0.35915668193878	0.323531880293337	0.201459222318961	0.22152287167104
-0.156133184918213	0.0513345166255174	0.235570852261812	-0.187626268543907	-0.044472894232417
-0.133837460533589	-0.974504310009546	0.207591637192893	0.634523677654475	-0.242094324784233
0.0452915742673861	-0.0296743915598501	1.29332193424774	-2.77829413138538	-0.300679994924238
-0.22964295234992	0.305820494561625	-0.585987591483731	0.6482854557098	0.173837691960385
0.119161618356875	-0.492511324921572	-0.358091120157155	-0.61604059166808	-0.17773579358905
0.357523345880408	2.13267340554692	-0.509620968410293	0.962017912702975	-0.632021228231352
-2.00486393351473	-3.77192257897588	-2.25581188944334	-3.00872090462205	-4.53882674791078
1.38891729680411	3.86384900892181	0.526150482914733	0.665701185609707	0.655638521279415
-0.595396785928128	-0.978308177131348	-1.19484677743176	-0.226151200157212	-1.23221471049127
-0.984041925987403	-0.748958600051605	-1.18266135472303	-1.01368446090248	-2.31824897116735
-0.618177052602304	-1.04077560438466	-0.604842868464078	-0.196106124902532	-1.39719631632452
0.833208841211035	1.49489350634612	-0.666736424792503	2.42742859109248	-0.108403108050726
0.81908427341434	1.0463477032542	-0.412069754299977	0.814233551645011	0.618786393611151
0.252123846761211	0.298775975078292	-0.70042845980783	-0.273117838358648	-0.680108013478932
-0.000220862169462447	-0.376764528331267	-1.05130979269088	0.679338533762521	-0.577312155673523
-0.207546730981773	0.0266275140664313	-0.0269358261549801	-0.553912264377287	-1.23091258097015
-0.76529080802836	-0.642185330480087	-0.753789590720649	-0.94469965546688	-0.581398721065157
-0.333561643838896	-0.202382463058085	-0.746030553843017	-0.85983062572486	-0.722582266902952
-0.263442683536122	-0.337936649118434	-0.784880849437857	-1.02978119266232	-0.986270304718303
-0.0808363813209491	0.339680467609743	0.015521597627846	0.0564891469728762	0.264803804211815
0.175595751752526	0.122234170888954	-0.777679785749354	0.110473843705772	0.0560790098282305
-0.0265434197705997	0.623619703800791	-0.356189308540345	-1.11180369676228	-0.151280966128089
-0.55052694610744	-0.683459829234149	-1.06469882857335	-1.14529714640795	-0.677448015824122
-0.311113959013861	-0.177736012685367	0.311884183475236	0.483820954490484	-0.709446461267849
-0.148702232366695	-0.585724139709691	-0.839877348685614	0.149835905585745	0.0357639831887441
-0.19487854683924	-0.0640177234638931	-0.454899820052876	0.325569932746393	-0.0982051734278345
-0.104462184532207	0.325633569175746	-0.173327308079937	-1.66027550580308	0.222621020533708
0.00773623943604416	-0.359487244404131	-1.09929914833298	0.133075627314974	0.107832407579476
0.0932021597319557	0.361397420611318	0.266629593745288	1.14318095034802	-0.0387780207713829
-0.158436621155704	0.385385915956423	-0.487977304115028	0.245565256329192	-0.0727083273791425
-0.234232619387305	-0.295903486395318	0.391693621269058	1.18932400654598	0.307397658185169
0.284489178843401	0.614060982333387	0.574714271789692	0.0726968135118918	0.786045991278223
0.513588460336971	0.371715775442463	-0.0467355501128232	0.304631880784426	1.39771238406453
0.771161038714433	0.516743075644609	0.349171877171904	1.45451800149011	0.442272373071201
0.403927159296296	-0.396913786121896	0.25535374156805	0.794758512380763	0.11177502481162
-0.0645621359142952	0.0992938028508726	0.495585560747221	1.71470933910807	-0.139804370448498
0.340592409976064	0.44214984684307	-0.696114382043578	0.0579391653341841	0.567765379380099
-0.552266223670764	-0.7794291767639	-0.202257487712491	0.627877655229937	-0.132406330718402
-0.219624700136292	-0.0279102904613672	0.170792185359259	-0.949511737540564	-0.168165694760211
0.131754980153225	0.143755521407761	0.525524035049859	-0.458841272884283	0.283890020505021
0.30632348189659	0.488139100498343	-0.884891855686475	2.33329573464721	0.512373758432037
0.228669697646397	0.349147290271871	0.0967720749184498	-0.329643456187138	0.0823296699700957
0.106070818163782	-0.446592810023333	0.754907814356896	-0.245086588126467	-0.315649270604125
0.119835178323518	0.346813261627823	-0.30277459156791	1.95610781579577	0.594804734298139
0.456428254795473	0.0973285382862899	-0.13770899781396	-0.0942643062113808	0.163763500938716
-0.600141675111078	-0.315876379495725	-0.103675730454364	0.961572312239391	-0.518200482467115
0.153790478799116	-0.147120336540153	-0.214910912542073	-1.80090637337203	0.56846407507886
0.143822303536685	-0.524643293270916	0.987126627287596	0.2094311935586	0.0470634832884076
-0.0075136008819761	0.190362599478183	-0.809781298955959	0.75568974715136	0.0754175240448232
0.269355493068027	-0.712123646131681	0.107528960940342	-2.21614555454953	-0.102525820912313
0.221433063114555	0.283335119177441	0.342948108119959	1.58036812884838	0.444254657929047
0.370481477912919	-0.257518626684063	0.309608991323903	-1.742501920938	0.192736978540721
-0.125560200302728	-0.492493562379018	-0.751384314508781	-0.52932809034449	-0.266706714474981
-0.390640757125062	-0.807211039950565	-0.279338780047578	0.0803894647420048	-0.49546967616543
0.529775648065675	0.0809025921725152	0.857862022178418	-0.5321783325025	0.0704521464299362
0.172446833726469	0.290639493477691	0.274622267958687	0.307094938463139	0.0819270990976672
0.273046575490812	-0.341561158225271	-0.35325041462193	-0.337344678452731	0.210589750190597
-0.204495262103439	-0.0655558637602362	-0.466299153581202	0.378179565093907	0.242364229603782
-0.220322391697624	0.115181331756628	-0.187624008823881	0.809850022936382	0.0781799825203042
0.0746103035268722	0.603579039989823	-0.307397667408834	-1.74924638326113	0.292892717961529
-0.714378831125478	-0.362627629906645	0.378376011879941	2.12854977013432	0.777815779274031
-1.03767112587188	-0.495074247672897	-1.149446337311	-2.67410014732502	-0.709048011007078
-0.286412181993037	0.370760848234491	0.602967397546113	0.244361658812745	-0.0662433754990518
-0.00577026863550792	0.279392243389679	-0.604500974650667	-0.540823847537122	0.396335739376714
0.422633070361661	-0.0525317077157519	0.447391149533727	1.16620142327864	0.940967599411483
0.395821745424018	0.462662203443149	0.543691032826555	-0.00256727773451101	0.386463341448683
-0.0223160649632165	-0.176283335152809	0.635396281477243	-0.368900513743991	0.0388303092354847
0.105195790015971	-0.200700965509313	0.786207040231073	0.512339689126164	0.403503957743574
0.36894409492325	-0.17487177078451	-0.241925725695639	0.597223121449352	0.109872166095345
0.0544298581336981	0.00786424337155635	0.711600815312254	-1.00834346970638	0.286389140191993
0.291096067047205	0.0734771448593923	0.457257065804621	-0.463663955160831	0.416508281228583
0.642681877044544	0.403779207524793	1.28293587486503	0.125578511972979	1.10375183678079
0.501439472038372	0.694762935991986	1.09348154123544	1.48587686133569	1.13120937756731
-0.0611309329843128	-0.248466258761293	0.00160888447899707	-0.244209006566912	0.647913140950498
0.319325642054221	-0.332797077444987	0.775834010348927	0.150429144036597	0.755366791697025
-0.269973020889768	0.105928279498788	1.12427190450306	2.56493828168954	0.966984393860157
0.534187765176924	-0.00867019940829652	0.222964888262662	1.09337011127762	1.15228175506164
-0.452135302245152	-0.262301945485837	-0.0904624959023198	0.477193606508228	0.250480528183891
0.248438397093657	0.166110965759939	1.06694779288389	-0.603107404221208	-0.149566902641999
0.0454655719313003	-0.504641946157901	0.104134160504478	-2.24699668301897	0.0654240346680737
-0.642885199184714	-0.590342330357562	-0.971562237261826	0.399756186204653	-0.0847101987886059
-0.0781825593590626	-0.944663138677329	0.410346793624988	-0.297715785214864	-0.291017387655384
-0.164341269030602	-0.0651268195309174	-0.219570023876574	1.2607700353221	0.232904514816925
0.388017740538976	0.416057926241004	0.342779050918272	-1.90774216147348	0.200665640337008
0.115215609114068	-0.0265312544614659	0.0424469695720971	1.5785032660322	0.474733625979111
0.151474106703893	-0.0948318201420013	0.712660812348856	1.10309755545942	0.478620652498716
0.0345022506908466	0.0312266015485964	0.626014356398176	-1.1791874679565	0.419818073665968
0.237125815536679	0.932610510707556	0.296562793010807	1.62581267087236	0.0330775361566422
-0.308287822495143	-0.257687783410557	0.662705106629855	-0.0915119572973926	-0.118786451412285
-0.057966625795194	-0.121071226211279	0.354165995885719	1.58699606699284	0.832249458177985
0.370400973855331	0.774550222299705	1.06484842609526	-0.526565285958087	0.210843916958488
-0.00694036464849471	0.395903196554961	1.00932900088398	0.181996766039243	0.865823479833995
-0.144252403940355	0.145228323026172	0.396128158108342	1.83589393693095	0.0343408766128833
-0.0789692179898239	-0.0367218771400976	0.848960990451122	-1.9062192414634	0.759134152242014
0.425277049164263	0.660574806283695	1.1942283874824	2.11267217222317	0.712145713890579
0.19232363526416	0.937249316329403	0.391875080853211	0.985101114756345	1.70250556631781
0.130255868950543	-0.276876958590144	1.03715853915667	-0.287841603260228	0.879428499977607
0.0596552391916724	0.513033844132457	0.936081629958552	1.98830347253253	0.502413912024036
0.584211030696229	0.665085932920213	0.963420171631867	1.67202907497945	1.17485481273322
0.598045662580373	0.897353668336248	1.6243051411141	-0.564216172051557	1.34823933203561
0.269517491933912	-0.393753890890928	0.481051380165597	0.922605077009144	1.31330008921722
0.0119016702072051	0.965476044162047	0.389885120330555	0.926133193184187	1.23700975800566
-0.0968728661518142	-0.720215590963057	0.318229378054482	-1.44744521580811	0.218832176713408
0.814325962129271	1.81915623553073	2.02194057851146	2.33477705364365	1.65054809030635
1.23934830219572	0.595239906818974	1.32544807298278	0.517352705454186	1.80712908213979
-0.512411510092171	1.03098448656352	-1.47246172632505	0.869377179493032	-0.224368263082993
-0.543238572867141	-1.18165570119339	-0.208045353751203	-0.758050327541325	-0.230485771277468
-0.141660942906696	0.0741287082720396	0.502261309286659	1.26728368530739	-1.00218057320466
0.179908054148559	1.10614888209859	0.828436123192607	-1.12374349970272	0.345544878105377
0.636305016624276	0.588425436377524	0.0615579589164335	1.44001624046785	-0.802603898654131
-0.0500972426023962	-0.978959889611016	-0.62362685194993	-0.219831832076436	-1.07776277157684
-0.581609873214853	-0.324409961231809	-0.120198796379144	-1.69935623207436	-1.20678411461475
0.128761879264071	0.565200753806103	0.566667960708343	-0.326925817862006	-0.856005771610399
0.177169390320981	-0.260487601949184	-0.170857959707031	-0.993407839758673	-0.919479493472335
-0.00616387139470745	0.285802112039388	0.153167783404137	-1.22431039089322	-0.660201158797343
-0.238187950855826	-0.883231137838489	-0.802743686572439	-2.6331006900624	-1.32591709080388
-0.407915475297965	0.500447950709596	0.263343858411535	-1.09250859133329	-1.49379745837107
-0.316277382809913	-0.83459501179973	-0.478080736240352	0.181058103937306	-0.930557708866511
-1.01313394454804	-1.07800016664435	-1.29508471892572	-1.87896051257479	-1.6578895997473
-0.488673092154158	-0.47186988558932	0.540176106573671	-0.978114052162915	-1.25972938661235
-0.029394773325228	0.0664340139798391	-0.646093069834116	-0.3283856733487	-1.38687021793636
0.148932397915571	-0.39173152822004	-0.566605892247529	-0.359576406309666	-0.62888090462814
-0.513193499746141	-0.756738274982624	-1.54198514248569	-1.93153442393685	-1.13376199252507
-0.137122976382349	-0.389081181914755	0.447441571946342	-0.471566113221717	-0.831954204490422
-0.461975140097372	-0.911980380612083	-0.453103928710696	-0.063755326545718	-0.800748747056688
-0.290076002790472	-0.826371641395503	0.19011734775885	-1.07875637708758	-0.681514139869062
-0.660743790896776	-0.629009384113741	-0.496137276677002	-0.536066677636237	-0.43262774841484
-0.440187021118461	-0.202155605156702	0.403989939338282	0.0203386011726768	-0.126274075451691
0.0357148065013802	-0.118373385422118	-0.235788883141321	-0.467850474015433	-0.070716135850124
-0.177076564608997	-0.315148511890913	0.200929848975864	0.0469140478602714	0.62250785731852
-0.105131629866666	-0.992245490764197	0.558501867215151	-1.02926767606748	-0.0427828590482309
0.0179547033123179	0.277769183385962	0.582129078641119	0.0141304892635597	0.528684912605663
0.342778997239111	-0.137731458223457	0.550054166965844	-0.712540305711797	0.121050900309732
-0.324806676918229	-0.203457541025778	-0.0942517838818955	0.30075219731421	0.259427597712062
-0.279892926393534	-1.40216404375413	0.831967512543832	-0.534482288446743	0.1338819874014
0.128420052597469	0.823077337252693	0.221998971007979	-1.59327376580637	0.742491026550954
0.213851960063478	0.0829129559977217	0.306699436588091	0.0536123403107573	0.297997978902349
0.136424623329365	-0.178095057449016	0.063015106829212	0.3449327204147	1.01866923057983
-0.230506532071331	-0.29828419939344	0.674500077198314	0.793165374964671	0.13676430685069
-0.474531606393827	-0.19618584810508	0.600346166732538	0.199581514839957	0.543362588148366
0.68480907390776	-0.0605220914387854	1.03562807296119	-0.812434057157751	0.262372087352139
0.118811259412097	-0.67427200303513	0.55351851063738	1.6698342754051	0.410852335534742
0.198616480397009	0.124804695899987	-0.0389663701132623	-0.897211947216962	-0.0411871395756453
-0.192191138240389	-1.49471256917346	0.973315824665401	-1.3675632103931	-0.297368112470448
0.158650365761243	-0.440023173482385	0.851819718164289	-1.0385491333384	-0.0430530306059483
0.143214053214969	0.369316274764899	-0.440735138328706	2.04149365035897	-0.0316093072915202
-0.301943184089363	-0.0519391111182762	-0.262393752889778	-1.14040352840396	-0.420895372979862
0.0732018097976895	-0.512374162607172	0.307002137339743	-1.10757496269188	-0.250984525383181
0.488796048970518	0.179166265836884	0.357898817085251	1.51574691189352	-0.491042285773133
0.381379358265537	-0.076549211072494	-0.0735109199998699	-0.361996446213874	-0.21733797157531
0.23200990210986	0.256415273566639	0.782286808192492	0.458347195034265	0.304344947917251
-0.24126947147004	-0.318589645434684	0.916340166250726	-1.69743288295048	-0.332599715173129
0.114615197828826	0.000570000172704783	0.113117434598587	0.429818134192523	0.287110630869995
0.231240190678425	0.0948150475478949	0.275759102145062	0.830468124492014	0.396795228623661
0.136100139379121	0.52394950982898	1.0964074214349	0.979564682378427	-0.00303340629646061
-0.236828930361187	-0.561670153976127	0.332486031300962	-1.2545561383548	0.50750049562373
-0.0789110280146801	-0.129052912651339	0.281868161673594	2.62514523711355	0.844495717042947
0.402641777418304	1.23426949944981	0.910892478082597	-1.50851257047438	0.770262793898789
0.592490016643412	0.639166640298812	0.011326046205736	2.80159051820361	1.33610455788381
-0.645249439790562	-1.16191335020048	-0.454686902400826	-0.250198068074953	-0.191154894238965
-0.907038823914251	0.323905870038901	0.294051818369287	1.5560709630512	0.978779798931064
0.415119798892262	0.322507585183393	0.835902788150298	-1.79711275732254	0.157969184632348
0.139030954969396	-0.0133113245316056	0.956176774500176	2.00926844737559	1.23013143226508
0.264039795541746	0.0727554951298182	-0.373426103371728	-0.677150436423158	-0.0720232995760827
0.353403713908128	1.06907814040985	0.68842797837124	0.791564577103692	0.181633901430314
0.275037196305913	-0.675719068642189	-0.237637642810648	1.5014975773045	-0.367149845878732
0.103605419136295	0.323790818073223	-0.267042228358899	0.254943214408476	0.11278459524845
0.172920847790453	0.610357880695712	0.601725080909548	3.5401050049589	0.704534411714961
0.204341868559335	-0.283121318597985	-0.133264879202663	-0.0300243882010752	0.0991598945132112
0.0876609833072401	0.377228084476302	0.604032535717775	-0.302873967141722	0.973345836716331
0.568238065459774	0.0689564739095809	0.316839081341491	0.992480604169239	0.840005558032732
0.662986493729382	0.860391949065434	0.180221599685302	1.03317850525143	0.76473699944797
0.600018536189251	0.346242874082221	0.799166625923184	-0.727247314662237	0.850319118887076
0.229207888775752	-0.376075800461725	-0.128966288356628	-0.342982316269257	0.33396256690451
-0.00800468769645524	0.528768822326782	-0.313016549195233	-0.132342429819677	0.0193007275393463
0.37171209300324	-0.344439648737607	0.400083008264607	0.469767770122148	0.645211401175878
-0.985722216955395	0.392571556515673	-0.53673159732316	-1.96344982637034	-0.19680848543822
-1.3526267244304	-1.6489121313665	-1.01773032254528	-1.78680018060152	-1.61123132228374
-1.0120126444073	-1.18137844785413	0.108170989427213	-1.28741545797399	-0.28471699166461
0.784082923576251	1.24094152919204	0.85832913586759	0.780126442774884	1.48174277167507
1.13381089896476	1.51150621300404	0.12076853552036	0.044614518445629	0.759998169268429
0.995630777781162	0.775699823050468	0.0102193920727671	0.334739786488291	0.587764069922773
-0.00845061271603363	0.48151071069604	-0.473459223680206	-1.41071012123722	-0.353622566581698
0.254081975582891	-0.144996984940098	-0.813875443034065	-0.289131153887562	-0.294428943967965
0.195169728757149	0.0108870001120015	-0.158242073920019	-0.224642968347778	-0.489383307923775
0.121521383249647	-0.0237159668257514	0.239595469887069	-0.279537599757722	-0.0714695530906318
0.568953439481667	1.02981344093432	-0.0680206912444565	0.493040380315748	0.188613687028091
0.393711968929936	0.100283961551448	0.609315454832334	1.01269504284855	0.259278536691464
0.441440740749947	0.524619225340771	0.312249587494647	0.857481462510932	0.226426446261476
0.167765051490049	0.136670587583866	0.664539452073463	-0.556453576989497	-0.726348435752925
0.17822801098787	0.391039171396239	-0.177680913352965	0.345879789701243	-0.887201664627371
-0.151067367287086	-0.631321878498912	-0.402537063241083	-0.763207170961209	-1.26415604214858
-0.306323088393553	0.689364869322895	-1.71473510318236	-0.0512533272590856	-1.91170873228335
-0.890508611750118	-1.02956188310424	-1.0321535950753	-0.104814022201136	-1.50444575778576
-0.841882375178687	-0.780166480428496	-1.47131457348863	-1.70525448991597	-1.14898119521595
-0.291072549349101	-0.121345354664973	-1.49680914351852	-0.454960494349041	-0.723238134145475
-0.388551492559165	0.107938118971388	-0.965234828402041	-1.14451133705423	-0.642358992280931
-0.403297394182982	-0.203566813065841	-1.75747730519283	-0.577711813162169	-0.493556225303573
-0.335526349122369	-0.336899580578302	-0.989810120051435	0.764558609079073	-0.518154600929651
-0.0752106191894178	-0.0268339334749102	-1.68930670834649	-2.02898611184324	-0.550665310183503
-0.46566017804013	0.365851286553234	-1.03038214556862	0.178325116104815	-0.0818997801957532
-0.38389091220565	-0.459163459713117	-1.13061031441758	-2.81983742120923	0.0435869509747394
0.0580202174993064	0.346231971168581	-1.42624106129023	0.544160189985596	0.515306883190327
-0.170409411373711	0.079492473090251	-0.527714252749019	0.472116379235367	0.265561095828612
-1.31907498917011	-2.88786554617383	-1.98966541746806	-0.827315510545968	-0.742244742858467
0.446083322096257	1.4205381291929	0.966329749633138	0.240599113776344	0.129332134815523
0.856586420419626	2.13559561218205	0.027375416327349	2.34866078493143	0.837184878193719
0.839305628078119	0.502955605066039	-0.344663585478819	0.219790414758281	-0.227751317994133
0.149748499941733	-0.285149891419137	-1.67380538930918	0.412371242043813	-0.283896449048518
0.200279338552091	0.242793749362091	0.285325097239666	0.337457578241613	-0.943650660973693
0.168223081817525	0.177797649460989	-2.04749500709477	0.3542135076238	-1.00463461480955
-0.929054653310951	-0.765077362094973	-0.931068962162063	1.14314184479999	-0.70817573232591
-1.15824981717543	-0.22291695423661	-0.766913025819388	1.08970615203439	-0.434867650711786
-0.055322500041362	0.898466546710605	-0.0148830687694326	-0.332489516689199	0.0380796607248776
