-0.839847915765015	-0.138520907617025	0.190507337257937	-0.593057550464104	-0.74969535985047
-0.970642343883832	-0.131216816565622	-1.48638588702143	1.14470822218921	-1.07129292781648
-1.1974960650708	-0.854469813407792	-0.536513544309379	-0.848303247697817	-1.37943510131907
-0.850934507043237	-0.926048234317932	-0.23479902054142	-0.991766172393042	-0.939494146351997
-0.947098622613986	-0.879792194468838	-0.673568484431631	-0.9837751624895	-0.663887184226358
-0.436271815545001	0.0961317476080026	0.119228110395695	-0.18224342801552	-0.847664932433084
-0.241020800683669	0.328692857927245	-0.404153631750417	-0.228696540772948	-0.364272138832171
-0.541360566823024	0.0342881231774379	0.0520249631704924	-0.620404409894459	-0.656631940759109
-1.29100431602723	-0.826287133880255	-1.04898146076476	-1.24963968197569	-0.431440209253126
-0.76419157236058	-0.488056494017147	-0.0137870774981174	0.491507022035265	-0.35366125216017
-1.01712180930261	0.0563485361398259	-1.4142043097631	0.479970682299486	-0.980433960827258
-0.459533142339327	0.281791507911734	-0.528273018033833	-1.02428962326053	-0.892318089738052
-0.21419224854323	-0.0778460746668059	-0.696668838884966	-0.469201186042565	-0.375349997649638
-0.630585325680051	0.426987114722752	1.4022960860898	-1.93297210718769	-0.297165519641832
-0.566468028881955	-0.159086507078663	-1.37074342886908	-0.102325335497255	-0.876619909180726
-0.645244760603952	-0.75570813993812	0.438559449152062	-0.563813640477126	-0.167970694682754
0.00208434172161622	0.506902747053818	0.195142537756046	-0.0726883805468628	-0.316714824804729
0.360528449088349	1.21896930899977	0.0457817703891514	-0.246009977829449	-0.462443894695873
-0.131636915382854	-0.184143461518105	-0.0155644074020461	-0.878381021120433	-0.420070467255095
0.6747205216948	-0.164548919830554	-0.833285596770599	-0.159960260210236	-0.37345754280857
0.866362000776	-0.237922137444195	0.383412041562455	0.087513343793343	-0.498910209978436
1.33261535894124	0.882945869415841	-0.0833099696292868	1.28202782790106	0.214149063925125
0.682300933439166	-0.111136596686496	0.163588749058882	0.26725937118375	-0.245320870868885
0.780268805911195	-1.09249661771078	1.02589687261853	-0.947026045502031	-0.25416563861578
0.813293313713194	-0.390361022462989	-0.464254555147989	-0.595541553732557	0.197510143199119
1.08706014204629	0.904625941335213	0.792667597054308	0.206753499857716	0.292951539111723
0.0985202905668643	0.0056475908094673	0.209622814632676	-0.254901279928631	0.752778127791287
0.892293276890731	-1.13060321077492	0.110368652959019	-1.03559030675538	0.853864244743571
0.200871973123012	-0.633478213407816	-0.186106895790415	0.665895327867675	1.3404166639331
0.790320725787834	0.500916792024558	0.332003241761688	-0.223232769109096	1.32450225529327
0.539000912197479	-0.286847834867622	1.42013880595388	-0.4393376096485	0.424651140250396
0.322574422304599	-0.737392166672626	-0.584324195795098	0.615802880688473	1.16025886652665
0.902076043341133	-0.0830450903861023	0.217077077197096	0.891548046362229	0.835520043113754
1.16995765121005	0.844665246265445	1.18989800749038	-0.246510623160376	1.37812378414477
0.432638305758451	0.786911491151993	1.28613775924313	-0.67974469176074	0.0791470199555975
0.514831216953313	0.190788868253565	-0.181212915117799	-0.408199862801762	0.575371934531852
0.657471106971883	-0.0712235915280776	-0.164443597824567	0.283842161615067	-0.089997790462925
0.906374687303334	0.763467349808422	0.909365656076217	1.15657044450756	0.982409001871994
-0.094095359005108	-0.486108744615933	-0.894151421919004	0.267840371651661	0.217246197631409
-0.504759624521229	-0.652983936093878	0.495852404833258	-0.496515331246813	0.201039332081086
0.207819408713654	0.271959150858708	0.18479425931758	0.720822280395018	0.379170889341727
0.0028825492796368	0.252150697769605	0.610124991413256	-0.165405249815589	0.42240579415949
-0.36134113236266	-0.761215814109811	-0.478296113767679	-1.34914316643419	0.667454687783524
-0.0373844210247883	0.157137013601299	-0.507739895356045	0.358590532700938	1.20260873218228
0.144033119527584	1.56554405248934	1.18258442308009	0.190803568894806	0.654301980702327
0.0560208947983133	-0.235435229233632	0.455743735450387	-1.58412744535923	-0.0649454879153306
-0.00647890593490725	0.283307293914741	-0.899114452949736	0.514777525321061	-0.134839638660506
0.979859849180969	0.341566800643203	0.0566674489738339	0.702430013115092	-0.155633442649538
0.729100631505378	0.742838018703544	0.26814864209301	0.556966690034802	-0.0662873189446431
0.119576133704462	-0.0578134876110642	-0.27390241975395	-0.856846573632755	0.45675827518886
-0.327556714644373	0.200148386145749	-0.177863640668855	-0.786650667732729	0.569477451944859
0.20878602457429	0.770756000252827	0.375429926333831	0.958745771415342	0.570268943499711
-0.105788267833008	0.539347731078246	0.408633421656798	-0.190869498179557	0.549193893023367
-0.732394552800714	0.415840560689176	0.187914309689835	-0.34662511070248	-0.126910873572923
0.109747737496717	-0.247831743303249	-0.132982186360168	-1.03723595746053	0.742927231077406
-0.0302213188862459	-0.154461253311553	-0.862115200094496	-0.637690758235112	0.713034312067639
-0.0964794231826505	0.465429642718978	0.67641389058202	-0.966594616313367	0.61452559185753
-0.613966070378556	0.477484325944945	0.986636606119428	0.530772563052447	0.0473794218636376
-1.07687258825915	-0.207635389949169	0.47199380064373	-1.23876255012433	0.382015027126893
-0.413377813592297	0.162038503659066	0.357817110363078	0.0196109811404591	0.00136024783828435
0.50532247982522	1.05622929979598	0.195483929431995	0.218980942050572	0.718123725534344
-0.21197702111196	-0.205846807551867	-0.168187052195892	1.23493872868359	0.515861800291087
0.458094103189241	-0.312432611657202	-0.424684467931571	-0.816748004018176	0.0722120268602002
0.297555125705986	0.15860568497262	0.302601649516233	0.21055388832849	-0.175387042326723
0.125674424721819	0.532438327910484	0.396096267856476	-0.682349033736283	0.283354958319702
-0.326822852681464	-0.90172190156745	0.00768440048761678	-0.126102820350555	0.411387542135797
-0.511065643417482	-1.16375207973808	0.0228556965055445	-0.960352502889528	-0.147153142132011
0.0670834873862714	-0.584265127032106	-0.412334022763983	-0.792023143103843	0.237852790294552
0.0796788027171885	1.13428053237738	1.03660212874248	-0.498976503563664	-0.115618483066193
-0.082762378161109	-0.398592908325574	0.428122492552938	0.577098474335748	0.0255771464189801
-0.446859292862778	-0.526417360129564	-0.747598193408883	1.0257166517565	-0.245616605537462
0.0518026612592574	0.0404540544548397	0.00729750572329288	-1.26040419166832	0.787246992215783
0.0572738164270534	0.00297978758528845	0.184563869447707	0.338259951859013	0.336332816019603
0.10784077144386	0.0929710805066278	0.523730328008195	-0.727423312580049	0.143140754683319
-0.381645910403334	0.554277002476269	-0.634349863890038	0.569664292467832	-0.350185412009856
0.59396163929356	-0.0936316102368986	0.234837827803014	-0.180861238931617	0.144171769651605
0.0265773746144714	1.2932763559562	0.611323126256037	0.27846093667216	0.050568017754965
0.269123186699558	0.190040508044094	-0.257102765962263	-1.06995967061506	-1.2267113532431
0.411800944328321	-0.360073012448914	-0.594062424680417	0.64948183451678	-0.593585574042792
0.471572153564494	0.25368962005597	-0.669578301058595	-0.577784279607657	-0.61747840447003
0.576413541681659	0.51491479857252	-0.310412803885108	-0.425293801605071	-0.429077937404687
-0.00518117544520997	-0.429456254164518	0.243114936862913	1.33859850005953	-0.562602506847989
-0.573068269632146	-0.919628014064315	-0.668797639008673	-2.08664792755873	-1.00198093188954
0.00126144099952276	-1.23207821104575	-1.26037597445343	0.23310351460071	-0.497455706807379
0.3627581249682	-0.0856440205755398	0.989205693546878	0.593299255504701	-0.521387304627497
-0.272345893221775	0.715005466506339	-0.134983249171595	0.309622258671703	-0.609778444001248
0.406665322645622	-0.697480918338826	-0.14258338454335	-0.243065416884414	0.218229156121595
0.915584152496428	-0.143062994656245	-0.467930835352139	-0.0892596159830296	-0.627247674768498
0.839986659805689	1.2929832125191	0.520185009685819	-0.43413536985176	-0.288250233673164
0.134600760371812	-0.35499958804812	0.16368326070297	-0.125335515801657	-0.148195476379591
0.537005275148267	-0.294568616529932	0.172122043475035	0.432375567905799	-0.204984735322191
0.0192121707033356	-0.490773400205527	-0.751752778290943	0.917309799726222	-0.294759264571734
0.548120552293341	1.15581375231614	0.374252170662518	0.728178085221312	-0.274519023981967
0.290729646524891	-0.0204314820042545	0.0174855106808378	0.109823594984297	-0.811938832657206
-0.245979299149759	0.510344859121872	-0.395988074580874	0.933221689724417	-0.532922431921399
-0.266776655241833	-1.05260233164467	-0.734512621100443	-0.891838299275782	0.193583181089627
-0.359943429656253	0.295659037328642	-1.01835297556658	1.61290834483287	-0.474466173933368
-0.441962932120065	0.612561956585546	-0.602881429994139	0.832496724656654	0.165777959939796
-0.802470038870848	0.494915018021288	0.5291068281059	-0.7875642527582	-0.841562107553072
-0.714815953165839	-0.669516670525756	-0.317320145461031	1.42700655585337	-1.66797994177696
-0.582520331573384	-0.051273186786848	0.115607771331638	-0.537041001783095	-0.928759430364717
-0.172701787804407	-0.452394726583137	-1.0928679102947	0.431691548542613	-0.232989634795442
-0.422777710737531	0.185650511264901	0.228344857921632	0.710593374506411	-0.898651467332413
-0.663203271748475	-0.408985196202356	0.733807166382961	-0.496077607066334	-0.788619996150484
-1.31026733707039	-0.0493522579401553	-0.650450793613954	0.155813033101064	-0.112361881670494
-1.26196801274799	-1.28785000066986	-0.651236464053996	-1.71452182051843	-1.09136248982273
-1.065858125607	-0.532339827295773	-0.760031927830824	0.305090595052727	-0.230459387022114
-1.01502920024851	-0.937490821781696	-0.949369614793594	-0.368548454439767	-1.16690841879567
-0.970425068837933	-0.228827588624408	-0.713850543407759	0.165309297995539	-0.583331933960344
-0.871693040729397	-0.0935692676120026	-0.662628697572446	-0.432760581944947	-0.919029264363764
-1.50686169337226	-0.249818115663414	-0.516651813482851	0.0903299702177328	-1.07883151751089
-0.26708760621321	-0.732899721876311	-0.398563779184966	1.29448231281191	-1.0321144145303
-0.940134896421493	-0.998226259112617	0.668623435065152	0.613886312559266	-0.855486088752536
-0.636833970873582	0.33413552068164	-0.0927074873754019	-0.588275340716333	-0.433560426374583
-0.747851357240302	0.97584956820718	0.356420668514474	0.677501925409876	-1.00027007111892
-0.568513258304408	-0.235411194123685	-0.530744908342483	-0.36457873499872	-0.265717830781268
-1.35926692969207	0.315564459331996	0.31933671457253	1.7934384617768	-0.68166916909581
-0.468397625924993	0.0212707400660761	-0.422133893829833	-0.311301723263501	0.356336448429769
-0.249628384190564	-0.0818625850908163	0.412477355634819	-0.277956539675635	0.00458122075386529
-0.304280161492203	-0.000589008970559515	0.52787914417313	0.227814101688077	-0.289656639971748
0.341733367778792	-0.352026574606387	0.341205419582521	-0.139556253407284	0.256004806379524
1.39986080592013	0.894321411024643	0.278469689922782	1.51622311663637	1.39467252012659
0.427444837326086	0.152858242007622	0.275876174993173	0.0154438515743208	0.91669494530931
0.820523666415193	-0.267107638905414	0.296778299693198	2.38097488291768	0.967236213849358
1.37081160679066	0.967185624429157	0.832177504531345	0.762734465121042	1.36338187133153
1.73457984728511	0.877572883630443	0.834336058673903	0.100129190588124	1.03039898460256
0.747990358975159	-0.442300838710243	0.771546952318178	-0.34839362174744	0.918644961231006
0.799751683079068	-0.175105315117628	-1.34177671906679	0.410450905329623	1.08270299998294
1.04041189433402	1.11893129837664	1.64204719227696	-0.539875913583139	1.09807428404009
0.657648052914836	0.681232898256791	0.431248104125623	0.426144967948257	0.470106013442535
0.598598981512444	0.243255851429248	0.335118270417319	1.56066225065564	0.302353545642295
0.251406980758793	0.0658251270615538	0.418313198575595	1.66124378415268	0.771108665822539
0.513678701444154	1.65649429717454	0.513021852399925	-0.134909745113681	1.47534166451538
0.144774494126204	0.376087910253368	0.908082474890727	1.25924982717994	0.330796838932301
0.145161748663111	-0.204249811533118	-0.355298562893369	0.21157164594838	0.66377758397279
0.381710561607579	-0.632496965791681	0.587014637909657	1.65436050442143	0.358742161487537
0.264738518935423	-0.311601047969777	0.418261752287975	0.417141202651435	-0.298328026744297
0.154223610241307	-0.300993907490608	0.192413865378208	0.297347766684047	0.228435575149321
-0.165776017660755	-0.472772486251292	-0.0259025345326722	1.79252061271883	0.502166549789178
0.663994351761087	0.0700425619814909	0.482820587514529	0.569203195003396	1.07827019502276
0.725526892585013	0.136699358654994	0.620246609851425	0.0760748121413911	0.0306462002925491
-0.2943633745606	0.00295960325182394	0.955636633400664	-0.0827690546450213	0.344705516402625
0.0584766259028942	-0.600105971470161	0.251637795885893	1.61260763570582	0.667406858645077
0.814342823586744	0.500545469659651	0.161407135842785	-0.878907353344855	0.689291208094962
0.108964420418901	0.767105461286521	0.242509443489685	-0.143875205505381	0.547049894353713
-0.53325629104691	-0.552790434323238	0.0993590057845602	0.0901589974416492	0.186161557190001
0.115916830717234	-0.0514863740124164	0.0606660469779462	1.0962234324408	0.962313048299493
0.456369702864411	0.446261356959792	0.754120242432999	-0.845041990543001	1.35759870504247
-0.180894501655496	-0.146585787900684	0.848557486863356	0.958058283955896	0.582262730879453
-0.217177858191847	-0.252167611826487	0.539364252568309	-0.844837305864589	1.27604491906095
0.304960102292547	0.650687518062009	-0.447038036173095	1.25511241542014	0.731398851572316
0.362717663524599	0.526600639986015	0.85961382195742	1.99601370693732	1.32185691499837
0.0892207909192833	0.422056667582203	-0.0357308392876855	0.129611299860266	0.051170135092484
-0.914660885749361	-0.781337460624293	-1.38028564386311	-0.137806600829599	0.613623417049163
0.331121509414941	0.328125193779036	0.424561176180165	1.01650736039528	-0.127038764758607
-0.138273857029789	0.763595681398116	0.658606981214273	0.895882304866595	0.117120584458416
0.208397084521711	0.844140673077227	-0.852114828453273	1.29141669136695	0.163489276708182
0.308318374193421	0.13132962656307	0.127390033502418	1.32967124540616	-0.0561150336661407
0.766584711036687	-0.292200391502493	-0.724122874477872	-0.364384278927543	0.0544785297928668
0.886118950526882	0.984812649321382	0.228491737108225	1.12962223446668	0.557040085524381
0.198807816172051	0.64936637605337	-0.100011049477451	-0.44954970280321	-0.812649250217434
-0.533171574122011	-0.634840158746887	0.00869190213481757	-0.312091805163464	-0.325981676709685
0.113017361954082	-0.734107479830951	-1.01298975841783	1.29810719530037	-0.0957418416417759
0.71338200271498	0.267187045580299	0.265798843484487	-1.08307935387693	0.249489006882683
-0.179775087317498	0.681058815930799	1.00857942424523	0.236456478996426	0.152753649720769
0.541780392616776	-0.331628938268216	-0.341238697744759	1.64632053344296	-0.162352400362877
1.18312259265333	0.163978144609794	-0.185686844087165	0.194413839544049	1.6840708447837
0.835937757428741	1.01731030263439	0.904473934070538	0.376156704789664	1.46571507773892
0.788225549889955	0.960313967804206	0.614985798188597	1.57167359158915	0.861133716237355
0.920748026456818	-0.416354100485741	0.628774354959574	-0.313031528303991	0.759612199639107
0.827490020226271	0.316888937553899	0.162328319748349	0.6849750239541	1.21762218435784
1.18381966418832	0.471849981347779	0.372727150454088	-0.0884784239941679	0.448175159183902
0.208694542069597	0.229515131360546	0.31261230512715	0.246865064666582	0.204752490161245
0.394008480575016	-0.554790579484964	-0.307411534064214	0.745269375179534	-0.505959733549539
0.0715027928335983	0.188500170979776	-0.259264063836587	-1.19348363231058	0.0566573503760249
0.349208356609811	0.364299272550542	-0.15171970794189	0.374819989456908	0.356546125707255
0.361108270407867	0.456551211822019	-0.7277192969939	0.295700397927121	0.224270649054974
0.151602646792347	-0.962576591782367	0.203124039347044	-0.785845093277329	0.0251344782963607
-0.464469553240455	-0.91195561147966	-0.70988437486421	-0.295920744136111	-0.137863770493483
0.909598184351033	0.591927790682476	-0.0981645253226489	-0.367213423974062	0.340914141568478
0.547197366388448	0.414800053229106	0.562879396283352	-0.980659781695887	0.398284981494772
-0.360021405799064	-0.992920353877158	-0.792740843457366	-0.783253396394364	-0.660334396926845
-0.588519281597415	-0.264733265343611	1.08166321688199	-1.39351137608528	-0.11652407088828
0.165533749300249	-0.395547276413047	-0.325733430453054	-0.410231044387248	-0.495984581605419
-0.142306405475977	0.454321720871538	0.454381038807635	0.720517671853447	0.560698901890548
-0.26939133192108	-0.35430026159412	0.296702858292531	-0.0823393970967786	-0.483383153560859
-0.47902057567856	-0.935269187643897	-0.631572813161282	-1.4434765279496	-0.18841174844132
-0.11716541119076	-0.509468146764927	-0.350975122836386	0.59311031965285	-0.0656261056128567
-0.751522947902105	-0.75986527470022	-0.392448882381479	-0.762371190994067	-0.809624084061998
0.634297454346508	-0.894736006672797	0.72668608007108	-0.792617348379662	-0.36676892876313
-0.205487914506812	0.0178159588337044	-0.320637983499547	-0.864125164907983	-0.153817251626152
-0.536869216173341	-1.02006871887943	-0.357892857781939	-0.8056821458892	-0.98711259888921
-1.1750102299816	-1.03825402479754	-0.818201868653385	0.135202182872174	-0.337375981047232
-0.942313729637516	-0.363423953833017	-0.79175806608227	-1.63398119859238	-0.67365392755341
-0.948899552658062	-0.30009113470079	-0.903464804094285	-0.409549500478106	-1.69291521584372
-0.980032300398146	-0.808979805406402	-1.6308251605063	-0.940056192020115	-1.7651766689234
-0.933637896046589	-0.818766689432451	-1.78450306574747	-1.24688181792945	-1.86697109386158
-1.06371329975093	-0.0356490681866524	0.201242869624238	4.04049025198016e-05	-1.63473582927117
-0.748808695979358	-0.60650175353104	-1.29430869603528	-0.591027019952147	-1.72617118938844
-0.670021450231893	0.0859482881208727	-0.826409523835079	0.0149917293130551	-1.67706000889555
-1.19130534172053	0.759733293399595	-0.326232421664007	-1.15921386954369	-1.73956129129495
-1.66401361051659	-0.0544172201662059	-0.808159146489286	0.233588470427867	-1.95735902822859
-1.90985799854591	-1.56306751573906	-1.41952563867161	0.103836676754556	-1.03362419765445
-0.970629047788031	-0.355272807605577	-0.498069088906874	-0.548901844307689	-0.76944321234386
-0.886239119114986	-1.05864091437	-0.915785481289586	-1.42842896606521	-0.627053931920858
-0.694265946345749	-0.940526590997329	-0.916132622553892	-0.187532902440013	-0.819649800596081
-0.689341522691321	-0.114755228758022	-0.167463161084438	1.10565295415234	-1.11116951966031
-0.969495484471144	0.235494168044338	-0.0362264076482168	0.162434210300981	-1.07562487219686
-0.764991240510478	-0.673061249859396	-1.8111013414119	-0.292647486351085	-0.549463468797865
-0.0352531157107467	0.535886943951592	-0.765930156926577	0.0861836201699867	-1.07269075099646
-0.871676754729221	-0.918632837022464	-0.168237718670322	-0.2945971467912	-1.04331731296526
-0.8832556097458	1.06389665007603	-1.49069735478037	-0.77688476183613	-1.24803874737268
-1.122429929238	0.461238100489408	-0.175002316654425	0.626555776570918	-0.518822944462002
-1.09042562383207	-0.0415397418445199	-0.546314043020412	-0.98702160483621	-1.70681061294408
-1.13070337731914	-0.647346175472335	-0.839208060553564	-1.52046931371518	-1.29301008469338
-0.793221271576961	0.0440511507658806	0.218639925498572	0.369060541993702	-0.400667044515587
-0.344147381017688	0.454378636082629	-0.668802638965123	-1.10268512147592	-0.296721313123042
-0.285281839475586	0.976850064756644	0.226391771597313	-0.29603274377458	-0.332780760660839
0.709107758417332	-0.691957042532198	0.157371521614325	1.91519012182425	0.699622981875152
0.607727568628873	0.434310183534637	-0.00098289145275769	0.599087974241836	0.363620707385602
1.4587361744537	0.31688150906943	0.934945146381787	-0.0570328264697176	0.758395864748882
1.43749976674697	0.36189586268947	0.710638841107659	1.50391281110086	1.23024956628183
0.517167338307106	-0.0416465176428007	0.668007584660355	-0.364151618210746	0.574927351577074
0.722596970319386	0.0373481862074683	0.367528678414869	1.25014916838388	0.884870050153801
0.520400739057955	0.814605238795962	0.76898432961967	-0.612277299895491	0.681399925051796
0.0565162785326356	0.477545569566093	1.36607522675697	1.84191874026716	-0.0827173800074398
-0.0245267928390129	0.459394454053358	0.0202792953347031	-0.303418962529395	-0.261274129066936
0.542301064095636	-0.479290519862157	0.364901819968432	0.951043100459612	0.28939538291435
0.017539783044934	-0.283590293994141	0.335580986167836	0.241841365155368	0.354841515156269
0.91128508216989	0.670377949490106	0.758269082185878	-0.388514128786607	0.188610841748365
-0.188818131090673	0.160897022868373	0.129644082019523	2.08033630826609	0.600562663313718
0.168845998558224	-0.226914794303438	0.22258311082163	-1.08972289596686	0.1961851572356
0.443269587850593	-0.0926737206795494	-0.138257780254373	0.130045062130809	0.567515983085379
1.01582111330489	0.421250066273861	0.924047816552692	-0.262089183399574	1.01103273408126
0.800419175310526	0.337279305371472	0.450721759629542	-0.064111306887449	0.198094015356679
0.63198332764308	-0.765266991125363	0.297563160153194	-0.546889448114923	0.437672789499089
1.08772237412573	-0.194560741820491	0.434664141046653	-0.190071393670795	1.32811023314112
1.56882998252064	0.151661391728914	-0.301610513757073	1.2248352245188	1.39769957878473
0.332074438753282	-0.170774083834609	1.63013205520785	-0.67746678936755	0.828460064393995
0.706620150089065	-0.135140484877571	-0.0505220727355327	-1.66358580405804	0.505822883170581
0.539472792954668	-0.339019897927661	-0.298814953776784	1.26975575460026	0.62925344579424
0.341381308589774	0.331269643846231	0.849609397821224	0.0618564532424917	0.804835236943552
0.604294147413135	0.206700705652089	-0.557576819790884	-0.480301524961403	0.272491776361109
0.519450629727311	0.684975881987926	0.400436673496028	0.0485959259091593	0.805871188438665
-0.361013631814796	-0.0978027164781096	0.243824455421793	-0.584599807761934	1.40410483016678
0.0439486554862248	-0.499761184953056	-0.289439142392622	-0.15741172649053	0.22033044306116
0.139607766378226	0.0114497836203508	0.201798839823244	-0.272952965634776	0.824199101956856
0.350763663065773	-0.305536732593507	0.731773059797749	-0.62401484991832	0.578858731289565
-0.462718340762287	0.0355834798379422	0.347952935524261	-1.28472166672287	-0.636722417293178
0.152063404321978	-0.590793772997256	-0.0825078007487363	-0.0782385347745201	-0.616504222232383
-0.189115666583101	0.294341668532569	-0.835294651247451	-0.0351453982905085	0.409536801092273
-0.223195661049942	1.09780566746186	0.326099787816683	-1.96200112965173	-0.0792543353699754
-0.460539336538714	-0.106103595856012	-0.154659325012833	-0.589441378225069	0.362623643932643
-1.07574668615265	-0.00173431369877868	-0.435086380376175	1.11086136839871	0.124206098693274
-0.404617426978153	-0.0378811535400624	-0.022792320873918	0.415987465955858	0.20885243164498
0.0836618701725386	0.946505491169858	1.58147469188735	0.0473391075535792	0.529084336910202
0.355691837606076	-0.0638092894112023	-0.427405103190836	-0.0437768956001358	0.567558140490324
0.79445773818415	-0.324022088853791	0.127425987680529	-0.823994570600321	1.75203554541617
0.574605026834064	0.486689162932716	1.36917714070336	0.777406169845918	0.658416901387309
0.756150777098122	0.650062554908879	-0.273647229260354	-0.568838462433996	0.363286839733635
0.261241251943858	-0.416594534130924	1.41054726000581	0.291589073792032	0.136262147732582
0.716059421657389	0.245653757557359	0.176235392231486	1.20976123081272	1.47762034439172
0.587220142328763	0.660254395182245	-0.281898778853263	1.2210044391027	0.429543321443113
-0.155649076461112	-0.659021954480143	1.41607518038231	0.344939595395365	0.240790858134772
0.689262122128538	-0.668294020275017	-0.175054795143948	-0.594184903100691	0.377850240776166
1.03016211460606	1.14932999994349	0.659074944966944	0.97104501337243	0.687328797447863
0.0338975565884112	-0.419697687336469	-0.501071623974499	0.668827350892351	0.37069317349606
0.630994243260943	0.0368468062615956	0.053648757955427	-0.416493257648367	0.447679185299955
0.317450467963251	-0.233348839959273	-0.0635224752766855	0.502735315203182	0.432408939738463
0.321159395099401	0.989632263879574	0.874008576831048	0.358873241828879	0.882845901541165
-0.509755052593131	-0.366687229727058	-0.1416145965039	0.860038966561496	0.445292336328742
-0.187370279772998	-0.653049927689153	-0.493021010930968	0.615746812648891	0.827240836740739
0.0378572677479767	1.02399898497926	0.104029797207532	-0.126541058878929	0.949736499936118
-0.673573335314672	0.224426081827793	1.05813735821637	0.27106429908407	0.343735130884252
0.072413430686196	-0.191510545405693	-0.00390807958832254	-0.0284042681191646	0.670031016538663
-0.305676834408701	-0.769767255614561	0.547630465747248	0.333444730963248	-0.648768495887348
0.341898833318885	-0.105932967358155	0.0288563560351493	0.0311907781780425	0.363166632765109
-0.267015846783861	0.537784330319757	0.3129046925388	-0.73022271537176	0.0667295375107182
-0.139032787242101	-0.371009640705455	-0.0307348554753232	-1.19530081242799	-0.358648243483764
0.082180145095182	-0.912573013247929	0.238106729717047	-0.750310522642508	-0.020349850000551
0.201401132404575	1.15322672677914	0.78483521124636	0.672984625801344	0.979494917623976
0.272487939592204	0.139168004565569	-0.303511765740131	0.477312777752087	-0.834384166161744
-0.396953324733856	-0.623184554622512	0.291149546230966	-0.77228422253373	0.481886948245209
-0.0319868763709039	-0.210897250119	-0.312845994383367	-0.323468395800888	-0.236004730574389
0.153125115348263	0.632469440561608	1.14824131783745	0.671190295649438	1.1649313269845
-0.647003232919898	-0.244405910969341	0.664953854807993	1.0370941214319	0.266981979830487
-0.270093201275976	-0.396775521964725	0.438116159483463	0.346610593323488	-0.188334566545372
-0.349374559081304	-1.07269179865125	-0.718151215505959	0.250978883574181	0.811662754687075
0.444365241634672	1.14137633080024	-0.434052475475585	-0.50907776229429	1.21211172871016
0.232871663410237	0.491036607110097	0.0209691868905888	0.352961702609686	-0.321842244592882
0.126766341457311	0.0115927620898998	-0.514672328671832	-0.0733269443575081	0.383495392636957
-0.183744058788096	-0.857626756067399	-0.114183220555646	0.330289540561696	0.0682131036044229
0.000876973810981789	0.0438808725068981	-0.663898468160416	0.272565213351602	0.528340316970423
-0.217206841444246	0.56532100056308	-0.0503817748588452	-0.152608801659707	0.484777675692909
0.125547742103839	1.03981059590652	0.660037745038062	-0.0226193893043897	-0.432475972857159
-0.396287924547017	-0.11275247447654	0.119867427990406	-1.24013743389454	-0.811106436621971
-0.681068533998145	-0.803616787348462	-1.04559077228144	-1.05395207832932	-0.982722285052409
-0.325144145996444	-0.200542861162724	-0.192742186494979	-1.19127937940664	-1.36494225657709
-0.559688334690832	-0.171793694406387	-0.138805356732519	-0.856037878161079	-1.90109011079632
-0.970308462797436	0.0125218904822175	-1.36009546989866	-1.04605801984702	-1.97876234360934
-1.55966874323099	-0.325636100622155	-2.03490007097049	-1.23387669191399	-1.35052815406552
-1.04540812409012	-0.670297848113088	-0.720907987704927	-0.974680265912424	-1.6225548037616
-1.31446617536886	1.20220449868035	-0.81799698804081	0.26535572592622	-0.647986849956525
-0.737912245378506	-0.225721950392496	0.506227547865316	-2.3931905845807	-1.06908019997748
-0.966999682021016	-0.44945354416202	-0.704462443665089	-1.02393307216107	-0.740279772138324
-0.733502194560602	0.906064097498485	-0.172269113842951	0.561314904392844	-0.305713673895263
-1.22245519943593	-0.174702537777806	-0.44159324976135	-0.615401550260237	-0.745171499850244
-0.74218456603482	0.443407117067056	-1.18679707636304	0.312370218446856	-1.37216161946725
-1.29596273234068	0.434972371222837	-0.0611834823975738	-0.118926733474291	-1.04539941421256
-1.49998989337625	-0.372663790273593	-1.06821395141258	0.233900787295973	-1.21280987250458
-0.690348265302052	-0.809045231625386	-1.12759595623089	-0.3299565053507	-2.01930659940949
-1.36478842463026	-0.987856429497862	-0.421076697761177	-0.665362892999691	-0.937089744252164
-0.59082058831452	-0.891014568792075	-0.467893472241878	-0.838355205662477	-0.931929972758453
-1.13448334852327	-0.311783063967047	-1.0022428891923	-1.28642693423439	-0.988415364448121
-0.133566719122504	0.517369298899347	0.23844931596686	-0.629965774622906	-0.508250387199975
-1.14004419837099	-0.430545002502127	-0.99080744030438	-1.22562444735901	-1.00127177059576
-0.520861652708216	0.00366532223588258	0.827564124867414	0.19329887179992	-0.568111093274636
0.569164711868643	-0.053856834498629	0.00815858880556554	0.0292053116461048	-0.248250547084636
0.492358738497675	1.07585994445822	0.164440031325072	0.96137161373798	0.391926625545846
0.440346656783618	0.518021418357379	0.398625848294891	0.915911395825842	0.538636559524506
0.932772105801023	0.566071376498883	0.623944159099809	0.99877424402045	0.973731673422639
1.15164711026144	-0.0435687058216105	-0.048833461380306	-0.28636853824963	-0.294680327678171
1.61974268181384	0.641187686151551	-0.0671916869425739	1.55062459402146	-0.140086850987487
1.27789486645333	0.165895139535888	0.23027216853916	2.19504279250466	-0.299306573376733
0.464927202477698	0.379680542141312	0.673600132469447	-0.826652797137207	-0.0791321837090051
0.595905805723326	-0.389391888181608	0.0771410214843248	-2.4631672227912	0.110953428913103
0.780949170925188	0.37267184466165	0.484935738525326	0.98489953081065	0.568388389034463
1.1645316207971	0.0497499332879615	0.0294982386232566	1.07962655834926	0.72725651268877
0.962581218709063	0.960209865916122	1.08249105531021	0.970885510030792	-0.0100042141569861
0.69977306905944	-0.354064374196154	-0.0223322766969928	-0.185796491226484	0.225483207809233
0.130157646089586	0.57711400620779	0.53564025222513	-0.471466627334946	-0.170039584223569
0.727531366696361	0.421441212453797	0.355988272543491	0.434279541648524	0.0150347437806206
0.954000442313749	0.17418363326815	-0.391742009111382	-0.899935405251461	0.600266100286192
0.037204797436235	0.290574057076184	0.552993474302872	0.54409441241019	0.317076144788487
0.686868660067992	-0.0672681123699932	-0.35674841102903	1.12343065004027	-0.128609395610824
0.401879543704053	0.431172590440319	0.755068047633467	-1.31927568434963	-0.271101127930983
-0.638065114985666	0.140022014966257	0.211171606937089	1.23102930044033	-0.683851665698282
-0.215860354044036	-0.0292665622777515	0.138888567052801	1.5282279397541	0.64648186313974
0.703082425649534	-0.661945315449094	0.58719504815256	-0.663339898471009	0.22306623469842
0.450341034931475	-0.103587236368314	-0.393011552437006	0.592286119611296	0.244826877747208
0.540791537401992	-0.0254094348947855	0.268924545330582	0.0201151583838492	0.333290639858449
0.017121707008587	0.552363120774404	0.679700044649393	1.01139691606984	1.15645891764456
0.348183332310824	-0.0692075351682116	0.684704211749313	1.17902357160145	0.799713093963577
0.211193780010759	0.00505581421500415	-0.216103691491829	-0.933616295015813	0.888729839508669
0.90627653122672	0.207794636535326	1.00884745882868	-0.623475472286643	0.773109103433261
0.00213733487904268	0.300490365694946	-0.257323550509747	0.638053602557337	0.224014291657793
0.211848903774764	1.28238584080942	0.0679563016044363	0.239149075604673	0.086108759830546
-0.174557999894421	1.16577330581458	0.854167589702123	-0.399512899774665	-0.686823163626529
-0.206138625486005	-0.652572009455428	-0.073621081431029	-0.251720306231914	-0.46057892179295
1.02690563698926	-0.00693652478230963	-0.0858962566975287	-0.40425354009456	-0.000367778430583813
0.101499515557631	0.165133573363348	0.482528356854235	0.43704243736489	-0.26246705571847
-0.301609493453122	0.130046568906092	0.0767305560153185	-0.762961184237995	-0.385105499758367
-0.518873693842323	-0.241784160226635	0.0166469365351867	-0.0842716672021949	-0.514502032045445
-0.509283092122379	0.18334028765095	-0.147458075142063	-1.2811660746758	0.557736445934937
-0.693737233106308	-0.0790031140240189	0.0494197165539044	0.656780279359287	0.28315654034072
0.298125139337545	0.663830974788876	0.30327366168085	-0.822417795617318	0.813482581229341
0.611007259938502	0.19788815806423	0.693234754085928	0.778018068621365	0.393170205309035
-0.221367566090416	0.142471674827053	0.598675341621492	0.395540636745325	-0.11757230330183
-0.0888894984256668	-0.961899206152259	0.254949867210684	-0.218581239396026	0.142970449184022
0.576000644852339	-0.0965966422331395	-0.482362623933444	0.394035810990964	0.494713243340652
0.698169580974444	0.380215843743341	0.160089319392045	0.703984226469652	0.512317421012652
-0.304668629990267	0.465091108918869	0.0870616748798132	-0.0131560310300516	-0.584617596872414
-0.00152048599184608	-0.717856354264552	-0.435836796768276	-0.239910341889264	-0.655138782429701
-0.377588642889705	-1.11826288336677	-0.39370452399905	0.208342384947329	-0.0711196303940781
0.946722389564164	-0.551636922446292	-0.491945691332602	0.491064747754791	-0.12027095026175
0.409607969741236	1.04038476005481	0.666425840782244	0.373289987233558	0.435746297368718
-0.18330491102813	-0.291295572992565	0.0711316370164095	-0.752545836854081	0.147270129831907
0.946775230992051	-0.392008449906293	0.853897037673942	-0.703492509878193	-0.0199690944189022
0.4182026097243	-1.14138526939367	-0.977934717741622	1.53603214466122	-0.256297201918451
0.623618896398599	0.380531027393619	0.5095935948411	-0.547151386811202	0.321586133746112
0.855741151188399	1.30107695412737	-0.140319738136995	0.299971085227502	0.807230647089575
0.667190665684072	0.116189362773927	0.762500005961298	0.789357903855056	-0.098599081702835
0.143283819690907	-0.493552674873929	-0.429090679065986	-0.88399269862521	0.701083886665991
0.346982819459767	0.314242071857245	0.291118997037	0.400782454921698	-0.00402087373314849
0.597280989985789	-0.701372900766512	-0.126766045093797	-0.101136363358164	0.0203278932001966
0.543673094555865	1.0801982341549	0.515918611792117	1.354804589954	0.795636248074631
-0.0559413808417115	0.11641754216095	1.07287789225862	-0.232385887381016	-0.0501846866550839
-0.00585015351088249	-0.248969342482808	-0.571744346189204	-0.38378653865883	0.290395856549279
0.541707276320425	-0.538809563225518	0.791293024023688	-0.501972523648551	0.669466496653642
-0.205594988180314	-0.423142989058861	-0.000813453113101141	0.228182983753419	0.532295615373735
0.443083789361865	-0.453811717841817	-0.0212552064122516	1.22539920857915	0.672069915949103
0.585095158407124	0.630259705432352	0.149451818653455	-0.192862532716325	0.628215300882597
0.258889864177913	0.296953692742717	0.592233474777703	1.21513972129379	0.54349556932398
-0.251277903453577	0.167271196567229	0.126946306972686	-1.12280534863384	0.316168835997468
-0.0679471998542096	-0.633866435314089	-0.504831483901395	0.144566103359848	0.325726728078843
0.1199883225932	-0.157560173298323	0.311778212867505	1.07512621127726	-0.0639772444336716
0.468822666148194	0.272028509246871	-0.455082553503475	-0.00338044402309579	0.365443939586877
-0.158311057675669	0.316092319330987	0.206323774407105	0.225143271840346	-0.477198936922808
-0.566122159467507	-1.29838828748282	0.160727548685709	-0.953940604303344	-0.515045288803009
-0.223291643958292	-0.152794681722897	-0.521523278846673	1.35852245235503	0.763789757764291
0.126874874611201	-0.209873448678709	-0.852353405719878	0.117971193939122	0.373906531883063
0.0847539640071167	0.95336753401877	0.369175173068838	0.00130936292224002	0.751762731390945
-0.289609245094928	0.456839492060574	0.40868812636792	-0.653132206403612	0.380078365951651
-0.733114367711574	0.0671201305510657	-0.249903411014506	-0.668056375455955	-0.529271826821128
-0.755041100439765	-0.611875873110385	-0.770842579109796	-1.11502340863069	0.0641077249909959
-0.88208538204276	0.367636648845474	0.103824530599251	1.31178396602968	-0.530468689480615
-0.970889459384618	-0.621728508368944	-1.26820415181157	-0.685422010343467	-0.829479768240983
-0.534681799616918	-0.0536737434302705	-1.05905716325899	0.13891255886685	-1.14046790911718
-0.455609612143245	0.433216853107266	-0.302140220867476	-0.643988851312329	-0.489659481361228
-0.320325956421434	-0.119844940379969	-0.502299367431216	0.438487846082111	-1.01818649212152
-1.10731876125251	-0.610645972965518	0.420483880171927	-0.742253135064728	-0.147211605468177
-0.299267973718586	-0.399202996829267	-0.329514155703562	-0.18763261593001	-0.799914946014424
-0.252127029427263	-0.652056650064402	-0.411822633458606	-0.815268695032587	-0.030141244013687
-0.831481601907853	-1.13863161590094	-0.835394698958887	-0.896824362045886	-1.39267756210779
-0.79252588127012	-0.169891138026731	-0.696177681930905	-0.02536834322621	-0.401906589287435
-0.0164733497283785	-0.249058517987416	0.820159936058792	0.0209529517393766	0.0845564589404303
-0.330340128746465	-1.51489669443044	0.528338810870699	-0.473952099913609	-0.584806419649765
-0.356677701865217	-0.330086498809407	-1.29854066214274	-0.318825312331461	-0.866497330163444
-0.839504156529419	-1.80012189761399	-0.0969566774140677	-0.630390808127123	-1.24889027655722
-0.321267192950582	-0.87170396541783	-1.26014547594136	-1.56641824607194	-1.45513843107542
-0.351872002031105	-0.976556278068287	-0.786927172621007	-0.0231697395306733	-0.866213635792463
-0.289304288385812	-0.68739887944891	-0.121788419638124	-0.862548461350464	-1.24158790368213
0.0595006446536378	-0.402774292711465	0.160206569212087	-0.130626504671311	-1.14186830935439
0.128090383523239	0.00917188940084286	0.654644631404302	-0.420015652481403	-0.393778850611768
0.0526971801901063	1.16626843479507	-0.338956202808753	-1.00996782169201	0.253601917467172
-0.108238160349741	1.7256930466555	-0.428704494071971	-1.58447310587839	0.373210359549088
-0.141444299685774	0.646681578997768	-1.62227498191735	-1.241384751526	0.137291954069913
-0.95430794754645	0.518575244091078	-0.734398378864371	-1.35208384594411	-0.676001640109026
-0.956669841125634	-0.884717250045023	-0.627851735184876	-0.599756272793573	-0.501267316051491
-1.30225013374444	-0.303878520839721	-0.644818445202467	-1.86693992503543	-0.791078878506555
-0.733250961689457	0.0704356040779033	-1.31450392332766	-1.07517711964868	-0.408229456206264
-0.612183734613326	0.355705033871326	-0.8569390248658	-0.49337818070486	-0.255426709519547
-0.374893518479313	-0.156462775715957	-0.685431853421285	-1.27877144791606	-0.780099451722582
-0.360952191464011	-0.423752365157729	-0.200528647883813	0.152867371590979	-0.898258282096515
-0.268527409099302	0.54084711345525	-0.46789969372918	-0.580550368634446	-0.121339755710138
0.473127404602677	0.198336819062562	-0.485899621973206	0.117880544432715	0.462848289876458
0.0228386119654351	0.972331326185769	0.27755889563175	-1.24030241072011	0.298403397597021
0.851461475525155	0.190135356335019	1.14298571515982	1.61682880342769	0.922918769710863
0.904049727900976	1.04667869614627	0.596134302281499	-1.07601447109519	1.52098954279881
1.37206211998239	1.00867860464063	0.612942962084454	0.909174869724581	1.75552619042771
0.871798385035003	0.467085489563125	1.10831724129525	-0.185536335419536	1.30752432693401
0.357855905555406	1.16752962598151	0.785008705706594	0.858860165870217	1.28811415019028
1.04688527467711	0.195256983131216	-0.0912323863828012	0.786573602213428	1.66133261249423
0.290593548100054	0.374224572793985	0.745637434195058	-0.646940531143485	-0.639912482015553
0.246339528601092	-0.265304956474314	-0.0156688033612503	1.08034916391335	-0.189441353483846
0.634017341567982	-0.192526332331807	0.984076235640798	1.80850739763438	0.763253386732069
0.840647315358752	0.00266649173357418	0.0437014146406239	-0.262103763499457	0.829725240014088
0.151255811051719	-0.105295891619747	0.845838268013563	-0.638070046012903	0.14113345991436
0.591491358579129	-0.153293328132229	0.515941870589307	-0.966703990590079	0.0143378009420435
0.373036640421767	0.276325589505319	1.13258904028786	-0.220990120390228	0.397148399013597
0.563982328386239	0.366526800109873	0.473879850783178	-1.00275136907383	1.05089458487245
0.0255675743527511	0.791081513721198	-0.392975251441649	1.8839876340249	0.0595760396384392
-0.333541195620645	0.321210458469249	0.170587373066846	0.0307313763931518	0.176109932878737
0.635775431203873	-0.465100443115	-0.00350982775982165	-0.845637689412368	0.556720977604212
0.17887305027284	-0.172449548277108	0.275342539749093	0.0618827022224544	0.430298739034883
-0.250179700390524	-0.141869344668797	0.205207954092147	0.296656959386671	0.28072270318992
-0.226950344267168	0.0732112054433978	-0.451191235448197	0.823470067261255	0.348610926566215
-0.414905634371152	-0.766021698200543	0.00704057977160965	-0.398950361064746	0.739220976059163
0.478892652056993	-1.04811247545005	-0.143804607765776	0.319089207109843	0.254872680974759
0.842454509936105	0.318641382735996	0.703528896495173	0.102733444669351	-0.217641693107467
0.433289853852461	-0.560842523521147	-0.310136254473992	0.101717355005431	-0.263397672077913
0.516062250132955	0.263683689763401	-0.420521990160937	0.317270792304802	0.582824559076464
0.497447343270887	0.591002775160192	-0.318637281314783	-0.169959790701308	0.515147685898841
-0.0323392880798916	0.495950223265915	0.679571581385939	1.0857663923711	-0.340029151005675
0.0188174517917654	-0.235338809107883	0.0397535553618918	0.504046780520066	0.49038262731045
-0.248172336613347	0.0434599845385164	-0.0375320019328253	0.723262159015853	-1.12635129829854
0.00554604419743014	-0.42846369219326	0.37106697121977	-0.519383769296348	-0.0432826440407085
0.995333788649913	-0.405920252251247	0.866672400309913	0.160962045453022	1.03673930768886
0.581622326846526	0.262562289282511	0.04392913498148	0.675408101864233	1.31470806334813
0.00542030869197966	0.60760423933995	1.1336857841523	0.169005769669811	0.309419879372595
-0.244137973134375	-0.549431226781015	0.392541633001211	-0.17540786757264	0.0517522188778647
-1.00876096617475	-0.647900789091272	0.186018516109291	-0.77787936538452	-0.397868745544169
-0.348043114123679	-0.138016290781047	0.245520655113717	-0.210608797973673	-0.096857382877877
-1.08682884400376	-1.05068848082688	-0.295913411240779	0.305342210444493	-0.826474971364079
0.20053842352567	-0.691961957782683	0.500716936382989	1.32151739633418	-0.628546501681661
0.398357942688731	-0.0710779282803516	0.691020734294001	-1.45440048633919	0.253942988356208
-0.0732257897446241	0.57430945787373	0.388860568382095	0.0732666307856737	-0.45703965508787
0.351700484996682	-0.162501342305528	-0.0115375138901802	0.906309674247739	-1.06944999759759
-0.48179735767552	-0.722814643970027	-1.60283223212952	-0.94429002298149	-1.70836698799043
-0.855504228169692	-0.839095796227489	-0.217057975563138	-0.70280468686735	-1.25744613454889
-0.716165800819412	-0.614460766668732	-0.4747147677996	0.861627000042341	-1.07068908736536
-0.349148385718709	-0.904987596572255	-1.14804324991307	-1.00543076892713	-1.04091680538926
-0.951806875844024	-0.536615542534719	-0.968029310821026	2.0262765880024	-1.4192889737626
-0.993302116561891	-0.842365797888784	-1.40741026804622	-1.43997372624987	-1.96744563942069
-0.337932973767518	-0.727339790198623	-0.421091563259057	0.568842413951371	-1.28877586724607
-0.328809856710778	-0.618299170994175	-0.353065381373271	0.685771833273699	-1.08849173868353
-0.842310215053716	0.227370683225912	-0.826634977586101	0.188317535242486	-0.832114395907099
-0.287363921502706	-0.201397037767992	-0.0868113792564638	0.85270807610742	-1.01669748305074
-0.29449139466484	-0.801269108209929	-0.215897042598312	0.25324628635503	-0.351181959872154
-0.0274846778918746	-0.143309577834727	-0.58232287388993	0.130637800208986	0.839640696754238
-0.161266751853165	-0.0350944038751806	-0.659234813231446	0.468800683200455	0.648532261178901
-0.00848727189487581	1.25449371775978	0.565449983382933	0.566213823407797	0.489437090442352
0.13889847067176	-0.138543483058243	1.15410314358516	-0.577339386939749	0.6989985450163
-0.218850566198264	0.69263683574068	0.195100606255336	-0.200993377013016	0.10686308308445
0.471829334694909	0.174000336537362	-0.243168895059275	-1.44164592396576	0.0061849131908493
-0.0492405765821754	0.181583722153013	-0.313033290301554	2.02250209348036	-0.541423287006377
0.318273791299665	-0.565403847686764	-0.232720292028441	0.687375033840794	-0.331736767879989
-0.263273090613504	-0.356123221489117	0.0049011100371404	0.693342173672186	-0.340271511405473
0.374307008663457	0.56383389392657	-0.136305326571181	-1.51453541243883	0.203260418663833
0.0291852179717094	-0.333771885588378	-0.232233378826687	1.16784652089215	-0.406351082816438
0.470168472567106	-0.373082184277854	-0.843508939538228	1.36296121415196	0.605095948059751
-0.0357817191393873	0.831169498002889	0.15954541640156	0.504422853735712	1.17819397907723
0.281247922567706	0.729402779343935	0.876316629862212	0.676725641190222	0.811574396460617
0.679958645952217	0.0508717414378847	-0.0340525118049247	0.498509185870431	0.794256335605075
0.564870766686197	0.53109297982457	-0.0843182932977318	0.765772565762581	0.896044487958017
0.788826384710423	0.628222506573603	1.14450776781263	0.0757104973007658	1.02775670842498
0.521887259391851	0.508177742356135	0.798393221329045	0.879278237008955	0.415260703199109
0.166495990556189	0.171028052269414	-0.0859933002291382	-0.0982461637514459	-0.364950060639855
0.800505322870459	-0.040325569665178	0.389899452020866	0.342046040767112	0.967853502064156
-0.473793266827103	0.202307396823217	0.209098941945164	-0.407674323093524	0.724882572784121
-0.468474035175138	-0.239543577325762	-0.589934422974208	1.58025946984171	-0.265108622791137
-0.696471527027485	-0.667593760507512	0.139332774898816	-0.379029213613545	-0.375705629156281
-0.633748678619327	-0.072923975158984	-0.67013447275338	-0.602942291311821	0.254297882647722
-0.535289624469708	-0.0977457807431587	0.553799029113445	0.166958940070091	0.395485905331063
-0.700100934787783	-0.0135580338368521	0.398322462745948	-0.114944782927221	0.564467858823183
-1.20782385577661	-0.184749549117021	-0.597378113336657	0.630519578370486	-0.455647813872087
-0.81912839424145	0.278706668733942	0.227518910757677	-0.239714803981569	-1.15325831477896
-0.162482778368886	-0.964952559948946	0.325967040981936	-0.534378518911781	-0.443263595389827
0.356066502848804	0.0113545628491947	-0.616042928694225	-1.3618974345584	-0.325232048608614
-0.161970541599164	0.0097869869456937	-0.282993484865638	-0.486049217400777	-0.638553851945789
-0.263042595009833	-0.161720271674669	-0.843169121018273	1.64056626896789	-1.64964322293141
-0.208069159909634	-0.553273485426715	-1.01874258008839	0.679234566253211	-1.66737278788748
-0.475325068321691	-0.0524459772368028	-0.42255701086431	0.499114766889338	-0.268855612572941
-0.633529652448256	1.11411668747865	0.00577645121205249	-0.42778130492471	-0.470456989275701
-0.434683489231708	0.156440733832181	-0.425235517101646	0.188008406774269	0.0254523730622995
-1.07658309034911	-0.335806230166721	0.362602344001571	-0.534007386698371	-0.901426941285087
-0.823104667667518	-0.239062776229745	-1.50953525887189	0.79548541873355	-1.36784154625753
-0.644753486760864	0.605912415783728	-0.509399451636981	-0.218710778767282	-0.697422253620784
0.216549796194073	0.125658929890837	-0.753426425492923	-0.564043361127897	-0.290425743712939
0.235011276246541	0.772970283272877	-0.700424512610536	-0.517582323308516	-0.201835811770877
-0.38948503623405	-0.382745787838958	0.377040096806065	0.640636905304908	-0.722093381439844
-0.70796675141468	-0.389427042931432	-0.0486909552002844	-1.18459289517742	-0.877861440813371
0.0563606555968547	-0.0128935558631824	0.128282766045595	1.6755036261467	0.236986109862846
-0.0927598391648098	0.0461522295773668	-0.405270081294446	-0.502570174997946	-0.0586651007815006
0.201592339534727	0.452825074364149	0.33537080634259	0.295774349225728	-0.30184533263766
0.122381859035603	0.0310848860432437	0.270034727370461	1.33861932233268	-0.0801035627554346
1.01926019893995	0.726257277847894	1.2054915086686	0.787660265022074	0.396546964572789
0.621072016280709	-0.169962683075508	-0.176597246673095	0.00392040489537714	1.26869947108061
1.16087525210774	0.776774723904898	0.598715052789893	1.37233408000657	0.590341550723404
0.203526715916471	0.484127203384785	-0.170010038029467	-0.328082087008832	0.582320578908115
0.394903055101758	0.224475328811638	0.567508020219978	1.95697129444678	0.919317370784669
0.725940143621668	0.185247557910972	-0.520449881757066	-0.616783059013534	0.972100867516482
0.546291142900084	0.892244632163171	0.28915258535666	1.63326289941784	0.526252944570563
0.202522119962383	0.167751070107424	0.140009433175701	1.83132933072924	0.43405657806137
0.793823121743793	0.118442755413516	0.294634009176714	0.741661883847242	0.926727684518052
0.752408858930624	0.428714903467948	0.629099734854136	1.1395933905649	1.43679140284969
0.356082519276207	0.353949635300289	-0.314485920619384	1.40821798014301	0.325788661715354
-0.246979587565215	0.685446894970744	0.201526354738813	-0.208349994902485	-0.141232913819484
0.661774674725071	0.121737828916443	1.0215505785954	2.08290318868072	0.644191438956326
0.863597947799528	0.507906661015696	0.953449892320493	0.109235106837732	1.32747396586208
0.210041723876496	0.82129328766535	0.441784886120943	0.165717311810877	1.68641546442784
0.0607091273676955	0.00161809898621206	0.14257005545119	2.26314250611057	0.0586289404623171
0.0140864947100762	0.551773662572874	0.315349432287427	0.0449082442141515	0.430979116641347
0.0862723544446545	0.352224876158858	-0.654150294738588	-0.302135166580075	0.423683263054779
0.691710644819765	0.256388707357642	-0.515023195836359	0.905700577918273	0.390452061123693
0.0466573809115894	0.0322424710524032	0.570990392802349	0.175060606524306	-0.485975092173582
0.436574186310167	-0.206122276459491	0.306347172106619	1.14364628519235	0.785773166058191
0.154361005274822	0.269525535312064	-0.132160465365786	-0.371665952816241	0.714831225961423
0.609154277069931	-0.0227553949674264	-0.359475243759816	-0.0983830549724311	0.460862039042972
0.00232825929338743	-0.295774748675785	1.09903274450329	0.655282991611136	0.488365239180873
0.231679830643388	-0.612620410967115	0.588103287634544	-1.14695972495747	0.710635261004617
-0.0551631526494625	-0.250028058595383	0.662437371442693	-0.491146361358831	0.289172644164667
-0.0315968550330493	-0.797035913576709	-0.637726257641917	0.141110129676681	-0.0552840665678688
-0.131195687684426	-0.305063656840956	-0.0127921499655801	-0.534115116942729	-0.200624496228807
0.706117829588658	0.207252008861954	1.13864254509702	0.0220385553192625	0.953426020261509
-0.0318727031011861	-0.170894383416435	-0.870033406918459	-1.3116617448508	0.180061110231303
0.172550485537089	-0.140799240626761	0.26353991726328	1.17513326432808	0.162784352066376
0.618635168274837	-0.129868896267729	0.0327620214956173	-0.381621575279271	-0.0303070120020481
-0.0698155071826216	-0.785804805424413	0.323403904641422	-1.30875134810081	0.17895864994101
-0.293923609419727	0.368017915339168	1.41922329762365	-1.01308648999148	0.387653886924092
-0.438377655681283	-0.585803491323596	0.0205939524950356	-0.0240190856226436	0.11197996269019
-0.663889045448888	0.127904449676777	2.11316947886252	0.49512826705711	0.927018761940196
-0.166976206079895	0.622957553417474	0.475126654117264	-0.438547089541309	1.0737806162302
-0.786273974977823	1.19420032527319	0.517491819168584	-0.038372264404085	0.506075788263882
0.0571597834980854	-0.00793321896104294	0.89417667403864	0.604144771466343	0.794841056334603
0.147107592404688	1.30549832074139	1.02285880010964	0.7530209312164	1.72386228776837
0.44166885490539	0.732701605561479	0.170630238061652	-0.738499774399763	0.616249423559147
0.676429498034604	-0.547492500905942	0.43058039368005	0.7274314079594	1.06605244473275
0.92021762539733	0.0321760183779445	0.20790558547823	0.949177910712262	0.659717954001473
1.09666836852462	0.758684831697283	1.35268888236986	-1.67171621211137	2.01969161833455
1.73582457342144	2.02958536859374	0.617383364076368	1.36479045103706	2.34643489983065
1.38680212904132	0.625393046854136	0.43782146866915	0.379077248599573	1.39483211504099
0.740052880427344	0.42602652204681	0.991076869339681	0.243706972058573	0.454250034749298
0.261722755604762	-0.124138237654181	-0.0895405617980364	0.0208498023069636	0.867917435945216
-0.103885491134292	-0.887404914016487	0.265397280638392	1.18913507862014	0.0479214966381867
-0.325772324853516	-0.0632459086077203	-0.132531292190901	-1.16032373575341	-0.814975648911257
-0.447286651275421	-0.190053945427408	0.640752875020265	-0.738762208110069	0.25228117866116
0.303297365648285	-0.331111449774598	0.402022168267115	0.281156870446709	0.183834237787084
-0.0682602143965619	0.290216714183643	0.0357687676065589	0.801699419017445	1.04620283670023
-0.746729996039263	0.100205674128478	-0.427321837203036	-0.576983950968734	-0.982261111681582
-0.093580229638945	-0.541345143241877	-0.577249391531698	0.449575149457604	-0.607166961660372
-0.624064363408963	-0.0567212736371777	0.12142403097087	-0.869624084250046	-0.206239505642839
-0.368647789367691	-0.600766884167309	-0.329492946972268	-1.03845251450975	0.171875714844422
-0.368955532513737	-0.768600260113172	-0.526313689880461	1.17973068566679	-1.66753595953738
-0.854963195324282	-0.839890130134715	0.36537478479374	-1.4476170974939	-0.861096249960224
-0.227313819634674	0.676592999498777	-0.064220572422984	-0.137831056358119	0.172958609981444
-0.410996942768465	-0.0907241681717705	-0.334743601291989	-0.142342107610503	0.35774144843848
-0.0322760547251667	0.335205795992229	-0.0255365181270337	0.416371789414768	0.619855885152725
0.00972012051960112	-0.159836938246578	0.080402539998784	-1.10616403104401	-0.158140232394014
-0.217043831954481	-0.506741560259867	0.521258119814385	-0.18959416072337	-0.602987416815218
-0.328758573699834	-0.410578503050427	0.173741524831947	-0.887297617787758	0.618198658059337
-0.0442255993456716	0.316164079051634	-0.236216667347966	-0.693220179961857	0.195237217281327
-0.108330418543476	-0.417141148354049	0.71982973470804	0.447713277444432	-0.748438237752302
-0.120641414750496	-0.309249677805705	-0.0422715722395385	-0.600940619966512	0.13981851103634
-0.0586633946768681	0.148019729623329	0.0362076576187488	1.37867447462808	0.153622460348663
0.390853167058882	-0.208919691193093	-0.192518904449611	-1.62219421149405	-0.57405252790862
-0.16658380177019	-0.113695580108628	0.639180329706188	0.558573495506775	-0.499724003325288
-0.286332161132345	-0.302364752720002	-0.032297279639868	-0.575125456981525	-0.146494371283384
-0.521026599554814	0.427710333084818	-0.281097863865331	0.520048334012912	0.843625537576223
-0.588464582548597	-0.142173423905224	-0.158791207280341	0.501391544704338	-0.481014015711159
-1.06296772846097	0.864082461758686	-1.44055277618356	1.2966131049501	-0.989865959391655
-0.651048937524971	-0.382834440978761	-1.09934678950362	-0.988571824276607	-0.41752996878236
-1.3673779736194	-0.136915682441228	0.204503541892148	-0.561163589132837	-0.951831163596045
-1.14312723963893	0.253591512900718	-0.602762339121559	-0.6063474241311	-0.300530612361638
-0.900703937023976	0.32918625339019	-0.435832653254487	0.67052742718554	-0.124133060739765
-1.28042723298632	0.800365518293522	-0.515531592509149	0.789839408399154	-0.876957659797764
-1.15689362067937	-0.868428525407757	-0.968314269007392	-0.290595727621875	-1.43063997392741
-1.44197870623338	-0.32101427986111	-0.958477428979005	-0.343656258912281	-1.25412783557028
-0.279422596952491	-0.118680192735755	-0.425186376796118	-0.510160910897735	-0.116633523904222
0.00667113150362983	-0.426747999646675	-0.936705916333249	-0.185374199904144	-0.354437683293576
-0.447221949951012	0.881262431848129	-0.574427754882824	-0.928583131891798	0.0505685690166782
0.496540893362531	-0.389723320601149	-0.226064732765334	1.6447417348667	-0.634197579588222
0.0652792730896538	-0.480500175271046	-0.765757410344524	-0.821326076387696	-0.639470495148034
0.746851882317822	-0.271333542225045	-0.311990706063051	-0.451419386098794	-0.700818725651206
0.902566603910458	0.414152820252048	0.28087534693422	-0.318522082408831	0.68054439940721
1.08571107107564	0.481640848387687	-0.434429768430859	0.390353014160319	0.647127497299726
0.497131837856058	0.0765163628314279	-1.02132671809565	-1.42065231210352	-1.05346610134034
0.154156099469714	-1.13365355941089	-0.829610349825341	-0.942284769542636	-1.41845180820476
-0.55066966493036	-0.755235109470293	-0.0496851681636798	-0.814171019120917	-0.936890937405731
-0.210069062367871	-0.209527317704784	-0.750113640191064	-0.104507869673096	-0.0929701260103136
-0.580134363032186	0.392472818911061	-0.579637341690223	-0.200431992912275	-0.483317761522046
-0.626940952836641	0.147050357299313	-0.0429436198015595	-0.378671167029039	0.19722906968656
-0.168410082369285	0.53965601088853	0.495722037806789	-1.34784790608784	0.868128484016125
0.377967984736904	0.43532749353988	0.855896512930667	-0.53186049707816	0.934439051374508
0.424584379485652	-0.133328509713869	0.533729588522413	-0.550837367616664	0.835258240871213
0.0875295552666852	-0.22429036372357	0.0793165187449143	0.989966590484067	0.353211309864705
0.765621747164359	-1.0110270844878	0.659819777407915	-0.42950035569357	0.610109914802594
0.142499591694007	0.474341231077764	0.804985424915189	0.457158139803655	0.602429007072771
0.205056427350701	-0.25393292168578	-0.190744839283255	-0.0272274226533337	0.30486228328734
-0.229705728102628	-0.185660550000806	-0.115844721799503	0.132887402085142	-0.724018679933224
-0.29072559080813	-0.109228139759802	-0.0288454726305581	-0.127806091954977	-0.445270010519782
-0.156434896145642	-0.27781872619059	-0.209544862102639	-0.405505442880155	-0.54317815463776
-0.018074447997665	-0.281536925035963	-0.296439383670033	0.0921762162662526	-0.31618777316178
0.368872468758521	0.201201924678324	0.894458595758288	-1.4376889807529	0.415242771324667
0.00347764010297843	-0.634131246955887	-0.29792952825542	0.0295955472765023	-0.482704823909054
0.492255041605172	-0.187112196892491	-0.0513900917527349	-0.904736227645756	-1.08063890350444
-0.234794168845805	-0.812200480626996	0.430990665160575	-0.880009448479513	-0.955604978291826
0.577529795484636	0.0572863866577874	-0.436550892024855	-0.216364629435898	0.473037687922337
0.169370865877355	-0.0328487280087152	-0.623252532858546	-1.19355647298531	0.0334287378078115
0.262160109479601	0.198243204784969	0.369943721088529	-0.554708160018286	-0.205879388574771
-0.42562555999218	-0.475287462128253	-0.574528931839542	-1.43822616939326	-1.03570856943483
0.0470500933998588	-0.0694910614462727	-0.36207534620443	0.409383641556377	-0.674761147510182
-0.544608797264721	-0.432304493526139	-0.755971635125162	-1.01174334733521	-0.067413194344883
-0.026155758027186	-0.318498031667906	-0.446121683123757	0.202688410157435	-1.12678052998921
0.219015849615568	-0.912775849012398	-0.24449540667921	-1.00038212392859	-1.13413224005262
0.896515309882089	-0.504807455262506	-0.0994933903649775	-1.39257272518122	-0.294373696177738
1.4073785404347	-0.211133093433554	-0.406397733807392	0.773002581704414	-0.753103090491737
0.657511605876118	0.329839687065738	-0.302877439112904	-1.6493048303193	-0.993935067826678
0.750553100833103	-0.352889399569073	-0.701695119038132	-0.570651594866467	-1.54365714737298
0.695785636703524	-0.350290992013667	-0.406151761869473	-0.695849841503785	-0.872396198196583
0.431134147252941	0.227223416694912	-0.449874158595782	0.0825993826051846	-0.746221474388486
0.630732437506164	-0.364970755786701	-0.52461131147981	-0.733365649820996	-0.333166652455469
-0.123024966311275	-0.100226119618417	0.512601195443913	-0.753919647732045	-0.850457620892477
-0.153110371182793	0.165036029779596	-0.262649541194667	-0.812918025700788	-0.108494090045137
0.572807751974224	-0.0724753864161099	-0.636503223761102	-0.606339992043643	0.00984098165686989
0.0363971553233516	-0.293821251430903	-0.924309207283208	-0.223709805532202	-0.0620583695957622
0.22587716869882	-0.260663833447039	-0.31603412596989	-0.707920999763832	-0.579074124945787
-0.506585107046787	-0.0159759373795756	-0.919775122054481	-0.940329655359775	-0.0350202951991226
-0.812668224445425	0.808736066944508	0.797599469137731	-1.6207093022519	0.150136846938863
-0.0617195872675127	-0.154409186909455	-1.25293573078345	0.507336723963745	0.613700343679394
-0.525938735573563	0.758037310258308	0.0834736738100059	0.168706067740609	0.151832264410949
-0.580795134154177	-0.823502837232567	-0.138758252157965	-0.419076432716194	-0.746844698405782
0.0480812067647622	0.256835919364125	-0.442104012234372	0.95522593006065	0.259340681459754
0.434782235128463	0.681941033481419	-0.0457550781574982	-0.175012645777258	0.315399384928534
-0.254081837227412	0.47895504945189	0.20891944565868	0.0558595648671561	-0.0884584832305603
0.329531979904522	0.975592065333598	1.40424094093527	1.22067453237801	0.419482427241156
0.328593046152487	0.263436358623093	0.910429494503692	0.0720284650127376	1.60991357734284
0.201689832284857	1.26199168406615	0.740578656769857	0.13505091300046	0.50185199403051
0.221642001257776	0.432471420927243	0.856257693949633	0.0557623442151773	0.369153364997437
0.427158228618336	-0.556050650041604	0.116981539341918	-0.445857900240243	1.3734471674813
0.244371380880502	0.538552696153457	-0.0109134097300283	-0.725782290368498	0.946390032680931
-0.42140167078513	0.275647196272229	0.232634409811682	1.15447142747485	0.217500146372524
-0.108739236855614	-0.515895564996192	0.280065598341104	1.34622688873418	-0.0283995202540432
-0.154604243548226	-0.00683726424645892	0.134238268193756	-0.128406801552479	0.754410401029167
0.117505227991582	0.68617425079948	1.13513973895742	-0.528560388271394	1.46926144530611
0.0556002023192314	0.430587661714115	0.732132877875012	0.126656909799278	1.09065279392671
0.0979680134276881	0.0238773633031077	-0.612956686556885	0.14823091139583	0.323358899377366
0.136540880374343	-0.669160303792186	0.268924019989445	2.57332392981825	0.655296604282688
1.29993447713404	-0.243713296541969	-0.323291462718418	-0.338029151890171	0.481103219561901
0.113680020060719	0.107259661751959	0.328519836494458	1.62232840862572	0.216309482314744
0.655834177145177	-0.84055248060473	-0.230286446839404	-0.572459694042092	0.358026037277386
0.151803245358811	0.67628616638401	0.835880198740612	0.854740254449659	-0.194034737167155
0.346761277341162	0.214122334427514	-0.173675843357268	-1.23112135952641	0.0629573607053079
0.215666706774346	0.132090075702536	-0.0378504382806448	-0.86593980503459	-0.300177685850546
-0.0348874447201996	-0.183004582688282	-0.852539616574614	0.292134013398135	-0.613528120343072
-0.359325577439539	-0.378874417776707	0.606835651666525	0.377251334712576	-0.831821183339798
0.324204746687729	0.205604864205415	-0.332653762007735	-0.860774859769898	0.0787103669159048
0.191502538155866	0.102184698664816	-0.439414640428818	1.38332493270721	-0.402825736986903
-0.356825029689278	-0.255169330574137	-0.479300088055031	0.150182223282285	-0.243595312617503
-0.040429238776266	0.52389577376408	-0.691766816617273	-0.464013846089969	-0.0925227536720601
0.490108759845865	0.53659489881145	-0.394831043301046	0.265277644782147	0.553620893677417
-0.0664401672350414	-0.554127373191476	-0.554668577908877	0.0654832034971862	-0.216317633457681
0.0110492846710342	-0.0681878207966774	0.844263079612545	1.19106215665059	0.257626372626975
-0.0610718384163356	-0.300013214028629	-0.705225545931873	-0.102126077157709	0.945612339195522
0.310696964085603	-0.305465315393096	0.717285825516776	0.554099362839885	0.134586027542008
0.308819214005144	0.150338127295544	0.507929308527306	0.385957560080445	0.471354069439029
0.3284155167675	-0.686527391057705	0.508652230767807	1.95970799074565	0.274936647404569
0.586880095730736	0.520428965692059	0.926808437804025	0.435175283973359	0.663443526612881
-0.320358791431063	-0.546131990434908	-0.688363921839524	-0.466191793363481	0.585939463233802
-0.607687074908757	0.748091656473405	0.651681866434976	-0.00701571595115418	-0.178455805009027
-0.875031185987217	0.0749898505798402	-0.806291797620168	1.14682039415974	-1.04711671137952
-0.566415602291031	0.159446898395545	0.115983772760725	0.849965083292244	-0.945448912969097
-0.0635276322140831	0.191072636925915	-0.316463988522322	-0.821114528664416	-0.371530536441296
-0.236818204908533	0.786777347089798	0.779813830629167	0.777501834303522	0.772192389212024
-0.349551312673357	0.470574715581152	-0.272189507562155	-0.431847550220893	-0.350081748240616
-0.444359057544055	0.604886364061877	-0.72392628337722	-1.12101456086649	-1.43383738544268
-1.20275159105867	-0.0335885338979038	0.175586246327925	0.575843096026117	-1.48531342941654
-0.69569958816204	-1.16997440634773	-1.52650371663398	-0.805058119645413	-1.57094862482154
-1.17232562388794	-0.219937581128364	-0.0898834360126789	-0.434229780495241	-0.266623279307008
-0.258712388981297	-0.19183441959611	0.155584783527445	-0.834009797192308	-1.05720884006234
-0.148079310188836	0.393911877351835	-0.715948712805917	-2.21286801766208	-0.757700084927516
-0.0789699778323224	0.971680187125795	-0.79495510825616	-0.0752601835029187	-1.57512468865595
-0.369258050065735	-0.278720820838761	-1.02444559853278	0.905863726256457	-1.70785838475047
-0.391456612738216	-0.874713202177862	-0.133039327881893	-1.36892062026989	-1.21568119081623
-0.77302279539846	-0.505511968000294	0.0330319555887059	-2.09462092099638	-0.703720044453165
0.0868091424684111	0.613710971142993	-0.47799128302007	0.237936129912361	0.163641418742282
-0.720804515477196	0.134262893846096	-0.808619484509565	-0.172173348446343	-0.456975252319299
-0.44832113776473	-0.380528489007222	-1.14377691659148	0.177721092973699	-1.27175476573141
-1.30207177545088	-0.479578556269124	-0.763684075096926	-0.309252295203619	-1.57149920977015
-0.722961010950483	-0.689649287348776	0.319444562846412	-1.67190790547415	-0.691247515630144
-1.01605564733506	0.0219292198908355	0.181978201418508	1.13988897714918	-0.572572096562968
0.183310496068172	-0.494270588681823	0.624825202848612	0.0967866203926985	-0.194190610802236
0.174970288072438	0.442682079396596	0.577323909239554	-0.529668019085618	-0.193314773008655
0.767271615310107	0.187919516880383	0.850862029438615	-1.1577920181561	-0.498191115064584
-0.223463734308892	-0.767850612614734	1.38953899704582	0.029210174247174	0.992337272789195
1.03899883680574	0.209847194345793	1.51907751958561	0.658127010799363	1.15872041807804
0.792051424732105	0.466358687770442	1.2327574309993	0.179795560863677	0.748136488520252
0.295975916420293	-0.133973146203194	-0.256896203118885	-0.0127693275768428	0.195245079712452
0.0733641989469869	0.101906885487255	-0.810197557267774	0.0784757561293188	-0.455893649232424
-0.621681474652115	-0.983007243396713	0.496633764259956	0.737725860201879	-0.966439081579204
0.666083728346513	-0.0165858278162484	0.2926922242311	-0.146901589963369	0.149303217453593
0.968413200671037	0.442659969622276	0.170365086317595	-1.63618749541195	0.781130941995696
0.729243925098553	0.534458158668458	-0.164657051958102	0.8999334328161	0.637321038985358
0.476161957910147	0.172686436175544	0.461151663009892	-0.914301560657738	0.187341513232923
0.740317697619256	0.238533694061692	0.51469461310256	0.718493046505322	0.528813201435403
1.15945607563147	-0.209103943288759	1.18526005312479	0.850482829493896	0.796778206514887
0.771291912356571	0.212591707972629	0.50837836033796	-0.533779592165213	0.713859936251321
-0.197520169264836	0.0533804117159774	0.364300818282783	-0.979958406160026	-0.574077289771759
-0.0407443399177954	-0.436815716311587	0.198327692764294	0.906211445150763	-0.652916915718788
0.00827362598767376	-0.0520005655307528	-0.378746856131037	-0.522532441973682	-0.981617333199808
-0.169687442266405	-1.05670265157133	-0.498794134471855	-0.0711324142595801	-0.204411240661372
-0.372360772960767	-0.206051151070609	0.00269814302832321	0.134541644508159	-0.687154691160234
-0.817674150882181	-1.19336913120681	0.170866536895052	-2.15072189033842	-1.20905134789845
-0.0927056244280774	-1.50951487643286	0.119087875759251	0.250001389116411	-0.56922505506139
0.0824458645389499	-0.0992086692925388	-0.233026354673241	0.225415388873381	0.729254399069313
-0.148964977909432	-0.498307649221215	-0.0201055285642606	-0.0746237029990477	-0.313820409152085
-0.191261818788924	0.522374860187967	0.138512609269046	0.853555225132647	-1.18227238170167
-0.26062095936703	-1.34916688376139	0.400245339682655	-1.21941505215888	-0.373272589401818
0.00882684639666699	-0.411415565581956	0.757920943200344	-1.50377926403418	-0.773208674116489
0.0764221311189722	0.00423212978047528	0.607237995910419	0.0284207605983431	0.392808388219088
0.743800724513171	0.721973769993251	0.123295559288213	-0.617820489848538	0.729077770694579
0.0519558880490736	0.548731376686059	0.295389980015935	1.8981173486035	-0.274158486821124
-0.580522477364898	-0.186604823250521	-1.0003740746153	0.592384451678651	-1.36902705125029
-0.268514135430894	-0.668919757077223	-0.0899741158179505	1.83245226119677	-1.01204903571726
-0.00463324194625838	-0.2158600951333	-0.352349197238515	0.616111553058341	0.320870770145881
-0.266698380077235	-0.0839000849958503	0.717158246279729	0.448450223289619	-0.0541348095930831
0.180279086942471	-0.513661437062274	0.395223757869071	-0.690847162674111	0.128410876628452
-0.0950489078656354	-0.634276251537352	0.651428480430188	-1.52733287663072	-0.290986641439564
-0.198995101040088	0.115332177707513	0.849706322670098	1.06828767288544	0.170317105698899
-0.678567570587373	-0.172272071593285	0.355721811774582	-0.643228237765049	-0.540239143863744
-0.794428369960792	0.278328569883302	-0.206632576349897	0.0763205320705879	-0.608090540013338
-0.45869810660646	-0.480148142385675	0.970862471836954	-0.110835503628254	-0.252481896446745
0.016132379488959	-0.82512785145982	0.325089294804261	0.624697418068239	0.0952233904493123
0.0194079147997381	0.68904400658498	-0.223673538457699	-1.68151595519324	1.21401729881604
0.198381560345889	-0.30909337948488	-0.0855852527456433	1.68495878498876	-0.440335723245577
-0.149701702378248	0.334918112837053	0.520293620167984	0.199928114282649	0.932201117248183
0.457548399143137	0.212897400953993	0.505409855366398	-0.163240101561164	0.677071156643756
0.691497868782948	0.581597569326842	0.428590008222983	-1.05003080851645	0.855561873408632
0.800334188661233	1.33372350103575	-0.30243302330227	1.6469391677448	1.30778174946399
0.586869944721179	0.929137777568295	0.120845152932926	0.00311281309391568	0.957742568880569
1.06163077528647	0.972637580805002	0.265873869453251	0.406398189817067	1.02864734766726
0.749450708869151	0.817766651308252	-0.0594271017640044	1.83133221773779	1.71028890240426
0.0434150726255911	0.273672073777821	0.670988885569132	0.275981848190188	0.425064684811801
0.273064139789611	-0.865398628120994	-0.215343409693469	1.26132716342042	0.798731872380635
-0.126246049212641	0.260064982471578	-0.156125801944831	-0.102310470315345	0.983850321643989
0.0567908794675513	0.433362548658569	-1.02955180087489	0.374518107317034	0.832568359526965
0.190943913107165	-0.415412994984123	0.182343561062029	0.451335178469828	0.107777467233952
0.300536408398174	-0.294702624497329	0.147561213046863	0.385905815789795	0.376402660085702
0.386114884351392	0.0835352467599468	-0.456651879033181	-0.675810325438129	1.55983407588709
0.0458109561009062	-0.350433965782414	-0.0634302029045261	1.51592740940543	0.049925122352214
0.47662046142242	-0.0493053866723355	0.717009999080315	-0.205581287761439	0.399123728869476
0.42838879880847	-0.174966039044248	0.393249791044017	0.773833237382453	0.367382827722235
0.102197581316064	0.591765589147582	-0.134869183684005	1.08349397739162	1.08050605664422
0.46796174497528	-0.0570105117992491	-0.481199591525421	0.382735635247422	0.41387336421086
-0.587931987581711	-0.194548003488146	0.13324226103806	0.0516418725362357	0.221325464931777
0.0970206272913819	0.540084810996731	-0.270626133484844	0.0138259022846462	1.08285380121301
0.00286278550765029	-0.469987695085813	0.258791910992873	0.632017572845479	0.644522740332836
-0.0661897822668564	0.221856179682766	0.0883065791750266	0.280840273090875	0.774033822741
-0.432611029223497	-0.26242519382556	-0.44414605487687	1.28793400884599	-0.449016168553414
0.233120225857893	-0.0310218333359435	0.613012921786432	-0.23272272502077	0.171796222244194
0.305117469902304	-0.774427164866881	0.365408585565278	-0.566010538162081	1.64983387336968
0.214492764133938	1.33238110154721	-0.160890003901544	0.0322211704689084	1.11923763828209
0.0920433686522748	0.198744291913215	-0.151563694972519	0.128033872221894	0.425622143803414
0.969846178689212	1.28142997240146	-0.349030291724869	0.337894620532349	1.44743175305157
0.945614011713317	0.320230019334928	0.292878146721078	0.674468250760323	1.24389923925307
0.379760553022037	0.412547426433994	-0.22734814140661	1.1188527354917	0.818623842485605
0.216407423392315	-0.338414098807047	0.251334162418227	0.102942168133668	0.250886259650888
0.0128159161092671	-0.304496137094966	-0.0866129194567705	0.658869267249035	0.541383650371803
-0.749753563504259	0.397687858179713	0.10117484913482	0.601795493735747	0.207956772373589
-0.856895675180066	0.157513383266673	-0.706251842441693	0.147230885880297	-0.70770594860819
-0.845868406573736	0.419563304450315	-1.32960271915328	0.168477328782167	-1.2511099844006
-0.748812264910989	-0.928061255005393	0.44566617029292	-0.00397425691650344	-0.997366194144553
-0.00749058185420237	0.487830235891038	-0.763527945649721	0.270095940494178	-0.600056742342975
-0.294713645947303	-0.440308807372555	-0.262798763920845	0.0308236826777084	-0.0813470369676727
-0.0228834175736405	0.2550902612628	0.00283287374278661	-1.48091574451707	-1.00934403299759
-0.894365881661978	-0.296823865891223	-1.34274644358678	-1.18402858464445	-0.924549884933043
-0.913422668057521	-0.67586907819389	0.0298315291138943	-0.773869864375911	-1.20904590828475
-0.533399599474721	0.340667820201753	-0.604127887036669	-0.447946938996274	-0.850134192352214
-0.684480894512203	-0.295284886666836	-0.333667952218623	0.137190239043108	0.273647224108364
0.169945398301464	1.53776807781439	-0.582599117390008	-0.173250236590428	-0.720841390372242
