1.3106087042494	1.27801607673976	1.05766850343028	3.55925495940724	1.32462290344466
0.620520468291877	0.814550110138279	0.531032846888779	0.771716273684552	-0.0918965094456535
0.14054318274857	0.476733484487644	0.68566230052373	0.735317973035753	-0.165156186730071
0.847291636081102	0.429236373986793	0.930974603104255	5.03271184156361	1.31735748396316
-0.320697509531885	-0.935349735369902	-0.542888087084751	-1.4677560218105	0.154848625885558
-2.7500082929263	-2.87385640890187	-0.275702391243633	0.230913291581027	0.267872959029479
-0.135542813954198	2.44702371543374	2.95262928864578	0.214289422912881	0.769727506647688
-0.0557037519507542	0.195464267272408	1.50896985077774	-0.148961233861673	0.300102540691806
-0.151773957049066	0.661330489266231	-0.834736240386578	0.71081458402835	0.464950965856786
-0.70504985204374	-0.221395891351227	-0.150167494551329	0.179710080376863	0.164519855089323
-0.390325956841283	-0.366568345123033	-0.416499257928205	0.377272611683231	-0.961765286198946
-0.550314518131758	-0.498891572284851	0.487718786705551	-0.278185591110254	-0.794117157903583
-0.0776176799876338	0.207983789377273	-0.396368434352346	0.01891754780823	-0.0785425234324409
-0.263141639100338	-0.0124723334255018	-0.854183112390932	-0.0015508955081403	-0.0292419917728306
-0.629993679774102	-0.943355620520171	-0.23120663055142	-0.891462307427648	-1.04632811401473
-0.177250999462104	-0.0747907379283293	-0.0558268637427013	-0.0208076349218841	-0.459028632866739
-0.359793101154322	0.0993270941489479	-1.10660816219619	0.95371485852358	0.910230167034535
-0.126671983930573	0.224507305086212	0.0431083677977279	-0.430261757694391	-0.531607937571348
-0.0353775572914736	-0.234469928609793	0.391108527144258	0.196462662434209	-0.71259862490432
0.446190247595343	0.0858737951484094	0.569144427752352	0.721300839015371	0.642722490195764
0.256851894838324	0.551170190096151	-0.541269177644162	1.47031736574277	0.196931568422546
0.463932584197598	-0.395608234634324	0.217674587999503	0.212655450389091	-0.26245016013337
0.573428666559068	0.138002721216864	0.811334358787209	-0.132047009427546	0.0741157945987735
1.24277839710774	0.359740212924669	0.146001445745648	1.6376153334548	0.869775081125698
0.142616920120539	0.14503579574332	-0.307116768775096	1.53972631786199	0.625729346599145
0.53668635954719	0.460931143154621	0.14410240504758	-0.129286270856095	0.120599850235385
0.294515147611427	0.0412715491538563	0.984635198346499	1.0472554721053	0.340795683278972
0.501262697853793	0.726248866127202	-0.274185384728334	0.590646585361379	1.07839974003747
0.431852274293578	0.112950851939016	0.68164832659271	0.659650833848161	0.355357326311747
0.12627480024122	-0.251383779666665	0.437925528168066	0.489544316539848	-0.491197584970947
0.41423833197192	0.299152509407078	-0.565526818799832	0.881488337269041	1.17682468480727
-0.167252019147985	0.294094404054796	-0.415108246306018	-0.119240769853915	0.405327712287068
-0.41496594526093	-0.317408412197573	0.470658739555956	0.50763980871819	-0.253043313246142
0.0339987893118713	-0.0670603181540674	1.10785848906238	-1.65541473128451	0.785906878911376
0.152718285986028	0.153070370370904	-0.850015993193152	0.399745595241623	0.417679559147446
-0.528278017817167	-0.310012208537467	-0.131611676481225	1.20070204630393	-0.296312926391351
-0.0984876792604787	-0.242579938937969	1.42105974542839	-1.73027440491191	-0.504340090189612
0.105135133309005	0.203425012039445	-0.614590790377752	0.367563110108991	0.773062916812927
-0.321033343180902	-0.305613520235468	-1.17983976515543	-1.05768816065459	0.061849865272759
-0.271246946833192	-0.710192903763828	0.872677119746106	1.46250385764787	-0.637564691376732
0.173582091169886	0.260942733665518	0.140359169111125	-0.844478729034265	0.413609394850759
-0.14535109596981	0.178361454440959	-1.14786457325854	0.0601474230877231	0.0651719468128284
-0.0856063527721641	-0.0981795923013251	0.927718296405385	0.328733328384225	-0.164751460448159
-0.271396367377253	0.2780765963804	-0.273819295849293	0.964179549286344	0.551647790083231
-0.395102565198037	0.314401367037798	-0.56984829935796	0.453531103472248	0.50208194382082
-0.0256038273254248	-0.250703502369943	0.6939455184014	-0.925761204699593	-0.383077713614992
-0.0424446871909424	0.288229809313945	-0.236407617648581	-0.0355262579446088	0.211169328032968
-0.368410980221523	0.27341948561242	-0.745265081331571	0.325681177712675	0.736173788441148
-0.335611357067002	-0.223696321957462	0.200183608569708	0.547743330502865	0.18087826999264
-0.0171856651862244	-0.186299521219282	-0.54264871669693	0.213794679273411	-0.262452619078262
-0.000975900106558745	0.245706875057306	-0.603394276078439	0.969739226634357	0.729548295556186
-0.408127848535506	0.376646591378012	-1.31613127598165	1.2197599923595	0.237408484620905
-0.168170957966582	0.0361895666485818	0.808455852268204	-0.338506711359403	-0.154182050059022
-0.239696390280659	-0.395971136918649	0.453117684900568	-0.811651452986337	0.15628196737748
-0.144835715231301	0.353632100011925	-0.605559449579033	1.44240802190402	1.56574247352396
-0.0162900305889511	0.372921187961706	-0.800848338379659	1.84715406224575	0.207456970785048
0.0639786989872117	0.142484949526747	0.00492689713474124	-1.18005321391226	-0.436485232089616
0.450380806816684	0.265837087928158	1.74600080821056	-0.16475892508386	0.491065227082438
0.365796901192776	0.341813513893776	0.00194544153837947	-0.000776512525343099	0.728895847877915
0.481905889309294	-0.239783593677901	-0.0289944553012754	1.43535438977677	-0.0168558813090989
0.530353838639617	0.020439063634962	0.564220960574486	0.723361315958253	0.234347375073353
0.5588756461092	0.24810908870755	-0.764448125702391	-1.29123127253609	0.442329139304285
0.626337436995299	0.000131474784509944	0.0390167817225141	0.137679556208482	0.418933256037512
0.202634235365844	0.274166739147216	0.782941868810355	0.517553381667745	-0.0186933395733219
0.779290625929046	0.0801402292453325	0.565962804935482	-0.379605656659007	0.213960576938608
0.232026534329012	0.359164822527962	-1.3844613970582	0.670517003878947	0.752326144150332
0.372800894561601	-0.379110423377493	-0.0331966475158753	-0.765610930151264	0.0576049614639559
0.0220508163903618	0.101118521967652	0.694207182441904	-0.445463018080823	-0.137376955191609
0.346449211806656	-0.381396283862809	0.958561954742355	0.0769400193751936	-0.186889040811634
-0.36913949323404	-0.388426905163511	-0.801490777881031	1.23907461602198	0.449554904596621
0.0982691034091891	-0.322156050723658	0.169642877634208	-0.178239603886046	-0.0849983486645526
0.0445194224757139	-0.18719895118907	1.00048357209461	-1.84270151954549	-0.390145469468794
0.148017775338257	0.680885227984063	-0.569339999146135	-0.0856514011132644	-0.0676889029948288
-0.343376421338591	-0.0604122325501165	-0.0825432861103329	-1.2669726245101	-0.116429953165791
-0.291230220838467	-0.340934979611701	0.775312463406717	0.0293875656589897	-0.519800172320924
-0.671583009109339	0.178143764646425	0.0920042568329042	-2.56422041849821	0.183511537581142
-1.93445387391915	0.665561675434323	-0.966652777452446	-2.70373294261323	-0.294749862725886
-1.68854655844232	-0.429354824244742	0.0129987283893445	-3.2964600338531	-1.1610981204988
-1.06594635830862	-0.223948216157845	0.258693858148551	-0.304721347123642	-0.876699829550199
-0.630215115075736	-0.40839221981446	-0.921334210903636	-2.26618723919553	-0.748742600921675
-0.752237181449995	-0.73840014692335	-1.09538135101284	-0.949221966213014	-0.321773963761723
-0.794939670562657	-0.978728394425716	-0.293255439531106	-1.29208431902362	-1.28100951633058
-0.218127155060193	-0.862587919148368	0.97242826510601	-2.74188563097304	-0.85029685038582
-0.216047496652105	-0.314517589568271	-0.374944932953965	-1.48501909408459	-0.590856276320241
-0.115899207798331	-0.138949606230293	-0.96540291324782	0.217939182583626	-0.246424316602539
-0.202015455344743	-0.722173000987378	1.04313274343077	-0.119585972918696	-0.313674825484003
0.189671190368695	0.0790140199914222	0.91402950947938	-0.570392498070129	-0.311596253505807
-0.412987247534245	-0.0164674628508197	-0.81722119763908	-0.278719845840673	0.474135941402773
-0.178837073369829	-0.190645826252165	0.445167755830403	-0.0511558890685926	-0.267931903333597
-0.30136031298976	-0.292799073582355	0.217983671474686	-0.885086997810453	-0.426281672439759
0.107099411101107	0.0607782195618722	-0.459648661789893	-1.25592863007671	0.275183706635793
0.0975172581601646	-0.042132465406026	-0.227274851696688	-0.725912136180714	-0.431690108886761
-0.1074213644952	-0.697982590320127	0.3233264568997	-2.10034871241464	-0.665783669482525
0.155929179819142	-0.336128809571251	-0.238770375036794	0.153240813892408	-0.252116391131775
-0.476400416990117	-0.233057021869754	-1.34697852628509	-0.590642899428338	0.046986876370652
-0.0662836005853303	-0.106876870647374	-0.130910204157855	0.609909305867668	-0.313605652693646
-0.0459954833283325	-0.375906243125082	-0.128308579238756	-0.219341039120393	-0.86608887884988
0.981173011078336	1.19437445681787	1.45024665838091	0.583499091493882	-0.0536904524360018
-0.775083159252174	-1.59123098392427	-2.41322946725823	-3.27344713044416	-3.32489139563656
0.299377459857133	0.870768871885669	-1.85533230017571	1.34352504304543	0.977167921849321
-0.155661314660757	-0.237540816223243	-0.319738063670086	-0.541386219084593	-0.489431645799484
0.0336688147297389	-0.0727199976532742	-0.662071765281538	-2.14864865044194	-0.987352712737733
0.422784030101467	-0.378905295015783	-1.58721692312476	-0.388286241172091	-1.00442793002724
1.07256199988102	0.0501183938215633	-0.792533732471813	1.45301609273699	-0.19372689496755
0.637197570307753	-0.0228140267947165	-0.40726737387617	-1.35797822214833	-0.21804577778716
0.533681744779462	0.586427589539484	0.0459455805839101	-0.709119003746805	-0.794639678223839
0.756483206255477	-0.639301651096483	-0.110716372882335	0.451291146891429	-0.455661177438305
0.854909025433832	-0.287123420498632	-1.5668505875428	-0.0891998348919496	-0.0659872535239211
0.0449602494362673	-0.802889063781248	-0.281471499645655	-1.38192721454894	-0.726802641113569
0.446460651295907	-0.354280469589365	0.280784883402004	0.166260577153241	-0.982619721174813
-0.0544127888840899	-0.766542216323992	0.264743120425086	-1.24370629734751	-1.20541406902603
-0.456844397908629	0.0551675035445678	-1.21762662331905	-0.70945556494828	-0.142445626140578
-0.42462332485106	-0.222979619964792	-0.390840835465928	-1.57980374373479	-1.26485800739943
-0.85635936473939	-0.698266082520913	-0.156777497816341	-0.571579084518856	-1.61963288663346
-0.408387620375612	-0.880814263605431	-0.00421693163321388	-0.16791103398063	-1.18419987798298
1.31286003575917	0.279593585939747	-0.630704787020083	-0.331703617147222	-0.834386844702797
0.621346604996592	1.15623801833001	-0.852783108752653	0.996310902472776	-1.60850891491815
-0.566474460596441	-0.478347267439308	-0.179791055241572	0.519937714504263	-0.661668570185745
0.525496226469787	-0.497542211431636	0.521061391421178	0.101771066115088	-0.583349533118585
-0.132341141581644	0.111388896317168	-0.199843210367965	-0.591360454481205	0.488953495509344
0.265304355452914	0.864950979317793	0.0137947858711764	0.754277951656901	0.22322634137749
-0.0120794731052004	-0.498736454879788	0.83548198463331	0.0057539757807656	-0.221738114574714
0.515062034053585	1.01910316259368	0.66974801853311	0.515644993047572	1.03852779957687
0.454442872734026	0.578824961494245	-0.0574404617272421	1.52244240640534	0.927477961755446
0.0574362126197855	0.274288228980514	0.619617910338894	0.565799615312553	0.0200110029275796
0.329029684217838	0.256499526473232	-0.222014944163049	0.675119023150949	0.804270414607927
0.00858351838549401	0.374574729683189	-0.981007905726799	0.727233784014017	1.04600656446996
0.123247674274483	-0.189793369838565	0.897717002067407	0.692402438211033	0.230834914085809
0.130252950898459	0.220133371317019	0.786426313551195	-0.742053783454701	0.361249662807035
0.177053934293734	0.702440257290363	-0.508172660449292	1.77617974603454	1.18868618453024
-0.0677845756064059	0.238441444422085	-0.0514110846477953	-0.775554487653248	1.20625736425716
0.21320245246594	0.430416510051144	0.571389421347305	0.291891166164251	0.729885976633175
0.376591923804056	0.557076906768329	0.763694222971767	0.726833993258235	0.67743607683265
0.170535065809787	0.454707739256219	-1.54489588495656	1.06547873226097	1.3675318138667
0.0506253300036415	0.64762546907919	1.15690859231614	0.0363854028019472	0.922600169638364
-0.0800164254803596	0.360761129350584	0.282882004008434	0.438348343210233	0.599625976565662
0.206158989716056	0.334574299954254	0.375655966490644	1.01564084348581	0.998632079874239
-0.00509869429470077	0.30389638498734	-0.752182763754369	-0.639173765042002	0.561531939445716
0.0215772364001885	-0.339616583151022	-0.191109153543289	-1.22770813673757	0.0831608997318636
0.00129846594512784	-0.317377375854949	-0.118136120993424	-0.97664562126021	-0.365259084428277
-0.12798998815025	0.313547989458855	-0.257897864440897	0.846553322822194	0.544347361969302
0.258119407183962	-0.0886532161632992	0.911184408281181	-1.06577215477979	0.155601485023356
-0.0978263579677116	-0.551553490217114	0.500246410210329	0.605131414258665	-0.298060310146995
0.515756554102814	0.173126324029418	-0.343802222516658	0.129825250054831	0.997475045387192
-0.030619679534561	0.138061366202045	-0.217952389035983	-1.15840557629569	0.175138669099127
0.117609750974836	-0.481233248398609	1.22858640239798	0.294941841706824	-0.153482816336655
0.210851997960079	0.38936474454497	0.313244886089172	-0.0590128101446483	0.755532900285736
0.110761129982251	0.0411365488452533	-0.192358889231464	0.975095969613857	0.89157950782312
-0.0827554537638546	-0.0586223580256961	0.438829040746664	-0.190529136129844	-0.253665043067467
0.223522657048377	-0.153019411603064	0.961364284043891	-0.972281452494712	-0.124385407824954
-0.00137750187250531	0.318000727452151	-1.12458309256412	0.405006908400459	0.832855865885955
-0.0194931995919005	-0.0724622164457118	0.212744363301882	-0.8461248732611	0.0123544142958251
-0.0923067637562508	0.0707454384577683	0.258869029058959	0.322722156080986	-0.108159700715408
0.219625508450592	0.495230535289769	-0.574414245407971	0.921753716444432	0.958387378282848
-0.156651761150228	0.157041999797484	-0.232820883435422	-1.02734735063491	0.361554994035735
-0.0480999405843222	-0.193415987754523	0.19088844369909	-0.137620917174892	-0.436780295674381
-0.159127264722983	-0.0992911779315008	0.335053706467078	0.000542188559732182	-0.318951897747386
0.171946000077175	0.660825238439566	-0.742880981256918	0.96807743076506	0.897361277790931
0.0218545467301845	0.616167194060559	0.996470856427565	-0.0424663859998601	0.699915311664138
0.0855270333002	-0.0825614774170953	0.094241013354185	1.00521021622942	0.50524685868532
0.499347945198621	0.66420759938464	0.592477505290387	0.287973229815189	0.385831609863138
0.509452570586915	0.498293562793989	-0.96583316259524	1.49892556428599	0.878538063123376
0.411168609935025	0.635644610511816	0.819897069857041	-0.625600106709766	0.592390788201577
0.417873840289554	-0.239941631545954	0.978722075520145	0.608118892775809	-0.388218038630068
0.280675071365168	0.729330655054162	-0.328711411784995	0.1805592742949	0.709686228359865
0.299122067854195	0.0248899807939332	0.38234047554257	0.401479946667902	0.29334236807361
0.0640879321350408	0.086940096339095	1.02644634416324	-0.491428510476183	-0.515963568234651
0.280642157357696	0.101920148994437	0.965336910842399	0.463005797352442	0.0436038097579986
-0.020494922534906	0.482271341461494	-0.88394281898547	0.859230076356786	0.481531918595346
0.0629877459056706	-0.218795095177634	0.853156282704587	-0.152784393970422	-0.310765393858401
0.118679486774479	-0.158603336525648	0.268675503390214	0.62564270719098	-0.698186253945694
0.232286006695281	0.730340586262721	-0.456756127336219	-0.0964145019772044	0.281542087381751
0.299909714267048	0.0414912388813659	0.116909250386348	0.259811550665275	-0.326917789474321
0.0520539502036195	-0.254756133216004	0.929606987349999	-0.348333409475528	-1.22262568540948
0.213664980685955	-0.208712529565119	0.365309099038881	1.18094877660288	-0.691760052276149
0.30820413114764	0.163324120518502	-0.948654290989907	-0.410687934033817	0.138258980261268
0.211230156003372	0.0111090901232392	0.604797903477784	0.281348015835918	-0.319945785452422
0.108627615974459	-0.36295811647659	0.41609266412477	-0.703021016809006	-1.00316058814874
0.213624906061175	0.29158354143724	0.12510775354184	1.37261241335238	0.968434137061377
-0.149883339214533	0.399148861211736	-0.596490951893873	-0.521674503085205	0.138363051096077
0.24391209500523	-0.450058076719476	0.218119323532332	-0.124133265192637	-0.585747929500696
0.141134697076799	-0.466697571416862	0.23280560608092	0.130118625375065	-0.339996950236607
0.193452867577659	0.549538547151009	-0.278297072693876	1.49664751989523	0.41666729465353
-0.00296076074229885	-0.507514808546707	-0.170245038308002	0.168786695320266	-0.773448299895253
-0.171702045883536	-1.00763691852712	1.06044650146719	-0.502071627810273	-1.06471373778264
0.283029093259046	0.495353865198339	-0.683693631003946	0.223424650437694	-0.108466146172472
-0.177267137110932	0.148318368302801	-0.104691235334519	1.61115259833218	-0.347166059582178
-0.154827051884117	-0.569170734799004	0.209022244591287	-1.65878000452682	-0.952613237728555
0.105161705608946	-0.676639970365949	-0.114408366116636	-2.59921125496666	0.0350386098110223
-0.0198444376119247	-0.017763164583609	-0.872241967599543	0.37681168958742	0.459640770712066
0.0314767222593561	-0.241185833328445	0.487066395282019	-1.41066237286391	-0.439696595586598
0.222584007621807	-0.522780000242554	0.222623858760649	-0.273607650152439	-0.526363195362806
0.625394443985037	0.0567727033964955	-0.915149355673991	-0.359339654323946	0.619523577817971
-0.0189418746765429	0.334351822435577	-0.942060902386561	0.0308537903401705	-0.358827375364079
0.577135770576819	-0.838033843894216	0.910316826954116	-0.781679047761286	-0.702350495591158
0.51379331171623	-0.16982807161046	0.320427825780773	-0.274725871193912	-0.944513172937387
0.875298379386087	0.115083942739416	-0.447137039740629	0.587879670796394	0.352310164891066
0.490051076477594	0.255934885981836	-1.2720481918952	0.33784261457993	-0.236114218310066
-0.48265524075044	-0.46730952659048	-0.170072850350403	-0.601632021814219	-1.10603648147517
-2.23364540809715	-2.73983953321099	0.722493857414647	-2.41436505254694	-1.38012806193221
0.127207050092954	1.32951646492655	1.00769497836646	-0.924045862161991	-0.33167036591224
-0.806997585410962	0.139337732030253	-0.483753353049674	0.0946034510893555	-0.329226394968379
-0.936298374039861	-0.255797409560952	-0.592707198011567	-0.798848481021515	-1.16693364988191
-0.872433999007784	-1.3811575113725	0.456102618146807	-0.634180087196494	-1.70808084749362
-0.812202940243385	-0.191810334361089	-0.070419757745516	-0.711968176860005	-0.4364146325101
-0.798968680194665	-0.660744213308534	-1.11858464636125	0.775388137348984	-0.533745541147161
-0.969930173919839	-1.00247607695946	0.0621379798595686	-0.242579583316899	-1.00540928942349
-1.01791345300757	-0.580040312315858	0.426404406607519	-0.68378474921048	-0.992624433627808
-0.403254707199891	0.275708721379893	0.17354634864609	0.0308489680004463	-0.0831318713899853
-0.948275705795984	-0.467993063534987	-0.241629300064637	-0.837438779713886	-0.877426756279889
-1.0655874128024	-0.802203658364162	-0.600114345934717	-0.807687852556183	-1.61961105036567
-0.977335175948831	-1.03060378351071	-0.229718883726852	-0.448755522206583	-0.734924238092869
-0.547450993005363	0.0588718939514474	-0.766553863898236	-0.713912873565006	0.213309542181883
-1.15508587685136	-0.696906276876053	-1.05715062851667	0.50558472138607	-0.536632504207938
-0.824145267583733	-0.981748336915307	0.421887489928371	-0.412622565451077	-0.908627751080461
-0.264265901080141	-0.477801417835755	-0.00234761147761054	-0.149612441562366	-0.945031574045615
0.718862639350299	0.576644072512469	0.235783674553008	0.369044691774455	0.573769259521639
-0.0610847296217295	-0.267948764214926	-0.513739895650641	0.890025090957147	-0.00758816309188254
-0.134767495296618	-0.0445017447246372	0.21936991012427	0.187633605458624	-0.261719840923344
0.468092566580761	-0.390773075673641	0.629801156912478	-0.855684914731488	-0.117659962347817
0.58481287063691	0.569662134123112	0.253028933302969	1.26164112976022	0.586694813242982
0.244135579987048	0.491517280714634	-0.775189819136291	0.677542306466551	0.729656460662485
0.229447753060823	-0.210916244348288	0.0550595829342491	0.67222065484603	-0.0248301275102233
0.399279491210523	0.199124542672728	1.08294610552001	0.865384929741065	0.369233019475613
0.362377311796831	0.424970349841378	-0.35483832775187	-0.456170731110783	0.752066120299502
0.369303637745136	0.104027811871773	0.664040571966374	0.140641867332298	0.0630686419833456
0.24706597463452	-0.780848731446026	0.691458689019103	0.549660851070634	0.0658573398811919
0.527646752673055	0.741034244201965	-0.768335695453541	0.795024791990395	0.982963016877946
0.299390941430377	-0.192334333779139	0.489929569549422	-1.4853075012893	-0.0224988185086359
0.159985914860283	-0.539739257348397	-0.559971499945797	-0.63068138750513	-0.200068769497783
0.402541319988211	0.55733487550169	0.638736171139649	0.392514809524555	0.434778086365284
0.0500095406713508	0.359615621308919	-0.669547594312843	1.34815519078012	0.444111358602642
0.389606981666141	-0.433927023105496	0.408096972177455	0.0762824113933562	-0.102094220489001
0.0848709969960223	-0.591001873056146	-0.0160259742663685	-0.459976204706092	-0.123627408929602
0.384510227094347	0.3691646701809	0.425975622930681	0.263065013207722	0.978210700766558
-0.293919505868456	0.0720063223367785	-0.530002051625583	-0.833454455173431	0.401828257146099
-0.0478141025602369	-0.251784918115936	0.443837569066576	-0.284224390556126	-0.373811814258011
0.136030351566758	0.433929481451617	0.10869793879883	0.859550812947715	0.708069367094619
-0.0592701212522252	0.458568762372176	-0.910185088149609	-0.761024044588915	0.762611990887272
0.0975293356378485	0.0812270241933145	0.362368768141896	-0.641074980850254	0.160796408325847
-0.279167461868899	-0.0495977743261541	0.341134616460695	-0.237269990735201	-0.0297465203883315
0.0950711252067265	0.211815397736285	-0.770912523094871	-0.176033452416993	0.878978519090517
-0.258274899909792	0.0406952629860815	-1.38490536628264	1.00997810474171	0.319578057331887
-0.245663342518616	0.202650226862115	-0.340289765842138	0.412300345350033	-0.119380715207226
0.210457347673537	-0.222273538499729	0.889795133939355	-0.849232030184736	-0.175988310046643
0.348342527709238	0.643714047228809	-0.0950632536914504	0.421986490301757	1.0569281036499
0.207821861579837	0.376945690072106	0.0300702643667784	1.16770885326064	0.43026402022706
0.0033414436296042	-0.0527968861623044	0.379217178158271	-0.824815361396397	-0.0670136955416437
-0.179492489679268	0.00191926309647923	1.11689048688334	-0.0816625128180416	0.0937511603974493
0.486668344155974	0.697036502757182	-0.0564770160886125	1.22575976568991	1.27666254199197
0.0705840858689066	-0.265958394351785	-0.27736129618524	1.16523715601438	0.656704695468945
0.00681899311048476	-0.294856250947971	0.464192509169453	-0.925920253148566	0.0346989557763102
0.174440681282289	0.13278089247639	-0.0512172844775172	-0.281201619247487	0.708373285728237
-0.0833969549365238	0.985451703929473	-0.905965673627546	1.21585951650727	1.18411063304946
0.0831661399896167	0.0237167352384326	0.270509148088581	-0.360327381706501	0.275356939257491
0.0330307214881185	0.0594804587437713	0.462648957835177	1.70991424762364	-0.107050657397045
-0.188930986342842	0.217123168642195	0.265938447680886	-0.462633515453746	0.00414919103937979
-0.0959459639080956	1.16534416980508	-0.311922673607576	0.413443329480844	0.758567828727495
-0.261494390484502	0.164429648823876	0.0186637485267942	-0.161964548202969	0.00844333681175652
-0.520123834767014	-0.110711333213742	0.649613595845613	0.538317723177808	-0.112795336545191
0.436731375064128	0.601899247231782	-0.866672882518644	0.570109171776361	0.929580953534524
0.221991894036202	0.832190363726539	1.04605672716471	0.342231581684253	0.450963261995825
-0.0138523363779352	-0.247863167757371	1.33998079904742	0.251198829178847	-0.1668018961227
0.245029447988507	0.736852093712062	0.0216752116816596	0.66533092607586	1.10601641200823
0.351517601172806	0.298507474739386	-0.437271505458121	1.29357669269737	0.694231060222624
-0.180370399376948	-0.106419084256911	1.34677039867767	0.153255911150431	0.431935112536822
0.247576642460007	0.0917569481840968	1.12857887539589	0.149075442820348	0.415969730571166
0.530346892031848	0.358809702118832	-0.0522486187365917	-0.351077278698605	1.07844089154241
-0.0160749329797064	0.56362819862088	0.0439917780364615	0.105176571692707	0.77045707029492
0.063686944443322	0.0597745277318865	1.02140643137169	0.850999900302259	0.0364252155676712
0.317654565465034	0.299296064876391	1.29870875319349	0.840671838408862	0.360995055856083
-0.203575038464162	0.289477925929904	-0.947769723889734	0.311109673925137	0.451854666048317
-0.0978227999442972	-0.324526803930598	0.551769801266278	0.301682789766272	-0.304166605073629
0.00523882664208559	-0.155664261558924	0.539936539031463	-0.399021066868825	0.237349411250175
-0.194069118136769	0.536816347743481	-0.982492666886261	-0.035137922427472	0.476775579724948
-0.197608867783056	0.0513661413255857	0.292422500493793	1.03298938999014	0.131567951892612
0.0798500260440805	-0.174060313617395	0.251310125313698	-0.181920375645467	0.166318972591226
0.552549937464006	0.945824145462359	-0.142444008635114	0.43176638513514	1.51083570127976
-0.0188800180942913	0.124714750134832	-0.644513717006802	1.07232924277347	0.273789839156108
-0.15947575049119	0.239197361251871	0.420111003077196	0.105795181936103	0.160597450333796
0.62659781115375	0.14079835901319	0.240818620080963	0.742396170466653	0.566337457604567
0.0162758160388802	0.597693473945993	-0.971575999631726	0.151495514629048	0.318965056469645
0.247189953635929	-0.247366604918822	0.634149369421929	0.785497038789941	-0.48240503942707
0.513186041883658	0.224572519806896	0.0670456162470154	0.514567097986592	-0.841477876232251
0.617712045461629	1.12322871487557	-0.465480097080134	1.83155477914358	0.751412397062333
0.219585091969973	0.174320691173251	-0.24350832937701	0.511941385142247	-0.0694334309664722
-0.0787362775660151	-0.0316992299258267	0.591397580778972	0.289956729922071	-0.360758204732892
0.261279177969775	0.328215352102086	0.655932817577788	-0.3942038224198	0.69215096652428
-0.0222863645110773	0.224933163930471	-2.31326122992327	0.99633779826094	0.564670643542899
-0.332882777564485	0.173397152500362	0.61066604860683	-0.944588569606647	-0.189165830748042
0.124597319486169	0.266362936596954	0.59895060494094	0.427901774814118	0.126288698304321
0.178996376981989	0.60002085197476	-0.717512109341473	0.409745616387832	0.500449434913047
-0.441847212203247	-0.14984741674253	-0.466819009804755	-0.103116939527018	0.126278129285436
-0.323100291156196	-0.266778222340579	0.079991413451886	-0.224720189514838	-0.761530669980305
0.122655128864019	1.07717939060679	0.233809618472897	-0.498763849150022	0.175941665448185
0.0993384495589498	0.547894429370495	-1.32883863172847	1.26345449381407	-0.214806314678705
-0.0468622500272615	-0.151756243516955	0.13600862205124	0.312314639808426	-0.774556242132151
-0.664376338984926	-0.152639152763176	-0.188016505176169	0.354450536657732	-0.942126040168661
-0.383933301496797	0.282102988234471	0.799861942857043	-0.401385682405915	-0.414127458787684
-0.566178724527706	0.302846955094333	-2.12949247533156	0.916088316648164	0.0495568459651002
-1.13014933705505	-0.440878071234439	-0.725853279331356	-1.56736878768415	-0.903460832928087
-1.0811190425181	-0.795501640914091	-0.284978989684277	0.304298932084609	-0.956428118877657
-1.12349705602828	-0.223007332154465	0.83720293506891	-0.796129035798854	-0.803866541693584
-0.695990178847405	-0.0499857053415047	-1.67744717143761	0.706592103700384	-0.0744599661057346
-1.30858279037395	-0.0628613401565977	-0.812301866604357	-0.0244006691497402	-0.356721503853013
-1.07544080292869	-1.30434722829797	0.0543407924209776	-0.229600967912417	-1.19098324379523
-0.988995730810555	-0.691156026016877	-0.853047761186939	-0.65421504082955	-1.18052616420191
-0.607606334981343	-0.0986822749195881	-2.46956790716072	0.525509698865154	-0.0938090773080237
-1.03058686985754	-0.480107303996179	0.108068802215978	-0.633991266953873	-0.853389451038202
-0.860917828158238	-0.166517340102554	-0.390628871879232	-0.282630847845818	-0.864730506244026
-0.07322213331417	-0.611548392405489	-0.449922863668898	0.162175689835734	0.0197284396577788
-0.0759011247841091	0.644574978736257	-0.878295620995401	0.604324108187652	0.244461048130046
-0.323853718658137	0.264099804476931	-0.324374269248847	-0.753256651777583	-0.0141706189602198
-0.514477804827992	-0.553325490245629	0.31302701808205	0.783955728625844	-0.943253021386131
0.710444447667632	0.571582541778889	0.375059444795513	-0.801457960342625	0.416698755311094
0.137759584334735	0.374454340099848	-0.611679858002278	0.640900271995874	0.198027607576809
-0.0936826524535476	0.165255237467259	0.51436316867567	-0.00211988426097122	-0.303514098940491
-0.0467098426159713	-0.283767444800616	1.26962780129821	0.158428915017778	-0.160811624048376
1.03194468068359	0.777650107392977	1.39459110995634	0.0674299283830904	1.31794326673984
-0.0687817159341353	0.935790902465423	0.400417422148885	1.04751865625059	0.808690412631012
-0.0381824784930445	-0.0540122760990029	0.622943767904251	-1.79708953562716	0.245392794592361
0.155229051382988	-0.0540207168034402	1.21006654715297	0.0863795242885166	0.160816738563446
0.244661818954678	0.396066334741553	0.779825014497061	0.278686604138758	1.36914243307531
-0.0287930780646858	0.409306223592033	-1.07995886229991	1.01558696012183	1.11607918278925
0.204701876196765	-0.0686631062767626	1.90637816874139	1.15497112655546	-0.60502689153776
0.183787498221825	-0.177965112938089	0.0820160948733865	-0.387537548105089	-0.14139465455298
0.992538301642205	0.662258586772371	1.11010440605492	0.569629017913035	0.806563880450679
0.261075960278221	0.0582961917603584	-0.253792656094832	0.715143327098984	0.255358338508462
-0.00279289376908363	-0.475995752511099	0.890949741552741	-0.0520601258607448	-0.322976519306485
0.214081581535124	-0.369486789276413	0.820235376781459	-0.371424929570049	-0.890766229524205
0.333674329367037	0.260075895086996	-0.174261053146258	0.369882858916144	0.39535643057089
0.0327428046920996	0.137360512034277	-1.25415698286108	0.199161141876149	-0.00940735651194767
0.00705303036140036	-0.51104075465877	0.362611241436652	0.654440296764584	-0.332983691551885
0.310274216264928	-0.0060911475395729	0.255317052146508	-1.32201476327633	-0.693073992090329
0.202996780734303	-0.129775566725564	-0.271698651440411	-0.384019494511141	-0.141387033973407
-0.106609788923845	-0.324228522047842	-0.276548223085245	-1.5934007387713	-0.0459156317218071
0.258734124338958	-0.321720621014888	0.792170684200799	-0.573359522014603	-0.713727573538357
0.249275757793699	0.431549959688823	0.329336466658789	-0.154850257005509	0.222819298301571
0.0345358616445211	-0.399299735498072	-0.697311611025233	0.138087690964003	0.0488295385662801
-0.427493436939523	0.156028412554606	1.08708221704568	0.0823926558812576	-0.264447707675627
0.322718319634379	-0.358939988652944	0.195240181689653	-0.961190661666847	-0.249458218683392
-0.231034831933994	0.182694714943459	-1.05584974553731	-0.599368795174022	0.264220768298922
-0.0245209283821057	-0.258868281341776	0.26192860596547	-1.05179995641398	-0.400794151313735
-0.214019098357785	0.00244266837338919	0.744878130092867	0.225073867056409	-0.52337438838422
0.328786705953421	-0.138161253256874	-0.273694373181771	-0.268321311805103	0.560846057979284
-0.184380535212833	-0.52151203184743	-0.243402711621591	0.26947064588966	0.0521279892605399
0.104760725555122	-0.485866358524846	1.32177472683594	0.830764286305359	-0.407988133299932
-0.0527507332885953	0.21360707402707	-0.255237355225407	0.184839562033202	0.380780300281288
-0.0472578186563708	-0.151834996321756	-0.0731687724044858	0.742621635798916	0.253999990573348
-0.170435315569704	-0.468337686994935	0.0442786853127101	-1.07570964826349	-0.837593212835928
0.202918616639026	-0.163377589064715	1.35467488471374	-0.644056417349176	0.0617043833598421
0.0868055536606177	0.520432799308399	-0.862068720137024	-0.167955959882842	0.792043462695017
-0.149142050774778	-0.252784290661374	0.175295300435741	-0.351195690491728	0.0376293897538259
0.0240604271825276	-0.172749457832627	0.598484532415907	-0.525527489954668	0.0943428078627807
1.24544197150786	0.769228472574257	0.184911738563609	2.28447217255234	1.23377118077671
-0.00503345711392659	0.470502469574984	-0.849763007040155	0.356710630702702	0.409991011472704
0.430675814719881	-0.433121621300015	0.364417117238056	0.425651170232626	0.418433931076233
0.983167114851461	0.21945603354841	0.957275019796387	0.359572139727066	0.701200070337116
0.738416890127721	0.363499813894253	-0.451833761184821	-0.227815342371817	0.943362679080583
0.821448148950858	-0.115749373612569	0.145093372418351	0.257983245137747	0.455734328793891
0.602660186256215	-0.330772190042913	0.151613475336875	-0.593714388606841	-0.5413439692372
1.04944276667531	0.0576069731810935	0.131242695248429	1.23599217154176	0.755290255247223
0.172137864399449	-0.516419492166936	-0.682633326644035	-0.940991903073895	0.321446682494452
-0.0121340407844971	-1.09166288447774	0.44113036874391	0.025728469555656	-0.735177296143003
-0.0138173531963251	-0.570235938138524	0.112306695681407	-0.0446567443635831	-0.585724347143314
0.198285997802892	-0.0745987837304933	-0.368372212221225	0.507115538061727	-0.0234688663821255
-0.319587739482755	-0.363012258241666	-0.441227032061689	-0.959335833308571	-0.662905975477932
0.0755514825926328	-0.465377260534554	-0.596025664623303	-0.422635779860308	-0.81393027982359
0.210481623795289	-0.0755593607734359	0.557326276174684	0.175309696103099	-0.550567700615191
-0.294178832385948	0.0615624306180599	-1.06420619571309	-0.685958153577957	0.202472867221559
-0.174892031769162	-0.483137099650006	0.198332788530674	0.399948511832462	-0.393795586313603
0.00283861326775735	-0.522593050676389	0.453495857786484	-1.20992110866408	-0.781358308630468
-0.0471920954441704	0.0676202142635252	-1.00023196784818	0.679795225671473	0.717565570573246
0.170221417757813	-0.31531812304407	-0.413931987586511	1.44243294107627	0.375574587054149
-0.242969844605274	-0.229285450593976	-0.211085681844217	-0.363273821143126	-0.202094300892593
0.415752760769852	-0.127653446446309	0.826176589209522	-1.55261351425903	-0.60539015364759
0.273392843061403	0.285027466089784	-0.65406751757862	1.88832682034566	0.88809334847088
0.0378941781487767	-0.517527255902758	-0.293133422588916	-0.61351416147978	-0.028207272181336
0.263374307994367	0.0263024709363925	0.704855262672155	-0.915368337265987	-0.552983079606755
0.695957317506411	0.705921415047555	0.010376940129491	1.0348952813303	0.336716769033461
0.0248634534829117	-0.0801506068061813	-0.896105922552721	-1.03894679287626	0.355132428984545
0.197787679972376	-0.580011398953195	-0.38102542766239	-0.15686926566568	-0.385521453436041
0.379692465792856	0.16006256230502	0.858774087289003	-1.29351001780984	-0.175603280475397
0.620049071080551	0.362136301356164	-0.595102337979332	1.65404925833177	0.638881879845829
0.155419886296537	-0.61331308106107	-0.421466193963031	0.0829619353988255	-0.000469438491196953
-0.12381508368084	-0.606766486409589	0.302215700259978	-0.790320777408988	-1.04941656929904
0.19233621175408	0.238967107169068	-0.00630009814459973	0.371150402958654	0.165303914549436
0.131681044584789	-0.463680697654278	-0.187387024577346	0.930853056048639	-0.026985406060207
0.116171493506507	-0.351478189501917	1.08337475319052	-0.109174690655486	-0.668865983712786
0.193940098071251	-0.173247444176229	0.818663205644554	-0.377326688768956	-0.352651957102163
-0.0112003341808832	0.0499722993859213	-0.069263167614163	-0.156786284690438	0.431383468833627
0.00401562389153729	-0.154489289569021	0.163493113518138	0.845599320524066	-0.197414534423911
-0.532889332226593	-0.359499628750379	0.727840638369237	-0.609498828455282	-0.460382333545721
0.131757281236348	0.189709483445221	0.0753816962636629	-0.506329156320082	0.331750820894104
-0.0711373543158171	0.108829751498284	-0.999464523934941	0.0443763906509547	0.556925276731098
-0.504542272164589	0.0522225728540461	-0.156894124836792	0.856433179870659	-0.267264294015409
-0.184032719593275	-0.181013375219369	1.08324908893181	-0.749511631251507	-0.620605347699747
-0.133325445796481	0.201832735247178	-0.287371136644477	-0.396776545451659	0.289029100144223
-0.837586371528474	0.359423127221764	-1.37210612886171	0.0662174481842856	0.690685732959409
-0.449260950897065	0.101584502490038	-0.680348958513251	-1.00063527222296	-0.466724060458925
-0.341252145913395	0.0159226293029002	0.0107600125222335	-0.0341761442745635	-0.323073515857958
-0.274411741304811	0.69208615783455	-0.317286505204482	-1.20867955887499	0.0126948817033301
-0.407333685359453	0.390515121947846	-1.25109189394113	-0.0360277815175469	0.565145553785782
-0.459189103907853	0.217421711183951	-0.728342519393416	-1.32335121995966	-0.954251646857517
-0.679944898088554	0.397894591720992	0.125684554299458	-2.19736919281418	-0.506593182512437
1.21934842802109	0.43994725057065	-0.374493956810822	1.7165841503609	0.867960151842881
-0.255444133083707	0.0963600892998933	0.534362838967934	0.183516896935425	0.11140687134525
0.0476869909649226	-0.783564119503039	0.0882520294543041	-0.628038829634027	-0.176108558073336
-0.125965399315665	-0.855794635862	-0.944139008738015	-2.02145793700591	-0.07674365759993
-0.644679224859557	-0.962682670307319	-1.0913752185121	-2.08194344965719	-0.882207038684748
-0.932059921920991	-1.15018763343587	-0.809968935795549	0.658825476847756	-1.19587592369477
-0.257262812433119	-1.12862108265424	-0.411656602930046	-2.50758983737982	-0.502174964153625
-0.647300516540067	-0.759746439370776	-1.64621106915671	-2.55463255250306	-0.542082856099533
-0.553665709775833	-1.21895122520276	-0.301662235589123	-1.31006873751534	-0.62996868055691
-0.907612232758575	0.0969136608841823	-0.668864603822324	0.833627801863237	-0.836870161172724
-0.443489793850198	-0.562798234187612	0.0540885770206621	-2.31130617431492	-0.295127651712387
-0.606930949806358	-0.495715326724007	-0.56467488831485	-2.16528939583746	-0.922838768340663
-0.0847047868436848	-0.363490785057461	-1.22891113101461	0.380940984238747	-0.593052710758409
-0.656436359504076	-0.328204658808821	-0.486459010242099	0.347617939381171	-0.849191254721022
-0.293927234021667	-0.779205535530785	-1.24431948181516	-0.339416896462231	0.150167883377418
-0.11199431482797	-0.0848905624373287	0.148846354734943	-1.16917288710168	-0.555749215963531
-0.311748817741651	-0.439608619717283	-0.271452787777463	2.22212912740258	-0.368744870572798
0.609756575758964	0.225145156370697	1.07593507989975	-0.757708616972677	0.778805537282723
0.49078058150663	-0.18395507906191	-0.398323968121746	-2.60515796808528	-0.195310488766234
1.05924959064137	1.0322198136909	-0.0658476525984731	1.88957245232695	1.01614651013896
0.388991546540803	0.746360065529958	1.24730902359718	0.0873000586300664	0.418538440935496
1.05755735245201	0.329180380179249	0.67831477926785	-0.040000057397864	1.18849599153805
0.634054624549921	0.588593234424221	0.126242878767742	-1.10970287931045	0.793828114729564
0.479092000207753	0.645667919336141	0.166780094560235	1.83322363825185	0.105219348697863
0.658004130048021	0.428213439137998	0.525994150461567	-0.25368869690569	0.455515434742523
0.62281908606429	0.389146705227703	-0.0473403419949471	-0.759542231219993	0.879248419144517
0.456934611477446	0.193242719380739	0.778957657285281	0.344389912853392	0.350510886235158
-0.152863581826215	0.0738354129418094	0.098216802178072	1.06219948933918	0.15996880756148
0.574783966195601	0.359474201106531	0.344282266722683	-0.736039433733919	0.156521719280908
0.347935416075921	-0.179760960211133	-0.347836902270405	-0.72488056718179	0.585322114229522
-0.0902154924068993	-0.0274444317594049	0.869386789569499	0.0936441453952995	0.235349049166257
0.208066253474071	0.187491972301934	-0.131031522391255	0.251773355765754	0.477553272185614
0.0858489946629603	-0.222750064587676	0.383841644882575	-0.692100556206012	0.671981476232956
0.06747882943264	0.0927989665902233	0.157826758123161	1.08916897581931	0.0678667562470025
-0.1355162268673	-0.0904047872321559	0.0525483948440347	0.0177163937307672	-0.288499608354891
0.411971183636843	-0.117022727583313	-0.465036295939992	-0.887600006488622	0.428747630955042
0.125061376615589	-0.122685628041744	-0.320702515304737	-1.29128367908966	0.218341775864837
-0.4678131135295	0.608348406741477	-1.02336867703877	1.30479508429746	-0.0896936617341245
0.320921079201873	0.319318694903493	0.655997588858388	-0.238901115941796	0.368955454461518
0.0600861984739202	0.341379998901895	0.164863487392968	-1.17947128228945	-0.0553216366330779
-0.0152596472851001	-0.146143606388773	-0.0343097037671403	0.593002194154041	0.166240339050883
-0.367170199535377	0.125333279669853	-0.0184291873801192	1.27225469253585	-0.581889995584538
0.0766834914097697	0.0762746322402699	0.0665291709229765	-1.2784375634238	0.267590298655421
-0.0652264791934648	-0.132936226021563	-0.25657069592374	-0.584703864996561	-0.0376431540321439
-0.208055246721261	0.00994128042818682	-0.412961318704409	1.90812174065189	-0.522965166431216
-0.271685556543702	0.336018735296035	-0.511390168840156	0.415429511767694	-0.095980818252258
0.0652091270271803	-0.20380107196007	0.807853384598279	-0.0218640560864055	0.436220683094527
-0.0365839823806349	0.0765603265395727	-1.52041743515681	-1.3108917737321	0.0797402978842714
-0.517671636677013	0.0710912919592412	-0.323473015965085	1.61753319316534	-0.23623905495661
-0.280448567696689	0.352476340032284	1.08327488475853	0.052081296035787	0.311898857117383
0.451717052517991	0.123289392243469	-0.181731757122083	-0.904274134811825	0.323521483790879
-0.112065828413447	0.417294895987515	-0.0893986803887956	0.654273955801458	0.103617487650594
0.0715212951613774	0.132013979840049	-0.210978700919818	1.41740158906236	0.0352094853145036
0.423901484764785	0.57592712684439	0.243795318359003	-1.35860768254411	0.817799855046684
0.0913732820193943	0.058475531092541	-0.161543710819846	0.16616241074739	0.20330343156697
-0.168145656792072	0.624827383497875	0.41839017158557	1.13052599459882	-0.280588519450459
0.352451139302301	0.414302726859701	0.169090550018401	0.510535208027177	0.444144785159412
0.196661336165305	0.155988553712245	-0.291472101763082	-0.516549621768633	0.0529753432018582
0.291903204087192	0.287352809182215	0.228817645765074	2.10737803492748	-0.715531621027295
-0.0686211146298896	0.176733150865552	0.34256516327624	0.956650238657975	-0.206382393451341
0.361642912281538	0.231856296535133	-0.0481264468156162	0.488536217264967	0.416893893868718
-0.00632480021471874	0.00602863087266263	0.0397748698214093	0.223959705099807	-0.131034758351238
0.084786506038985	0.240161273678254	0.663638024656453	0.949478791601793	-0.33749757900789
0.320110445011494	0.301015583505408	1.17445265102847	-1.0123692166692	0.151030902916035
0.65118062951023	0.491089193114864	0.338229641958722	-0.0953109843029945	0.41692097524005
-0.104821479431785	0.081610027487662	-0.215112379239611	1.27131516928999	-0.089627232142423
0.340613420151023	0.0665493048311161	0.96406204585096	0.913521609114943	0.618919190382692
0.337436256841288	0.0550400367973561	0.0755808880800016	-0.0825072679227884	1.1302002310356
-0.392337846083568	-0.0945135709992482	-0.241222421254494	0.582561853496832	-0.400349015093382
0.370215592110799	0.287739074152953	1.14172450413233	0.936072724758038	0.351863570947469
0.341483468905872	-0.284086078420011	0.683309931973796	-0.980136922040291	0.717215660428195
-0.123729104805913	0.0803079651072152	0.901841230043126	-0.0345820419726709	-0.22167448803138
-0.497446974932883	-0.193168505310418	-0.184806609415656	1.48636681811617	-1.11396330231607
-0.0707501575042247	-0.331239234439137	0.912285781706617	0.786246249005649	0.0918716350144347
0.450103013752956	0.164775094910419	-0.0455822311329227	-0.652352035516427	0.879042745918635
-0.395044942847713	-0.0512930202804097	0.756929747993776	-0.558105936352249	-0.357928863665475
-0.153020191100936	-0.0145660928619099	0.265578385664472	1.96417516674903	-0.822301291414266
0.276870074135955	0.102815120160125	-0.178936218195598	-0.668066411739004	0.341002009058414
0.312393322989927	-0.456653198927122	0.377066393431288	-1.47017378490978	-0.0639992669822381
0.0633823465925211	0.275208702706791	0.429039926222492	-0.879849719799159	-0.274183725176488
-0.431901756356696	0.0726724602857109	0.178721952594006	0.642327595208475	-0.925045109527835
0.117836420884959	0.263106789576441	0.127828894233907	-0.173607886527693	0.1056874899528
0.121053821920326	-0.238205073047842	0.404186182098048	-0.446214130745349	-0.621381107456803
-0.318416258370381	-0.948097760706052	0.411771410992377	1.02543816816012	-1.15002986276565
0.13958458051024	-0.168594692980452	1.15462511880469	1.6614545274992	-0.407795647983351
0.160144288089354	-0.667849049279679	0.464959515998754	-2.28555709357309	0.172464926276229
-0.115828345530943	-0.0670133037717323	0.64335098219417	0.144073382091096	-0.72709054431889
-0.349979642441224	-0.374041716733126	0.660766292410645	0.369115537487083	-0.770146337664646
0.319051474048287	0.196481067047445	-0.113862857123344	-0.851540698690627	-0.561994595681319
-0.02844952841646	-0.0349217480552083	-0.696246743223576	-0.782688673795125	-0.960570647858919
-0.49288809607362	-0.129058851898872	-0.128620108466214	1.09040623077817	-1.39783045987576
-0.553615082421414	-0.0364757331389957	-0.370243708191635	-0.126351136803327	-0.441005334157716
0.372271146614932	-0.492417355514051	-0.910788776468043	-1.57012119619166	0.0955582576410038
-0.325063921099255	-0.508164441080445	-0.287484940945632	0.236985069564242	-0.548002335793695
-0.582344949685157	-1.10801585356306	-0.470153949591062	-0.244587011806009	-0.632604633923776
-0.0710708355720132	-0.176096399957218	0.912019628672951	-1.53027630253029	0.0293033008039339
0.065502536557707	-0.397862161042328	-0.363889468640003	0.996900423825786	0.19279325567617
-0.057073836297162	-0.465318292296335	-0.536100332242227	-0.836171020662238	0.0354138213409545
-1.03168988391274	-0.0199512773986593	0.00842883264112645	1.71172643103389	-0.665837744934258
-0.151359332054154	-0.0825768584578159	-0.384954349228008	-0.235893337390166	-0.162886547511749
-0.636821992217805	-0.375080379020888	-0.334510204997857	-1.67081720859739	-0.101424295720942
-0.847958471999706	0.0177722539347873	-0.382734148069972	0.946001499787777	-0.626274325627366
-1.38320128239368	-0.45102380070591	-0.56764650484141	1.47491246593167	-1.23160544779544
-0.726511030857024	-0.453343150302577	0.522097453701774	0.285298047998635	0.0500430991684987
-0.876931142396053	0.209175674696386	-0.743246678405885	-1.5914754634787	0.0551618521203524
-0.642475531337731	0.285437410109515	-0.296313389496705	0.484114943281	-0.317483809147486
-1.51156495412546	0.168967924086304	-1.19193836624575	0.409810036751215	-1.04246574320862
-0.687100027942528	0.181037026724567	-0.318749378894375	-0.305770783289104	0.0486881831966462
-0.170236981041405	0.374011470775523	-0.00236106779535232	-1.18788714042538	0.331107004125449
-0.224436077134253	0.141493893932294	-0.392687987766749	-0.64235507961084	-0.056711169304128
-0.428641194755381	-0.0680259810212865	-0.453826519284137	1.14989849584606	-0.736015753308101
0.321276153996988	0.300374657666345	-0.128060342567907	-1.08661031855736	0.576622807820071
0.566146733461208	0.364596856897778	0.907546460684083	-0.751184426095566	0.56841882680178
0.0394475831763759	0.32592975062893	-0.599232398945684	-0.553482448574039	-0.210585831471701
-0.320277134580055	-0.233804085160905	-0.77753733625794	2.05411375604741	-0.482091590365866
0.356030412813433	0.496253759659962	0.427309814505318	-1.26236125265008	0.354502240443056
0.545292938291801	0.16967626542138	-1.06071605947868	-1.63615512683369	-0.15768561437735
-0.180869350769262	0.104876948278036	-0.20267100113425	0.268046915112491	0.113248577271618
-0.0314128872350092	0.134455550282921	0.153926339368408	0.996853318659257	-0.0553257453835207
0.417532385614214	0.272043858029001	0.331523483385348	-0.828856333186617	0.827085579802262
0.219149564930926	0.36414803575238	-0.730170194864296	-0.562094706059838	0.223370752058402
-0.109177288376544	0.238656833495351	-0.697197948915286	0.584633672233992	-0.0421762742172478
0.461853883862569	0.554055312616566	0.653806250144967	1.19409304030674	0.127004421267552
0.424188186016136	0.296585819563414	1.01947157401612	-0.218424473769256	0.481661100076432
0.149499593189244	0.105872016758287	-0.66520743905784	-0.985068943908162	0.311189353345878
-0.413363139296497	0.151307783025069	0.194988509025784	2.0561910302267	0.254762909018969
-0.0612382026731174	0.580123490265997	0.474028703425539	0.721098388092546	0.415424490987396
0.0606971384623709	0.583104326716043	0.61387646920398	-0.610621808482658	0.905864993923538
-0.0270520575792269	0.195293833419448	-0.203801238177134	0.251842303880428	0.112868478158945
-0.476701598157504	0.259366104186375	0.50755881510505	2.74744122957122	0.675086617770725
0.375755115773339	0.0572356085471803	0.894485872197672	0.0263106174630288	0.85760777989512
0.309294877492073	0.141318971113629	0.111378745991483	0.202572071410805	0.586257987768545
-0.419054221041825	-0.0679662417176967	0.609183366395691	1.916521384999	0.230075528807822
0.166620418719431	0.36077103017119	0.54535046705029	2.57309583215832	0.855227504588736
0.278219260597786	0.427033271399625	-0.0958447056462874	-1.07164514994983	0.527802585676311
0.0211554912482293	0.137819935142609	0.415020592400795	-0.297440414408671	0.438120428470009
-0.58576971548466	-0.165241837510014	-0.148194789968564	1.16604755776127	-0.142605162449357
0.225269951086391	-0.400463927398092	0.0131392495963546	0.0786024500943284	0.236625604743939
0.356372916171036	0.260868362640755	0.2034355397462	-0.740123654555559	0.630473631405355
-0.0207778092895073	0.173160762861623	-0.123471633788	0.0666414072755451	0.243811764850662
-0.533331263070433	-0.0274915045555512	0.155392527821006	1.61399823941198	-0.275374151003171
0.477131212062325	0.284624598797482	1.20982443637549	0.127884559618794	0.552100540843166
0.231358340575861	-0.264453122165041	-0.0252824457554469	-0.972915870729222	0.62274815420358
0.210452070903329	-0.0392096447419379	0.316777786252944	-1.11681889282441	-0.498928127273666
0.0142804128109966	-0.0562391527530945	0.868704330720697	1.60234590723643	-0.301833385157536
0.587941041453336	0.25290130623273	0.24029741043192	0.349441415585255	0.347473125800037
0.569225813376509	-0.133275319222538	-0.267748991584621	-1.19499163520786	-0.0417971061011415
0.0199230409366239	0.476483446276104	0.400703872464503	1.67811950140601	-0.284682249290206
0.546914297786785	0.554949290123198	1.06873564300817	-0.198499104140521	0.651999565284717
0.368396608439384	0.197455829578415	-0.778929239711975	-1.72614459724811	0.997133863697345
0.344313313298244	0.464281686395488	0.0838744859609014	0.605428333328423	-0.166817345055107
-0.155032153523874	0.26813349474359	0.563704405330492	0.51137081972516	-0.455403506331877
0.182875754297222	0.722334338377383	0.0850433991538087	-0.424385770463548	0.249828341362206
-0.169357082814617	-0.00536480049233084	-0.368957982956649	-1.65335402513119	0.501408949055179
-0.369570335368639	0.11523941022591	0.309130606614784	2.33116934437198	-0.5914428478959
-0.191694558487415	0.405994461677358	0.427000986351686	-1.19624430140585	-0.0917587316089819
-0.108536982382505	0.145205010525251	0.415938868265702	-1.12239210616378	0.554852002469576
-0.0138065770016549	0.0930088506888134	-0.724995783648015	0.830005412420779	0.371737545807623
-0.216618830403791	0.34161975780832	0.749850365008604	1.41529818520468	0.0829113079619911
-0.0342184663016655	0.240038149106751	0.494174339821546	-3.04385297790376	0.719555897078114
0.0940457479997214	0.174321354984676	-0.29362218892431	-0.230822943869087	0.034535931574617
-0.28704732791617	0.0706324394275134	-0.211176749585964	0.142355799708772	0.385478930775417
0.269668168001378	0.585582430662971	0.421433726815639	1.08061083185281	0.400975702952181
0.506253473667145	0.726080779472259	-0.0806426758512018	-0.497257703883213	1.21850942002855
0.236370867694436	0.299864664961374	0.0719038798526907	0.896930980249306	0.514759887330869
-0.307192532108667	-0.215257836992065	0.710755830267933	0.695313261392747	0.53382943425985
0.596059209500317	0.487046065837139	0.195451725415111	-0.417475454749066	0.619195518031201
0.237884920327984	0.209938123697073	-0.645884895808697	0.0117179290411464	0.284344107273959
0.0658240004477069	-0.369382875784157	-0.563534794446969	1.64172642679169	-0.540791416131034
-0.0672353241539428	-0.468714465575689	-0.793992619311856	1.08290193878462	-0.548899381411011
0.666121572813087	0.271416800937477	0.70930283174837	-1.23292412160506	0.326442715618209
0.240459308945126	-0.323795951576167	-1.33167397503355	-1.17950302025404	0.0105791560991534
-0.158853746841708	-0.774825214076171	-0.731652688350535	2.41258238163202	-0.211274161112358
0.821257999376304	0.265710888080109	0.131182000381785	1.4470383789392	0.0544537002167763
0.498989757651144	0.113020940375815	-0.0296799071579403	-0.80341844169177	0.79453650893794
0.209694396770933	-0.111068724408973	0.601947890153848	1.00602892146236	-0.174456623013882
0.332939935953596	-0.33291825765903	0.533563720488948	1.89714275762312	0.135642433014737
1.27402689179204	0.222795510858386	0.399774861516467	-0.226249671271169	1.10635669352882
-0.0462166853111193	-0.0956079864845928	0.17192955526792	1.3710380991168	-0.0180552290933563
-0.189825469341595	0.345568200013043	1.34533504561532	1.07854213865515	-0.622928051235844
0.476931462364836	0.504926781621053	-0.644394627444505	0.578952418403436	0.589096235558641
0.17051683274973	-0.0431301275717753	-0.328451603033596	-1.10478969496014	0.157244871696538
-0.254506330151956	0.274905379130838	-0.30167774595305	1.76907978659487	-0.0689421520506779
-0.0207395661346652	0.290107236091472	0.982214662045114	1.1442203099231	0.623135959028106
0.258441290269854	0.660604181196198	-1.37040887488208	-1.17544954222938	0.497513263311248
-0.442796633247859	-0.509715327952867	-0.740986596765122	0.827100243933235	-0.54208935073443
0.0777854376233857	-0.109028042646666	0.448846565095085	1.88035420691616	-0.262639455762544
0.732876098634907	0.932692987224614	0.706341953121746	0.0944513557812274	0.601758900076347
0.329685994799348	-0.00691864397927476	0.103871113099173	0.350996605924487	-0.377368611876199
0.25444488438873	-0.167037378674978	-0.055040355553647	1.95520984376447	-0.215578545148887
0.354257259636063	-0.113474034914085	-0.0536574768063436	0.930898767829749	-0.351711817907788
0.706983040510362	-0.247419095459859	-0.116252686386805	0.170936445912645	-0.0125250317975269
0.593473744217139	-0.348642723085319	0.144852173844934	1.23472984543372	4.49233840110555e-05
-0.244695223628944	-1.03573222541716	-1.14467240778538	1.83303872046893	-1.11512516066606
0.18497368962504	-0.364038320274638	0.223777074338202	1.03839496392973	-0.0665696267308261
-0.0398604325371477	-0.386817043588735	-0.142710295460267	-0.622786088475965	-0.195618949880858
-0.235204718203872	-0.391482494255545	-0.326043917721368	0.129037388634096	-0.535534022510695
-1.29348523729474	-0.452084215459412	-0.724692790138942	1.59596119007504	-1.22213725452316
-0.0402922516240954	0.36925637962263	-0.292568164813155	-0.466217685446144	-0.432115401781237
-0.0578160690683455	0.254420465357106	-0.434208556046681	-2.11099682264607	0.232694714771514
0.0745383131123124	-0.119662239257492	-0.776655655911383	0.107149339383698	-0.924128933550598
-0.349110233472166	0.0487517641515391	-0.204263868481127	1.04114491250521	-1.25366642306598
-0.0798109415427434	-0.337298239844438	0.102389751765205	-0.540487011553553	-0.301195807443984
-0.0156871839517781	-0.0209640724471642	-0.852354138496123	-2.08621920751551	-0.482721633132114
-0.456928968142803	0.340178537022477	-0.809733293173529	0.332354516833121	-1.12129860866762
-0.0714845570594893	0.174778289871525	0.0480726236443889	1.04604435817945	-0.530568237463678
0.148390292961765	0.0797006408445463	-1.24368861016602	-2.65931929416438	-0.57108133891271
0.0536732165396985	-0.140562534600934	-1.55834248089406	-0.603228946959915	-1.07536305082666
-0.821892840937806	-0.498965722474366	-0.716694971475864	-1.15700119846586	-1.43862480083687
-0.0956069231843104	0.368516259597084	-0.716386517567767	0.593953258900415	-0.47137362549988
-0.274598462425825	-0.560396551175784	-0.233693912561777	-1.82441202789982	-0.406499928431824
-0.989918370761639	-0.68541174953077	-0.775112354700786	-1.58520765770344	-0.671777969880424
-1.54255437261912	-1.09322719476814	-1.02266321998742	0.077772182667842	-1.02500913017293
-0.621959725896028	-0.556106724126822	0.404382765421442	-0.163818263074315	-0.166991130228239
-0.663116796062539	-1.22173882042998	-0.795634306137456	-1.6961842660809	0.0660944912261386
-0.640161964132164	-0.484669348317233	0.391824119626928	-1.32439488553553	0.0200616768009064
-0.700657668789802	-0.858850579341434	0.11943913810578	1.68951348774592	-0.353236887983747
0.188919341911388	0.0721454096843462	0.392505567443786	-0.18314968000402	0.271627117258804
0.185019304548194	-0.334955013960029	-0.265824797606109	-0.336909846302206	0.542626025191666
0.246039350992304	-0.0500152919407762	-0.788289607739024	1.10488310009632	0.0797786805299456
-0.302643121012884	-0.407374213843975	0.313111947464236	0.0278934828802646	0.266038526005513
0.244065398565983	0.0752948296764475	0.499913563749708	-0.378455985082169	0.607348258446882
0.393654184197266	-0.149530450277731	0.289618985958366	-1.72530689843356	1.04773127776296
-0.331346622778334	-0.27658942889154	-0.446940956949602	-0.0819338879851941	-0.0871585437475106
-0.223776510873675	-0.508338741697787	-0.00563050154175951	0.45570913169854	0.121774132225672
0.3430846442449	0.132254413814536	0.413023367831148	-0.593889591190785	0.595421396579048
5.77265191404283e-05	-0.222867811356904	0.320895334309315	-0.495864791662472	0.326022942353151
-0.573557052001835	-0.521924448091519	-0.244935110848601	-0.264357271015398	-0.640076695416474
0.0927621029042743	-0.229581510186417	0.301535861897052	0.211464569905045	0.121838040872802
0.549003109274216	0.508576577084428	0.406460602256724	-0.509515097863829	0.867978050608592
0.0529906751741638	0.212739632955934	-1.14543581628437	-0.801441507530077	-0.160830452692411
-0.324589668075842	0.0764858754999622	-0.0148639782965574	1.00848582465619	-0.506051512570332
0.331272602826429	0.146049322078208	0.287492985878119	1.19153301446426	0.363504527743373
0.69046632750847	0.0776259727989469	0.50906717356555	-1.45681568304124	0.492018087340074
0.030317996568608	-0.451757025662427	-0.309673272853032	-0.488768059033008	-0.375137395210827
0.0371074697977355	-0.121429525304531	-0.646087426561057	1.02734319161847	-0.272850780303065
0.56462902682413	0.499255780262194	0.678722002714337	-1.19502744857983	0.582489506607016
0.0533892874088047	-0.372337677834839	-1.11215732215199	-0.14193707736115	-0.00166642010975176
-0.219657286354542	-0.107498080147264	-0.10236225282007	0.434543691358122	-0.661888874674008
-0.249573315351543	0.0546728071544959	0.0103851074162577	0.78364240086099	-0.123946059026252
0.220167289247873	0.123996405094788	0.17278752182132	-0.431061199912793	0.5075623094056
-0.0513047994133327	-0.0971681421856548	-0.310021976971824	0.741361105538615	-0.381427386995713
-0.363043594332567	-0.303656996914361	-0.468588996271833	0.374120062396895	-0.394151597594171
0.129681205705568	0.156632356697212	0.00840866308907405	-0.508610769698928	0.0274447831576181
0.209436269415061	-0.0692780206194596	-0.823137987266365	-0.307342791923792	-0.309194172894391
-0.327606057618941	0.236873694844914	-0.311450845385811	0.222778987778814	-0.650642520604392
-0.231433015123986	-0.444099924137642	0.712244548883676	0.741005566387798	-0.465676047194862
0.339667288962811	-0.134945013754704	-0.0623442856423742	-0.671423363275825	0.130752870707392
0.348442435899014	-0.340519245260732	-0.504683950995425	-0.533523948393309	0.148089089559498
-0.104597523437142	-0.724411428809729	0.196690678336825	-0.191581799354872	-0.0627918481332613
0.362226686119945	0.262039989700198	0.10996298672131	0.468778762739557	0.293366917076191
-0.0909737822344932	0.263737244333507	-0.194386468513305	-0.867305300084791	0.61584315514483
0.0601583104345048	0.757576364263643	-0.444791078980991	-2.78305723231459	0.225321985220194
-0.851026000334076	-0.304122650626016	-0.824495435691556	-0.0528481247735388	-0.918891300561922
0.305566047256458	0.893761462719143	0.705020954865803	0.219770143218781	0.872924035519044
0.855542003548462	0.740177767900928	0.3343765866481	-1.56753124470562	0.69720504480679
0.469872042145863	0.487531353026021	-0.36352166468481	-2.42254270214102	-0.423577534652627
0.221889000755095	0.155316848678705	0.169835214902722	-0.136456019719248	-0.948602785004123
0.342667254286837	0.576771414803464	0.514055479199751	-0.682560742829769	0.29875096857562
0.390646762908623	0.465420646318576	1.03310509771931	-1.49028444306836	0.599382286779775
0.229129804575746	0.323693011661857	1.02487693606362	0.910214145340478	-0.0714157206251114
0.481009524009637	0.460107451003389	1.07537705247546	-0.578386965403575	0.780586705695459
0.48958227499957	0.103936374988789	0.0984242897485036	-1.12061411216398	0.710256999148897
0.0467293619726478	-0.0175786386619873	0.436138679416128	0.530085976835543	-0.154067115424016
0.413272087370195	0.191186212627523	1.14480781773805	-1.24029855528746	0.392673937899796
0.413146896969435	-0.326787693497126	0.880525654093911	-1.28366693385657	0.895714913192253
0.344981493594758	-0.0400724551676458	0.32900961469938	-0.53586422743207	0.0420915909877222
0.0372478527572913	-0.911788086245019	0.350365405545974	0.308672845081566	-0.780566153942559
0.313816012401876	-0.107703885101529	0.312474879317071	-1.34163616381302	0.0126760897381739
-0.142211730884251	-2.29281972466933	-1.37461565179542	-0.410404011796947	-0.592807165068431
0.227328531771904	-0.568706700754726	0.358645475930747	-4.58174220730715	0.499738775826993
-0.316995612789057	-0.533882008024375	-0.00156223829750833	0.459736822889051	-0.741823547313106
-0.172895213994544	-0.683702252011575	0.246668173822351	2.63383883911673	-0.390756797592844
0.127373961069028	-0.53016151146201	0.844542780434207	-0.893502327272629	0.321175739077729
0.154559372297266	-0.662207813124482	0.0288995329590725	-1.24022475651528	-0.150042679286104
0.203147034148285	-0.320266889035141	-0.550991764772557	-0.753364106600676	-0.256769087964015
-0.719163364011355	-0.594130407074563	0.157185721371587	0.486444986949158	-1.33795227503201
-0.0649261674075188	-0.559619209672228	0.0913012857858591	0.31860404546447	-0.166950525883917
0.0567088876059271	-1.30152979449953	-0.583149052439061	-1.7878502823719	-0.300867421610997
-0.547896761845253	-0.545838195601067	-0.942785332872172	0.020462014489662	-0.493682072524789
-0.327769403014929	-1.1005305093802	0.455964433576588	1.57601447987743	-0.831014648518035
-0.0322792594197533	-0.460533618921138	-0.220988009285449	-1.49907559508878	0.131186930000072
0.19118343181413	-0.297033659451513	-0.673861745192322	-1.03164028133698	-0.149346077870952
-0.125804307216437	-0.0586789276505833	1.40854796060247	2.70298500016508	0.284337929453345
0.351721395639185	0.409699072578765	0.714441452046276	-0.877595761115037	1.19355857922278
-0.0163456564026372	0.38620520746841	0.730560482403825	-1.4314506300876	0.934261766409918
0.0992496365206898	0.815182016921838	0.898261514614287	1.3653815694282	0.3388296567033
0.39937664527925	0.508200439539262	1.93299897850018	2.2458335455973	1.2250963701306
0.667271878670487	0.623604107363178	-0.231318445166791	-0.171583127228251	0.874383813884665
0.168420622125086	0.477001357874392	0.69806326952985	0.852859699731878	0.674560137078336
-0.247348621349495	0.25218397303921	0.234637019473162	1.93625927112183	-0.0821018952840056
0.430132828974446	0.480621337957572	0.0452187636030238	-0.615717622754829	1.05153118332768
0.450265021926457	0.0450325892340352	-0.0456973074017875	-1.12312868563451	0.478091230023594
-0.338555569942431	0.0721514033187358	0.0952578395220697	0.958076738116868	-0.172626497915512
-0.210927399274819	0.374781693227486	0.288845004314266	0.131238215337042	-0.342495781222282
-0.615362783388431	-0.157086473879261	0.0257205721778297	-1.18590973028808	0.674892095684891
-0.483232746981553	0.103031705789474	-0.250265241609544	0.5474021459381	0.0669741256341154
-0.855180732035415	0.251140580659148	0.137977443624519	1.1033715102873	-0.445242588222165
-0.264221215240772	0.506590589010525	0.0905526063173929	0.409226575261354	0.203016500842456
-0.72334304442286	-0.366520788689817	-0.560894314475191	-2.04567514493312	0.391588218778602
-0.731983705134954	0.221869994279357	-1.15225442547479	1.56774093217656	0.370400597729581
-1.06123421452111	0.0771544270705079	-0.240518628827463	0.648581166835691	-0.868430897471012
-0.562034641776934	0.323312005536714	-0.386044341397757	-0.652322048667621	-0.148040653299724
-0.909516642374132	0.162048140174728	-1.04803202473516	-1.39619882301854	0.220968453426655
-0.441251881032093	-0.25027424153472	-0.771863545605716	0.284622846155811	-0.222636377268917
-1.25651613413722	-0.0854924712710976	-0.298132823018159	1.77181965748005	-0.474682170476335
-0.643712909634541	-0.0327013173856232	-0.442494025940703	-1.74059602755008	-0.413269608278945
-0.649541777678682	-0.597054778021887	-1.3886953252516	-1.44199573778367	-0.517636935780132
-0.61175683456135	0.313385488572967	-0.703746778993574	0.54364277942175	-0.379162835039622
-0.854445303786596	-0.00799675533581458	1.41347403220238	0.240835560788312	-0.294248027407841
-0.42062084561726	-0.121627581287981	-0.553973102888501	-0.731075381398546	0.0749980042858374
-0.430706526543687	0.0113352761513151	-0.649357163424819	-2.23341960648173	0.212100600074036
-0.824863110051122	0.367195646945382	-0.718831217704731	0.619282606786077	-0.254820120606376
-0.645543839481903	0.429532385915037	0.357009535189033	0.688916567056487	-0.330481222267587
-0.10075163107609	0.921434820529483	0.217347200652411	-0.15717723500535	0.488185995024377
-0.0495774027355034	0.40983164867585	-0.924339658057954	-0.893784677718484	0.420717396546658
0.111839505153509	0.157860625922032	-0.522625774652222	1.18431477055273	-0.0642719163965088
0.322475816227968	0.552162156457627	1.45601517861088	1.54131914697009	0.329890801348322
0.501292437187408	0.0309224232948605	0.35102469975985	-1.97774292263286	0.907067432875508
0.696027992846534	-0.0169088974692074	0.35398258862361	-1.46833092874014	0.369683426189604
0.261385510395532	-0.240262080285828	-0.00104263314953278	0.469721117676909	-0.446231221879439
0.885473694951099	0.0444240802999738	1.06095870015122	-0.950820194587512	0.092133742138907
0.593946863299304	-0.623396624663991	0.186581003748255	-1.53997666063203	0.127015101043938
0.29778920870855	0.0416306400848326	0.707618888739436	-0.0820652687969325	-0.243396214205884
0.177621772597678	-0.132282461838397	-0.0964504245535802	1.98476134489482	-0.286376842130322
0.70062625355059	0.384860065943962	0.0361078289044912	-1.43766761969253	0.108476621657946
0.641859799647916	-0.326013562133531	0.0405717022242252	-1.44175398045653	0.336832998281129
-0.0382566344134861	-0.211928639463733	0.182805588765741	1.1299193777352	-0.411376521447984
0.495612790166454	0.203343197586118	0.62624829318733	-0.0146303614311132	-0.0502994883613103
0.40159324262677	0.116686452358646	-0.625849928015215	-0.996452612606026	0.270507646860339
0.389670917932349	-0.340071329837362	0.300475451483797	1.13852316617541	0.0207964859772312
0.0586527089637089	-0.12734965044848	0.506705117514589	1.24054711532122	-0.345124750523243
0.628574396679881	0.144697933592678	0.691532292333702	-1.48028383110149	0.712326347464251
0.281538039229881	0.607849524616974	-0.792236360911197	-1.56244507694423	-0.0334963399558549
-0.207791745681186	-0.139765871024535	-0.846693963893212	0.656290757910763	-0.300338942925153
0.16714887788111	0.0664439003351235	0.356516676264769	1.27099219523415	0.0805734817461727
0.238136128084241	0.0865409334865537	0.161952343536092	-0.530813148845683	0.795548190442816
-0.157653011496809	0.537199348221996	-0.354092703246355	0.0664525627694144	-0.214368026885034
-0.351133051708232	-0.231474367768007	0.285717912119221	-0.18157521734522	-0.63258395292457
0.56936847714548	0.575593084433953	1.20097723856712	1.78829480541981	0.527343031908173
0.121710981052303	0.180037565760655	0.0721452621823765	-1.50634719080568	0.210253363292442
0.432265726305586	0.1968507706386	0.596020836519496	0.0161572640050079	0.0837510139764497
-0.197300280440683	0.200345699173031	-0.415864415526926	0.883658350992206	-0.448689823713
0.351347995761332	0.586306784688883	0.483808022841421	1.52705026552058	0.72251424400901
0.466052764237459	0.419204190001416	1.41724027120731	-0.555004541532767	0.7168821078418
0.578952319503522	0.85154661255475	0.784190027128699	2.56683436179637	0.406227551526103
0.137313308943973	0.464753922928948	0.411658752036195	1.72599691462797	-0.0330028566144217
0.579674501477644	0.600989192747726	0.285383088405738	0.57687653859214	0.638600909488907
0.383022541620549	-0.161088643232292	0.237554421857437	-1.57570634228403	0.312137629669143
-0.00952039593494986	0.358397247239937	0.211000021346352	2.09003373636647	-0.224356113523025
-0.0379922547731659	-0.6253595419529	0.211018353141818	3.14740765285956	-0.18758313755388
0.522868193805875	-0.0124756174123262	-0.560647083691804	-2.3676745921913	0.380218860508326
0.177272604481336	0.235195135501007	-0.242420029224536	-2.19858625310217	0.882610445660307
0.385892712012482	0.0773019042407999	-1.06890299787522	-1.30019896587193	-0.177876219640485
-0.0512033084467596	0.423826560154637	0.463154964583574	1.26003788063761	-0.0783177583998842
-0.419293361092759	0.479255666550246	0.0393226733311324	2.3559183048526	-0.845339109305624
0.0458909342818036	0.375040933116341	0.696089355482068	-0.156384770777961	0.582284670615992
0.090312648253899	0.0449940916959202	-0.215360316619234	0.152485545538747	0.481683229808722
-0.544339134184566	0.121323428932593	0.0723693190271519	0.606581263737043	-0.488704229799049
-0.455972310684194	-0.0967138560785908	-0.269777685196645	1.14179857816758	-0.123066179511031
0.250389788454456	0.251986043357389	0.746631275380975	0.311178420905242	0.611695663660093
-0.171991888077879	-0.0620334349510218	-0.0653406040516404	-0.641084462048761	0.556184539017859
-0.71681610974522	-0.229687593835505	-1.00404036372933	1.60579454506024	-0.537471242993699
0.15292873801821	0.260007639625672	0.118461690265734	0.711903814222873	0.584800517003971
0.235182545763169	0.0904987337423016	0.0932247649130211	-1.52855169336082	1.42269219916987
0.305985515681638	0.407295245428511	0.397429034282201	1.44101297916133	0.583325807441718
-0.345547473028057	0.449750178134488	0.338796965385247	2.01875013259665	0.317764884284028
0.572107966757996	0.729310955942611	0.30661616138986	-0.193456849341943	0.992590789130574
0.457250301408792	0.463527097261792	-0.0849801018187597	-1.2474267497552	1.02251240953237
0.0871035294279795	0.644441061373017	0.854088504515633	1.75036990794051	0.741959207850982
0.0579479468345799	0.529879166451536	0.173832370736212	1.63079726535044	0.449088582131878
0.54521892337321	0.671485010153822	-0.0127082677684618	0.163541362041258	0.939466231724131
0.178264075308005	-0.1819737975491	-0.199068884753845	-1.49628588180265	0.2946912814084
-0.0180059538769499	0.1442705347834	0.473946691864525	0.692974989633253	-0.229069802229123
0.163002870982628	-0.446711621367973	0.652724481740891	0.842336216103173	0.409858103812519
0.428640715498687	-0.155255213524736	-0.204521735940521	-0.730378768179088	0.792155423828438
-0.164250694565829	-0.211359632106594	-0.420384750384437	0.439039059815514	-0.38685407826835
-0.294803466869594	-0.534761767003519	0.271455062142107	2.14785045380272	0.0283458443605274
0.20648954688889	-0.301175225391405	0.0628019194074464	-0.990298320073825	0.641663307909115
-0.0973218579928783	-0.752250937115214	-0.547112456276581	-1.56789728612494	-0.742837217623455
-0.288589584700605	-0.552060957095723	0.331509480340948	2.1174754613189	-0.815919165143999
0.248410867217483	0.102690187469143	0.590553194799704	0.447786304251901	-0.279701837887477
0.370762953504702	-0.214652422597729	-0.650900460581065	-1.13795990149245	-0.139175353631389
0.269288549817205	-0.496557027564106	0.393223834260758	-0.552716139156871	-0.660797883345595
-0.436875019377879	-0.0760733705674914	0.124892465910301	1.33554469251663	-1.06166698258104
0.335948572912939	-0.425994430661639	0.517571374720122	0.523914263832358	-0.00910895925097118
0.0137155295373019	-0.484657659843714	-0.354233802450422	-0.953251184427364	0.355783767868584
-0.263998532112552	0.164493166948525	0.404104449105177	0.795033655557043	-0.34290225809564
0.196138732540901	0.100032812317533	0.207417887435362	1.33618209716256	-0.0250523415485665
0.35746854678868	-0.0746153164608987	-0.44262373216387	-2.04698248831943	0.538638423477212
-0.0233722494878937	-0.236895789129378	-0.424446627523543	0.531683371815682	-0.0348843837650529
-0.33410334295298	-0.288401448270124	1.03391909361898	1.61888566258586	-0.261996898597916
0.044605071589196	0.102705972787749	-0.287692470456209	-1.6880818649806	0.0916299625370812
-0.0227648995620091	-0.68624736967529	-0.962353665461175	-0.830265764165063	-0.333415723815293
-0.520592301170203	-0.458482994865193	-0.334206957150405	1.13771532040932	-0.391437992187622
-0.998116499582061	0.0707794290187928	0.294507010123656	0.57214665515842	-0.875216855137242
-0.150572686039592	-0.211458164506182	-0.181306951655881	-0.967698651739678	-0.45193096859649
-0.44482048138711	0.352708156056326	-1.33533076692192	-2.18363223076141	0.157671306400439
0.265237962339857	0.359715265643688	-1.73557036176258	-2.59184667574684	-3.20626686724754
-0.565077488209587	-0.00544115268465421	-0.116575974895849	2.13943666074661	-0.270387497673812
-0.162460383047399	0.111227969196558	-0.502877710389855	-0.260246924587607	-0.577559329494297
-0.3395586159515	-0.396701910221914	-1.14285894373178	-1.19719746311237	-0.806327921805515
-0.267435451844031	-0.589310271526053	-1.14121185715319	-0.375241901532003	-1.15996021108132
-0.698485921150175	-0.608716586733283	-0.533849746212104	1.16465239652423	-1.31877235327104
0.257253002477909	-0.369296037409882	-0.247510378347153	-0.916265575251218	-0.754510215539956
