0.0467085621066514	0.338528206097937	0.285472042458925	1.68944986124668	0.285782903485599
-0.277515714167886	-0.0795470163678895	-0.119502496616573	1.13884888462786	0.72839768271089
-0.152937948964122	-0.291057373992691	0.205119211006199	-0.952632501427808	-0.158927666992878
-0.115209187334054	-0.71335161666999	-0.716835163129575	-0.282439884798673	0.448674205876636
-0.649312578721878	-0.473352497300595	-0.279603553970547	0.534223051296503	-0.319932091892343
-0.655285127406331	-0.314152608465022	0.419371865203274	-1.28197240794824	0.378748718396554
-0.584566139336708	-0.497060541303339	0.2049593808329	0.0109462820338722	-0.414358575620521
0.183233807882003	-0.286542820089955	0.222212195979584	0.70616090186625	0.163877294868056
-0.21215375066211	-0.59824517798875	-0.571927921896526	0.145738554229742	0.016240681045276
-0.32247957545197	0.729906676821167	-0.338139409667341	-1.66597154946534	1.19665193872157
-0.0624860525569102	0.0268709124714382	-1.05992759644433	0.343566779942148	-0.530957307248692
0.41995746292937	-0.345696986595944	-0.0965276757245691	-0.705895854851279	-0.237139062574832
0.378519976925535	-0.512914927628747	0.03338916682899	0.410596641503628	-0.71580807119394
0.443175523435358	-0.0525038341508965	-0.798583971806298	0.181516985671531	0.0493117013544237
-0.00419522491382385	0.0960838909523416	-0.591753494440851	-0.543816508102141	0.453509548808594
-0.379003245887571	0.465811393249758	-0.277696832867926	-0.523235986714162	0.322785497190905
0.298994585064491	0.258456156729256	-0.225019181122601	0.576245702308719	0.856711737152496
-0.127901466897144	0.473464850319551	-0.24178690072099	-0.135720992393874	1.00470629477743
0.454766716745987	0.725827736653576	0.206784006116318	1.09702255608984	1.01837774922012
0.517093087675471	-0.141149465119255	0.526314967089941	0.426460494112784	0.701574363814986
0.356542131042956	0.335489014086738	0.350520811009806	1.02015447836065	1.26599198643262
0.0708891421771624	-0.0454193973078712	-0.110605976397	0.210795906864511	-0.126757147407482
0.868171504756974	-0.338094009389503	0.264446773966772	-0.0190280944418076	0.652381383466924
0.513790497078153	-0.0425265003607003	0.275494667254999	0.73197977754993	0.594926446785677
0.22740714569817	0.201389255818539	0.439114966691145	-0.410633637908387	0.797971458752003
0.216699836851753	-0.362109416810797	0.0692598069142625	0.386916256567277	-0.227972317782866
0.3656154359362	-0.268100810171706	0.235260812838451	0.493674062833892	0.778105039262589
-0.0521979533834594	0.0907864177342047	0.258883452500565	0.286125408401818	0.765398526069138
-0.241918692245964	0.488474858864462	-0.380204036681485	-0.322757530283447	1.11772828163595
-0.662547753868603	0.603666603718455	0.409421376481718	-0.705122660841954	0.722421018249062
0.130422829507998	-0.00723539597855962	0.0569482311458889	0.543477029075355	0.890444289873707
0.311165785243472	-0.534476249691839	1.17622647983192	0.796683300638962	0.920706279436275
-0.444079863385835	0.0400379162565394	0.520407850255922	-0.0655027406645553	1.15292138349423
0.266732866411863	0.519451782764264	-0.177740965655304	1.28097463740682	1.19464782526048
0.474182304726881	-0.246540207874636	0.504817808344303	0.0337886724273871	1.04814271510336
0.0650443022430833	0.516616702529768	0.496237827068055	1.53077461285514	1.72389381062154
0.0205975063800371	0.132540001586094	-0.545908578331548	-0.999785196370123	1.40246150209947
0.11295684305782	0.0705422174305474	0.238866541484954	0.410970526854892	1.00353474976125
0.109741214580433	0.303707767612878	-0.280245042446092	0.750053781031533	0.865501662776183
0.14674624773253	-0.0649836926223519	0.16516022508416	1.05686996097762	0.842681172685259
0.168500378540303	0.18161150867279	-0.501874773313073	0.446056830623513	1.28312576276021
-0.151741436053114	-0.243939673800593	0.57830500214816	-0.824794861521245	1.31460649239672
-0.222793174381367	-0.563832260339265	-0.0561791283886399	-0.641380547528152	0.663321126287956
0.2188000548136	-0.0387239718355625	0.965637272553636	1.13068776228906	-0.0923778648961184
-0.0726966310366412	-0.0934451077607422	-1.04973670884607	0.683529195029327	-0.371127490825771
0.0248047768727469	0.132073089836945	0.247160810937403	-0.564824765103617	-0.138242949057341
-0.168156052779086	0.176558914391817	0.139733671929484	-1.62751280939005	0.46812810566444
0.249619894652961	-0.285851210014988	0.105132693170335	0.172459909328968	0.300356814431707
0.173862561302101	0.367588205369723	0.776180946755657	-0.277581372649895	0.364382085985872
0.141244885878445	0.260981338932767	-0.0673210629203512	0.783969701365546	0.491526941876134
-0.130783462536968	-0.436036590625709	0.474180486253776	-0.152374615682327	0.530447631085211
0.0496724373745602	-0.169566606979887	0.121071307935692	0.153289557684484	-0.147267057339751
-0.375862947849792	0.201084457397966	0.131665947938295	0.417954533432729	0.440388633508426
-0.337034210650146	-0.0487895986941693	-0.39178576451742	-0.589547476115567	0.462186826625507
-0.269552034239365	-0.0839446238785878	-0.477673542271662	0.153374256112589	-0.576061185086852
-0.299942305665254	0.137347417500548	-0.0149024732280978	0.111630434251233	0.461103116868469
0.347162091857723	0.202842685024079	0.140481345713892	-1.20204917504115	0.301445748973637
0.12903007097029	0.317198625966487	1.01383556136094	0.702887461225907	-0.179101509655138
0.0266097098774586	0.204014339696273	0.179569818306886	-0.447055000118054	0.629410680075926
-0.0342528752036489	0.304865634881547	1.67120881638828	0.78519770876235	-0.764110487835469
0.224753000014003	0.312313927629395	0.252372037931681	0.084654406278858	-0.455085483884104
0.448217668687255	0.328700472045555	0.856873705697775	-0.00685883892539345	-0.577498367974976
0.12418238766123	-0.194553893990804	1.0537066370053	0.770053496041119	-0.212085978853542
0.0279253004576823	0.285466237320878	0.157003437269871	-0.897471300851734	-0.226325930761306
0.285724366344612	-0.362858082814944	0.0774759079932402	0.773844119460643	0.526278219435793
-0.140813590950494	-0.118514011819237	-0.584141942145628	-0.62122452201455	-0.334761242531292
-0.0937515614859348	-0.1555262708333	0.259525099376954	0.221589554805117	-0.6174317132901
0.263580996536462	0.564856930066986	-0.218983967330857	-1.83826341540998	-1.09384843667167
0.0984344030193108	-0.0960754761088562	-0.205484929040732	0.433059590215748	-1.18799591082538
-0.0061639378513924	-0.218383956017449	-0.31670491640414	0.793442699460102	-1.12904858942249
-0.0938221342288084	-0.107332704786194	0.24354379269529	-2.22612039866579	-0.082353143957129
-0.250624266652441	-0.0116203446565591	0.119817795604574	0.892521005401038	-0.0532669880403781
0.114336422719533	0.137263625734591	0.200020630541877	-0.578788797111509	0.194102368475826
0.170216428472989	0.335644540961646	0.789514935978707	0.718717975059654	-0.923157940591844
-0.0860615590734507	0.727295551700934	-0.460997351311164	-0.20588637698461	0.605578301325231
0.361635444401996	0.26788375911503	0.206698835472074	0.404299813388365	-0.624159508631485
0.362201641456258	0.328152329853042	-0.0804751415198648	-0.479754945662568	-0.597504215692619
0.103301374252212	0.250349911916009	-1.25449940221946	-0.119121835835401	-0.897443473130597
-0.234435032835011	0.0349137995047379	0.256577439975975	-1.45022393343221	-1.07563030390857
0.0846119016573663	-0.0807043073415997	-0.244348106692125	-0.271702032137333	-1.06654290193775
0.274642301182298	0.0414267005446799	0.20736977970971	0.610309317823884	-1.09665357669381
-0.462285622130977	-0.0841302800870669	-0.653819437600616	-0.999479681544675	-0.387167254196343
-0.78396424384993	-0.248419652267731	-0.05028228479977	-1.03968202807665	0.342818674644299
-0.0482299748255031	0.544567607792025	-0.198440906150317	-1.56599765358219	-0.119586186284346
-0.224337970374379	-0.261228440338894	-0.0129040343293373	0.554772976550859	-0.852038451374334
-0.273105346534908	-0.0126613889724528	-0.258198051711804	-0.642430589563518	-0.934914838609474
-0.631897155286951	0.0909713444698792	-0.255920338208837	-0.72727718405616	-0.854733388112241
-0.028647362089942	-0.110858627460795	-0.549975217761199	-0.485431491731968	-2.06627855658022
-0.365975625823419	-0.243123418825678	-0.473879035392888	0.35695756679071	-1.72623746115143
0.0673538187909319	-0.60873713787944	0.154517605041578	1.78553696329066	-2.24748492090604
0.0352378984905063	-0.534733330584203	-1.0527733100787	-0.683267433675998	-1.22614758702269
-0.0769997838639335	-0.0488009450145444	0.156222213001956	0.0302495880061939	0.00116010496271988
-0.0930441230697603	-0.447921432574931	0.165499654989348	-0.502347015483514	-0.461984942481736
0.245292184564727	-0.349040671257867	0.229144696356423	-0.502518280111727	-0.214459030198676
-0.0892112771509531	-0.10502241028112	-0.322149061533834	0.27554247140424	0.0893780857452117
-0.253261045321342	0.379635199664969	0.289110188487382	0.157405047036329	0.0618954022197869
-0.85431847522771	-0.3266547956372	-0.612458879959717	-1.560568764641	-1.46798511877535
-0.937864067304448	-0.0879806247762267	-0.959400014658909	0.0802530792279246	-0.85257768208672
0.0648617067844253	0.182695261407488	-0.575666703252242	-0.868066364445136	-1.37134299842947
0.274637202173158	-0.427549541608649	-0.363290789329603	-0.257768779401453	-1.20152149351384
0.0539155876945857	-0.304680260228752	-0.62365807902456	0.257084601553855	-1.15508832590782
-0.179736330435497	-0.0341677659387974	-0.323151778149986	-0.604863027206664	-0.485042698233599
-0.579068807015651	-0.404496269991424	-0.874861031805993	-0.365124311358161	-0.896925743254025
-0.413670772893621	-0.121876184060443	-0.295994470843237	0.731853792688874	-2.12035892658307
-0.285951166426318	-0.393196974066351	-0.796429052972662	-0.0916501085235151	-1.78408158966042
-0.335402742700174	-0.45693113382248	-0.0627089526796593	0.312593411101341	-1.16165067012988
-0.0353235807787407	0.0675924661837995	0.13838010431304	-0.448232411574945	-0.496961480434762
-0.700133084308727	-0.556843066309115	-0.577632138311437	-0.427661964625293	-1.39684341227695
-0.0161093455636039	-0.492766709449493	-0.40224289889424	-0.23112060323396	-0.355357305458186
-0.42324431885162	-0.47815667037319	-1.0530115225364	-0.0379127381025117	-0.976826436539772
-0.144293887768756	-0.155862456121276	-0.420174581286201	-0.936093611368143	-0.785108598332388
0.109359807652341	-0.606234078461238	-0.317455230173872	-0.195527422544819	-1.44843439818974
-0.0672286219716465	-0.543527900333293	-0.947853543751466	0.264294602914113	-0.623447238052837
-0.293752280951483	-0.187304444822209	-0.484698351994564	-1.40534759528335	-0.766519675830761
0.111050210304391	-0.571825432286127	0.070377991266614	1.23542963299751	-0.942171643868626
0.444900068053738	-0.644870165530517	0.227749940624939	0.099024531303228	-1.28321391316185
-0.171484181722537	-0.137347869550136	-0.825555966832594	-0.434090694799313	-0.517347185247807
-0.0867253499850131	0.00987061689345852	0.0724766547582523	-0.547741108343545	-0.163585376628329
0.546318732322947	-0.410579702362368	0.5142382751567	0.199955954544222	-0.56984583426031
0.550257845974447	0.180757252753459	-0.0672341676895319	0.535711562730262	0.180119058076597
0.30379351860736	0.198227577321797	0.792326330308409	0.351713630871348	0.00210763195676511
0.474080750191216	0.347815492032257	0.27658608428343	-0.0179442614996759	0.754311849180179
0.833414447556625	0.120747153338782	1.22397240850912	0.818096263412833	0.752301134484806
0.375615132949224	0.0390436668082996	0.860439726942834	-0.329852593450305	1.00935080447618
0.275446630671883	-0.627216899971527	0.641854913706939	-0.0272645718647035	0.00505605291381636
0.409982781450618	-0.106907374431525	-0.0673756034545568	1.67842848108409	1.13298541301799
0.486686935467157	-0.277891250505669	0.358715098836435	0.190947297288985	0.678928961503213
0.0499485678141997	-0.0928606057555888	-0.29522764074599	-0.316062716688348	1.32304067189003
-0.0880565852307321	0.077402581407981	0.587502817313006	-0.102924819567929	0.248089472105982
0.584847585572135	-0.18769928329148	-0.115174294070239	1.54828105255798	0.108352882253224
0.338532800623515	0.509936285769896	0.188511901918111	-0.292317961606084	1.45734175423071
0.206382640104819	0.744511273566131	0.871857886794461	-0.763212161110353	1.61083028047944
0.113484590342626	0.176169118570556	0.611006553078593	0.712021381647702	0.885809524402716
0.49619593900949	-0.0959946493393405	0.998059551540013	1.14094422619473	0.712117002079691
-0.29128858037868	0.212131346248595	-0.0762507668741364	-0.706881254723582	1.10636773356584
-0.166187938768954	0.190942588701011	-0.0989986019647621	0.252470373556117	0.297116953088407
-0.0137162954733675	0.115355670372136	-0.116890339989763	-1.17568692058831	-0.0388995549190428
-0.319234893916352	-0.256367787535886	0.323071961811298	0.696237414627198	-0.678527165502643
-0.115495658268791	0.374266928042158	-0.298412850880207	-0.903610327178617	0.931130345101323
-0.556295260794062	0.131772213799403	-0.219939440801881	-0.0487840148242466	0.748526406618081
-0.0957984702530358	0.215847043326427	0.42375781427625	0.0305963784947231	0.146133625385813
0.533261334643025	-0.0996261534438293	-0.0699392874727204	-0.440920874436102	0.565920952029546
0.0333120023731255	-0.0726226020165754	0.455733275350372	0.70902891400889	-0.0614835074525312
-0.0797978775792538	0.383036140018162	0.2039525124284	-0.415984338598962	0.696016963871374
-0.174845945482519	0.667715023599689	0.418917780012711	0.380733574363519	0.146868691365798
0.239072193895026	-0.284476409100232	0.166375529212027	-0.446492287363511	0.490790326649512
0.0519062873313367	-0.245884739661228	0.559093018301783	0.684815088357153	0.421639777846244
-0.00291175757615773	0.233660709004905	0.308801370411207	-0.107676511217352	0.901789155462806
-0.272815976986006	0.954476467315932	-0.253127300189936	0.598214762543592	0.694380977747642
-0.0109786062277367	0.158209545186201	-0.0333168700146107	-0.372251611478051	0.600862762112514
0.669171581655347	-0.644231039779262	0.411958762635167	0.390557886248776	-0.498965596653805
0.352882843070196	0.451469080278218	-0.725189261382003	0.311088170698354	-0.172252121216552
0.394512948995812	0.222343299007807	0.419680209005057	1.65820495357088	-0.824623515215148
0.290482221324002	-0.0777092579300737	0.173815479376728	0.0723310448256931	-0.0581327124396964
0.390409105562773	-0.016023399927245	0.20935416793603	0.2577218311401	0.787401435243238
0.139472902266816	0.246136248042234	0.708437169522323	0.819245330225735	0.0502932678928596
-0.423295425883985	0.111648345931953	0.574281617331542	-1.29700462311013	-0.144792793599785
0.0301303361326048	0.419982639150099	-0.163719589410087	0.0745289297236286	1.12901911122323
0.23778237407466	0.182791021372373	-0.358002340673169	-0.330113338750468	0.289866409356123
-0.0369256238859697	0.108484109491279	0.00860809411985577	-0.0302716533513046	0.182722334825041
0.0741387716044671	0.719827763327853	0.37463943016659	1.25299463367487	0.780638632812733
-0.214388855176076	0.371834769388335	-0.254688190520891	-0.447641106721221	-0.369472050692031
0.0530273285146403	0.562275421862599	0.930447158881414	-0.395578578397401	0.302299749046748
0.348693332232911	0.455130221803745	-0.265232709388333	1.55008835679064	0.0514667329745341
-0.379497383371123	0.183977252824491	-0.510497239938124	-1.4666063189253	0.222861081509871
-0.208081112163143	-0.026850449848227	0.382007330813031	-0.778064649537935	-0.282285117327024
-0.0592171252792954	0.0808526298300299	-0.722465649120843	0.557871116497273	-0.214652175598611
0.235754982987346	-0.408174064977159	-0.719971035414695	-6.60485701672695e-06	-0.289663779900487
0.0133873019864578	0.250651413768172	0.167433046218046	0.645194637171425	-0.126040410218195
0.133657138599105	-0.143719504464356	0.379320330153628	-0.459395044982751	0.229868848827045
0.774990291865172	0.297796587061603	0.705776944780665	1.26610880296696	-0.601999954893837
0.0396042729515147	0.227482891401077	-0.463957119024011	0.249997260010254	-0.07713225706255
0.181337439675834	0.0825393591957513	0.293545116861485	-0.412799211453255	-0.847274277709257
0.00685463119041031	-0.0295366283776004	-0.69344253279598	0.914100675478172	-0.453902621765405
-0.423795646029182	0.261778799141127	-0.256980313927832	0.0693205971200948	-0.641625906526857
-0.078578672993771	-0.0701839096671317	-0.751685506855977	-0.26955712728182	0.116738570643905
-0.266865942085329	-0.185658825655725	-0.485457966688499	-0.0914601730573382	-0.340065653873792
-0.0194478356948393	-0.326787903418383	0.276867939746997	0.197535097223409	0.302486943995065
0.319167931405292	0.0328167071830567	0.105339764197724	0.423204184560554	0.579385934921848
-0.181879813739593	0.225430369468021	0.0563032132103056	0.297960495124866	0.338194404861622
0.0450304318914336	-0.698584818630553	-0.0348041472674029	-0.764482067679206	-0.587341206061215
0.413842524171011	0.0412786872462221	0.764039121253259	0.0614588202833938	-0.753930425385241
-0.171786372255315	0.117285528901643	-0.340618607547607	-0.799608355374814	-1.43954315886892
-0.129667790967603	0.245801201830635	-0.395808908760521	0.143053758981548	-0.823758950999964
-0.302511107244994	0.014177150475219	-0.814122398900756	-0.460753406184471	-1.02617156824436
0.0674878104309206	0.135280904220514	0.124778724323928	0.662779598489028	-1.22160555278158
-0.185108584810367	-0.00844870989010568	-0.956362847443599	-0.689292734291434	-0.0841639931195111
0.0339746172375326	-0.109623740544211	-0.566292261646638	-0.797560679430127	-0.536208433839934
0.17995102054199	-0.131134160261389	0.180149294308988	0.122109817547733	-0.743448255533384
0.162975374445636	-0.119850524296955	0.751311456094489	-0.065610518593766	0.100504211573122
0.301001957090902	0.0368049079555196	0.427931325580473	-0.910577806017382	0.0726914897283247
-0.0179617267573388	0.134092757693257	-0.0103884515764329	-0.132930162407342	-0.376130142505166
0.604212236954967	0.186723573302182	0.457413766040544	-0.816546079639746	-0.519339885652377
0.108909811800528	0.0333476530940035	-0.0848968332036634	-0.478890619757778	-0.70250647249845
-0.346308459770098	0.585293955492988	-0.76514111900117	0.240918100198838	-0.976247890772249
-0.753814999460544	-0.221424824587965	-0.186984945161792	-0.371840690962921	-1.48229054614552
0.0749682546825953	0.447498420999354	-0.445048151727352	0.67298642672849	-1.73820171455226
0.264740270784491	-0.17515161942331	0.218215090083987	-0.225599311572662	-1.84053308457144
0.0925080326085025	0.220071532470344	-0.382964044538059	0.296608087592703	-0.777468735918464
-0.509811742940089	0.660525928944829	-0.191139694761055	0.236709533822088	-0.334555849945141
-0.027958870844502	0.107585031478331	-0.435958332082557	0.956378634425965	-0.65274827340958
-0.226285348238092	0.358168803427959	-0.395691335952632	0.0574620980278304	-1.02193782747376
-0.00619522623264423	0.224063656559335	-0.498694914011016	-0.448448117976438	-0.832407918568466
0.00149437614787727	0.151766928785586	-0.130009972384503	0.428136633772957	-1.4019090439065
-0.11942607872972	0.0298775255516235	-0.550524264978083	-0.284580108729531	-1.15812717540348
-0.585744832247274	-0.266622693260141	-0.175371949365324	0.0934702474629374	-0.508891996092967
0.202503567144726	-0.228659418937861	-0.250910281137642	-1.01180360566035	-1.04240065093955
0.0316001038655741	-0.739125824554237	-0.489355058720626	0.0869307425022882	-0.688506153411731
-0.238772562333851	-0.240788171684828	0.243189364957421	-0.620251060900771	-0.315479088187103
-0.702898192846339	-0.499975595376564	0.0536169037056379	-1.91924490540182	-1.16049613729355
-0.2483708010609	-0.454176285337637	-0.514430387933531	0.306774935295745	-0.385970109381382
-0.831275999825664	-1.04888104437856	-1.20309323255823	-0.643509868516214	-0.82669031013553
-1.02780098186966	-0.128988870504985	-0.589177024293331	-2.54927887625166	-0.417089619369266
-0.478631669959855	-0.472399425020671	-0.923694167239916	3.90915978352544	2.26994002527846
-0.00710155765479782	-0.452852636780739	-0.0885655484989792	0.240894848636782	-1.12990507410476
0.185115901510663	0.0545272548335331	-0.790537823875078	0.130930268075838	0.580108666257875
-0.0637008848909525	-0.23683292267587	-0.366270394283348	-0.625371838874103	-0.32861776692169
-0.0109666514929946	0.247075960993904	0.561049087378642	-0.188982735330728	0.460279412788396
0.340056601426577	-0.334880011045188	0.213699970171803	0.941603086863574	-0.372713502701701
-0.0436687223224639	0.62475925816129	0.168427980542832	0.131661464106421	1.18884467819756
0.0386863988295729	0.255099906793122	1.27931009330986	0.244395404846678	1.38987680811247
0.00697940792154904	0.0941076414978073	-0.134250481757274	-0.367141502204865	1.24369509859219
0.437008147341104	0.0247054288737461	0.0111481627512437	1.24445578710684	0.746728938178848
-0.287984206353414	-0.169573838063611	-0.0181750559434638	-0.0488936565685954	1.80510978749959
-0.0483900231045476	-0.0144448631115927	0.350266020247239	0.371969663956686	1.40727548462356
0.0357752822347705	-0.365255395136208	-0.485667680693638	0.0254275003820036	0.648188226586943
-0.273879663387378	0.0602287768463542	0.575988822041621	0.0872387375906489	1.94915051417443
0.610680267738059	0.632189027212364	-0.314445946238071	1.14428379271112	-0.252355383603881
-0.142963911957579	-0.175951915109224	0.627329497710866	0.591931155583508	1.20728029162374
-0.124320976993448	0.151662346614319	0.164661671471176	-1.31840323554361	0.625947108343544
0.00523868101362413	0.169558377711365	0.145504151203686	0.436662317541754	-0.286221189773608
0.0179373819807841	0.146118280168099	0.54573996062779	0.724370942764337	0.121135422370139
-0.064926173103218	0.157213474565819	-0.522662944999479	-0.499102396028969	0.00625048548759665
0.0309566749824989	-0.548242058553586	0.811191728688965	-0.255289479067351	-0.376049012333538
0.173052293427304	-0.343933469500959	0.418414733280972	0.473553125520008	0.12345150589399
-0.293708037443627	-0.00537175916921128	0.254277466847504	0.101378197735181	1.21900306095674
-0.139405667890847	-0.0705999437201372	-0.206192810252813	-0.44656421017445	1.10081403401854
-0.570519873504136	-0.245758008275982	-0.731226028733599	-1.0261381678599	-0.39600293545749
-0.169935438963985	0.160039669542213	0.141350042228436	0.92108153336551	0.223822275703075
-0.572421256829205	-0.0875326354231984	-0.516856627559108	-0.232922156886916	0.504786787259371
-0.594029853338787	0.301758564788966	0.0111765056358627	0.29276628484386	1.29253144305298
0.0657785007657704	0.332385966489872	-0.0968398774901763	-0.250742576603764	0.796635071556161
0.126391684203483	0.575177094999041	0.049224993465067	-0.627266768489247	0.165785824311169
0.232078210137838	0.148069528039649	0.71673919367037	0.283204747199627	1.26006266969382
-0.19450702312144	0.328559849807569	0.413408566767977	0.0297386911001198	0.95256922353794
0.434899120915725	0.15815894671475	0.425342620275265	0.657648193532817	1.05364049004779
0.271710387164104	-0.21015202615468	0.247902643583575	-0.016512600768539	0.246074248705178
0.019587325453739	0.217294418771291	-0.21020699226567	0.917806007336426	0.779588226503001
-0.442889145473957	-0.199177911773327	-0.647742953180761	0.308478899392724	0.984292122161866
-0.30275101369764	0.589168847171765	0.357830806665509	-0.770817639065308	0.901722399162882
0.0812108764191134	-0.39445753533415	1.05690121203559	-0.273073860373606	0.702744475239758
-0.0170556107817925	0.252722275151214	0.72861839385946	0.130858241439903	1.16986279304957
-0.320099912870719	0.514243506521414	-0.293014816267012	0.230551185451633	1.8528661877638
-0.125007696756137	0.575095897363402	0.52475035188066	0.276783381477478	1.11259050849719
-0.34574240065458	0.536334507289338	0.321805092031258	-0.0886673356320605	1.53222707286058
-0.240538820698318	0.60278154706341	-0.0918649321339226	0.254394936667172	0.683100662703913
-0.109310481287598	0.910365974388862	-0.035984420462407	-1.01877319792296	0.841413859947611
-0.246331383832052	0.231727077598903	0.181063054808092	0.275306688412061	0.036823611667172
0.396345965558162	0.396848688848781	0.104339335516286	-0.784477293027145	-0.145392218832581
-0.210537418978495	-0.0289689475466737	0.325692968890793	0.183192460335208	0.0922049891709009
-0.124082815467765	0.29374954691734	0.145657195165234	-0.0104988868729124	0.603728927816356
0.0415144441614538	-0.296283566174291	0.494340007704036	-0.410649932512143	-0.0560934479432384
0.234912801872407	-0.682546999340219	0.459213226796313	0.544612266583933	-0.479623230737293
-0.193474811380658	0.0323506331449207	-0.485829622249453	-0.254720193305447	0.27950574081362
-0.340650093463219	-0.000685419579566965	0.183003828417503	-0.300711892832628	0.429176586888554
0.0253930506639557	0.196941539239214	-0.0752773674544866	-0.493771799815285	0.50981883231233
-0.0936889260999918	0.117288529404469	-0.855085722056047	0.222318028330549	-0.289322804265577
-0.066256167519112	0.172920043212044	-0.247889285315077	-0.425631401470953	-0.0516203748589502
-0.301002466847744	0.409935379509672	-0.128380702249777	-0.460115653755849	0.595403151055064
0.155002769396923	0.128535014051414	-0.467875649205316	-0.663465003044771	0.878504352088224
0.519543676774207	-0.52767993799683	0.637818301960897	1.83177277731891	0.479932721384886
-0.0785885101195707	0.243266658919797	0.692503354363217	-0.526870882224804	1.15182807422756
0.155872142360535	-0.0124515568180058	0.0406632440669941	0.275344561675718	0.770531205992183
0.329103633767442	-0.266562561726322	0.823998935506592	-0.947744783130318	0.708850154912253
0.00912137294738412	0.00893663143039743	-0.360855575137957	-0.0725133880922891	0.867577252263967
-0.0764454126231767	0.041206977600643	0.0432825466866347	-0.854638569776128	0.537735917874757
0.193435653279933	0.0654552602542392	0.595580125320181	-1.25754959427055	-0.29926583453021
0.0581253462676798	0.310504058712477	0.0315798901448251	0.435048795913843	0.0555797097531712
-0.00721279375184264	-0.372560434222078	0.002890248052763	0.552158540445767	0.90925477185411
-0.0666228465610205	0.260280318498207	-0.00523532704887681	-1.06903411133536	0.258743418425844
0.206749089299977	0.568108519398446	-0.216857548560449	0.175791541742384	1.49934167990907
0.027544594277704	-0.320185524568345	-0.295983745106691	0.35732812920446	0.20300095438538
0.380774627687172	0.0852977940381994	-0.240455627738196	-0.831731010557491	0.657185258505349
-0.061139633732772	-0.0755606377182607	0.444859162552054	-0.495559587089369	1.08062486406959
0.121981594182606	0.0120794031934587	0.494777423564551	0.900057891486729	1.02917773498063
0.533272695322688	-0.37397027576843	0.12273480815899	0.400473507839347	0.301194323631578
0.598190776814262	-0.107708770825858	0.0455682687212458	0.163143555906894	-0.171811431979668
-0.242812375129064	0.372997453843361	0.0965909560098252	0.634823820946444	-0.00218140276774035
0.0807127270164349	0.29549015699058	-0.0421222735243798	-0.531610921742035	-0.607097712540488
-0.169476749972127	-0.16583115180977	-0.501544716020969	-0.702056019641795	-0.702578232614409
0.0455612129829352	-0.0733016672037339	-0.359295697866026	0.114156907917707	0.390200539731573
-0.261995075867306	0.231836435020273	-1.11042607713476	0.256164090597868	-0.450109265844675
-0.583235638043372	-0.0780792389810028	0.122766147209623	-0.25225168413981	-0.334974345650963
-0.32385574084787	0.21681737165127	-0.156924563630263	-0.138455010846169	0.0452473213941059
-0.309221256276897	-0.238808295629358	-0.385364389541643	0.0456915757605921	-0.685168739376463
-0.512750552047774	0.357253057893764	-0.101434427385313	0.09916333427414	-0.555072812961168
-0.456894447609223	-0.0675623761493848	-0.702123438054067	-0.539337233746851	-0.936457599927944
-0.0314972298142438	0.123539709520549	-0.190301463597752	-1.72214833021429	-1.73569808412198
0.143199651606944	-0.220923068721337	-0.232955332472444	1.86430077279158	-0.995111379196678
0.157208062578643	0.00964932066367754	0.0250016322098884	-0.515775462613537	-0.996505745544143
0.0133129360444987	-0.792463378653286	0.0760949366946562	0.6474873154383	-1.67446004578346
0.313710143502872	-0.390603595664621	0.181212171496604	-0.514861310628447	-0.879709541511815
-0.418926681937644	-0.300603819821598	-0.397921563686767	0.0348455419313064	-1.73380328433406
0.0829565424760658	-0.456015856445775	-0.32457194806545	-0.718002515770695	-1.17276999010275
0.122394516017743	-0.0593227470010798	0.0215378840824329	-0.0312444230216912	-1.76609623153556
-0.0855296728637563	-0.547304280932559	0.0133536147843333	0.482832671038927	-1.14509302327614
-0.0524042427655361	0.355741767135132	-0.703196237256371	-2.03376254826962	-1.08501214260971
-0.723363407083586	-0.388855952343505	-1.00846764986627	-0.264384513726967	-1.03020195871079
-0.402893095038866	-0.849260379201233	0.0379749673676507	-0.634954686579507	-1.6725412534783
-0.0179728632150681	-0.996828628274631	-0.323981822395261	0.16811475157285	-1.29226967292112
0.204709549974935	-0.312593565676825	-0.820639582795222	-0.101751063802841	-0.847877232823436
-0.168461340594387	-0.670613519246213	-0.482161251344596	-1.34988884677607	-1.1425221061994
-0.365028491532568	-0.000357813540849608	-0.161605420955236	-0.736988882055605	-0.7084989839432
0.146541016535768	-0.0998480910769859	-0.498139320173047	0.831970331931061	-1.21928185951031
-0.172149982074247	0.138196602614347	0.0684466915699612	-0.15017810720861	0.34659511393791
0.00292443768803926	-0.174795416793318	-0.0293796587139946	-0.643860884493419	-0.594953402160562
0.255272524693398	0.00898859249248569	0.228845431016863	0.866387004476291	0.633604615538149
0.360765555715993	-0.268639380598978	0.45858343382012	-0.476009142779084	0.127521231402273
0.178354845326709	0.135681821051554	0.129372130384557	0.0716375628797764	0.142736824628014
0.10024016236041	0.234830975103559	0.901301223371439	-0.372344506119016	0.984265761327361
0.011864093411093	0.205491776052963	-0.260355235826926	-0.812672299803432	0.399667020547499
0.312958823889088	-0.0807364909551719	0.877905477155539	-0.10188570743255	0.162042068013963
0.21256615798417	-0.715849456646089	0.154417929479533	0.862206997518449	0.609785519444722
0.0976826846341572	0.478767479697925	0.11743125146051	-0.0886287703828358	-0.260087390019796
-0.161410042091054	0.231346761529855	0.578088690156876	-0.451148627779265	0.0165221512699456
0.293177209933715	0.0306238985686626	-0.133952767389822	1.1105362113835	-0.189766941196143
0.120411053287004	-0.300042817365282	0.447758288759258	0.977476535049319	-0.323385993124841
0.35774021536451	-0.193073612207515	0.865926059405067	-0.0626625004475932	-0.439259387495046
-0.10229635264085	-0.0689890464581324	-0.435947771073151	0.0355240199957537	-0.189350857658511
-0.173801433671445	-0.172923640261752	0.729316314260191	-0.0440877243219008	-0.657705047991261
0.0728874607191759	-0.683896832023352	0.168096703040768	1.388213557223	-0.347866003480831
0.214943488342363	-0.274287731824786	-0.356811320279296	-0.490853362740692	0.30121475306661
-0.0311713283212038	-0.413456486383685	0.213288178011472	0.0921559108996587	-1.1975764321104
0.224555813571583	-0.62322083443307	0.441669760416394	-0.822075314657346	-1.39453446473322
-0.00538702567225454	-0.167881791256512	-0.176507911667927	0.554534618577157	-0.472289675010825
0.130629757395163	0.141430966481034	-0.68508906521755	0.009444564402997	0.795288950146687
0.0750801684934702	-0.375263443439069	0.883982197418025	0.906585853898247	0.193801380387186
0.204315390262983	-0.213337509395469	-0.0817779192433183	-0.0604446971756991	0.638395870156495
0.44994460518222	0.0633340337550651	0.347095901655194	0.464702344771709	1.1050653710103
0.126630364760443	0.0320124906778951	0.759333106870383	-0.594123637032164	0.455490650991024
-0.174708386684967	-0.203406715968169	-0.495055619642406	-0.0788458297227088	-0.723247350660284
-0.0684400369369498	-0.256697098633926	0.870704154658514	-0.47529748149829	-0.0141471187996128
0.00776124461617741	0.0890388414712509	0.293995986173267	1.47768036095541	-0.811724848036999
-0.121529063579263	0.0391650159914974	-0.105963922337521	-0.893328053549242	0.0659852182307041
-0.207344454061102	-0.0399672048271875	0.515609470593764	0.25252203839037	0.409793237602122
-0.222167728064481	0.0209107822187203	0.264410626598744	-0.658215172498805	0.593124594852969
0.19922574592889	0.639221728460816	-0.0975350335393704	0.446180109813304	0.758471205215537
-0.141567279681544	0.326016988995823	0.523319214598791	0.69563715508819	0.799711431565959
0.0904608949405893	0.446760545932086	-0.215824783384221	-0.504502104271524	1.03326615646719
0.0687584174919397	0.247795276911974	0.683091587384029	0.174609489821015	0.395750221506183
0.0830452332842156	-0.158533153555839	-0.216831706337929	-0.409267147709862	-0.367483521256216
-0.109549488850558	-0.177976965692989	0.759993554600112	1.50675726307837	-0.582916294783821
-0.340327480391268	-0.379958747468749	-0.0878109397324477	-0.349799052635506	-0.00763951062069244
-0.449657132265456	-0.207439992647289	0.360223274566319	-0.464137678354988	0.267811052793265
-0.319163515216226	-0.837589669996944	0.943116042914945	0.864248926224735	0.245200415935319
0.193862462367883	0.292245402595937	0.550522877124726	0.237693516912595	0.608598661803774
0.247631992205575	-0.0950322003896115	0.0430048104211952	0.67358198239997	1.37286765870705
0.386998910343758	0.134532002059736	0.327813515745407	-0.444696163101503	0.743140404519069
0.231651672930842	0.631964134440631	0.397277977013955	0.755687161498912	1.25618910245387
-0.0146814234628308	0.541637593438141	-0.212063359210254	-0.387229695100084	0.194503126312879
0.608014483781304	-0.0774057761230776	0.238976771530896	1.21452078178868	0.701432321537157
-0.206069567646914	0.478631630050218	0.490384455635309	-0.459470833116896	-0.00595159109940613
-0.0281631374589189	-0.164751812608082	0.166968978584381	0.158589180960604	0.163415210148575
0.296482313231912	0.208421601495685	0.412633710189535	0.111817648172518	0.30018355202543
0.22459885248904	-0.184111633909578	0.377119329981899	-0.723371405037977	0.0899042581796312
-0.272054998355948	0.278331083234236	-0.0588633378318191	0.291898676428799	-0.729598661157228
-0.078142033924899	-0.337582510465968	0.505509554588012	-0.455022368476043	-0.182185692549325
0.234372420035764	-0.445375069200389	0.0867939595127835	-0.0416195811768546	-0.82653961051926
0.26771793567049	-0.218342630871886	-0.164425655390266	0.803148792864008	-0.845225462269619
0.480791348920391	0.195672413098341	0.854637425623495	-0.157719841518549	0.232004034523234
-0.116647326094965	-0.0911394282870726	0.0462459176830962	-0.694693355719506	0.589305662406425
0.120820221130132	-0.447415126798189	-0.150175776044423	0.610547428853877	-0.537820811329461
0.30209564382971	-0.0741082547104725	0.416296100566545	0.115871051161682	0.636245814423955
0.050920059802092	0.150888493913222	-0.159082358653889	0.619614693131213	1.08613592774657
-0.0448997155053485	0.326597408824366	-0.419699348577381	-0.9658080386218	0.610235226110071
-0.00125579894794558	-0.100418188006974	0.195122086359728	0.310262141613225	0.803447040373234
0.463962012876754	0.389907634699381	-0.229775229842718	1.7128164584574	-0.387696886473734
0.317932373183733	0.374321907102391	-0.605506771454575	-0.373823292420274	-0.00943280868702204
0.045404813921912	0.320941628937902	0.547919965096804	1.19834333942258	0.831787253537374
0.111280593957899	0.666545197448148	-1.13475593657317	-1.26358469273873	-0.228391287673958
0.0917826950943729	0.0918752945626717	-0.399493807342401	1.14296140089898	0.128353468642395
0.49893035410506	0.320705989706588	-0.210623989956215	0.343261158539032	0.202114810337249
0.155887392045514	0.779083098197928	-0.278456342434101	0.9527597314672	-0.112722541198446
-0.115749671006078	0.110432839713182	0.036667851700015	0.70816430335144	0.627880240880306
0.090690011390793	0.195884401210869	-0.0106666712524629	-0.388982424447152	0.48754390803431
0.260937702233026	-0.146914542106919	0.0954083704095901	1.19307396159196	0.291451342968672
0.366463923951148	0.00973451832890764	0.371498041282158	0.367557596298536	0.559482351568048
0.0117018290015972	0.519291264437474	0.0801385469913541	-0.759158231587263	0.642727804129886
0.0909747341412466	-0.00388388752986279	0.313787354708302	-0.62833736138472	-0.0754214870848568
0.334818580744951	-0.252486788588916	0.638231875839741	0.750035369348148	0.175944812185987
0.737097251670734	0.178187001116532	0.38877815473571	0.171804632609869	0.218149928648676
0.127779667038455	0.665950050440679	0.170947840525942	0.218266452718503	0.925543111014507
-0.0892549163608057	0.374908131312826	-0.237015562067017	0.149524462843921	0.379487698251036
-0.565366403426036	-0.385120815920958	-0.431040224651271	-0.712249296856408	0.270065548089353
0.181572607479881	0.172595181899015	-1.01768867165675	0.0169875690196203	-0.753092836955562
-0.0624393190447303	-0.252612063509166	-0.340049689555578	0.659797474336179	-0.294270633266197
0.46826139806092	-0.168534964734454	0.347369527674943	0.0606142890396445	0.25086705531731
-0.000405073766179078	-0.357571424917826	-0.888391736424122	-1.12131770975597	-0.0299666988612551
-0.119687560572294	0.222814710161119	-0.14900464841663	-0.376401554092032	-0.428722097746676
-0.122085698706441	-0.275291411958101	-1.24693704178035	0.229052544918375	0.0713722197311702
0.332959737523409	-0.209341391519359	-0.118460739718471	1.68881843665914	-1.2955792533887
-0.114063417325228	0.0784206575989906	-0.534375012887846	-0.916437562132726	-1.53339784171697
-0.00885447223927585	-0.184591863537686	-0.663149172464596	0.185507183047483	-0.958624963591582
-0.351186635602051	-0.447194538910827	-0.936021127342854	-0.867720416562922	-0.721855825406795
-1.26119534544957	-0.312161870919284	-1.26915428649944	-1.69635259268554	-1.91069804840838
1.95149962623765	0.0414186775656645	0.658247868218265	0.486696424527542	0.73330479105054
0.794251355209833	-0.601925200539077	-0.511291861060505	0.377438402177694	-0.41377979083362
0.825727764344916	-0.805444536456767	-0.968545203681616	1.84063288508539	-1.55069208932244
0.63360288644057	-0.537259431225613	-0.347098958749065	1.21911692047147	-1.33756994789967
0.27412162701373	-0.744113323088942	-0.582156026895615	0.122840233002271	-0.408785567397782
0.116154504005456	-0.723296021779369	-0.790913116877109	-1.09420659321674	-1.05991959417074
0.226702575275949	-0.412576441644312	-0.674233947220594	-0.175757999259671	-0.0779153440899973
0.18307982636215	-0.438491316557107	-0.64656703591503	-0.478789637220882	-0.00323012988372823
-0.0976028016455667	-0.350759198513534	-0.540987535167917	0.100792449955401	-0.229463036827467
-0.306829089057755	0.0417452708366497	-0.713439505324724	-0.202359568512742	0.854413166829928
0.178485579723808	-0.148305869517581	0.116565865175307	0.635511133522167	0.103953645132755
0.663131776564471	-0.123319526338421	-0.924633312143003	0.393769390614736	-0.0565378334507885
0.710927555171505	-0.243332730896847	-1.18265900027808	1.36444336365079	-0.691309163066642
0.734158528659071	-0.271082736576699	-0.741520302976933	-0.99486595975339	-0.761505160270238
0.145239794725475	-0.719974158753397	-0.0656931751485072	0.341788147092305	-0.662061823970765
0.431671066576698	-0.407557821732447	-0.944131559001622	-0.136281823625006	-0.754860789876763
-0.0417245784198455	-0.422994410133999	0.115245934262452	1.53836688689525	-0.596294000488471
0.022503561091039	-0.382668396932713	-0.738667537512679	1.77786096518696	-0.0573373557195518
-0.251133057917814	0.179375562345842	-0.217404840027647	-0.925305926557922	0.155159718393192
-0.181787774890753	-0.47411509413472	-0.765631064535711	1.50456729819441	0.382939579527682
-0.0428768299024027	-0.0719592951107833	-0.18021355726825	0.236372262623501	0.119482846552914
0.113719766457448	0.573973854824014	0.314285707529922	0.271129107442706	0.738088499829867
0.239039085045164	-0.237829897573898	0.0759918042783966	-1.29866434971093	0.899647215938859
0.188777731078256	0.631642552953058	0.42953025350574	2.34060097353489	0.745830922035912
-0.0573056325928725	0.187590253173528	-0.497879195407309	0.204511476317472	1.10948047955945
0.243117174829244	0.443210454126977	-0.356792603534749	0.448405440506811	1.63818349168722
0.17672852427998	-0.349583467581299	0.672780272187518	0.834573756046117	1.88150249655617
0.126245565622481	0.390517483634506	0.718859865553411	-0.453622930544828	0.651304421512913
0.0635282956230617	-0.245302363534418	0.609350553064928	-0.360128883811989	0.730842969685233
0.174557249501508	0.0465004425712197	1.36266582964946	1.04922076594424	0.276272023848616
-0.0404551242095411	0.264064827615	0.185980618381321	-0.176119079866984	0.435522715233724
-0.137343309376332	0.152620891230636	0.13063229135128	-0.136408495019717	0.00245847645360695
-0.125952098294418	-0.0495466767048377	-0.0349229302917285	0.112614840111248	0.236933866059667
-0.0868651746737967	-0.310513780104462	0.178653122740846	-0.102811860804096	0.351720235885735
-0.0317946526223477	-0.134654655697437	0.328412951513571	1.41012583687798	-0.0266743869670214
0.0803113860231777	-0.00596655940951153	0.281364727306375	-0.771113782211748	0.413410005036704
-0.0854688545817885	0.128277601073872	0.768491284168812	1.44915864134312	0.548798098982244
-0.0972912369611035	-0.112948521530986	0.0820792984915137	-0.350147138184116	1.00589814524237
0.499220406505689	0.20446497282822	0.757581368913752	1.70595181610456	0.62408903388544
-0.288124832917776	0.383326093850319	0.545811709769116	-1.2972265040036	0.190869257261514
-0.318122419898074	-0.221724308337709	0.0736432963414741	0.15048205082058	0.43240251287921
0.419569072963137	0.54706139476022	0.196260538455938	0.146695359593294	0.726203173700017
-0.0999447224850128	-0.351846638378169	0.664344075641559	-0.724769136050652	-0.314390211717942
-0.435730987644995	-0.216735591656164	-0.0858974722440686	-0.770539887153092	0.337113391577136
-0.189431210529533	0.177950648806671	0.318606433415592	0.699533365918458	0.224469592288162
0.02764578160021	-0.351387251838061	-0.0843670238016035	-1.09077181590968	0.148239112775467
-0.36401820290304	-0.027082160872522	-0.327425452631753	-0.503522217850621	-0.52322137733221
-0.554630346762997	-0.49601818978138	1.50378744420892	-0.895725304639653	-0.407013105258633
-0.0631518038000474	0.458311284547722	-0.102649645187041	0.851437537134543	0.587099130728208
-0.116286098656507	0.145966481539319	0.192512645797404	0.233085763941702	-0.180493218285432
-0.496410639615719	0.0631477069658783	0.568687249056114	0.0255663409014995	-0.227932753028489
-0.352363312032739	0.57892572233873	0.199064810395308	-0.898821231923914	-0.810339147309028
0.246143195869265	0.259948767801788	0.0774824440142671	-0.175054305220292	-0.223487373280593
0.2067496065605	0.0894694595805621	-0.298230894082427	1.01565903616437	0.40026959843714
0.118094059516933	-0.107706404647635	-0.090128748598766	0.584602367552561	-0.196188456614169
-0.0853441058671638	0.21717740506037	-0.0930055518609315	-0.481585872215066	-0.243397104830059
-0.192781660723495	0.241868098353779	0.413740856838867	-1.15206433052764	-0.203630849057698
0.14478544294069	0.516513143836005	-0.281079194579487	1.18048780986793	0.751077960687223
-0.395554272196279	0.693041594087259	0.303951384845087	-0.352965648384288	0.670975602104437
-0.330523884665159	0.700601951218038	0.883370433264492	0.470743202889649	1.39169605728374
-0.00506699926237923	0.630467591574143	-0.0616918120986552	1.25258087525203	0.851753183859429
-0.628431519548709	0.569995919110799	0.416031942512605	-0.809189580357275	0.233217467014205
-0.141023671405509	1.14357454758824	0.0628347304754808	0.185044516162236	0.600522325108669
-0.293572695208903	0.172341023452818	1.74917142128631	-0.578603627195498	0.778693868080322
0.191020833346194	0.705771562789355	0.300870076544002	1.29033806086799	1.22536504354866
0.112445193221216	0.813093822220236	0.686051632354681	-0.962184801672513	0.522492756238626
-0.057246447607812	0.313664826918965	-0.0470756633411313	-0.482822320322245	0.292762439043218
-0.00885584766831358	0.986446589161757	0.658337124089512	-0.83282040221714	-0.0410643586121507
0.00818308145070432	-0.225112053785463	0.267818672257241	0.822204498113347	-0.245690427818698
-0.0563753203913276	0.27022602959785	-0.365948622457462	-0.550727074813129	-0.218352811119655
0.162045939750791	-0.172753831678745	0.910025967686349	-1.95417805022798	-0.37243734560023
0.0557014480008758	0.204127621373785	-0.134728477922976	-0.623023858697497	-0.722648380016561
-0.0226366828618288	0.0543074063623323	0.845714516730582	0.505856486990851	-0.00820249534252502
-0.0197176963856272	0.523000905685746	0.361787316477419	-0.746218915153134	0.740659470859514
-0.124282731063919	0.528108676333076	0.568566329925566	0.493839193886437	0.588650552434343
0.141390300605797	0.459882590790409	0.595343913228842	0.415599579304404	-0.0705412885310337
-0.194942109432138	0.0586150571202594	0.651539849948756	-0.194706460685275	-0.181547493261085
0.201622856449527	0.250199201154149	-0.195337946463784	-2.180729046437	-0.73463350358335
-0.409755462703142	0.296666233818841	0.601628099739137	0.06282691855758	-0.596315093999156
-0.0452416248436117	-0.245098931588961	-0.107998943589808	-0.176886032277089	-1.58501044016058
0.161558609749908	-0.0198921611406474	0.137905884753201	-0.12058672846857	-0.657064892757746
-0.226799807638823	0.211264255110213	0.532423164822585	-0.748392795492939	-0.968466553067494
-0.301503684033473	0.198638902161267	0.609556930271374	-0.633947340872776	0.0247115589823406
0.258089062873555	-0.071799265835637	-0.276206071184768	-0.162510863098135	-0.699395278285848
0.0113653196564091	-0.515089948844034	0.346526499516395	0.263146505623387	-0.598048139991516
-0.194843820416451	-0.22273624609967	-0.484066066587203	-0.0752577060870932	-0.435611080827868
0.273454698622265	0.318094317032491	0.286291762012035	-0.456066835531336	-0.86404286327894
0.0301308773800265	-0.168898669277462	0.0577389605546507	-0.54948286745886	-0.26588665086719
0.0204164050965049	-0.214810280442172	0.12740699692143	-0.134349385592304	-1.35543849040077
-0.333706732241182	-0.0122708391522827	-0.0462452972363569	-0.174985059832644	-0.365428327361695
-0.219199474039217	-0.0755902077436039	-0.335471321207492	-0.312012222701036	-0.629258587253729
-0.415729880104933	-0.358626790356054	-0.137765949576257	-1.02442018474071	-1.07045519587902
-0.370554119281957	-0.573147108664091	-0.799377409440954	-0.681735120878617	-0.707652494462001
-0.298531716879822	0.0459876914018356	-0.177187162912983	-1.15240040903291	-1.05570880626408
-0.403510731824748	0.112683970602724	-0.00112093324833483	0.505135501724638	-0.770191863885481
-0.404218148856301	-0.1841792733685	0.498981535170283	-1.35205437945951	-0.389639629122343
-0.37454829942183	-0.392932531257821	-1.20545693906199	0.786572043307171	-1.7838956223985
-0.606815021770214	-0.034318946290566	-0.384845718255763	-0.322216586491058	-0.979303829240575
-0.228701978600848	-0.433835290031968	-0.601718619848202	0.113270579838951	-0.959957004644291
-0.534114596684918	0.0962300588949251	-0.103483486458043	0.490371205354842	-0.774689276653239
-0.120544025486537	-0.0282638418447355	-0.298349274216716	-1.63326851720905	-1.03021875637369
-0.373477288801041	-0.271048491839981	-0.025003187563117	0.628485796503481	-1.45340500256395
-0.265824803112841	-0.0579747730282673	-1.30062157139644	-0.873675729045685	-1.6069201474493
-0.0988839039736931	-0.264402796868028	-1.39835053939274	-0.691473494449183	-1.18635432857336
-0.68056389047348	0.0171972198137515	-0.717085567970932	-0.468790912417392	-1.07126484311064
-0.606587100892875	-0.67961704932005	-0.499672666730894	-1.3933943656343	-1.6478201592084
-0.727679405913775	-0.306048731682518	-0.688590028297239	-0.444354070677979	-0.649081692146113
-0.477792125502861	-0.146561516979563	-0.531040571760591	-1.37464536442051	-0.560009667361383
-0.559554000915804	-0.263810961589294	-0.124411563151519	1.59110419693165	-0.995769212455121
-0.484539620408822	0.333760280655246	-0.449653091170118	-0.0521092027970932	-0.339430087318299
-0.7921245314798	-0.138873075367799	-1.51957326540077	-0.444300628917582	-0.331041767027958
-0.761249421923635	0.121187162899975	0.0602818905277499	-0.27811575919494	-1.50211697554332
-0.484351005087779	-0.186121989260472	-1.169414459303	-0.0118992097132629	-1.26476421438022
-0.315262342357625	0.536585267805753	-1.0456527011375	-0.175527436555324	-0.595898331281992
-0.199048848290211	-0.0469598085844648	-1.12347937774247	-0.742496280884555	-0.55772928026623
-0.660557271578509	0.729809836243216	-0.804576118248975	-0.704542086646675	-0.0434286497924876
-0.413680025191989	-0.0648405938883206	0.945171360111424	-0.327899817755904	-1.12227125652042
-0.0941586426390223	0.214016662643342	-0.705715164602157	1.3683703325186	0.116494049161304
0.0302840014733494	0.00383128041172122	0.490597415008623	1.80184295662049	-0.0143463256495637
0.0497578532550795	0.40645786368441	-0.358530461300155	-0.363505775665303	0.340959330944445
0.307812499446618	0.461167534611126	0.0702567670724921	0.439832291956324	0.887222414064622
0.284203943123316	0.38112114772051	-0.339381771394366	0.181261901038443	0.65721305945502
0.161635242152125	-0.162434900847963	0.340356448950999	0.199404492107152	0.445883839822637
0.123689127482607	-0.0551114430235492	0.744980759807985	-1.02388874480219	0.328179810006976
0.126590137755592	-0.0730804936756372	0.00676118815353342	0.499746626099398	0.300761669467955
0.0885209761426571	-0.374697224523848	0.281709378243808	-0.373237256438722	0.909505650460505
0.390226543482446	-0.56831154675865	0.472601974402953	0.764380156110922	0.421366605243314
0.00473080702545281	-0.0114798140229318	-0.428551606659995	-0.0683982122775857	0.551420342292809
-0.0394716169058612	-0.341590091449103	0.571556586172489	1.11585057794135	-0.107347359293071
-0.0414845032748785	0.125841859819286	-0.28190330077448	-1.51837473568169	-0.0421171534154394
-0.148168985677214	-0.0881001055034968	0.300487018036179	0.0907835707267975	0.0611734232117258
0.159775723169049	0.0961820726542974	-0.437651411684215	-0.646074172867278	0.230952611726167
-0.00373164712853887	-0.278019106168976	-0.173085875601643	-0.618225157847359	0.447232144042879
0.0318529336909698	0.119576490466511	0.205306515662262	0.194325904514848	0.559649957724606
0.109572745244757	-0.49476041328756	-0.268677511568049	-0.0650786313038952	0.764948183495888
0.0886359552972324	0.049512340239926	-0.178005579829102	0.404671927057351	1.02608870043352
-0.105890861989037	-0.420094178557919	0.0687806761586323	1.00742215806532	0.251439982349535
-0.112910319085584	-0.484362884943813	0.0484471854260328	-0.903049647925401	0.297796653753681
0.283942102375129	-0.121474574153289	-0.534515928528675	-0.000492449471201058	0.507795370904702
-0.147710336111486	-0.38587095576179	0.0697131039099912	-0.0190068525815634	1.30623160148796
0.0869025386089021	-0.440731429552936	-0.560011214984443	-0.0911340451303448	0.622441455849128
0.191715003907292	-0.00888613913030479	0.221578483032437	-0.830111033680418	0.742886580843293
-0.0446425697628471	-0.378121981966053	-0.110088363226232	1.1341174176637	1.22497541430402
0.2091131952497	-0.333679883929896	0.597831247339511	-0.224443310618415	-0.046161979233896
-0.134784291044248	0.130440581077695	-0.340549258867733	0.296623583815873	1.20609255138079
0.0476383398867093	-0.709462889600105	0.289733286216263	-0.126282303370119	-0.0986181507350613
-0.169413686446315	-0.187555655246993	-0.0797567370375035	-0.800664041969942	0.427704193385164
0.303300099656635	0.00884764013998435	0.178977327496422	1.33305403325101	0.46266560724037
0.0482446480548526	0.427581280917056	-0.0342219958855667	-0.635445244029758	0.804149705219217
-0.268040953238967	0.385191640733228	-0.024013261835792	0.0475864188279938	0.765766529649789
0.37799057282394	0.0572918055004937	-0.10102455444167	1.51090276861282	0.778040127822238
-0.044632647433222	0.174582719688965	0.463318042619816	-0.497922934346213	0.796176507734266
0.00905848668343875	0.15569104351013	0.183313427857934	0.528462725621413	1.00186541859498
-0.160658664627499	0.217052474075736	0.229275323910476	-1.97088440354785	0.546392542171572
-0.376599031581516	0.439593773065974	-0.0548347014707755	0.161557439721063	0.256412733971739
0.0433729954721615	0.267460959105081	0.229169810060431	-0.174686156590451	0.669834518803601
-0.27056328974764	0.833454222388801	0.63087786385934	1.39765978588384	1.15668375724074
-0.431526725699289	0.519377592414764	0.627927239953976	-0.923046872634918	0.262716764403247
-0.000831365743437348	0.462179131460554	0.647719659109796	-0.118162100154702	0.632995517085316
0.0272037832231338	0.317573931811774	0.358861240197972	0.62429355012776	1.11715287938616
0.131585455401772	0.327972037062451	0.394913148857314	0.272043644054699	1.49887891902564
-0.0348901744169455	0.63295739357581	0.46106579040433	-1.38889177456965	0.735862373150504
-0.118241212595171	0.603468357546652	-0.0347102877921981	-0.405755232495073	0.970365080566554
0.391925168441283	0.24816984975646	0.621553182404615	2.10607516940337	1.4595739410888
-0.228698975840095	0.0164816160131615	0.0507419044009221	-1.03655877881916	1.26428853404911
0.305225732993988	0.082065121444074	1.21982998656169	0.0935883354018509	0.383539336321991
0.112369766967735	0.156177638122613	-0.0241925833574398	0.19630112913246	0.0112050698842995
-0.187133363950828	0.179838947416053	0.11709091332853	-0.604115471146667	0.393120165495467
0.120363144935084	0.091695772299411	1.07144837488986	-1.17271505844971	-0.220479390698684
-0.114541739622501	-0.0715264530890392	0.162591162215044	-0.959773256127107	0.0944635012020163
0.205297574198258	0.476101403579338	0.573053921716207	0.642284577527338	0.123047225657142
0.321067676796101	-0.217691630335538	-0.0584708434103802	-1.0317761015398	0.208139495438245
0.000534823256017615	0.495598657337679	0.032943561420866	0.541255321362251	0.889807605273249
0.214703100824564	-0.0983210443673542	0.27828035598677	0.0609129157506881	0.549710551773007
0.246808262852633	-0.0506179795518189	0.55958576201701	-0.2497766448134	0.954392898302295
0.0941725404842703	0.231703793836799	-0.0131229179925653	1.46989708652698	0.0186603347244912
0.321157280112428	-0.232611902366885	0.68663013965691	-0.825622678921034	-0.333524915688902
-0.135498013133009	0.207245314790383	-0.111627489844981	0.352795890178048	0.468437649451279
0.189739356207049	0.399868565519208	-0.0470416938410745	-0.188493662036294	-0.149319697696152
0.112359294344115	-0.254417027811743	0.319110800106868	0.324581428769382	0.56541185887564
-0.252567943011074	0.1907964912178	-0.554281341915629	-0.86745096455631	0.24245965475027
0.137951135007949	0.0501791243199221	-0.567990554264377	1.26126732362369	0.222906880521497
-0.144502546494222	-0.121126626349009	0.015751852049705	0.14801881503152	-0.235788737140532
0.169772832762306	0.363265376359445	-0.256825986428079	-0.242700591524374	-0.0448526125538421
0.108462926256531	-0.397919190055762	0.208011620295655	-0.499333917964084	-0.917477090883042
0.309861581922243	-0.104818489318757	-0.428216321027465	0.0161474809100841	-0.845440413387965
-0.0488257962145776	0.0136358410009652	0.747099997405458	-0.503252148012344	0.372442991476301
-0.114525597457424	-0.183528593650872	-0.195972233854049	0.602779061138595	-0.654062576363483
0.0316922976368001	0.303017345718335	0.979422595285849	0.125864562600155	0.554557299955155
0.425260572808858	-0.072157429449136	0.427962675064492	0.91030663369848	0.301997350861066
0.356676661819413	-0.117904398026961	0.113476164945342	-1.55016484071087	-0.4499719126424
0.308466461613281	-0.463633078547574	-0.471792053607815	0.0914084153370074	-0.579053519285334
0.0457747477177873	0.0674823437458426	-0.16052770986895	-0.758607446229717	-0.586008140513562
0.0601399259071459	0.141838771069789	-0.631891808753417	-0.0718230688541737	-0.916036943048663
-0.0270398918814183	0.0290981792411226	0.686721303111033	1.25989897993183	-0.800944960032914
-0.136053733253055	-0.169673606655973	-0.884192406804906	1.02474789898776	-1.26718109637179
-0.0777584468328319	0.126851134156139	0.150383644392572	0.141290397015123	-1.03866326097111
-0.694338434737405	-0.688442115011986	-1.07535414838638	0.104361687729907	-1.19918246990192
-0.0535902073607726	-0.245491630076375	-0.0126764007089326	-0.866942535937752	-1.51773375896648
-0.30384253421939	-0.62375858496056	-1.22980698386474	-0.225702041002864	-1.27763389507641
-0.00395965992582898	-0.237096985768562	-0.113151795973441	0.299652708966144	-0.326406169773307
-0.198181695317043	-0.257304279332838	-0.439097778282341	1.76761905021433	-0.221887538761071
-0.32152073003308	0.0678271341143358	0.087305906222092	-1.23155710024321	-0.814281840674668
-0.140235805367832	0.0703904548225654	-0.348510748895549	1.15164093114437	-0.60946606959056
-0.2162589347884	0.428078335873464	-0.663656904025449	1.13003270224533	0.511251847302505
-0.066949741704906	0.767155770495485	0.0601722002806739	0.905133312085261	0.323992831889022
-0.396217166668487	0.294193153960974	-0.373610800537078	0.806080696971218	0.47461521698797
-0.21285705772104	-0.244445969695577	-0.474793591653307	-0.464026204334732	-0.247388342413859
-0.260554482772525	-0.0687968617553487	-0.888712004186592	0.317749260370662	-0.0664321964063079
0.209971807649465	-0.204906736998166	-0.76641153144585	0.891538481293623	0.277736645812344
-0.187578812420555	-0.39127928160142	-0.27669290933285	-1.17495127294485	-0.156448918796448
-0.362752131105477	-0.413197574938386	-0.580489260023692	-0.632083607235405	0.244868815015857
-0.113395718772551	-0.245808461588773	-0.617147541256773	-0.251968380612398	-0.609898715527322
-0.122515386314419	-0.0872742055226155	-0.371329478672347	-0.0392573775168327	-0.380948026215582
-0.0854570399191655	-0.092925563860515	-0.308139205267953	-0.107654042887158	-0.473538251566721
-0.390419250059037	-0.0646912175447409	0.153378645011175	-1.45618315458105	0.124593103903289
-0.0780280754611759	-0.354666205292813	-0.186391603070551	-0.0305832747151524	-0.976127041458975
-0.109724238011025	0.240888714559157	-0.181213102063804	-0.656254176817544	-0.175104958486055
0.419936982247245	0.0960461426695905	-0.400490596043571	0.0210097790186595	0.328279416461801
0.212734343571226	-0.16206361661201	0.120172959059194	-0.497351766452729	0.312207517863167
-0.159595278440035	-0.231579819771876	-0.288018748720928	-0.948115921213058	0.119163972578303
0.352222114443653	-0.107413545476091	0.147283275121101	-1.55581215375462	-0.0442964351473906
0.301160925803019	0.26756426023139	0.11850812058687	-0.182928796228322	-0.521011331917101
0.336172300919704	-0.473271792428829	-0.0438104812900278	0.0217072611149911	-0.568046235400242
-0.000167896765511875	-0.171120687493027	-0.760712224849049	-1.25269761648865	-1.85594848729171
0.428877921934177	-0.523421382827761	0.0686680634933204	-0.142466024176975	0.124187442780201
0.158192356624888	-0.692083861431042	0.0166909247139327	-0.449541906987702	-0.755349935291573
0.0951127556911313	0.0253075555686416	-0.207901005068299	-0.0952013782159098	-0.461616138730659
0.302515197252564	0.0906476352566845	0.00636494050991699	-0.732966616392687	-0.366218480119882
-0.0429242402943009	-0.834577903411156	0.736541974762559	0.561779067067044	-0.249183821857609
0.431723619488727	-0.0956020842130438	-0.214195331464476	-0.707277686470555	-0.162275251104824
0.553810726224615	0.191731434112582	0.860603985519557	1.40800542022094	-1.01041626529487
-0.0159006439347645	-0.102608526928059	-0.150608520892484	-0.871704791172988	-0.677711038051638
0.229572044785708	-0.700183327935774	-0.481974441953985	-1.36060888474996	-1.27823773036244
0.234045001728752	-0.700617039176	-0.314894495985969	0.208611218665042	-1.20007201060831
0.0441932427332907	0.149587592862664	-0.86621934266083	-0.454428703601259	-1.12619005605688
0.38056465207192	-0.180236903605302	-0.426343259229291	-0.543424573615135	-0.119976603370641
-0.308907369313338	-0.392221888402351	0.36403883989542	-1.92291222648404	-0.626448603738205
0.511042722023167	0.274424618964551	0.264551059657424	0.0417761596823482	-0.26314501028805
0.274555061411652	-0.389140952098184	0.0351939085164533	0.42268164417875	-0.672326825895544
0.156446181500413	-0.0138417442455099	0.185115929525952	0.0993993971534073	-0.648604749444554
0.167217485102878	-0.647170726494788	-0.0367175085628598	-0.206487882543649	-0.994401125235786
0.324813042504049	0.00344199031258391	-0.699243560949942	-0.76699293860024	-0.655037226109978
0.211449874279181	0.112312364781501	0.272027779349483	0.286513541612979	-1.66933172794402
-0.131607027472771	-0.389646133833688	-0.380382011324729	0.210503368191797	-1.25451011896583
-0.357948657612666	-0.379729865031358	-0.839373025715465	-0.6692512177577	-1.26039880131835
0.0252473425070651	-0.88759255237563	-0.433768395536156	-1.26674277554407	-1.3131175546472
0.127308799269832	0.356911451250019	0.146720996909487	-0.280013064165925	0.00109012519100611
-0.00807667276302446	-0.0339206256136121	0.315418061802123	-0.650223997772212	-0.502033486678842
0.433624514050267	-0.0336130918014299	-0.267090972734596	-0.287654043135232	-0.0878148657184292
-0.00478632228945614	-0.219410528048004	0.083854604023215	-2.27727985465126	-0.993267037163648
0.31332590561377	-0.137514099114717	-0.0260148828650255	1.26386050868932	-0.317344827760354
0.370102868815435	0.410241909848663	0.0592359475477465	1.37203694761036	0.442440315157995
0.011902070979833	0.29542260885712	-0.43160073792217	1.07690616029987	0.616463380305718
0.0834938580293458	-0.116803171272469	0.0273668713928028	-0.242744066366552	0.944067128231435
-0.173450782176455	0.604438885792682	-0.247792475045549	1.21250679997508	0.644594281271757
0.00650063287940283	0.218898604583292	-0.505055524328053	-0.00580857985886982	0.637761346729443
0.303493438898143	0.501085726855354	0.211781850790578	1.00127477993485	1.01907709032587
0.390916751335554	-0.0765220063364719	0.351167426481235	0.23072330665121	0.0214497165643082
0.319000011724391	0.0725150463718952	0.659483642897937	0.499927373316191	0.891999334631286
0.640971335343328	0.209592950931278	-0.0514964834432624	1.36756817632359	1.50514118027741
-0.0744992098436164	0.0237184869905458	1.00153817961361	0.758564369228655	0.84393125700014
0.26564070182248	-0.0242469907260143	-0.00076800968467954	0.460780101191745	0.501679197408512
0.21716714418407	0.135169475944	0.596741378524345	1.48890560545723	0.446122653202547
0.353947482480668	-0.13144572697775	0.437029374069767	1.15854521356052	1.18223965598968
0.166896035288684	0.0253933918491559	-0.00881262960097843	1.27222148388445	0.684093807380557
-0.149184623741633	-0.328225060579711	0.377934033850968	0.0545034750989245	0.367488036480711
0.374868056401851	0.137006934050175	0.126755434832911	0.327302895220753	1.28985185878528
0.160597135245271	0.110134665922583	0.237620922596575	0.208655288027835	0.428050987081593
0.231593108966853	-0.256245102869895	0.509596276047608	0.620918684941052	0.963170858747278
-0.0779689479434074	0.163701020991619	0.775827616877757	0.503633847931608	1.17607094515004
0.510792986905414	-0.334261108144281	-0.272226064427941	1.5739089246044	0.973602905688784
0.0119116570204721	0.129851876349744	0.807592321272473	0.500312014064841	1.02831104939236
-0.0213831659978477	-0.278361863693284	0.663720127749047	0.59009147177478	0.935505430483932
0.00227643597954235	-0.331298748552646	0.181231931359016	0.640121970756858	1.04711695329978
-0.0495854580712882	-0.00157547730984796	-0.135559145378071	-0.833163249029281	0.796991510704511
0.48075032168527	-0.615065878989822	0.378838883712188	0.790317930534858	0.493988465086927
0.385939981449759	0.332181314518097	-0.206898832343996	1.01964334141578	0.743193495126361
0.290246413380184	-0.452256218246658	0.23561202930868	0.514667492641141	0.655311754346805
0.821119575678572	-0.0471551541501328	0.729802479572325	-0.356433143820825	0.970522711969929
0.297774493532615	0.534432453417788	0.356767938951237	0.548603813254832	0.548824818514738
0.395484128643551	-0.21896102700565	0.0927780515154141	0.0139364785329344	1.12858918063429
0.250603956527918	-0.145869784160144	1.01442535097004	-1.05355236946879	0.836582545318305
0.108096279104321	0.273408412240894	0.353157484584332	1.28620654854967	1.19863287458123
0.240260157690957	0.0300027745237447	-0.516391842277865	1.08508145807513	1.64665706613206
0.0763798434353125	0.206913040252773	0.501348813818624	-0.0461791861329621	1.72377011310155
0.410165873220073	0.209601943727548	0.38551036018198	0.0753326463364358	1.20110076880967
0.423986368776059	-0.111986539857758	0.804015779048166	1.90916516012036	0.99628837529222
0.302044145338582	0.31960496584846	0.222584224703582	0.913474263486248	0.661163384625398
0.343544984930127	0.130622864454387	0.197281512188721	-0.520878480139239	1.40260819086737
0.14965004040882	0.308321217897221	0.941730882264476	1.59881385892997	0.801611691086885
0.429194080106618	0.236914877792993	0.542313498109697	0.366404336653839	0.343216198269808
0.0990903690545906	0.54862615183155	0.242034055535013	2.13818276282658	0.0753257637832357
-0.0626587289611556	-0.0479969165559173	0.160624774230485	-0.284634135228417	0.537036361579553
-0.351734327206812	0.319812624647365	0.978645889271937	-0.105041061979846	0.101393495735458
-0.0740800725425153	-0.186453696442339	0.0882859910474082	1.37006664452174	-1.36928812908774
0.0831307757248743	0.0343400895440786	-0.128895329367549	0.367235432820029	-0.299280099134248
0.246471325234992	0.0377443332686077	-0.251807828934365	0.511258348704319	-0.381630678539339
0.181675635337607	0.136195963098255	0.408977130019347	1.55254423099704	0.592523932323161
-0.17816947517103	-0.349429729760941	-0.24934275143106	-0.595830396844909	-1.41448660524066
-0.241353552911106	-0.124982088992173	-0.465657650965806	-0.599481202296234	-1.02407702849467
-0.308591340763056	-0.486270729791158	-0.401955600648243	-0.122195831447615	-1.87877389349201
-0.187889787128127	-0.46738546756759	-0.332282370981086	0.277317732342374	-1.82567302339237
-0.462659045705156	-0.0954207496235829	-1.03677113624659	0.71237805701655	-1.98785772065111
-0.26831909919484	-0.0983242034744314	-0.370022215713867	-1.5096437138256	-0.918868553213367
-0.793059782893558	-0.159867612464483	-1.28981896825061	-1.70815783783235	-0.575295140676308
-0.14043290894605	0.402242733842165	-0.0597106810434047	2.05169961212362	-1.05163399934338
-0.630418848263591	-0.406562654639596	-0.0114994614932689	-1.15051467418364	-0.616944622403119
0.118444510721243	0.0625031951484859	-0.463692878092995	1.14311721638973	-0.314725188077882
-0.271246699037481	0.102863705741951	0.0780073762228066	0.0215003803019657	-0.648517364940843
-0.289331037382658	-0.378488641977668	-0.48853638882493	-0.0228377529385542	-0.571050115883536
-0.0894018141656454	0.179143362504241	-0.823994679468199	0.0555423053009277	-0.359835160596184
0.279847645703044	-0.244052606350966	-0.549134298398938	1.47571511965035	0.292813382334497
-0.0235584437481548	0.214032174348711	0.0573617139814122	0.0308615675896568	0.134853563084059
-0.028399702078301	0.129821802616441	0.218171189754871	-0.0214008179823539	0.659718524302122
-0.183155955071628	-0.231424522894466	-0.326243919124153	-0.45949989623166	1.11343798391612
-0.401970528216479	0.276505387991335	0.784159722139907	0.482789897282916	0.520697269303344
0.259412804699791	0.377902231686523	0.621117128881543	0.731992804513764	1.50207020898867
0.270699855504582	-0.0624837553583003	0.337961857890818	0.993831693531214	1.35236429641372
0.287794111723146	-0.322788656893207	0.765664254238516	-0.53143291124034	1.13187189178795
0.426577555496112	0.493190111240861	0.324792099920877	0.622234985635699	0.428445764365859
0.205316151938968	0.178288307729026	0.272073999143124	1.16360256093767	1.27536767125375
0.593578346927653	-0.296074340816906	0.0834235396742422	0.366407303230916	0.207687062844565
0.230896109717685	0.507472347734053	-0.0189160951607418	-0.419864329577491	0.698941816316597
0.334432151681453	-0.593716372997183	0.236111462442952	0.0283018513909349	-0.0980908812419248
-0.0851545614706538	-0.196107784966409	0.588780119936118	-0.587894620416708	0.76807119149844
-0.102129876738604	0.218423400864554	0.977256379150873	0.0761663562393062	0.583877084856445
-0.00409594838047185	0.306804568847959	0.215535778585296	0.713169878834045	0.340895706279765
-0.288115172169529	-0.0999387754639389	0.462091821937414	-0.850791824362608	0.907095280038832
-0.0405038323416861	0.184382394486504	0.1825031284695	-0.632763542907993	0.23446496662747
-0.310559082101685	-0.0663696020360563	-0.304531877827958	-0.732141573195625	0.267030824940051
0.166457486883424	0.1921003478453	0.0663919341797596	0.647512131066201	0.194353362575665
-0.0808089072076996	-0.0739623953260162	-0.249714120219977	-0.407144003836684	0.417023608086946
-0.118190463194893	0.11557491257515	0.947930463568101	0.401990219161451	0.0279065862179346
-0.127120656514863	-0.0704964396893062	0.20561779563608	-0.325476809374435	1.06364721005392
-0.163751901389332	-0.0484586620310644	0.294051950190595	-0.232704167953816	0.571183113357941
-0.170372514552233	0.509425694499751	0.467123357768287	1.07723610884627	0.263915265914622
-0.380074652240117	0.818091836724729	0.426387430638057	0.824513725837524	1.21513091739608
-0.0667142126365431	0.467870038677564	0.37312282497868	-0.597992255437417	0.911217043161966
-0.324209071216972	0.380461931961747	0.0508661020044007	-0.391551878903499	1.69922442869922
0.27889530683057	0.104680331664921	0.470878373401926	0.199044715539762	0.226499275819156
0.226180318469725	-0.0563306896700301	0.249015265460943	0.420395495501052	0.728134383945214
0.0996155713982283	0.296156382556022	0.953942521113841	-1.08955536699361	-0.303888561396798
0.452893216070824	0.00649555831094835	0.193744396825696	1.4768937501264	0.212476375460011
-0.078675079492752	-0.437326278801655	0.141192157032905	-0.213259880639222	-0.521583854811972
0.21757561389274	0.422445702968127	-0.0680104742728194	0.023680805378252	-0.424383046000928
0.128117035040823	0.497895560852336	0.781295247236974	0.88713594187121	0.475777987254245
-0.00835503014307726	0.0849684183343026	-0.19289116053453	0.534437011832249	0.229197517658286
-0.0744685513569267	0.048770466475554	0.352718452527204	0.633061194975304	-0.0870582850468412
-0.0681965180026944	0.158014163240303	0.0283063499077046	-0.145524106559393	0.162742689413959
-0.382775918043791	-0.767139635711199	0.271984767426553	-1.29440134593066	-0.653982730853172
0.895862079077095	0.0755687990358745	0.513347035169612	2.42198438509791	-0.632857438848078
0.514244810345212	-0.24885447170856	-0.270145883258767	-0.126675743901144	-0.95974818744933
-0.245791745578345	0.106205338782929	0.617234911761704	0.112766756132169	-0.219690126420699
-0.199635524481835	-0.455760806071327	0.109856939227987	-0.0481524574326113	-1.44897746470662
-0.197882465733085	-0.152320296038719	-0.241985894254605	0.301006393055848	-0.951182276087429
0.506157851968379	-0.0219042445559219	-0.808333466220033	0.579225668377432	-0.776615322731243
0.260750463151352	0.0660716071176849	-0.088411732398228	0.751473066074715	0.0764311729514969
0.231903767345497	-0.0910786603257178	-0.0985477298441531	0.676446690640598	-0.259983286512301
0.0640012782321737	-0.170690888773572	0.501532928826544	-0.484854680572103	-0.135130930010303
-0.190282112765189	0.347946695911744	-0.121492840159286	0.869466892979601	0.446836597935317
0.260981135647332	0.229378966497068	-0.402023130652274	1.14785246132291	0.574740373969692
-0.237297714223881	-0.106131363991789	-0.57487537199323	0.0922122928986135	-0.332250059090358
-0.0850864292202887	0.665610326290484	-0.235649393636625	-0.605830235300119	0.315487078284368
0.511800286014985	0.378187679139097	-0.0343442085055886	1.5590162587703	0.0401979631246106
0.0993006037076182	0.0967738466869125	-0.25132304482409	1.34615324525384	0.725037065495537
0.299152308395369	0.245668401992497	0.82377426772825	-0.128586576978879	0.494034129756263
-0.00501566985912398	0.33165764314221	0.283624029538285	-0.337281099051935	0.627702772754126
0.453001640597382	0.0699609556926244	0.0188509590020926	0.469441648379056	0.301410935951827
0.318524788895614	-0.205697803571429	0.604978869565716	1.77224878547457	0.231988843224885
0.149841289219539	0.0163052413026683	0.330188311226695	0.0346483382113005	0.185316684299158
0.0127656478314669	0.0865888069831019	0.138372474787775	-0.425024519296596	0.216395540003815
0.108197578484909	-0.312012213668968	-0.409318107107526	-0.506838687592639	0.0847849345677745
0.110013348457827	-0.307414098503004	0.329290651798883	1.23768142627777	-0.0762854336703415
-0.0136025350432696	-0.169946388969836	-0.41909792403245	-0.0706401112709679	0.235424379077127
0.134618116400597	-0.0196161536760468	-0.45847660133967	-1.16484815312184	0.179685469814124
-0.154633297572535	-0.321368395652672	0.591608627552532	-0.0294359912281351	-0.462965433010501
0.291301605300973	-0.245830785444732	0.104470867022557	0.821373305013478	-1.23514919897336
0.073006454326446	-0.75462841850348	-0.129117830627496	-1.20647718206827	-0.82469741128981
0.0700136229514567	0.0742707388428852	-0.219231056530801	0.503559304626168	-0.247783319391546
-0.227804631938243	-0.502199310652138	-0.056435627567951	-0.90637086929959	-0.667085568043418
-0.0728161452029137	0.597632086280514	0.254117126111223	-0.307569255467004	-1.13085209289995
0.255127185335439	-0.202187339652575	-0.0418942297611959	1.5467985136808	-1.26244882595612
0.0801636810089956	0.0245231415960054	-0.331946106228294	-0.688431944838277	-0.257301979324795
-0.208585711518189	0.199578304734521	0.588880058756565	0.0695671787365227	-0.528119989718851
0.146325607668587	-0.139756142260468	-0.346843458980788	1.79671291476139	-0.438263292376794
0.133355027485781	0.409287221847751	0.320305351595888	-0.0578755844110192	0.329812269362806
0.184501249997569	-0.202843411415576	-0.461168748882722	0.486515635051384	0.0553349880356137
0.0238385653909343	0.444527329811991	0.167162273906545	0.642833712524502	-0.122574183706862
0.00285183766581725	-0.0326224793076627	-0.207718269077203	-0.560952811682611	1.48171616802534
-0.106264091676899	-0.316040343375713	0.348323727102099	-0.43755402403168	0.253529693766588
-0.151458193562021	0.718334543470231	0.830777301132624	-0.465252579811157	0.0136820101823202
-0.0734220368030549	0.357013325651019	-0.680160111868339	0.197864198459979	0.660015510800264
-0.519959977380476	0.100291707479809	0.862465356682873	-3.0364248840777	0.0264852133292742
-1.52409727573162	0.103870519743643	-1.84806931087036	-1.11142766134371	-0.531707615463875
-0.714921718593962	-0.0902103826761277	-0.832030780152024	-3.37880353755864	-1.08996425742291
-0.459362508755264	-0.374070297881279	-1.74166196641471	-1.3647917632576	-0.838827755288837
-0.600629291949991	0.0777142604271954	-0.827100362979682	-0.454619375716154	-1.131166466931
-0.572500022176219	-0.346656615267733	-1.24079659616658	-1.78212962212348	-0.773847646608258
-1.01649075330792	-0.97638455912091	-0.804955655054001	-2.49882244386653	-1.40952489185394
-0.858407053787667	-0.25053210229414	-0.61677214152118	-2.79587658811073	-1.45924519165525
-0.544383957806141	-0.0940382183087917	-0.738329983102623	-2.5739979441659	-0.838705144725899
-0.612122668534492	0.652258855227277	-0.604142774786517	-2.02008911567506	-1.28523310527693
-0.719238591134837	0.530246400935812	-0.344020713273506	-1.042254456632	-0.749037471988058
-1.03943672226778	-0.101777164219854	-1.84276135832823	-3.6335703960691	-1.71129997649918
