0.49244875063164	0.829426024719655	0.188464003725178	2.74805433062461	0.777038414087423
-0.116327810083895	-0.0397646647042701	-0.584055245574017	-0.210961948551402	0.561005188834006
0.184804075898288	-0.163070667255107	-0.408110383754817	-0.191137157005316	0.361073479744611
-0.47700005547555	-0.308612125675106	-0.375217126972311	0.773618390994669	-0.444127665406203
-0.16097874718405	0.128544257384729	0.245153378683611	0.365883000785819	-0.338200788658379
0.230403114011709	0.343676825410473	0.442964546755672	1.68934467348645	0.463277515417432
0.273413774716639	0.459522907318334	-0.0503775989708657	1.21282774096971	0.625595419270305
0.55674764515575	1.05698413637773	-0.3801860870855	0.168188186607377	0.570390706698396
0.337774735941517	0.226722398341844	-0.635672522160903	0.86251907221587	0.557454142192421
-0.162244124938804	-0.0135244880301391	0.0167374293002003	1.57998889627941	0.198782030348325
-0.136073205299832	0.435697738109003	-0.139057325378707	-0.181912203240737	0.557998937778195
-0.514368684424349	0.410300329006286	0.41484374477453	1.51434156032448	0.48115755071592
-0.111087838465902	0.998289871397933	-0.513629540763662	0.58862049818084	0.0587371588322408
0.22424579887556	0.323022032704665	-0.252923203362292	0.836303322271565	0.423007867708957
-0.0333069103641306	0.0223236430523329	-0.18845440659437	-0.29005649742845	0.129052132876368
-0.274411581681441	0.157114032240471	0.00382352701816463	0.956869516350416	-0.335571400378909
-0.230756926431365	-0.115348958279065	-0.505076554254378	0.941944555473296	-0.160070711696813
-0.212993603756203	0.28215691795656	-0.283574812767898	-0.140536765522145	-0.195512549740867
0.550916436710788	0.38769531154882	0.192401953611104	0.82079836246511	0.499111243638187
0.0129590475959733	0.019559132447128	0.402311488359341	0.53226829894158	0.146479240472378
0.0791709946103681	0.925444456395805	0.391202339452687	1.062515518458	0.309049473150441
0.450194654873656	0.522217685960652	-0.175063451799177	1.19582715667685	0.464476539815699
0.517807635382238	0.775357494137743	0.665241770054525	3.35054670692243	0.398959771946963
0.761162876616549	0.428233262433241	0.909374130699185	0.135581821594661	0.601097944056061
0.649291390261154	0.434359060325168	0.261253985400684	1.41259729121532	0.835508169644979
0.473700663530071	0.443742184609406	1.13390179643086	1.78542873696494	-0.232021679574426
0.63521432234054	-0.0987746478912306	0.949225867332816	1.76325044623099	-0.0350011309645209
0.998398034533465	0.361207291706025	-0.717193600845135	2.05560555167921	0.715028697141756
0.332196641108931	0.226573249257168	0.665719279184871	-0.67367391803885	-0.115962687548409
0.373797499569616	0.174739478426498	0.764866644435871	0.329962891162539	-0.0994948115948205
0.395605568522623	0.042674446414127	0.236404995088823	1.85658894580691	0.24679662620589
0.618057203938961	-0.0322183361119304	1.20078715815289	-0.110042974587958	0.557571701738899
0.858866444802606	-0.418508850662223	0.0418029023334265	0.97556295093407	1.3555325499709
0.894728001712861	-0.0930482065104513	0.832602645844866	0.971059401385192	0.44795099801422
0.188589704293567	-0.121769641735964	0.501134586230547	0.927283309611043	0.0964104214646583
0.484663152526689	-0.300010064061597	0.0923120246890687	1.33593369106065	0.586997104246364
0.604874406970154	0.575214993450813	-0.166159181270373	0.970298413977962	0.52384541266174
0.126914676273981	-0.288563503600714	0.651998966383538	-0.167305339188257	0.767044944990794
0.449357775526316	0.930769329548172	0.513547926991789	1.99512505183595	-0.322048989621208
0.0211177791611832	0.227946285869296	0.941317103153653	-0.430905322758773	0.219027957105188
0.556477732111927	0.182908804671143	0.514072652485466	1.4786779043944	-0.0783719149720063
-0.0951101910110554	0.200994262068248	0.0873064079280271	0.34351233090506	0.31272387204633
-0.266787348331847	-0.379612321097335	-0.17516942932092	0.188696754664168	-0.420542643023156
-0.119561051860334	0.347998016298869	-0.000699046292238457	1.0324610911844	0.10726029337664
0.261114468961591	0.306320245070104	-0.381517403902519	-0.79473919208771	0.030015818264458
0.148188691498079	-0.710999529645043	-0.598938494271575	0.627634137369818	-0.238566916913483
-0.312832508502921	-0.188073291360204	0.134212835342795	-0.402785495295174	-0.690217980122119
-0.243616394163298	0.430963406605731	0.0459715484184575	-0.710297212176628	-0.227956829467802
0.105384023710446	-0.0991071295113648	-0.0992604589690383	1.31558753607406	-0.0601221690215925
0.35946115293651	0.290391969644729	-0.0459512218544958	0.0576843096418437	0.348384850103877
-0.325244868271103	-0.22343957043233	-0.742286206033703	-0.357587562821077	-0.67024603196796
0.0104186327514817	-0.31239511472185	-0.333210904549196	0.306521239455786	-0.425778855829317
0.0462585595390641	0.204726042941645	-0.126298286418193	0.744611643176717	-0.0332092228810227
-0.116741995039721	0.253679825321653	0.316478017610756	0.463865590002017	0.181010936778504
0.0100677570866032	-0.162545283273443	0.317717215343244	-0.926968123851775	-0.262347349453995
-0.15205240992321	-0.246980200702693	-0.808059776012609	0.906526923230694	0.280494518350854
-0.197392580140502	-0.0812641920524119	0.309110279178785	-1.02653883380395	-0.311506139753598
-0.520126644075942	-0.652179770126758	-0.189850855488634	0.0483530329593604	0.338818575225113
-0.105917934123509	0.205710069438459	0.877345571895079	0.836760179193199	-0.0201683888969855
-0.0600147757330768	0.510520646950916	0.564169647817988	0.45135711441761	0.710728515951757
0.392982424826927	-0.101155168486114	0.422957862823485	-0.357688200057388	0.495520395851265
0.318417966879429	0.494880377081671	0.837781241674519	0.185454775181865	0.419844906310254
0.00825823560379844	0.219512072785375	0.463281409434058	0.509164275309744	-0.00071410656418523
0.056903295081507	-0.0494525146603536	0.299322878992322	0.0536296174270354	0.707337784234786
0.0146733915218712	0.392677548632431	0.330712485533108	-0.846607255706729	0.287431610516073
0.148615860523274	0.0982876532603945	0.154740166454695	-1.45132689382679	0.327616026162213
-0.378852878149123	-0.327276146771104	0.105860205902375	0.159679800789767	-0.348301021575229
0.325711361334726	-0.523105460068299	0.749929283384221	-0.405108255468074	-0.171405645241786
-0.405036647018575	-0.249952647313689	-0.226780865963319	-0.642095219349096	-0.124871374179662
0.114601832638879	-0.163112594547795	0.188083535106995	-0.75707801582136	0.30885950593761
-0.34438011449657	-0.68291329420029	-0.092064790662973	-0.422758370989372	0.111508626083353
-0.0946455308419633	-0.388341628819972	-0.122786720900523	0.467807416104925	-0.501282790020423
-0.460027615670979	-0.567681052050374	-0.38186867394572	0.261070595364822	-0.564869541363672
-0.23740225110761	-0.208389939636738	0.018040351239488	-0.725308407096638	-0.256395305909343
-0.629181422883895	-0.333169494338279	-0.15745186604544	0.295516571681535	-0.178210014120387
-0.399864203208169	0.134727313343752	0.17110502245915	-1.08517138520883	-0.6182300550855
-0.223793460186477	-0.199946499759393	0.0552533691318792	0.277555211423771	-0.270999026067178
-0.200005684867231	-0.390812509651417	-0.35994064324858	-0.821509340749028	0.103383290646719
-0.520531246477033	-0.318852992108839	-0.375818474626008	0.161281550554808	-0.391597698735569
-0.391593354852857	-0.404101076364977	-0.264013313271474	-1.32995809166022	-0.284532108031518
-0.370937326932574	0.0353890452860915	0.489220062288126	0.329187338995256	0.0566204788958322
-0.0981378285459118	0.0883588785324924	-0.215012097766443	-0.912122230858596	-0.456580014859643
-0.237790786915349	0.363303943689589	-1.38161704460013	-0.924723109091873	-0.389107366122705
-0.294298097471332	-0.363168199860938	0.815842749287994	0.23385274400365	-0.502785042883431
-0.167361146539306	1.31402523348502	-0.385969076219656	0.0866548022088925	-0.435793848588372
-0.0811591270739039	-0.252113173900126	-0.501792084264479	-1.88614905406417	-0.222083248979582
-0.41269965175938	0.465567630653291	-1.22951309989823	-0.942087146221398	-0.136527637891149
0.206122704683884	-0.447901900949853	0.292398611014106	0.431075805448992	-0.682012678275696
-0.156524642714572	0.127069714560551	0.287107589713815	0.314770723031576	-0.0221092052815742
-0.202318492593315	0.051169486065396	-0.877832150905482	0.041019349684409	-0.293386377968534
-0.260272120432966	-0.213336894867702	-0.0168372268627081	-1.01611173932544	0.108684282220557
-0.203185106862917	-0.0168685114506519	-0.200275041493089	-0.192681773158897	-0.434182844829438
0.0556663363259154	-0.404554535227033	-0.12323964951675	0.514243501708766	0.236014708301361
-0.192593488841245	-0.232978075521475	0.538455126007637	0.377746782888305	0.150140445375798
0.122164178015228	-0.423395040665343	0.0562594930259027	-1.77335392176025	0.275893424278662
0.159706487623412	0.212160175027351	-0.697541771787364	-0.625422522436878	-0.138434790875532
-0.602736326152446	-0.880201287517578	0.560089132400384	0.114980112999062	-0.350835717803012
-0.0323752529358236	-0.279104406747242	-0.36043935720973	0.209146026113173	-0.0448752915981382
-0.479223166235564	-0.173714557411797	-0.179795072667702	0.0281167525727739	0.122679734342147
-0.511812423519285	-0.263646665367596	-0.387120210588706	-1.0584823260595	-0.163044314776505
-0.443807822294998	-0.444342682663923	-0.632785667332257	-0.781512082662586	0.025971742228987
-0.883741241158068	-0.0648376547927639	-1.22708023645107	0.23692088876725	-0.383305187323125
-0.761144123200399	-0.0811558107435122	-0.668476680525977	1.07606794650088	0.0971201651383862
-0.53477073293208	-0.0421668496274144	-0.505656187846434	-0.801078990705007	-0.121549549121442
-0.291947595133188	0.29564901300277	-0.1326819145977	-0.417658081373272	0.440368211766181
-0.241698929506033	-0.302368388344978	-0.108007425914736	-1.58214612548933	0.57785752815314
-0.489371033322335	0.306756047043874	-0.863125003474302	-1.76854802679223	-0.388360010988023
-0.808884120657342	-0.176101281428692	-0.743892258211685	-0.93595008337554	-0.624921748768537
-0.92645231381125	-0.098853905641504	-0.729037073554368	-1.85267678551267	-0.307305509298345
-0.827084840819554	-0.21092416659436	-0.522083134413847	-0.168228331978621	-0.182242978554657
-0.493589858604348	-0.00442968924374952	-0.375522183921938	0.0979308623167531	-0.0119126012250715
-0.566571356314093	0.159784469736049	-0.635366261692756	-1.00229525306367	-0.31792431481938
-0.666880118357542	0.202439613143108	0.228334360813922	-0.559845707136426	-0.6031163274659
-0.743976202962687	0.131260421876891	-1.02483902451609	-0.436137481685213	-0.948444201706113
-0.389760125022157	-0.41363507580548	-0.684809414147581	-0.57790661331392	-0.810559073568546
-0.632804676319607	0.152851252651476	-0.114732686270373	-0.506316968672713	-0.343447434659029
-0.572281758029138	-0.578314008428368	-0.620876990990015	-1.49611709825353	-0.552524543028309
-0.415329323859481	-0.0926921799355123	1.03494007118875	-0.720928429389745	-0.471176005083856
0.374633087240961	0.0572855000237197	-0.223277025917925	-1.4895236032363	-0.332806206527546
0.0322910216552802	0.372342421363574	-0.0697433409078899	-0.119034270378535	0.357507815210143
0.398292043878907	-0.395942393365541	0.358367983657946	-0.85532861001234	-0.707187763097974
-0.370676014757247	-0.272148746043441	0.0950792363866714	-0.45341782355489	-0.0523389675711968
0.00531949214680212	-0.450738687368211	0.74195969613772	-1.26561103136704	-0.530773290065955
0.474520304435742	-0.794002738038986	1.1033543747133	-0.953242953161396	-0.196805681115584
-0.0566265105607895	-0.150847541837719	-1.1216697911165	-0.373475035845279	-0.367775947158097
-0.0952552446834945	-0.699708928997581	0.703980864483316	0.197047136906094	-1.0292117003719
0.10314072814192	-0.785812533503353	-0.521572653183564	-0.577121419811712	0.251737329171426
0.0463940664705924	-0.0874440677560244	0.331708661193793	-1.89716360407535	-0.744193644532462
0.034381745992151	-0.175547533911569	0.30378233382019	0.761319941279482	-0.480610346312618
0.158162196443748	-0.673530314156382	0.275256087414484	0.490633418431224	-0.537955724641947
0.546462991164783	-0.0650245578158956	-0.553023511908397	-1.00938928286233	0.273797148071326
0.2344604475241	-0.107595877526548	0.257602989987908	0.159804983489661	-0.263419613530798
0.303487294814661	0.271329991622008	-0.0744694410074625	-0.0777438654651019	-0.0158894326741603
0.430092457162429	-0.267627960965293	1.02789572106629	-1.09735944439044	-0.212362439503086
0.432343803734119	-0.16174809723287	-0.896921997287072	-0.506185372294776	0.445986021294615
0.184664460989982	-0.0239839801284138	0.104681374808762	-1.24637302496071	-0.644864749880751
0.338426594764922	-0.0389382436457673	-0.416239709122924	0.442127532788337	0.213533880402299
0.627257263859829	-0.673846142006684	0.553216666142205	0.223685452511317	-0.149378863551395
0.442857290629363	0.392227457077315	0.213183027992598	-1.73277694103274	0.107739359258667
0.116354517855439	-0.0389469921008145	0.258792679433615	0.396557181315516	0.0284038603190433
0.401143444647774	-0.139208934044066	0.312746044130122	0.52154462443735	0.072085593438783
0.063295441231062	-0.243520818630562	-0.0296869607163982	-1.23500677683516	0.320868490541431
0.315088297027314	0.117174595047403	-0.403214666589342	-1.26435810456918	-0.0788795620467672
0.124641235930042	-0.145648438350247	0.707625585250213	-0.989105836501611	-0.117707738991496
0.543079111923663	-0.153794668080432	0.219517674696038	-1.0059418168261	-0.517618978839095
0.3319264136331	0.208147792975825	0.395553439047062	0.0625398505722717	0.242951758282252
0.244071359095311	-0.22700358881227	-0.334710705648982	-2.39853987037891	0.221768667729189
0.451641478341864	-0.302692691985242	0.645097550005532	-0.196344836173903	0.098073552459013
0.391236783518562	-0.589307232802642	0.556647467887037	0.208688500706756	0.0556169865014303
0.481909182486413	-0.0294062101282059	0.259564359554634	-2.16667211151566	-0.0761835680192119
0.0954968206594114	-0.305698762546405	0.426234471396662	-2.24690212555765	-0.188782602375842
0.0518093268928123	0.157483685850711	0.61558329360209	-0.226414690342428	-0.389247654289863
0.132476610552556	0.0560544423351666	0.319198111947909	-0.173083425700374	0.0290229195166834
0.44555231538211	-0.192169146367479	0.0419947275330219	0.510295623043883	0.30132405814647
-0.00692753570144575	-0.5853949910496	-0.22863532538704	-1.59993606609104	-0.291998887346972
0.126956101166008	-0.000732725040154219	0.277929181267564	-0.540996576008101	0.67020078298238
0.286021014872568	0.287729388801331	-0.0531799500763591	0.581382070377642	-0.249398523255786
-0.251695660223159	0.0674870769812426	1.39851862818678	0.239512113891886	0.386373985638678
0.375969995997054	0.0352802904330284	0.204187124742942	-0.134916424043741	0.49048699308557
0.317299254457197	0.400451717295114	1.33572241521537	1.66024855301594	0.691728235228251
0.430017248433289	-0.106442033619026	0.155365848099662	-1.10687692590632	0.567061697385008
0.764559496940944	0.632007322727758	-0.221350215992504	-0.363583233980471	1.14657628387779
0.318985103038894	-0.295688203170212	0.818814003507075	-0.263950011163463	0.0225077190334283
0.251057466369794	0.301478896342215	0.966510573591715	0.391634385104262	0.299202384193462
0.197995394237879	0.3372625110515	-0.118551452753108	-0.803274107806584	-0.0675920312126724
0.0607800683389542	0.181227319356439	-0.417977108242791	-0.739408557697245	0.302889286686172
0.0529383628175817	0.320853471450986	-0.132735181446305	-1.83496506897136	-0.183426465556389
-0.461445681503584	-0.230147312563648	-0.563435374822469	0.30935690050759	-0.544037778955974
0.0797075905474978	-0.649429104552859	-0.402519094356232	-1.11616834973328	-0.913293846029658
-0.530311163420832	-0.311604424425131	0.204060160946208	-2.41821156527323	-0.444490489395866
-0.685503515991337	-0.732314464155914	-0.288431152030367	-1.39969993663051	-0.539921427936993
-0.727030452646391	-0.837457407853568	-0.471951091559456	-2.21500979111117	-0.866106622815362
-0.60456781780659	-0.742454516827266	-0.480791482264976	-0.773848187594263	-0.604438102617276
-0.443404056661708	-0.482693199168325	-0.217590109817033	-0.154487501808735	-0.627912404541595
-0.357395463064463	-0.491533500505861	-1.3028335590791	-0.841097279233988	-0.607985740988341
-0.879320610401255	-0.485139653080905	-0.25147613956381	0.337328716230997	-0.178181944845256
-0.370383175097892	-0.644661027940665	0.254190931608686	-1.0999942102772	-0.604588534001898
-0.2119711087687	-0.278336535048277	-1.42315903010247	0.0234572927310839	-0.339997680859659
0.0672093598572013	0.00258033563584905	0.554611665027172	-0.777526275633162	-0.024346246262133
0.323462698485182	0.172593616134669	-0.839065957187392	-1.65209822386099	0.525325474971308
-0.0839796100064756	0.00586842537396216	-0.549506871837413	-0.101401291982854	0.0109688500473829
-0.0051414877070223	0.749428636207524	0.393682755355528	-0.826350140624557	0.410391846334871
0.184971921485465	-0.746983254539415	-0.212268937261452	-0.0792364424383467	0.402500609869353
0.30841030551671	0.133571975332337	0.0950103962985694	-0.052101367374618	0.414082550506703
0.494069998725288	-0.0680057498424444	0.771796372622553	-0.983361068216407	-0.159457537883842
-0.444687258333346	-0.209006594205154	-0.401389959963958	-0.646247690000338	-0.0318565245115836
0.209214916427744	0.214620012914571	-0.141979546423493	-0.0976370461294106	-0.0680528389952792
0.102416414939266	-0.257914466222495	0.432079343027249	-2.21370239871465	0.399902865735904
-0.283391476837323	-0.036786272078446	-0.450218899639984	0.562596459495984	0.169251662384608
0.0972896392813906	-0.111939345804022	0.355330057311413	-0.357430437794252	-0.555545305658342
-0.113227685708287	-0.203560295249878	-0.391711249877326	-0.49293512645509	0.20931631734059
0.520624796265686	0.0937934679662335	-0.283705561377314	-1.3105260166321	-0.0335442376305923
-0.0283181893949036	-0.141413542452356	-1.13942322252112	-0.443821584815662	-0.473522624945842
-0.0727164153734256	0.153517764894787	0.0884801541110204	0.0118504762230944	-0.964295972888884
-0.214417451678271	0.288303018204174	0.0640797069781325	0.456862853277745	-0.542836785410129
0.0361734150396268	0.436261363042821	-0.0432134718394315	-1.5937142335821	-0.0584118867203978
0.309580615515416	-0.0866014303951674	-0.856003835131039	-0.819957148724939	-0.312659108036796
-0.909666758872716	0.0459147382855073	-1.36190484950582	-1.96976594564743	-0.524210531097771
-0.532789517364491	-0.551701419986377	-0.616916894975309	0.115061441556592	0.0536874826315849
-0.540466889529205	0.271180357000112	-1.21172486508436	-1.31478913058537	-0.643328251960305
-0.493981710638692	-0.123758700327882	-0.104095982339813	1.01378257458808	-0.730462633167395
-0.337444798184392	0.278461636401713	-0.606490562748413	-0.539724487926049	-0.11324869368549
-0.313354539356963	-0.476858619272259	-0.351728619144823	-0.771561761313138	-0.352585664559631
-0.519145052024037	0.356491589395061	-0.708214373906446	0.181640820057391	-0.154903733740623
-0.670235621059636	-0.0336662645821776	-0.668778101889867	0.731342842810956	-0.357648685137229
-0.557431662942121	0.142303868450082	-1.15739388535839	-1.28270726149383	-0.14774756675092
-0.446644505972812	0.151456306850998	0.172927269693873	-0.0567892019016425	-0.0536775822131342
-0.51477933576064	0.0944367765286016	-1.48600360922871	-0.0489278000102625	0.0941416268998638
-0.34466220118466	0.285569801635949	-0.141292218300626	-0.0798202184500413	-0.243157111742654
0.110372380510045	0.0386029433430344	0.125872284495268	-1.13044920423436	-0.237187010440011
-0.634444834193941	-0.3378386401105	-1.3788823921903	-0.742820700184372	-0.796219998346775
-0.536285420725742	0.303034150572396	-0.443378712862679	-1.92272637758611	-1.21958225635393
-0.573172590535648	-0.375027346799925	-0.693887201650167	0.142888122792694	-1.11274329168935
-0.30692747008454	-0.0078657442610169	-1.30302050772752	-0.585425175229269	-0.782641628055102
-0.413777525855081	0.0162397668388008	-0.715058151704584	-0.96960160146206	-0.466665829016529
-0.486749330675898	-0.242885451232625	-0.551501214828268	1.94624129383038	-0.19884179524793
-0.208196573417443	0.254466468425006	-0.0241222669881462	0.759537243361267	-0.396622938027909
0.208110031593672	-0.403071706048426	-0.266013352848566	-0.0591455233094	0.057016425585165
0.221418459346218	0.668630992864473	-0.0613230919390938	1.87577643420235	0.341761672938454
-0.036605893289968	0.385591331330002	0.943339043121074	1.75129297418886	0.524259898132489
0.356882403651209	0.352942935902423	1.37526564248535	0.289019927880422	0.425144863947654
0.630396989771013	-0.0542605850453829	0.519503343746861	1.04437547386089	0.8011066857723
0.559147542729599	0.122266184660133	0.345956865232135	1.10572015174645	0.954533375313821
0.308604670547749	0.198423062564518	0.92925330013133	0.852520184612408	0.376032601385738
0.689078344270783	0.209035494208228	0.643721162815839	0.581261168162574	0.710587733619328
0.613228122082689	-0.00556988377285369	0.141170778815852	0.677445554812547	0.94682017907928
0.495671487967179	-0.180195605821797	-0.0113156787093391	1.75102017608201	0.171553230635987
0.333144474790378	-0.359744100691398	0.326511067643149	0.169372745175635	0.210300253604011
0.954162923690725	0.247287855190825	0.944744388795419	0.0225266446560983	0.453025691599777
0.533146097270157	-0.195056451732875	-0.345128249645441	0.629182189364076	0.808505009353025
-0.0128894165069934	-0.308020257136092	-0.799666731613292	-1.78602109250452	-0.237708722926019
0.387513757467591	-0.132565109399558	0.566490419818543	0.256838075335994	-0.249970342222293
0.0100531929609527	0.559274046326495	-0.400388899098477	0.97660396122911	0.159035698116751
0.562086915650103	0.0066637060525397	0.223320272901743	0.0415544768186945	0.275487914860002
0.241821028961215	0.655795989307066	-0.036491776133181	0.643537520314903	0.94290490628653
0.227515755280721	0.1147853892924	0.200493608916271	0.196733150623071	0.81571884981107
0.241586625309594	-0.184158851753211	0.00536234851368844	-0.0600595138811243	0.500150785271445
0.0283094431133628	0.268161348323551	0.882725477582405	1.52418627022649	0.525318812611577
0.294180158953072	-0.263171187143279	-0.589842122964706	-0.428676028710289	0.360673064384483
0.253789024787405	-0.562268263006385	0.379801948136662	0.983895058964443	0.319591211327496
0.54721738255415	0.461979936775101	0.266936879602009	1.07891762371475	0.209652642197387
0.175715677801338	-0.338378141586217	-0.145901450848667	-0.180068113066222	0.135939170082848
0.0102992826353718	-0.290504671962941	0.639886706872743	-1.78668161678261	-0.220461993499015
-0.0349777917309384	0.263631726005389	0.296856194933861	2.39115459795496	0.673707855870968
0.250129082716311	-0.0869745807682594	0.942270778003833	-0.0825751051881207	-0.20415572628108
-0.0711401344898106	-0.290396025592401	-0.468266042642394	1.21357226328506	0.301340669412457
0.185537046138402	0.173655230954875	0.4081825238276	-0.244761983043618	0.0496149122262773
0.318489711103982	-0.0596507301181203	0.208473433897051	0.216072270344002	0.109762937356301
-0.40200455296606	-0.531175663104478	-0.129818436582731	-0.376739027479645	-0.216281080510393
-0.15251761325415	-0.0729997475358913	0.401747218328372	-0.224802186289258	0.00630678313960958
0.183980897844954	-0.285249753647331	-0.2652345436593	1.80496534438765	-0.00279454065498969
0.0822399972182414	-0.109363024796353	-0.379290079284046	-0.153926313994905	-0.259545660133559
-0.365623900246786	-0.032268342244089	0.229200732333937	-0.0875881704833991	0.47237585197474
0.325117401083291	0.00143371292266588	0.0270784704228033	2.67672296450808	0.472334356179635
-0.186840789635716	0.182102875859893	-0.308253610583064	1.05347462458075	-0.368778591815494
0.0731361921197734	0.275097498051043	0.531935714264549	0.465345668091352	-0.0490313107516942
0.00954116393349692	0.332458307580924	0.0844985620392687	1.95483467980634	0.0538724864124131
0.157233440566137	0.0546127779416875	0.936919923500645	0.854154845466785	-0.120245512382663
0.166090032251359	0.826495968708133	0.463322979817548	1.39116554285284	0.376394933191939
-0.0301506007145838	0.0459843211748394	0.677627795057498	1.41713770874075	0.0350266476913237
0.165222529173968	0.290717690935031	0.267403309700009	2.75547182027556	0.531764268710762
0.174340609428511	0.523865084547959	0.630442406752533	-0.0889299732467938	0.56816470227677
0.283464815272205	0.334830303963974	0.560608462287098	1.36412722970242	0.287555005133909
0.582185254514507	0.584216681173176	0.249927769436684	0.677207393064917	0.0575535605437125
0.255582179893752	0.478891403768711	-0.0706632425595061	2.25288662880256	0.179612791821039
0.333558374762856	0.369910171817623	0.119552373581637	0.0987265458490875	0.560299915179479
-0.0323727086988232	0.098191974878496	0.127026879720839	0.281122613581797	-0.0596846794594421
0.220692608667648	-0.277809517216828	-0.349446895944022	1.20652626976553	-0.361069061311823
-0.369871023147133	0.183975497187097	-0.227237314617438	1.23091393794803	-0.18076025068878
0.0652374066550692	0.220962372400968	0.287010288471687	0.870125648589189	0.25798680666788
-0.145622570442295	-0.156873383768251	-0.0277549206276609	-0.0977645807747248	0.275472974618313
0.0706456531460835	0.18511346644817	0.0829934451108575	2.08948870241084	0.182024444966962
-0.195225148312075	0.000347548322814607	0.81659586925652	-0.684607427413323	0.232662426834821
0.417846376610183	0.726023966801975	-0.125666824726969	-0.299833074960815	0.934140131831868
0.1759708540795	0.516103347669347	0.45982483312827	0.718282155773671	0.788971746061229
-0.316524911894608	0.723686446607072	0.44318586046232	0.233761283278339	0.42652669771728
0.143604879845331	0.433605910937691	-0.0462197807755401	-0.558422864549911	0.469472651412299
-0.0832757073353033	0.313746685160142	-0.978410838472306	0.558001343030961	-0.209715174031989
0.273885670898622	0.580878424224113	0.986335520004729	1.22469473792664	0.774746993565354
0.574108879266549	0.402764000624931	0.500250958441643	1.41637455056085	0.540726988253144
0.4932510593512	0.433232916091333	0.877799729308489	1.79965242057515	0.687640004488032
0.328745455826584	0.0786800992905969	0.678898147183688	0.200052752333458	0.524549958723926
0.441906526963989	0.877442410380351	0.259174789306284	0.840156916695633	0.168670207511384
0.401900059108802	0.575751948930046	-0.287812747580911	0.53536234099101	0.639997547464795
-0.431373442014153	0.556408119317251	1.12342409585504	-0.379484056068964	0.457066030809613
0.255672132801828	0.307513868762855	-0.596076690437581	1.2462906195053	-0.391666156153448
-0.0738460260612538	0.266068859142283	0.495415424148256	-1.14883421288483	-0.306082790118264
-0.329787187554964	0.14527265843435	0.0797303256910945	0.898057932102167	0.321988070345204
0.326292315538888	0.0698135453700014	0.293323435875087	-2.22888426715503	-0.433115389504071
0.171858999572521	-0.258632304834415	-0.364201094927922	1.93953136480113	-0.858343500875741
-0.258970780908842	-0.209964866423576	-1.03720348082386	-0.598734649855229	-0.574023583975698
-0.0949183336069829	-0.0894006511574688	0.182599832972079	-0.0118452270653554	-0.351792316766787
-0.290649201089074	-0.121265588767639	-0.0950171524845413	-0.207122214301339	-0.557724051299974
-0.245489785719292	-0.468061539899291	0.319985189567583	0.439647759556372	-0.288026231252171
-0.686835109100837	-0.309430699901656	-0.952253096051253	1.49927238575867	-0.43587636624503
-0.596121810046726	-0.208872764481634	0.016889221776872	0.19499364645878	-0.115787432084118
-0.319139026955219	-0.21546548689287	0.0330890355556605	0.660497504890834	-0.254346767934351
-0.827490113391886	-0.667250087193386	-0.799346248762938	-0.217082570465144	-0.471967991864332
-0.901060902947592	-0.17562788707105	-1.55348370405342	-1.60883236844372	-0.564058884512492
-0.759952536435216	-0.190140741788976	-0.0514951138714265	-0.262709971791418	-0.871424275498426
-0.542351098058935	-0.176182697969072	-0.397702380335388	0.512545746705783	-0.441770389167268
-0.670843611183935	0.00732535555952958	-0.567176753946066	0.673156656357684	-1.01373703618169
-0.632031606113904	0.0293177564279671	-0.672193793370745	0.309664619075672	-0.56661984469775
-0.262454994882793	0.238041308835636	-0.272004515462571	0.479457664914383	-0.680119678861827
-0.295436933399176	-0.0844512883462776	-0.846672003930044	-1.02415079531212	-0.478856944110469
-0.333734049946801	-0.364316502868299	-1.22089596613633	0.289301566312883	0.116954030097939
-0.255761256035629	0.196470260970976	-0.182840583682909	1.05293750017883	-0.569671779346897
0.0207312071204334	0.582117916578052	0.111776651165529	-0.377031237280271	0.232974502575819
-0.76896003187759	0.350511915830357	-0.914093155908378	1.2852079124285	0.508561187301299
-0.109298799583676	0.332115481053137	-0.252149269738287	0.00108231061458585	0.563693061783502
-0.0633980419387372	0.453600285412487	0.249689518076595	0.143602761450315	0.347795561781592
-0.963593739316547	0.601066380763666	-0.693665302702125	0.724737782578815	-0.197158187329972
0.01052570749576	-0.0470074652195795	-0.908988999909313	-0.30149746109623	-0.227710651037234
-0.509099935970144	0.542511798931105	-0.998479054018068	0.0216415255376237	-0.230981901595596
-0.225281137556545	0.0202379071451517	0.195628733148991	1.07663105922955	0.299369828547545
0.160232740468907	0.428674255138784	-0.0398879053495683	0.379491397097587	0.76855909208463
0.675058960333905	0.380662094575887	1.30646960171878	1.04757620079854	0.154448470139932
0.383260728179108	-0.244838855037599	0.400329858951393	-1.09665678959094	0.765740598562001
0.278025087517985	0.447389804630092	0.997078676782551	1.42086081857065	0.351767530128652
0.852109434123002	-0.139994131916803	0.0896348049338083	1.82969950160929	0.515995598152659
0.397196978882514	0.227042040573047	1.39353652201782	0.267699081691867	0.323825128362583
0.642957489456964	0.050624323789844	0.827035915791006	-0.365134533047569	0.79065843926871
0.0516805559571603	-0.359542334906259	0.162980015250179	2.20225722172203	-0.328037328331616
0.31785813610459	0.115085942059104	1.4999005507297	0.46105847801842	-0.188577474981372
0.457765396058209	-0.141094211030888	0.393157478193451	-0.691392503089911	0.238103218062758
0.382229213929458	-0.648243903667155	-0.0886035825250014	0.552383932962184	-0.0727616281051244
0.144219152348685	-0.276671300072457	0.915293037700036	-0.501363213899058	-0.415749350678518
-0.0369051858864839	-0.367107643822731	-1.18799288450735	-0.254712622117935	-0.28100751746471
0.283431892832274	-0.504220697733449	0.0250616157134821	0.563654506259055	-0.505709865789878
0.168970943737451	-0.922030325462688	-0.49600546800433	-0.558366955059568	0.262073398101906
-0.028609427395327	-0.247886133961692	0.108434301402542	1.98279615528063	-0.180137803758647
0.217808321281288	-0.0707273176427463	0.115508859966933	-0.286573046019145	-0.18887597449434
0.128584415770026	-0.498501263025908	0.662127655818315	-0.456959867304402	-0.32352751292137
0.487838128121964	-0.658833511334371	-0.148805142072288	0.561463126146387	-0.112924640292968
-0.0242938961653316	-0.405588804914459	0.0189726053340036	0.126573502158623	-0.633941719848526
0.191363026584395	-0.188819245891092	0.735109430469196	0.219547950115964	0.433948761875658
0.380062921887444	-0.288636017006914	-0.275214517347035	0.319728510925133	-0.124654819750069
0.00225630899769844	0.108852602756828	0.26141598351463	0.0107481083431532	0.052259494819733
-0.267201434738051	-0.3095165440412	-0.127658268552296	1.46376166556669	-0.385541143731312
0.208879340558856	-0.0340575729189643	0.0938427516807658	0.269302059749168	-0.213530477609819
-0.397333298371035	-0.17103140316663	0.111224134983055	0.322187814208667	-0.119068843858836
0.392542273124815	0.0782494391610713	-0.797061885253741	-0.40419328482278	-0.0861176701257039
-0.00280663284107341	-0.245775252585187	0.235459124416633	0.758475360064001	0.241501088349366
0.352947729004828	0.201389343150255	1.06677751615586	0.231478224925971	0.299188578721242
0.0488548779631124	-0.506553607190183	1.82439891752935	-0.731144184961989	0.749456886893107
0.528774963144988	-0.0922450771262067	0.710505705071644	1.18467014495212	0.57562243172426
0.190639182768638	0.430278092257371	0.586511889551907	-1.99432461515584	0.73733636744113
0.704170898120833	-0.236821168693044	-0.547859913798664	0.887528593014538	0.483281564645525
-0.0693170852035511	0.723582636575401	0.950423612872683	1.06838537745877	-0.0417239373693366
0.79030066134549	-0.163569733986896	0.213143517164496	-0.610357001647571	0.0568736008983476
0.364894272124668	-0.685475582857843	0.239604682135789	-0.034621279107546	0.330823720740713
-0.0307863403113749	0.0636708197053912	-0.80150513114	-1.36403514056466	-0.475133251851756
-0.0271083732774782	-0.398581646421286	-0.158751474318258	0.576511488478436	0.112600011453468
0.224533915275244	-0.394377318387037	0.119304499800073	0.550345496663682	0.0876168184029417
0.355525204942188	0.220638670390072	0.664967155405985	-0.00712024750465548	0.169680332603887
0.383228817171734	0.0614182879435762	-0.482993516818386	-0.864281492440816	0.442376304871732
0.0703910127957749	-0.300659431483589	0.0310097806520581	0.494824670586076	0.51122728987836
0.504474135158554	0.00410047321139101	-0.114423162324932	-1.1218080022081	-0.127612012812007
0.0277464278458366	-0.428500585384163	0.380689854479996	0.971295492480353	0.093991949753758
0.0752513274286541	-0.41015722480652	0.997908293473973	-0.121811688470455	0.255660131315556
0.25982957777953	-0.394315339851981	-0.0695823530853327	-0.313822370379298	0.34615017088354
-0.17158219378949	-0.226087260233089	0.524895928511246	-1.75807058647856	0.348536115406674
-0.162646323123654	-0.598371893564852	0.348637017305396	-0.652585676237626	-0.330450416290621
0.231747787481055	0.416165934140672	0.0685543209964043	-0.297146821026382	-0.0311253854062481
-0.0954532662927512	-0.116080879604936	0.482767716115714	-2.55656416109308	0.13393657685436
-0.124908929355678	-0.00860563894010101	-0.633652600780669	-0.702705868019844	-0.411082802608423
-0.207533175048511	0.0312275878076377	-0.200072727320999	0.160733710700533	0.250455871931276
0.0384444376742299	0.0761183772386533	-0.496427161065108	0.202445542910923	-0.274299690629001
0.0693480193507646	0.267923344637877	0.244446879380145	-0.93885512006909	0.173220644029572
-0.100073013834618	0.172599882464587	-0.507400966507369	0.367865026857726	0.429425191757408
0.109439452272651	0.0443127483531506	0.735775336226483	-0.457939569925554	-0.302370396557047
-0.0382516801999967	0.097316698225948	0.353160717148015	-0.79406993417929	0.113417957187878
-0.262822779485041	-0.220038638731429	-0.48938715690698	0.127859587713864	0.0259830120114106
-0.175570170095205	-0.00576879276700542	0.0602195523877465	-0.993610178195535	-0.0860932224000015
0.0630010115007871	-0.360635787551518	0.488712176968824	0.456117082539153	-0.0980511255067144
-0.0941371397460172	-0.314816385225094	0.112975535363473	0.687878107361601	-0.35539843745532
-0.116643636455806	0.584389774197039	-0.002865027081637	-0.855756487793793	-0.131854231847043
0.0380178581499231	0.126195353811412	0.42624233698826	-0.136278216491638	-0.148850297395393
0.15954702098699	-0.186961387840824	-0.33512759952103	-0.297617081964807	-0.0582403880327007
0.187685942012946	0.532614491399574	0.125907514404919	0.6113839231681	-0.32046481692724
0.214228208411177	-0.208638770213375	0.246557747414772	-0.578190670284339	0.147909780322704
0.253462410070728	0.0242793330815066	-0.862297927817152	-0.000604299364886892	-0.0716429707107766
0.33964110524839	0.356862565648671	0.617723559019182	-0.906454458214967	-0.359313098883991
-0.331899933184108	-0.156404432934291	0.56074382996961	0.798621832878232	-0.5949600858807
-0.231512110081987	0.0995644943879241	-0.0211225377062907	-0.790411910763036	-0.144941601152991
0.254986791225974	0.1990801767877	-0.352288440597086	-0.369902553055912	-0.295024136101999
-0.20316185075476	-0.328487995073942	-0.362445479717695	-0.696360691359552	0.216135402184662
-0.185857918128717	0.0572999870138703	0.0667404035763583	-0.000576726893119467	-0.301014882385402
0.120138392692625	0.297148115041336	-0.0678329337974002	-0.0897404683773407	0.20624881367687
0.349953776913562	0.1299774300575	0.63659742521381	-0.134858269927164	-0.157075957956974
-0.196970599265142	-0.0878543651205411	0.313955430035337	-0.0596649785972499	0.623874234786763
-0.267243832025497	0.116463086558059	-0.299818381118699	-0.40316959907815	0.0750578854463783
-0.131867049845728	0.331125559303501	0.192587626210554	1.07821107652872	-0.110411695180002
-0.0850404581390458	0.530217626736752	-0.306186732620948	-0.142313845957155	0.532884599755483
-0.106482675006214	0.231790544344174	-0.15376182558973	-1.23860535576877	0.250102579399564
-0.531002560843706	0.0480041831805253	-1.63547879670633	0.0108190512813514	-0.277115232287607
-0.450761620263454	0.261897939058618	-0.339443848734324	-0.731595732795453	-0.0180584408722557
-0.394672676912123	-0.201863437614988	0.12919238502072	-0.0319338455566633	-0.485922557325021
-0.153798294699408	-0.320874567517282	-0.663497949638119	-0.840523156430833	-0.518497176195023
-0.457004039253133	-0.267690970566323	-0.864433046744412	-1.79577500354152	-0.401164770029522
-0.320965738129727	0.230807946679005	-1.01832820756836	-2.10317275716947	-0.346388661707149
-0.637675972127762	0.174774723236134	0.0203946733816661	-1.12007130395522	-0.338474969019957
-0.587860771660197	0.178257500074261	-0.200132402273347	0.161881208524936	-0.0559451156138312
-0.297179073659007	-0.302703134422171	-0.818551529138725	-1.76380596499453	0.140659105851539
-0.365136553864948	0.444716087802659	-0.349152272525429	-1.05085878622624	0.268729320517745
-0.699743967108697	0.14500475082987	0.624301037277091	-0.348726719931907	0.544790416318957
-0.447612982698414	0.332263622029452	-0.149656672056108	0.631516515592543	0.223567692978048
-1.13906648897096	0.590932849882822	-0.31918679581566	0.146067221711237	0.0181057990656937
-0.734989728845505	0.0536555184031636	0.161805427197968	-0.170571619656495	-0.439546439257093
-0.880465025685579	0.725758242054762	0.232238028769407	-0.848978577389117	-0.229096094330788
-0.989595916133014	-0.371528506285309	0.403236790968885	0.493976158049081	-0.815736565307144
-0.552826630515393	0.00526981024579211	0.321265600640214	-1.42420257074484	-0.555452013013899
-0.285798832021259	-0.272413512321513	0.142197968020912	-0.609170736797335	0.30639600661258
-0.151933904727503	1.0744369358754	0.360859558060861	0.124887595633625	0.24897648240181
0.320131209266332	0.351099981172638	0.0670071090984947	-0.362724614830029	0.147424709516245
-0.435146650542422	0.848361691377571	0.433665968461772	0.292411082926043	0.463066480027188
0.00581731226936142	-0.398201290108046	-0.0587263249883514	-1.75554680873403	0.193966928358388
-0.54981098045518	0.153483187526153	-0.730358635162935	0.0815986176736654	0.0677288982496575
-0.262389574741643	0.0502439198870341	-0.395897737389364	-0.138046418461073	-0.393890543961072
-0.739349834941684	0.50282227161003	0.23082593592062	-0.95528062983268	0.0525705790815465
-0.162418988069295	-0.0482531661598754	0.602339338046172	1.49772754646642	0.520860252869883
-0.145345811988857	0.340875218950234	-0.292487361478634	1.45530073192495	0.198645618651865
-0.586333566562413	0.649199938652509	-0.0367369334107899	0.773225653272836	0.318254786011111
-0.178645954590651	0.225515807948888	-0.309677638117272	-1.45354444353363	-0.0805909352969352
-0.119991681593151	0.0721756913836146	-0.155167835279319	1.10350475707748	0.0725667161118233
0.479001796780546	0.321320726760492	0.442843257978597	-0.144474574313492	0.320246308597157
0.380965203501334	0.589141474321436	0.512668067835458	1.44516833020888	0.701274212561983
0.318796809984685	0.674191847092046	0.280508914712655	-0.196167362815134	0.697589350144508
0.295059374116251	0.755704501273645	0.58850748881737	0.191581281001919	0.32323406011441
1.04131930314891	0.292452804312398	0.29405782128578	-0.185972599796949	0.383914683643749
0.580104180714912	-0.027187952595616	1.73066671461163	1.63712981567046	1.07773816862184
0.561445760877974	1.02902596048305	0.786749500846563	-0.130539282915906	1.11571826555774
1.06712233875881	0.13243555002074	0.976986287482094	0.441179131694317	0.387406412247649
0.777461506425935	0.130111377983763	-0.143039364799068	0.816143903240346	0.555080626100573
1.03446940915972	0.535719315685183	1.42051479912987	-0.0784336485556644	0.730969064935662
0.603412858611601	0.0292477263957196	0.459726511132214	1.80599865581451	0.363325311954568
0.437264800356225	-0.107383269547164	-0.226867208561457	-0.407473155750029	0.307342953124759
0.601164640712755	0.243229464139451	-0.308696449437321	0.688381316201456	0.552543951014589
0.87919520647763	0.475425983065626	0.600030433667387	0.502494655682146	0.877931682946157
0.498462062494037	0.000713440475785018	0.266124952693484	0.531763924557171	0.361541837302879
0.244069164121456	-0.306949275246045	0.0944084434400541	-0.760714947766659	0.0665571450342464
0.494049781867888	0.457507901821106	0.138186519233269	-0.376472330253915	0.229564413801063
0.632496144419795	-0.0139092314827137	0.726507575053072	1.08405062157049	0.664198864219413
-0.0267749022317488	-0.202997361777115	0.338155256587568	-0.355653081631805	0.600775892867899
0.473383029030721	0.239741591661873	-0.178309469253464	1.00795067500838	0.285771077293639
0.489190130691763	0.290185392721822	0.0836082672943134	-0.246222760123809	0.0559223168249088
0.257092450795247	-0.379110965547076	0.152950093018043	0.715791645742075	0.147449706612962
0.511754557477963	-0.0542156418360275	0.405556774264423	1.06598196266317	0.377533705615244
1.00593454206708	0.514947497074667	-0.553082377786728	2.00136249195637	0.506464825986548
0.514352568333139	-0.0277900747258965	0.615850230723455	0.199629647002309	0.791630914321697
0.0863876899796442	0.0575902736583877	0.211957945477055	-1.31082505167808	0.0666604696977587
0.231713135468133	-0.310596422969372	-0.368673142286398	-0.621935535118276	0.110808989898708
0.29779904403733	-0.0960320549261586	-0.143473324430468	0.417614931742083	-0.399047224529368
0.667757149374663	0.299463697587094	0.0995877070659198	-0.0234376562476702	0.87618098688065
0.504395735220486	0.0464462790861366	-0.0845564790054931	1.81634233140369	0.505305160923794
0.813836527440361	-0.0168315232211205	-0.379223397774881	0.245458875023005	0.684196749747613
0.904963849667181	0.202194656574476	-0.422038001516104	1.48109572535858	0.481578894495185
0.679088154802745	-0.42384134794063	-0.441687570092597	-0.0396915073803971	-0.00495169848507822
0.097774801265624	-0.657760012445147	0.0407075380487567	-0.441380530337622	-0.123555539124137
0.435351279680773	0.240857046814761	0.274426525982502	-0.893081430276463	-0.248376130560078
-0.14422424215019	-0.773746950425034	-0.466691283185684	0.698429042317878	-0.580236198741887
0.506736711314962	-0.0502416424724309	0.0441975847521002	1.60969898580584	0.0424623684197371
-0.468696409036006	-0.0737337901776344	-0.122904376591619	-1.05649545105748	0.0100545873719699
-0.0211221995022528	-0.0715568109074449	-0.644870926774685	-0.575906756140306	-0.11461548654434
0.239629863679556	-0.213457296454465	-0.185885736919773	0.334572082650233	-0.230936798463922
0.183798433865298	-0.00931316772915527	0.176887034476079	0.526403389026794	-0.452717122013203
-0.052392202008486	-0.143371518800554	0.045308530906515	-0.905344761175093	-0.487127077229302
-0.125277345962304	-1.18645858852308	-0.718646864165836	0.232839823002892	-0.442583063139285
-0.384482773441779	-0.0681123998277174	-0.722047539897742	-0.307313688420654	-0.515788294678125
-0.353631400626566	-0.907128948162956	-0.0663370600366076	-0.317713720860583	-0.50244006670879
-0.40004172171675	-0.169640988058221	-0.447547690298177	0.618990407611286	-0.58109602326914
-0.538483045061302	-0.825624828970916	0.350775550337991	-1.76588950243622	-0.125307289619351
0.118467985673042	-0.67149772081262	-1.06085171583807	0.52418921729492	-0.29298136216507
-0.503713610730966	-0.253140599383835	0.0248889939215382	0.855396678469091	-0.516844250718347
0.0421268344418487	0.0781987388317657	-0.328647266089082	0.374265998545167	-0.0431417464070227
-0.206391479873726	-0.268523562031188	-0.484604436753839	-1.68963725459239	-0.408995595040412
-0.226439742382152	-0.175766867742516	-0.801675772534397	-0.540066287059547	-0.0893772251421911
0.00923454409274217	-0.38436092661471	0.483180312756476	0.597302361602899	-0.710921140918468
-0.232353446711837	-0.205962208176378	-0.489281157351931	-0.356123582241633	-0.113504449476412
-0.0835994100953471	-0.622026434452266	-0.818507621137295	-2.34539893882316	-0.525004676671858
-0.326259714855726	0.323274341867624	-1.07847900453785	-0.202442483286354	-0.374185435287357
-0.122269727763607	-0.343890117928844	0.466575632095217	-0.364286600136222	-0.48145990242574
-0.189468456110307	-0.539253632060257	-0.430378591402113	-0.755138362691422	0.0526733501353462
-0.25829775654432	-0.392684244589177	0.0883131360133611	-1.08518104808783	-0.409057719620836
-0.253439243024242	-0.0274257583807442	-0.229883475761367	-0.207809918949201	0.151308427130181
0.517115514582327	-0.548681325601127	-0.136288305880581	0.418013118979271	-0.433780181831794
-0.0647854851424073	0.16949457806999	0.0878459253580195	-0.220560624357424	-0.369031223904943
-0.378470564710404	-0.698651222889503	-0.619751760863712	-0.602003578211627	-0.666147476213258
-0.0928681149020199	-0.114023501878907	-0.307764563858265	-1.11629646020261	-0.821075471670286
-0.0649223905424674	0.236679099205178	0.13729251072074	-0.581936644252305	-0.637512779046522
-0.461859204765477	-0.346597321811116	-1.16226220086201	0.688888915262737	-0.7609177697467
-0.385973706581695	-0.0554212324154999	-0.345161011297619	-0.213713595668307	-0.576378391732437
0.0448865682206764	-0.0937901353509474	-1.25449036542877	-0.764897710550115	-0.635582210092127
-0.279720041948779	-0.369981959657413	-0.103533766641229	0.351880102987653	-0.532064404555792
-0.0995044725482674	-0.410723441507916	-0.379891911611853	0.899678052152143	-0.422899595016221
-0.12631654557169	-0.517471873151772	-0.0451119898943331	-0.568112868619967	-0.246068070644715
0.223234305022214	-0.568893182072852	-0.225911603075997	-1.15129550834644	0.0521800231573828
-0.382245504355226	-0.764537213477045	-0.0505246815300861	-2.64632566646583	-0.346559247961996
0.139588035224591	-0.283523122397406	0.546682209915692	1.2466404139955	-0.153281869198766
0.0460011578886052	-0.353376960865558	-0.67920337938554	-1.14171007805293	-0.368944746450119
0.230213979894973	-0.231326876608474	-0.376840019336689	-1.11940635463431	-0.53355784257946
-0.325025377992796	-0.259953718367644	-0.0299260247927215	-0.567569506316671	-0.377775967973202
-0.233651970774682	-0.344661930483568	-0.951989561315845	-3.13610340403916	-0.717183669508406
-0.280309780719145	-0.364645289012827	-0.644450315270186	-0.521213404780041	-0.683205324399562
-0.573194180254732	-0.168273312844309	-0.102687459353595	-1.00370653780292	-0.86850672332689
-0.82388854119211	0.034506049653646	-0.235251659670514	-0.190580833547776	-0.284243914759601
-0.636856773908572	-0.142440466389927	0.0903701422214297	-2.04257549377477	-0.248833241344424
-1.49819907323896	0.00773099393503953	-0.861690898575373	0.268684491636254	-0.776918728572546
-0.647523072792089	0.0990198402455692	0.164978448684479	-1.31249928125633	-0.371117046978831
-0.616226981594647	0.376591143490023	-0.655613135648363	-0.529573155408775	-0.577913299177533
-0.702219597309913	0.331886544356029	-0.454879040971016	-0.312893689977525	-0.134568508860204
-1.11384959170899	0.513129509099761	-0.359401418644734	-0.514203024434674	-0.771165815051278
-0.973056014586977	0.237185461441295	-1.06153034167986	-0.100018255768432	-0.539724617058176
-0.888220732987237	-0.293718172269297	-0.696394278159559	-1.55891819030125	-0.723556221675298
-1.35562375963142	-0.165080753454077	-0.517319217337946	-1.24109401248786	-1.30674969048922
-0.945358917834446	0.142192960391882	-0.341501128109661	-1.7169267215076	-0.699333632866665
-0.696165107364386	0.156035375463331	-0.3786490442903	-1.5173036226802	-0.616843964014136
-0.501226957197796	0.859036547181363	0.312393050360966	0.563337434606671	-0.0809367529036819
-0.664975892033876	0.146727842566076	-0.0242403108675203	0.814583679578663	-0.697096056172586
-0.415774079549914	-0.505545300413956	-0.175502997709066	0.578325670954989	-0.687094790225353
-0.525562694247656	0.315287474432145	-0.802914663285313	-1.38714021368853	-0.939414849872052
-0.384838921708184	-0.294396540754591	-0.291702664563419	0.438840769597252	-0.896674322928667
-0.949817959871026	-0.320436922623108	-1.1595378603917	-1.52096295004079	-0.897283461076895
-0.887521647454286	-0.217528176110134	-0.4457132432572	-0.978250080326041	-1.05326279590185
-0.32745884396298	-0.249295623536809	0.750071685048849	-0.205587428505969	0.0396949519636626
0.297990809310004	-0.186732454136113	0.498074472094305	-0.546566348891775	-0.380386588881294
0.183534757818739	0.0859475001575737	-0.158866012130957	-1.15444672550069	-0.260997465360462
0.0124498057708222	-0.452500457318365	0.117254524555676	-1.08104997845664	-0.077252023833856
-0.000598184209657244	-0.0691818602376814	0.339258247296175	0.515273657537105	-0.18746957590733
0.204205207388926	-0.413679587560589	0.393851982049777	-1.61118420790425	-0.635875319746718
-0.403375510664179	-0.32526739519223	-0.226810588912816	-0.448206398164655	-0.410104431739817
-0.841753472666568	-0.993959415369494	-0.0918969920428537	-1.99529895481181	-0.41941439328287
-0.0107338917057928	-0.164320189507064	0.357859503593533	-0.961611057393224	-0.370488127128471
-0.213518294035685	-0.216376426928785	-0.0404506771223158	0.684019991158813	0.0249005760726393
-0.0653678783874166	-0.472093778329944	0.224103926308841	-0.176385522547665	0.0574151780533861
0.0617136893658298	-0.820851024567187	0.172268550715749	-1.37945352512883	-0.211674324547517
-0.146256354138119	-0.617020042522766	-0.408739776201724	0.00215609750596418	0.526743707500535
0.619855074283794	-0.0507294340789766	0.708740124055198	0.362124521975964	0.430818866831447
0.27913398080627	0.149707449642286	-0.220156394117634	1.27242693971131	0.163866052412236
0.56921529548695	-0.533384831851729	0.847538197273216	0.318539608217007	1.11316044211428
0.639313706737505	-0.00254271930676324	-1.11058481014758	-0.220419061762351	0.496316448396554
-0.0158850402473678	-0.36785723301831	0.82972938329706	-0.527940689488056	-0.0518137065166971
-0.0825799593621011	0.0407299955388284	-0.321247905949246	0.892322464366596	0.559176036836865
0.433904462488666	0.0871267142890249	-0.460771806796898	0.0121698267572625	-0.245810478280684
0.0248259583475907	-0.235897661369998	0.314963413112652	0.250805038621863	0.41564584495423
0.407703254922947	0.0549064880433099	0.559064634146398	-0.0592784389874649	-0.0388001574931927
0.274898394336583	-0.157741617848793	-0.157047911026026	-0.239709912735483	0.39190387180527
0.744776468645975	0.0765683871433352	0.378852284200113	0.812814212936331	0.288112450719164
0.334873868351143	0.00910390330049851	-0.560528556798213	0.380634865323801	-0.476033142791775
-0.159807026294942	-0.469443543637516	0.0685720380071527	-0.484164995455475	-0.134535095906266
0.295112692976556	-0.193625209471897	0.00797730217626022	-0.135142520318821	0.138545240810896
-0.227215423085419	-0.347337479652689	0.311095594707776	1.2612177240895	-0.166595174331884
0.177053180606014	-0.015992614046249	0.0880342630754866	1.46607031380487	0.107065869761576
0.110804566080277	-0.328548342833564	-0.153297620981244	-0.654486939714023	-0.267396424083484
-0.149398596322009	-0.271639203559012	0.664211470728935	0.778147938698283	-0.0576320462423024
0.175920253196496	0.381079107481298	-0.586227755745188	-0.0413451242486028	-0.604162967973238
0.292196702108409	0.0610011326115539	0.711446643611141	0.773297191501462	0.0315326651703993
-0.106054691537934	-0.372079175954674	-0.259912084777261	0.643655562196322	-0.213901278829114
-0.528434669228547	-0.200335492098413	0.0589306347072429	-0.319004294590352	-0.272842473847922
0.184363302777149	-0.0636918740887169	0.358986929763775	0.137524557760977	0.236111868701392
-0.356759107638119	0.540835473315954	0.227314419643056	1.29782591275293	0.615902857576834
0.582085871303574	0.579634839515724	0.919894614944651	0.987884705609187	1.12559768720513
0.533850982171792	-0.154727935082237	0.513082346945768	1.73471140945048	0.874507704352225
0.516945148116212	0.711975362102214	0.440255330809197	1.41152079978661	1.10746570587669
1.07650005057818	0.717578387919665	0.746620196356121	1.41313423034944	1.21921868549281
0.843828402570251	0.523717292470981	0.411844501448064	0.608331762613246	1.16640062128321
1.3127673221531	0.95582898185697	1.07237475718475	1.4333386396231	1.32867238630182
0.982049922451576	0.755236324583362	-0.195787792122301	0.190466306306352	1.34909537850924
1.41169178893334	0.416767461689033	1.50338049901421	1.27457848300972	1.21562004542616
1.10542367157281	0.829214908367772	0.205763626067973	0.906296872649244	0.999301618770783
1.24643548998217	0.29942715320312	0.147454575327665	-0.769794373795607	0.88651268133953
0.750331577210078	0.0540972721199517	-0.154099065775798	0.43269838005453	0.966303922047911
0.584282957916847	0.058065954300989	0.262873127154461	0.545511354455879	0.572120804507248
0.555306962205203	-0.0769455177920043	0.33659162764866	0.0609615136222017	0.551023635310183
0.876574791595701	0.0974285980687957	-0.0438415261793967	1.36716103143847	0.942939274094549
0.461437080920449	0.524645448885393	0.432011948577348	-0.855813539746658	0.508679773235141
0.0510147253337119	-0.0176451213382318	-0.275810528838593	1.01529663239016	0.11030941295665
0.495965580404794	0.0424222681747263	0.0331260567377161	1.05336554097874	0.311151018073239
0.246920325468599	-0.200523906359624	-0.168511268689691	1.06175208533639	0.199636528737674
0.33396923820985	-0.151164835367496	0.227311445990879	-0.370201487768715	0.612322940399007
-0.146642392718531	-0.331657002147262	0.421560833019813	0.349713489902526	-0.0592661314630612
0.168822901493443	0.204232317820128	-0.883486794208203	0.433583833113481	0.268186961111338
0.0557775666880386	0.230804516485921	0.678209944688541	-0.390878768906836	0.124663600457501
-0.154277047981264	-0.739278343392524	0.173065201966255	1.25937272180669	0.674436099875869
-0.100469476387614	-0.124999566271728	-0.247150776049206	-1.24677934537267	0.116171917738405
0.183466315535111	-0.0347328966999235	0.163229192598436	0.824487187099037	-0.181448624467913
-0.137842081850936	0.038766857209599	0.550829016014615	-0.492672450559032	-0.278699148206822
0.208684926295871	0.126182442989605	-0.0915987473607642	-0.265086965750503	0.407791280076053
0.150683892174527	0.0279068694629503	0.600222961287391	0.193507787570452	0.385910410369625
0.0575453405116381	-0.271887598334232	-0.187410026883216	0.840737215445528	-0.629117332503522
0.0473769913294603	0.21679030118713	0.0469013565810297	1.49971548491345	0.464285748039832
0.371024775246959	0.628188113932218	1.05901035315856	0.488311777160242	0.852158134875557
0.461657374092877	0.599136221081966	0.313979179369871	0.978102646710561	0.724915040237225
0.197998794785769	-0.515072866022559	-0.231799815410036	0.445397164533062	0.352790088483732
0.308032741213022	0.577235258578675	-0.544192133656528	-0.793192139679315	0.116219700371056
0.440653821609625	0.707237362426279	0.63598529916275	0.299902234685405	0.1396747248348
-0.0199753245027945	0.184349418762841	0.158337679394488	1.35329769875364	-0.366515935032729
0.323065578157855	0.447950371710878	0.272616574889492	2.05559452257837	0.0549594460684042
-0.164135239069462	-0.201589681127656	1.13640474738181	1.47189965022049	0.525527970616816
-0.56050594856496	0.490083957612119	0.119040476833762	-0.656233029158729	0.154342682886855
-0.344984466046495	0.358458147612366	0.364293020205082	0.183137283666086	-0.415803636211745
-0.140075367721945	0.137062042859798	-0.676520371180816	0.315819490292966	0.222757063298118
-0.431608662754669	0.432732983402321	0.23478603596254	0.166356843013998	0.0308956259111276
-0.53817608997732	0.0123348153511404	-0.271216704164916	0.328135967638548	-0.265799437276443
-0.198956772605338	0.840073049743313	0.0252695794220718	-0.350968123172893	0.00245379478323443
-0.15046806931189	0.611477288039897	0.485683815353326	0.474436293252299	-0.135083830355986
-0.290125360712683	-0.130506235442336	-0.684103811998664	-0.300875275152772	-1.04692495021635
-0.434044413421819	-0.146828782751382	-0.483829595073801	0.180280288562739	-0.683072958369794
-1.42916690207611	-0.566297120507053	-1.18703501438	-1.47110816335671	-1.64757191913191
-1.07482800826088	-0.650897437606592	-0.542243330585493	-1.48817723166427	-1.20786069898636
-0.731503489466983	-0.552400256409713	-1.19427147465362	-0.0996886603575743	-0.59233276397407
-0.565453226925396	-0.0244510750947834	0.188237910078104	-0.0626103970006305	-1.18161227073636
-0.577934678578708	-0.280096845858235	-0.415541435683278	-0.300379982303729	-0.464692115358552
-0.369650675093624	-0.0716448687423982	-1.00508745574334	-0.458665953674718	-1.13975496432793
-0.569719908325283	-0.330252935733101	-0.357203052262036	0.694728470685654	-0.0232710838028905
-0.883212134664064	-0.318827875691561	-1.03477012215177	-0.946966801207763	-0.695448533792268
-1.12326295798248	-0.321995640292676	-0.109793036336615	0.834043143729605	-0.747703421639279
-1.34871166550679	-0.469833160813909	-0.597331023949342	-0.568143660660811	-1.02142004647227
-0.791825288701205	0.098786313864526	-0.156501373512745	-0.559722851400876	-0.617009464813686
-1.49510776238641	-0.581152083678039	-0.566620336603462	-0.962186960805164	-0.392935280856323
-0.749978325270775	-0.48608180375785	0.0474556368150797	-1.25781093254348	-0.627567618660284
-0.498220944103786	0.128840220400923	0.205285723991882	1.32705049850327	0.260487773868837
0.187610940419189	0.137931881129282	0.0780288684594602	0.295101250691014	0.342376782251646
0.386345092461139	-0.252327484135541	0.142167391130638	0.345072626488071	0.445689330135391
0.60715068734266	0.386592373237409	0.132958710235312	-0.178404759983997	0.0877140010843258
0.278779154286066	-0.252993737256164	0.33402712549644	-0.045992261430704	0.691402156068509
0.719058769447995	0.3785887092408	0.249725442877147	1.95435076731636	0.525995734250057
0.451562975910719	-0.175377971951009	0.658012869211642	0.0666274676942577	0.325744406156971
0.0794244609012805	0.0661876483653127	0.532840192068805	-0.218762367053402	0.560173363683589
0.230282956726541	0.244931797227319	-0.410538049290695	-0.495377147276744	0.2385035200362
0.389631967078222	-0.16417816147258	0.0998769562554771	-0.681270158255713	0.389852907676825
0.323124246561099	0.676288177939694	0.673682860638332	-0.548755425350739	0.370497765446264
0.338474728453067	-0.149148598456865	1.01542668567249	-0.387900474897232	0.158262985357774
0.132483347882434	0.380522201654578	0.304600594806443	-0.374492811171617	0.683090462513667
0.402120604201089	-0.12292089887688	-0.986964752667353	-0.634206469350359	0.218680448499756
0.761789162144426	0.0128749932787474	0.850088108831933	0.210058962829802	0.428042502043934
-0.235950846231073	-0.291866704270774	0.287207828667269	1.18346737682638	0.105403671382909
0.446761783713701	-0.101585458279727	-0.362663357159415	0.243362350399662	0.0182313894644108
-0.102962623521748	-0.461982468430632	0.446682583371732	-0.176464377431819	0.0196719561138719
0.418840584435444	0.302040957395087	-0.385033470737694	1.49824644762723	0.0248593595264102
0.0386974173699086	0.320349467569987	-0.500704831160417	0.580238460944411	-0.318831233954776
-0.166711798853319	-0.33302771888346	-0.38956292023486	0.115607935875824	0.0279303696931181
0.314197479094095	0.00327901044870481	-0.067011795165877	0.83536316856525	0.249696410424619
0.13067799636255	-0.28766661324457	0.570445006460416	1.19250955908144	-0.00384643512985516
0.478053158173289	0.732691912566621	-0.24266582111922	-0.617152433768626	0.0580550619574631
0.0439370297770168	-0.811791892329484	-0.259061607804917	0.168739276217598	-0.268426555926473
-0.269465148353357	0.226067165148862	0.948281303438544	-0.366202401576457	-0.176760194071166
0.390859641394107	0.478357744470599	0.167813494202692	0.791159861545927	0.232778532128932
-0.174762000858387	-0.174313599916487	0.201872874738675	1.10529997089024	-0.386786710557091
0.403098057456726	0.213186636427581	0.600820222017992	0.493130885960553	-0.38456938964889
-0.0871925313582295	-0.238819861013843	-0.951992549254974	0.549184903612516	-0.506425349465635
0.25382190288757	0.0612594941766224	0.367709253261327	-0.204081735205678	-0.221244357881445
0.0645587477761628	0.300265701124474	-0.0689343435905961	0.583285253434285	-0.408529115664589
-0.038397031861474	0.575509873384864	-0.440265731031152	1.53319771794009	0.0792764630361584
-0.28295293285169	0.324378024389097	-0.231823331058845	-0.715338977391339	0.0284189668051281
0.503287309352603	1.05718444321563	0.431832584396599	0.134167758709862	0.0269307046622353
0.300370153310164	0.390052504073632	0.682182783966328	1.37490945866872	-0.0507278054886796
0.457224009046696	0.467314126079104	-0.716802733389234	1.43580087358768	0.451268266943373
-0.587623563652274	0.481974442776065	-0.237355374847413	-1.17125007626626	-0.114226467847734
0.72458280892034	0.266259068573706	0.0967472253315326	-0.0590942261026914	0.343883762439001
-0.0721055620178553	0.530060186969877	0.354180760152088	0.104132813308488	0.0844346518812355
0.253288295999142	0.473824818541605	-0.169742584875364	0.532777013399688	0.472517898223962
0.327273017353202	0.175390109570283	0.326848824678696	-0.564349679152653	0.341641523164353
0.447686860893216	-0.0339778343293459	0.7341836188404	0.0734309147431942	0.742585975351955
0.710123462797541	0.425685701008382	0.715291575290579	1.72578946735394	0.508922534640137
-0.26549985927414	0.912193976111115	0.430650533361579	0.00231323349940666	0.811335951783637
0.415796447509698	0.257408228579981	0.85523147108908	-0.136478411670365	0.427172762654401
-0.0812512043086099	0.342035647623501	-0.27330511505172	-0.395450244891179	0.399303673605565
0.188063782555884	0.671037839690324	1.25114181519199	1.51026006531346	0.0648192994563456
0.358727815862717	-0.268684363400488	0.0924861764445842	-0.0623389995650396	0.434878088591225
0.260401592229598	0.325307657652081	0.189819720094638	-1.08673801322072	0.7126407197304
0.382880520986617	-0.045012646743509	0.615426596528355	1.51286482655426	-0.170877352106661
0.369566222900037	0.380650895324746	-0.0117634267797577	0.174852859458223	0.312750478636953
0.538081246522627	0.385135473440783	1.07710461885799	0.375992939374555	0.816548964229992
-0.209496233658115	0.220195727171508	0.208979960943906	0.218925656685341	0.167681245761642
0.617885362251508	0.317597499986074	0.693803955681615	-0.751377892499486	0.742974530419822
0.10737976222499	-0.25004978726487	0.363665437745726	0.547777355283907	0.107309896315811
0.190289979380721	0.0395704791313308	0.292823991600557	-0.958966856719444	0.206012509684817
-0.0448869690122531	-0.0435647448760596	-0.104418089414248	-0.0539908811388862	0.463136809777847
0.436619333628073	0.0909053927815879	-0.275882301457652	0.902072911257779	0.409276128815963
0.185896416121775	-0.105688792182641	-0.157264128945048	0.0839973949067676	0.366729774766736
0.166371208052264	0.193173231177585	0.550356907888533	-1.86422859011696	0.170175287258671
-0.268368217589192	0.05461593315171	0.581742921517462	-0.476122162025282	0.220291606043483
0.294604735153034	0.454853355469009	0.599625424208948	0.261715955184317	0.249033282319117
-0.24619947837491	-0.834238656004419	-0.0835771747774406	0.243383836445762	0.234440242757821
0.132629254255928	0.104331586860081	-0.290029587138667	-1.1210365886876	0.0964530964255679
0.0094191318776867	0.0145970840881334	0.454655940930235	0.269660555238056	0.411872355244426
0.0666054811488872	0.0983304694379775	-0.00637627467946814	1.21992715443665	0.476800677882918
0.08931759427482	0.28639286961657	0.450760222092606	-0.560324643049142	0.136419075242484
-0.562215475660324	-0.0255079517086595	-0.462997180581475	-0.76069131076007	-0.343588123053244
-0.0186064280455083	-0.23801606420167	0.207765618986074	-0.145149437318329	0.325002903034123
0.0301374818482881	0.187493533805418	0.052365104014208	0.237610042569331	0.21117437282823
0.565867169384835	0.251253743408791	0.647957562593235	0.288201004793602	0.12960677069427
0.215483342973969	-0.401223616231965	-0.223502760733208	-0.461088970401622	0.318356183534064
0.235760268641799	-0.0430806905722185	0.556418074111792	-1.49116786047994	0.462447993568206
0.237530605368991	0.578336184109855	0.184726284883206	-1.03812830071407	0.583088379974318
0.117860407586394	0.118123354415361	0.143431212033815	-0.181550855653104	-0.0076433130002121
0.0394059924889833	-0.454565956821834	0.181461671593306	-0.873263314528488	0.348431538210555
-0.173733810407736	-0.0482974381461877	-0.666354176797338	-0.63797926569028	0.197300242956238
-0.276149249757051	-0.196562434207631	-0.609064740329016	-0.243954002661124	-0.60321932817464
0.000905869089921851	0.209776545360835	-0.82405249408145	-0.317761209996903	-0.0786064603437941
-0.397242796525576	-0.151406290945121	0.126066454116145	-0.185891944337093	-0.196625675499755
-0.577333510821372	0.797046623424568	-0.421884312664409	1.6595637760841	-0.0199438727659347
-0.931638675263007	-0.158697291745549	-1.26415004662468	0.327197769480238	-0.414458749189019
0.0298418436526625	0.491098671789936	-0.03123107174291	-0.459599760121546	-0.503975380031903
-0.878207977925425	0.278168767454951	-0.603503399696242	-0.179299413839835	-0.699286115707444
-0.772336590047047	0.81718333342444	-0.589850006800543	0.247673523193938	-0.37424934271242
-0.675511636894929	-0.212490701043607	-0.11884913394463	0.0192310298021993	-0.550469726206656
-0.666982723750419	0.270435534835555	-0.341817159834052	0.766001820513826	-0.930691212936676
-0.422803745809471	0.146251152802496	-0.174516603950144	0.612082775417797	-0.672162874339018
-0.448536700961628	-0.146656997876969	-0.494195222835166	-0.013837854522232	-1.06015004815417
-0.997346267600642	-0.0947142615291454	-0.900626075819341	-0.574708270071096	-0.518981168478617
-0.701244964403447	0.130695763292536	-0.359933750225938	0.00317986508613291	-0.774492364464178
-0.585258647154398	0.0788296681608211	-0.742017307080501	1.15353501847694	-0.383908671112132
-0.537079574334983	0.170129274443889	-1.06908603184219	0.336524965487137	-1.03951128560086
-0.717418318418302	0.21001238344228	-0.83438191179822	0.0639891455273399	-0.753995600923759
-0.697984631927603	-1.12123821325953	-1.38976209870083	-0.769406104721816	-0.790032854518585
-1.31480816176746	-0.177402066823883	-0.334789972461801	-0.950191057623026	-1.45360264918483
-0.626219275023689	-0.736746268709141	-0.530613667052377	0.209365732219321	-0.489160476298969
-0.667690095684648	-0.0738693644146306	0.276369659121656	-0.541096634943774	-0.49954773875311
-0.26982278594063	-0.44841232052025	0.348479836324962	0.128466893859347	0.448508447175911
0.146817872618542	0.841930986353044	-0.225316626135883	-0.194094235249905	0.225431596179026
0.42038011514607	0.0543200104220747	0.625304002608575	1.21723608545883	0.857302537679102
0.558212761878811	-0.255421984400125	0.53422509997983	0.886411486065849	0.806028598314315
0.462137141348397	-0.0555900080506828	0.523637349819066	0.737031394861222	0.507260391020067
0.159791166190529	0.104382400918096	1.05007007653928	-0.23843626996116	0.648521320788755
0.240237516632271	-0.626161514136529	0.202280705839326	0.356188255934611	0.247093341700036
0.1895809050931	-0.100175271875831	0.221341182838609	1.01623302209314	0.481006101177277
0.126981945712079	-0.301610821839408	0.362522620679014	-0.768908903322684	0.23979961855619
0.22702037049399	-0.816601658407618	0.165197032808658	0.214688045721583	-0.0710627323433182
0.0839577455687261	-0.0981134018563109	0.49993609776484	0.858291554740969	0.484146992425098
0.0168557146420829	0.116052092278499	-0.469209388945446	0.827105025733702	0.279387454324437
0.270480347501982	-0.424025878779765	0.219435568792761	-0.782672462523124	0.152512949747753
-0.0956934330536487	-0.196629617754089	-0.291434801305198	0.759531261040984	0.0231238489095732
-0.0584480217636682	-0.454875509346868	-0.347569858622256	-1.04291860567336	0.985025047946876
0.54010287028978	0.0358272329420411	0.956364322979289	1.29691167411584	0.347368001701588
0.26783096315386	-0.161311440265834	0.0375775546468489	0.373909192023647	0.111632375821797
-0.0484845852173195	-0.325899031976997	-0.158752973396188	-1.62337930445819	0.250096840233666
0.227159554418775	-0.1816734713098	0.217797113460476	1.00838339924755	0.257733734856376
0.468297730940295	0.500214214350607	-0.38197729807762	0.466594540001292	-0.217091853968202
0.17222395820632	-0.0155726134398868	0.868757146447767	-0.0719642622171798	-0.149373137624625
-0.3156920908655	-0.671739596531089	-0.811373205208346	-0.241860721066555	-0.352482645845768
0.450492617388593	-0.0943500054155652	0.456505258506005	-0.604233236453324	-0.127957480690605
0.342780397823069	-0.164429920259889	-0.25244318952825	0.405807796572526	0.00684812902530492
0.161131571026537	0.384972559345923	0.796263564393632	-0.483466195420679	0.495683909121876
0.654383947296918	0.240141735676688	0.314501867742669	-0.463642927187058	0.641703555406076
0.523545746924687	-0.279097239261573	0.0502060415798048	-0.0145639803806108	0.241583754109334
0.821146554444268	0.369905823120174	1.05803270493067	1.48998349074471	0.799114064961615
0.426492191502414	0.0241632622835318	0.381522174614238	-0.408966459233605	0.811853634788178
0.738466544610445	-0.152329193113127	0.23786505994446	0.174603312370853	1.12734142376169
0.647091946891492	0.254231022782666	0.0371192435257475	-0.859511066348874	0.999257369065569
0.614381909768271	0.486085703154459	0.943562583076179	0.948013188105944	0.75489410702355
0.720652208828951	-0.164476103703478	0.842095295992206	1.1023024724813	0.892645430042299
0.530539256148428	0.114501340878848	0.352853854192415	-0.511228050015458	0.418460943898403
0.42759422661353	-0.404053350182529	-0.273214588317116	-1.21724431916359	0.411069410138592
0.216453893397405	0.253359528384575	0.560107404270367	0.298170010451651	0.145693071741355
0.172566304591878	-0.252514664510493	0.380364082200219	-0.893691774034306	-0.0836917159038744
0.0386145665750107	-0.0338031722693694	-0.802290591544536	0.498500032951931	0.134593346505721
-0.00637832263603482	-0.446546300397952	0.902736950954197	-1.55351635381231	-0.330915014516404
0.104820692084358	-0.460152025754764	-0.540952948825404	-0.482696490629645	-0.0243045574073963
-0.120521710529336	-0.202611822471488	0.349942298083316	0.109180478688945	-0.0775265605321778
0.338314597294326	0.683527001935259	1.25148857302478	1.17177612761009	0.159115579710188
0.764305569040819	0.835743641918359	0.667579297280438	-0.0812058223565036	0.840401548839781
0.470446831978586	0.526352838889875	0.708567001450219	0.338925621337473	0.380066090131448
0.751199066897633	0.419014655222389	0.0997277039564839	-0.401979795076752	-0.389157484808236
-0.180851149931074	0.360159895208799	-0.53054513581617	0.803853438943286	0.738858755597738
0.317113058304588	0.177606124995617	0.115437331289303	1.13294509032471	-0.100089436451229
-0.0532288776894024	0.901978433312577	0.130502633732541	2.07744323403776	-0.171751028089706
0.319443511719646	-0.459158503365693	0.481167908999838	-1.06242082083206	0.372340082524621
0.0670960092348825	0.345510787211235	0.538218575016186	-1.24520455982854	0.1094117284873
0.698842169043581	-0.129267077872888	0.290550987984372	1.05945519413814	0.150892116385387
0.0571116222288521	0.165340549587774	0.00477460748808664	0.101606715380279	-0.0546571191798336
-0.123803421980577	-0.670481991438794	-0.425152871765195	-0.797544604557246	-0.310111301911206
0.210523499868583	-0.670201319559821	0.0691425458925589	-1.41965394775193	-0.260600067422272
0.38581600043627	0.251143037975952	0.0569377394479867	0.887607394548479	-0.223257768098537
0.0714030300174492	0.0208956121748951	0.469550246472724	0.224034715868855	-0.474544255782983
-0.205060225938913	-0.171455685027603	-1.09608390443768	-0.671494934041896	-0.579417696276651
-0.000379995786557778	-0.519842456956175	-0.565977447946893	-0.290056427186702	-0.499149507720899
-0.043265749645672	-0.303760684178798	-0.591411350002781	0.915467802011017	-0.552596878782284
-0.280752656695715	-0.142478189293197	-0.153115314996393	-0.937369875084629	-0.435040654647091
-0.579805766347873	-0.714140149683217	-0.0625361923364697	-1.71595389073875	-0.930638044543875
-0.439693927233324	0.164663268421786	0.507239301307035	-0.700241794355886	0.25823322957293
-0.139256177426637	-0.4835435762103	0.569221613876963	-0.491351493363227	-1.12583742934404
-0.0676056067076917	-0.426380528020681	-1.32197428883024	0.375683056777353	-0.430609440423465
-0.338346429612902	-0.646315666111489	0.124564733150859	-1.26500271095005	-0.333065233214377
0.171140186338504	0.322609908610508	0.215461614779894	0.105040784857833	-0.11971929976048
-0.195605747566066	0.444508200761248	-0.0692157043102021	0.320725518603293	0.164277637485728
-0.0834479444643089	-0.577167546236298	0.0270476479254261	-1.27908133375839	-0.316862055844185
-0.465640309720284	-0.605435916017578	-1.12521920559077	-0.62409902817079	0.164087431907034
-0.380871140382746	0.106058159577047	0.704931687361751	-0.0215858451142778	-0.179700741386306
-0.409400142506207	0.580419315007176	0.24344483012962	0.196800667071066	-0.0619833923790475
0.0148061531868912	-0.686309921653053	-0.412954303207879	-2.17745881910407	-0.263526923861799
-0.314553159628431	-0.264197294450282	0.208356016662333	-0.75806659299634	-0.186103664465101
-0.141617614671377	0.463384801694435	-0.242200640715119	0.840189320627292	0.210537589015458
0.194857939419714	-0.0283833027602482	-0.392943465797546	0.0472570250001914	0.02864167826618
-0.324784362713654	-0.0659029648689136	-0.296615377186042	-0.246756413446005	-0.0564540050163677
0.520212840319386	-0.646206079641392	0.10825182799992	-0.302252504533347	0.226249421192705
0.159665078144153	0.708099558902906	-0.122199171262526	0.882360069310326	0.0118973563302248
-0.109409569181683	0.20746653585493	0.136444677439682	0.148243271590271	0.149686177404758
-0.394589580376501	-0.476794520007424	-1.68521945519956	0.703660687196774	-0.18879226136961
-0.487120872597309	-0.0173385015749794	0.0436212295755108	-0.800659627094805	-0.369098269373155
-0.406411249331077	0.294291001747914	-0.839485826903304	-0.198987907464694	0.190249930389291
-0.425219969295741	-0.0974879663766132	-0.105354483743009	0.137457314510974	-0.966163686641928
-0.245419670360157	0.0872677711090656	-0.298816726995899	-0.488101964959101	-0.571626170418351
-0.528273500670503	-0.013409261293437	-0.581768075522035	0.705295216601022	-0.608070931693065
-0.686587537042382	-0.0455048899062976	-0.787080644362705	-1.77598782741972	-1.141017748464
-0.468865564617883	-0.391935018614581	-1.45969057399977	-0.83445111800741	-0.308389721070867
-0.693097961033868	-0.502483438840723	-0.943737436535152	-1.20216286448238	-1.30336468609006
-0.493157851071901	-0.477722834991054	-0.199184715350518	-0.271404035895854	-0.745128569550637
-0.530037306957504	-0.0169248783261415	-0.569730583351444	0.471122683493334	-0.585386655678389
