Subject	VOI	x	y	z	Size	
100307	LTM	-50.000000	-19.058824	1.223529	85.000000	
100408	LTM	-62.944444	-20.277778	2.222222	36.000000	
101006	LTM	-50.000000	-20.000000	4.000000	257.000000	
101107	LTM	-59.512605	-16.050420	6.000000	238.000000	
101309	LTM	-59.330435	-16.095652	10.017391	230.000000	
101410	LTM	-56.047619	-12.571429	6.035714	168.000000	
101915	LTM	-61.390558	-22.025751	9.957082	233.000000	
102008	LTM	-59.624309	-20.055249	9.900552	181.000000	
102311	LTM	-53.811475	-20.147541	3.983607	244.000000	
102816	LTM	-52.007843	-12.015686	9.945098	255.000000	
103111	LTM	-48.656863	-17.686275	10.872549	204.000000	
103414	LTM	-55.935484	-16.154839	4.129032	155.000000	
103515	LTM	-63.065574	-20.737705	11.622951	122.000000	
103818	LTM	-60.544218	-13.034014	5.115646	147.000000	
104820	LTM	-46.962406	-14.992481	9.203008	133.000000	
105014	LTM	-57.799197	-12.064257	7.959839	249.000000	
105115	LTM	-57.921260	-14.031496	8.007874	254.000000	
105216	LTM	-59.799197	-27.943775	-0.056225	249.000000	
106016	LTM	-61.641026	-20.948718	5.974359	78.000000	
106319	LTM	-52.000000	-14.000000	4.000000	257.000000	
106521	LTM	-54.016260	-25.821138	10.219512	246.000000	
107321	LTM	-48.081081	-19.270270	11.594595	74.000000	
107422	LTM	-61.536424	-22.092715	7.986755	151.000000	
108121	LTM	-56.340000	-20.490000	13.350000	200.000000	
108323	LTM	-49.984252	-26.055118	6.031496	254.000000	
108525	LTM	-53.428571	-11.067669	-1.879699	133.000000	
108828	LTM	-51.250000	-20.295455	3.000000	88.000000	
109123	LTM	-60.191011	-14.303371	5.764045	178.000000	
109325	LTM	-55.921260	-20.023622	7.976378	254.000000	
110411	LTM	-60.254144	-20.209945	14.044199	181.000000	
111312	LTM	-61.414141	-11.171717	10.181818	99.000000	
111413	LTM	-61.903030	-24.230303	13.769697	165.000000	
111716	LTM	-61.276190	-12.819048	2.895238	105.000000	
113215	LTM	-57.723577	-15.959350	9.934959	246.000000	
113619	LTM	-60.986301	-13.479452	2.246575	73.000000	
113922	LTM	-51.735043	-12.008547	8.153846	234.000000	
114419	LTM	-58.097561	-24.195122	7.837398	246.000000	
114924	LTM	-59.142857	-12.422857	-3.074286	175.000000	
115320	LTM	-59.115207	-12.285714	5.815668	217.000000	
116524	LTM	-51.992063	-20.015873	8.103175	252.000000	
117122	LTM	-59.521368	-16.393162	1.931624	117.000000	
117324	LTM	-60.760976	-21.931707	9.863415	205.000000	
118528	LTM	-60.352423	-22.123348	-0.431718	227.000000	
118730	LTM	-56.117647	-20.050420	9.798319	238.000000	
118932	LTM	-63.106383	-16.276596	-1.404255	94.000000	
119833	LTM	-59.573604	-24.121827	8.314721	197.000000	
120111	LTM	-54.000000	-20.000000	10.000000	257.000000	
120212	LTM	-60.615385	-23.384615	10.384615	26.000000	
120515	LTM	-52.571429	-18.122449	7.510204	49.000000	
121618	LTM	-61.159420	-11.536232	2.695652	69.000000	
122317	LTM	-51.865546	-11.697479	-2.025210	238.000000	
122620	LTM	-59.405172	-18.043103	7.982759	232.000000	
123117	LTM	-57.644628	-12.074380	3.950413	242.000000	
123420	LTM	-57.897233	-20.007905	-2.015810	253.000000	
123925	LTM	-55.876652	-25.506608	8.220264	227.000000	
124220	LTM	-59.921053	-22.298246	-4.543860	228.000000	
124422	LTM	-59.524752	-19.623762	8.613861	202.000000	
124826	LTM	-54.456311	-17.980583	6.203883	206.000000	
125525	LTM	-63.147541	-18.360656	7.508197	122.000000	
126325	LTM	-55.991111	-16.586667	3.662222	225.000000	
126628	LTM	-55.799197	-21.959839	16.016064	249.000000	
127630	LTM	-55.943548	-20.080645	12.177419	248.000000	
127933	LTM	-56.400000	-24.523810	2.238095	210.000000	
128127	LTM	-53.936508	-26.031746	10.087302	252.000000	
128632	LTM	-61.223881	-12.582090	4.044776	134.000000	
129028	LTM	-52.042553	-15.617021	2.382979	235.000000	
130013	LTM	-51.678261	-20.347826	3.791304	230.000000	
130316	LTM	-61.284672	-12.525547	8.000000	137.000000	
130922	LTM	-51.896000	-18.008000	6.040000	250.000000	
131217	LTM	-55.960630	-10.031496	6.047244	254.000000	
131722	LTM	-62.227642	-12.000000	12.065041	123.000000	
131924	LTM	-56.016064	-11.903614	14.160643	249.000000	
133019	LTM	-57.748988	-20.040486	9.919028	247.000000	
133625	LTM	-55.692982	-17.859649	-2.008772	228.000000	
133827	LTM	-61.705128	-16.346154	2.141026	156.000000	
133928	LTM	-63.288889	-18.681481	-1.940741	135.000000	
134324	LTM	-61.659864	-16.353741	8.081633	147.000000	
135225	LTM	-55.968627	-13.968627	2.000000	255.000000	
135528	LTM	-57.284091	-13.363636	12.045455	176.000000	
135932	LTM	-60.048485	-18.084848	12.109091	165.000000	
136227	LTM	-50.015625	-18.023438	11.992188	256.000000	
136833	LTM	-48.073469	-24.024490	10.122449	245.000000	
137027	LTM	-52.000000	-20.000000	12.000000	257.000000	
137128	LTM	-60.036585	-17.780488	11.792683	164.000000	
137633	LTM	-60.436170	-16.329787	9.946809	188.000000	
137936	LTM	-60.812500	-17.958333	1.666667	96.000000	
138231	LTM	-62.785714	-17.767857	12.250000	112.000000	
138534	LTM	-60.909953	-18.123223	11.800948	211.000000	
139233	LTM	-61.581081	-16.121622	13.932432	148.000000	
139637	LTM	-49.944223	-19.944223	6.103586	251.000000	
140117	LTM	-55.951613	-25.830645	12.169355	248.000000	
140420	LTM	-53.907563	-19.974790	11.588235	238.000000	
140824	LTM	-63.160305	-18.564885	1.740458	131.000000	
140925	LTM	-54.000000	-16.000000	4.000000	257.000000	
141422	LTM	-57.714286	-10.421769	0.340136	147.000000	
141826	LTM	-58.000000	-8.210084	6.050420	238.000000	
142828	LTM	-61.126984	-8.698413	1.809524	126.000000	
143325	LTM	-50.080402	-17.768844	4.572864	199.000000	
144832	LTM	-54.086580	-8.017316	7.766234	231.000000	
145834	LTM	-59.235556	-22.035556	10.044444	225.000000	
146331	LTM	-61.710526	-18.842105	8.000000	76.000000	
146432	LTM	-55.992188	-21.984375	11.976562	256.000000	
147030	LTM	-57.108434	-25.301205	4.048193	83.000000	
147737	LTM	-58.000000	-16.094737	7.610526	190.000000	
148032	LTM	-55.803922	-15.235294	-2.647059	102.000000	
148335	LTM	-49.929648	-15.547739	4.542714	199.000000	
148840	LTM	-57.572052	-16.122271	3.807860	229.000000	
148941	LTM	-51.992095	-18.039526	11.928854	253.000000	
149337	LTM	-60.481283	-19.700535	6.203209	187.000000	
149539	LTM	-61.503356	-14.174497	6.000000	149.000000	
149741	LTM	-54.180723	-11.734940	8.349398	166.000000	
150423	LTM	-60.233333	-10.388889	5.966667	180.000000	
150524	LTM	-49.897196	-15.485981	-0.018692	214.000000	
150625	LTM	-55.968750	-16.000000	6.000000	256.000000	
150726	LTM	-52.000000	-8.000000	6.000000	257.000000	
151223	LTM	-63.214953	-16.654206	10.130841	107.000000	
151526	LTM	-54.092593	-20.851852	7.870370	108.000000	
151627	LTM	-59.015385	-24.707692	8.184615	130.000000	
151728	LTM	-51.387755	-26.265306	1.683673	196.000000	
152831	LTM	-56.098765	-14.197531	13.761317	243.000000	
153025	LTM	-54.000000	-24.000000	8.000000	257.000000	
153429	LTM	-59.885350	-15.987261	9.732484	157.000000	
153833	LTM	-51.983673	-13.869388	2.171429	245.000000	
154431	LTM	-59.350649	-16.086580	10.034632	231.000000	
154734	LTM	-58.275862	-16.301724	14.008621	232.000000	
154835	LTM	-52.077778	-12.211111	-0.311111	180.000000	
154936	LTM	-57.731707	-10.113821	4.024390	246.000000	
155231	LTM	-49.256831	-12.448087	1.912568	183.000000	
155635	LTM	-57.809524	-16.129870	8.112554	231.000000	
156233	LTM	-57.836207	-26.008621	6.568966	232.000000	
156637	LTM	-59.847390	-22.008032	9.967871	249.000000	
157336	LTM	-61.568627	-18.000000	14.000000	153.000000	
157437	LTM	-61.687500	-11.750000	-0.500000	32.000000	
158035	LTM	-60.169492	-14.372881	8.045198	177.000000	
158136	LTM	-59.169082	-15.961353	8.512077	207.000000	
158540	LTM	-54.000000	-26.000000	14.000000	257.000000	
159138	LTM	-51.006623	-12.450331	0.900662	151.000000	
159239	LTM	-58.051064	-15.923404	0.178723	235.000000	
159340	LTM	-53.960784	-8.015686	7.960784	255.000000	
159441	LTM	-54.000000	-12.000000	0.000000	257.000000	
160123	LTM	-56.064000	-22.008000	9.968000	250.000000	
160830	LTM	-53.976562	-16.007812	-2.015625	256.000000	
161327	LTM	-55.984064	-18.103586	7.872510	251.000000	
161630	LTM	-47.318386	-13.892377	-0.179372	223.000000	
161731	LTM	-53.803681	-7.705521	1.521472	163.000000	
162026	LTM	-63.047619	-16.587302	3.809524	126.000000	
162228	LTM	-61.454545	-22.307692	7.496503	143.000000	
162329	LTM	-54.475000	-13.325000	14.200000	80.000000	
162733	LTM	-56.981132	-12.075472	7.264151	106.000000	
163129	LTM	-57.906977	-21.651163	3.046512	86.000000	
163331	LTM	-52.000000	-18.000000	10.000000	257.000000	
163432	LTM	-56.240664	-13.834025	9.742739	241.000000	
163836	LTM	-56.017094	-28.188034	5.538462	234.000000	
164030	LTM	-57.968750	-24.000000	14.000000	256.000000	
164131	LTM	-61.333333	-12.289855	8.927536	69.000000	
164939	LTM	-60.553846	-12.235897	5.928205	195.000000	
165032	LTM	-61.857143	-17.244898	6.081633	98.000000	
165840	LTM	-51.861751	-22.267281	1.447005	217.000000	
166438	LTM	-50.000000	-22.000000	6.000000	257.000000	
167036	LTM	-59.221675	-17.724138	8.266010	203.000000	
167743	LTM	-50.672727	-20.454545	8.236364	220.000000	
168341	LTM	-55.904382	-19.928287	-3.904382	251.000000	
169343	LTM	-57.873016	-14.055556	10.000000	252.000000	
169444	LTM	-56.876033	-15.586777	4.776860	121.000000	
170934	LTM	-55.808219	-19.926941	0.200913	219.000000	
171633	LTM	-55.656652	-12.128755	1.768240	233.000000	
172029	LTM	-49.594203	-24.057971	6.115942	69.000000	
172130	LTM	-53.984375	-17.992188	5.976562	256.000000	
172332	LTM	-61.848101	-26.202532	-0.303797	158.000000	
172534	LTM	-54.000000	-12.000000	12.000000	257.000000	
172938	LTM	-57.429787	-20.000000	12.000000	235.000000	
173334	LTM	-55.968750	-16.000000	2.000000	256.000000	
173435	LTM	-53.072464	-22.695652	4.869565	69.000000	
173536	LTM	-58.000000	-22.976000	12.560000	125.000000	
173940	LTM	-52.819512	-20.360976	4.146341	205.000000	
175035	LTM	-56.405530	-14.350230	5.926267	217.000000	
175439	LTM	-60.622449	-17.969388	10.030612	196.000000	
176542	LTM	-62.236364	-10.890909	3.218182	110.000000	
177645	LTM	-57.181818	-19.954545	8.090909	220.000000	
177746	LTM	-62.172414	-20.356322	5.873563	174.000000	
178142	LTM	-57.968750	-24.000000	14.000000	256.000000	
178748	LTM	-59.800000	-14.337500	7.787500	160.000000	
178849	LTM	-51.620513	-20.133333	4.379487	195.000000	
178950	LTM	-58.660000	-10.140000	2.100000	200.000000	
992774	LTM	-52.111888	-9.062937	12.041958	143.000000	
994273	LTM	-55.675214	-11.940171	2.350427	234.000000	
