1.34279257390307	0.731827324611203	0.545264126958498	0.263918463595292	0.207153340100989
0.930280447375905	2.26252356084961	-0.267694995498434	-0.442022652734375	-0.0910798729426842
0.500918475915792	0.576445685210728	0.0550502754355197	-0.679235605636868	-0.228686604771657
0.598686607858652	-0.225146081338792	-0.674469277949841	0.190936234259935	-0.310986851602643
-0.0831474029794157	-0.386163493126972	-0.615432332482918	-0.840981618770348	-0.650132155634232
0.6759747509947	0.762253255699944	-0.165177214298306	-0.702095734105665	-0.0346843778182777
-0.149660068674126	-0.813510579773338	-0.615572848075374	0.320262947776144	-0.0731894673422435
0.290467579503047	1.09134663864683	-0.103591000986051	-1.30881585359329	-0.186111571688331
0.49085883252854	0.648184452320398	0.12656649803797	0.603953060574694	0.667183597926374
0.643489308175415	-0.0190860636173894	-0.297759213967327	-0.804863993386816	-0.0386653346515895
0.977510135740187	-1.26950746499835	-0.81578330748881	-0.342741575521425	-0.0721116224630631
0.949753755867608	1.62517414421006	-0.334506138256971	0.532253526210552	-0.268101362214769
0.999163472164672	1.1471743106642	-0.598504175216487	-0.117355924845092	0.103239432738403
1.16697831070852	-0.379580880880298	-0.212297397478728	-0.103387492468391	-0.498571186091697
0.505652762013544	-0.0885347331705055	-0.679613434179109	-0.484103834451126	0.163448617110692
0.720929584479638	1.32871277392032	-0.684748377563915	-0.803745049716276	0.331302035308578
0.312012778483834	-1.73873653989254	-0.842173253639896	-0.320243455456055	0.145423630832639
-0.0601058767649245	0.732501066681681	-0.397976764687037	-1.02919982901552	0.124800890344518
-0.0673804303286432	1.0245358732015	0.165880714474878	-0.90127869020309	0.530731411466506
-0.392218140880635	-0.586126914430676	-0.526082904753158	0.67160249566902	0.0710800646085841
-0.0812080684043476	0.268695204496135	0.0600546852080696	-0.621685220726778	0.411289562505116
-0.419088883761787	1.35567832250079	0.0578714826538157	0.045316136216869	1.12267464758429
-0.460119213668503	-1.50814655305738	0.245956893051223	-0.991933367364078	-0.099620022032822
-0.343766618930058	-0.106730914689323	0.158628834641933	0.347384604152878	0.632296970805401
-0.958587374739583	-0.80031412297279	0.516033427658962	0.157509255689144	0.278691204941874
-0.602118484833101	0.340651245477602	0.00592403335400719	-0.750472366640909	0.20228025629432
-0.278918169707695	-1.19300866394609	0.21608614605564	-1.48807694796007	-0.266665773506946
-0.428818221462063	0.356991535866705	-0.237431073991186	-0.757781924358641	0.528334144252331
-0.494470417093364	2.20552436287219	0.680966460687922	0.611868752289958	-0.518709625459963
-0.895783750652101	-0.916073292391447	-0.357491758151692	-0.04780298739847	-0.392706521661842
-0.253677540560853	1.26157742052712	-0.0372163374259201	-1.62775014116602	0.199973384711438
-0.227227910686535	1.263679251924	-0.421719465076257	0.408080613877095	0.115019239763447
-0.142536816340103	-1.45246133935938	-0.259347914757347	-0.441695839114764	-0.177512339894178
-0.276071319480456	-0.29190401463252	0.217730160102489	0.155510106583081	-0.121880566350209
-0.13855296826222	0.841563410306062	-0.0338074172210978	-1.16264766676239	0.340392490298726
0.181180524259884	0.557525768059896	-0.0216236707776169	0.517108419771013	0.381579936831612
-0.241321732865998	-1.54982517820634	-0.14198015624219	-1.02351949552868	-0.0298564809932214
-0.116979927897632	0.0683324093130743	-0.0337010254248884	-0.126877029992403	-0.210691868671879
-0.38028044953779	1.13999656350904	-0.0788963897570655	-0.199710959778513	0.0457340488525585
-0.470725841670831	-1.35465322912475	-0.14380311111229	0.21653524862168	0.108985536208347
-0.0837128757968243	1.50337985020126	-0.0696388807808748	-0.593241520343882	-0.147434988415112
-0.236023625040661	1.10655977173616	0.189499224777791	-0.611484682576462	0.0342924764185474
-0.47225403408539	-1.00565345948522	-0.0103150810307923	-0.199119932309559	-0.160062387275799
-0.800834588893616	0.291914133748225	-0.163119206119882	1.42218570729382	-0.569696145764735
-0.730838802088511	1.19836754871853	-0.0654916764981785	0.13805002224679	0.256162975604276
-0.589426744951959	-0.964105425069248	-0.375091698011157	-0.579754620155328	0.336234648963595
-0.636375584095463	-0.281540029501509	0.0737487080875064	0.409670273078182	0.423164391677573
-0.579178414000364	-0.0720300402465984	0.0656096017628051	0.874279644037511	0.866506604772183
-0.782312341164268	-0.110900981738082	-0.210278039658159	-1.43318014746649	0.159117103558535
-0.547400176613018	-1.42716061937873	-0.160408578301045	0.0820312591949489	0.313849832380578
-0.442883847620115	0.285609529433635	-0.409198591847646	-0.129528116131007	0.297592082067029
-0.137900211423101	0.883756537542496	-0.0010399321583055	0.0356536283188514	0.0330321441151395
-0.293252788256699	-0.568654608159821	0.193761937804823	-0.385114951246684	-0.539081559399582
-0.793472829850693	0.830401365615217	-0.18379424201861	-0.592125560176754	-0.492509713520512
-0.573592243937139	1.37952800119832	-0.241237345565664	-0.206758875852804	-0.270513374032219
-0.400510619710649	-0.960311928379732	-0.262867876793137	-0.110251428558933	0.141449649647847
-0.441290498213046	-2.06741139815599	-0.177869681394303	2.08213921461218	-1.07057770247852
-0.049863332599043	-0.119791192068723	0.136345189142287	0.821827376474712	0.036069691915863
-0.0163264100744736	0.279529008380221	0.381776127931123	0.702914806147019	0.613397383057355
-0.573158874957169	-1.30778544903316	0.518503222306851	-0.00787803429748465	0.257932837186114
-0.185578145862382	-0.409829203913268	0.256585096850224	0.70537751185458	0.602904377549541
-0.734058605322896	0.147881174120286	0.628818292426308	0.665365150800448	0.106042611826375
0.184590610229216	1.66555883019551	0.52152135788346	0.391175410422492	1.14642371329689
-0.340618330525468	-0.45712497391374	0.0485581733259871	-1.15039635384299	0.273736261205632
-0.372712286394853	-0.783226165245923	0.668658802612515	-1.40435382018431	-0.604116937408742
-0.427092275970415	-0.374480136654131	-0.00245818575860818	-1.39117292539153	-0.425399438728995
-0.174092456299539	1.26527113570438	-0.0315933490330883	-1.13189958565766	-0.886373768820145
-0.54474049226752	-0.619699669831017	-0.469924451663108	-0.681080884889519	-0.695515567629876
-0.610880035406358	0.882625532314382	-0.124831197470925	0.645838028314496	-0.70091276255473
-0.288962903630993	0.302168878873251	-0.104052575601161	-0.566636535544357	-0.105043046409955
-0.862313053295142	-0.0592762531503072	0.103894870091608	-0.570033622869111	0.0741056883548679
-0.310012032641845	-1.46889090120711	-0.0905004159833564	0.382208527048565	0.102644285289561
-0.0205866425078279	0.879873418629081	0.411624651104524	0.158056169630258	0.15345583756962
0.694587803305693	1.18840624120158	0.538497474504676	-0.259738412325255	0.000617757723549464
0.145480842574995	-0.521742847054468	0.570061988963164	0.564297747386475	-0.137197452367259
0.27953742231254	0.0642631775155443	0.727535516539155	-1.02520325264096	-0.753582796548323
0.269664827358386	-0.0144272732854815	0.0874612980248333	-0.187860002271117	-0.572279640531435
0.669823806928199	0.374141131589887	0.208055419494453	-1.54891638232433	-0.558811035334854
0.520342251372764	-1.19852931978754	0.236400127973808	0.895517387651035	-0.361597617037685
0.83304733517234	0.610454795873951	-0.109672187680188	0.313623814948918	0.073051490988502
0.263701087818082	-0.977188012940229	0.324503185532908	0.750330185209973	0.197106197109941
0.545459828304836	-1.29688711496048	-0.165252713699705	-0.215113944551991	-0.231404959168973
0.0991810500877632	-0.579068646756378	0.0503994953987271	0.939094266129922	-0.252241386529251
0.39531802539007	0.408393231194492	-0.0178192893630269	-0.123202499527499	0.683332507133112
0.49156552299354	-1.44440971570924	-0.171300944899055	-0.20613002532956	-0.128600265372451
0.0889768113480515	-0.0814656810460904	0.757985294634566	0.0215466401691397	0.206853515587691
-0.00249219182089843	0.502911197451205	0.134351573259443	1.45592244142746	0.386263795176084
0.672366701728518	-1.58033779741212	0.252375480987713	-0.0887376830976793	-0.0350521408599411
0.468988662816341	0.37191913590534	0.718845186313371	1.03916965671946	0.385242506615775
0.295765534138602	1.03711753522669	0.355732025517758	1.15865822834139	0.47188566938624
0.501777413441362	-1.4979974767116	0.647373165280627	0.877247496492589	-0.0771586823722444
0.742816337238456	0.676463157045216	0.415683678085165	1.76777585227839	0.428661771309486
0.549047312758111	0.702814903617272	-0.00773684477405551	0.291126816927449	0.45549317160431
0.343128062228079	-0.672929747812559	-0.139591642352943	1.18479378481803	-0.201777557297564
0.447343343497577	0.724513220629054	-0.128969524853047	1.44026041253553	-0.580204197017248
0.382913364588078	1.14014306724162	0.0426179298560474	0.0801847310970035	0.0194636163189036
-0.0920213071357863	-1.17738327844416	0.271506775583572	1.83840026934927	-0.694538769330119
0.289066438739553	0.554574317987539	-0.0173203341002381	0.0537386700114262	-0.688512836229642
0.661920070164335	0.568177274819343	-0.0679201590146474	0.119772481627681	0.196318066897718
0.223420059626547	-0.219342454036012	-0.224302732776291	0.605398761855339	0.310245341032694
0.47127021283476	-0.657760487128728	0.368155461246936	-0.339242703129013	0.84950128236326
0.14869735664449	0.748572388623671	0.345617018612543	0.516817878791712	0.194604431931113
-0.096367285288704	-1.60964783809273	0.0101320250406618	-0.689289649032692	-0.737122655775769
0.296427579692208	0.255483738544453	-0.125029631689671	0.250301398536352	-0.091894534991425
-0.392134261869437	1.37999895070013	-0.140782400655682	-0.236469060511552	0.400225696110951
-0.323332481920493	-1.92155605723062	0.237593126864961	-0.456108390531019	-0.0956230546210888
-0.479042997467874	-0.641371953031043	-0.173606448570519	-0.578685530323265	-0.36248607945616
0.057600909852259	0.191155948622139	0.231359285078575	0.90046628278296	0.293388614615649
-0.036715731432953	0.165904043049563	0.477189553075358	-0.292821729324975	0.136770643314399
-0.0177112491508693	-1.58642511992022	0.233375500971062	0.847638870287787	0.0142158765604183
-0.315046813311801	-0.143425822762462	0.697991596250341	-0.729806113278158	0.10518948860989
0.272521933602386	-0.744626907635381	0.271972612679458	0.791682625553468	0.294497272817202
0.0161272500763986	-1.09896690723711	0.364957453277728	0.371740839952054	-0.260082977960966
0.29797178169068	0.708971327310372	0.518369225527136	1.21105252953895	0.63972207045141
0.171160160941612	0.599731556410845	0.326094557209966	-0.623681304956227	0.352453898956263
0.128802733364081	-0.930655287001916	0.271705040202022	1.86233447904405	0.086550086570537
0.628341413592029	0.689103404755142	0.342261018870832	0.909969641285744	-0.0766293344917248
0.0563857691331889	1.03361308089536	-0.122112830392561	0.63997880301866	-0.315522902645577
0.0660631696520445	-1.43305451986437	-0.254080923870375	0.0897947656285649	-0.558143308637206
0.195483863263744	0.307688531807703	0.0377882073051095	0.0163299664970841	-0.225004284829171
-0.0660885995642584	0.819805536381656	0.667771018983779	0.32001264870498	-0.182129689995407
-0.514952567793801	-0.878412962901633	-0.0395275143701445	-0.217199342991866	-0.0913361790820175
-0.579469726961948	0.353392116332859	-0.0695870289933208	-0.407092568331387	-0.142337744238629
-0.362530006874484	1.1706147200605	-0.0642305449721564	-0.428621614747259	-0.260931520505715
-0.275986924427353	-0.789340872116924	-0.875883874717437	-0.307054962755386	-0.879362533501952
-0.111731577505011	-0.0772700225507122	-0.13318886252481	-1.10214766459225	-0.788526191958567
-0.518512666977925	0.911158902826602	-0.613598942702538	0.340274590357736	-0.700082290199982
-0.513351250978567	-1.45994222570954	-0.784229169000157	-0.974016007708134	-0.706392221561503
-0.0484750492016322	0.0451022949244755	0.169631309375939	1.03421159601194	-0.41120530554484
-0.240312760864238	1.23465962693663	-0.477071235340741	0.397627742260268	-0.538738026759529
-0.345580044763494	-0.193330862154794	-0.568316513315257	0.402513212184485	0.00255306732880297
-0.270962718716037	-0.818679169912857	-0.250000764045291	-0.121468594126742	-0.448255089095394
-0.243203772683122	1.05797388071142	-0.437732053626639	-0.133508968730604	0.0293081228876308
-0.282227005999803	-0.807656080669791	-0.177682375564465	0.526789511700226	-1.1820596084555
-0.494962982590464	0.317706645626839	-0.721690885748218	-0.141348784886047	-0.48384314358754
-0.521669451755638	0.104741711919984	-0.0475637247763535	-0.79315990223221	0.0276045557433383
-0.316172814634707	0.578088616871113	-0.87575498186195	0.114559979542401	-0.905996550889079
-0.494575873702347	-1.16528448908862	-0.295843062536469	0.159503590847872	-0.541405377541773
0.10695705891768	-0.296022931458819	-0.221540119897687	-0.298418214906796	-0.209263725790659
0.356766849862037	0.318383159427281	0.345499336396192	-0.144784833727498	0.641829508452247
-0.170079130062228	-1.43076240737364	-0.16692409966359	-0.765787473644383	-0.064565957624293
0.427043851658027	0.128672019121994	0.0115679245167542	1.23404155211978	0.0889510156595933
0.603335523349807	-0.177101985023511	0.290773698294554	-0.470265935389084	0.554733298439223
0.513944160935392	-1.13821817352092	0.248134132341831	1.16042087137134	0.245315541588412
0.192223347751662	0.382551863028252	0.486535650690392	0.428344998292181	0.027461346416157
0.569013291121536	0.211010900511384	0.440962103400877	-0.451178469269455	0.472561040627514
0.176304417786677	-1.96395004062222	0.0157761810977258	0.688621478501457	0.456282838869581
0.413154381953395	-0.228025023386327	0.10245041477432	0.882908394514513	0.419910222227431
0.371956930732308	0.0882500986037876	0.252459675957055	0.331373074508518	-0.139681481413551
-0.181204677013662	-1.04330537307302	-0.167516785703172	0.200185401803588	-0.279481737121872
-0.00656042250823554	-0.591318249935591	-0.240403501643804	-0.129962737742787	0.287695975102232
-0.0774790954491771	0.432015711855806	0.148391209319634	1.58998275605841	0.383196634082235
0.092858576658617	-1.54008521983083	-0.250569864874434	0.342524488244384	-0.436391006196947
0.131789509454179	0.77273633087681	0.552991439714967	0.383451281276651	0.263150089934718
0.219228951037842	1.31792922267507	0.275783968880249	-0.783442809832909	-0.000739393767376275
-0.100912731219404	-0.867042927699542	0.120546840126651	-0.848249081244629	-0.0342592244300775
0.0617418761981421	-0.782997077034182	0.358428057547144	0.490734093588715	-0.102878745013441
0.22890556053897	0.216058694603788	0.404091880925915	0.180577708187597	1.26529851391411
0.150784416973051	-0.588915989466936	0.582037725742416	-0.0316095668520197	-0.0904283403089302
0.214131463476411	-0.335248709398322	0.239267844957146	0.0640617426119432	0.12650244546657
-0.042891565012165	-0.254358733496244	0.310986937686134	0.805974739214124	-0.221424682683017
0.248715647957128	0.0244412611491509	0.379282499752184	-0.350189422080149	0.196137158940158
-0.510809143848154	-1.34395520891759	-0.273382166606879	-0.555536613392835	0.112143334311715
0.336220328306368	0.242600162557466	0.18007583697315	0.200141199410197	0.0454384310649794
0.176795032003429	0.644166271077279	-0.0852279768924814	-0.536700968000361	-0.049675437067797
-0.801119775883662	-1.41768612813076	-0.295975020582917	-0.41353453659973	0.186696843272501
0.138778210283349	0.654568068903461	0.243589925374775	0.659525060400511	0.263431260198998
0.220041259403093	1.18957400998554	0.401702321857943	-0.0242873541939127	0.612386868766288
-0.0124459089731346	-0.774815573043935	0.304826603615788	-0.296639203651443	0.460160661312361
0.377603684847971	0.420547689426087	-0.00122099322634582	0.285279780146259	-0.014320844238225
0.100468716513931	1.34734593701124	0.253857593431639	0.20539277537842	0.301272772269229
-0.232528118943219	-1.46140576479603	-0.419410226871558	-0.0355784503916671	-0.335320657343515
0.179384210399767	1.31299043912939	0.264509949694972	-0.385292068416331	0.597544435407249
0.12851145834197	1.02435910619724	0.370684432308506	-0.00515598707696526	0.25515795818604
-0.199200250006691	-0.760619631548921	-0.585240613755068	-0.247454806099702	-0.537031616270452
-0.14207905162389	0.247341448450748	-0.384068209741484	-0.588495046202614	0.523808586806145
-0.447609890564164	0.805201386077326	-0.289934483082219	1.03774764165407	0.444201118704161
-0.0890574471384737	-1.33307373487357	0.131050048738592	-0.479635504889295	0.102627873923605
0.384123341911856	-0.821733765816037	-0.107364337007775	0.193156262537269	0.829014823696956
-0.149385021221389	0.676771651728876	-0.025649609100372	0.638254767520818	0.11176282508453
0.324618275770825	-1.16860602437496	0.0605487069306038	-0.970878624509859	0.0714892343950999
-0.0706155576726784	0.844693189630809	-0.117693896633403	-0.343508968261284	0.467986208642503
0.145226750369664	1.93323434473677	0.471044052633678	0.214434151816966	-0.33497470522528
-0.156223843049515	-0.820550288327946	-0.148041469215803	-0.504370820426331	-0.777414183103425
-0.338987679860954	0.906826732823603	-0.303272139507008	0.909470779298821	-0.647764454460975
-0.303138273507256	1.02613490432372	-0.414265122026367	-0.254659024910859	0.0564932113946476
-0.229515800189906	-0.855835490391594	-0.205957349590045	-0.344658285627141	-0.681733907047308
-0.55285598688504	1.29220193660756	0.381369545553609	-0.418301989839971	-0.100578641365415
-0.217630358259042	0.853936314708508	-0.489969881477312	-0.0251681070460446	-0.652498304030899
-0.656499194997083	-0.637051319693087	-0.481185267520764	0.174599697829098	-0.540100910423515
-0.465663369581242	0.35356546093403	-0.321553418789183	0.573880883028442	-0.518364553814407
0.124842001475716	-0.366948115534037	-0.311401341392768	-0.219585838635406	-0.423306703282151
-0.13338292117825	0.713413714166996	0.142287506048872	-0.547984336997903	0.16747428384452
-0.263332829605239	-1.55692000024213	-0.309384935624515	0.188848451696539	-0.340814197687123
0.326140564174142	0.522644956633561	-0.3380532728182	0.328451769205881	0.679160118167689
0.357379747689393	0.36841800350746	-0.209040184921747	-1.25638789424018	0.391318028363186
0.580024261803979	-1.26800345608573	-0.143800907478889	0.0649115019303018	-0.501751599247803
0.288040299211124	0.87678497045797	0.00575082124544898	-0.232291210543024	-0.168192205699092
0.502228653256901	0.945425462009042	-0.502024731896273	-0.545831107458997	0.0910477226484089
-0.0803541767863785	-0.778600068062255	-0.24498339496256	-0.710534297149387	-0.570665766137696
0.30651574899204	0.77373615975541	-0.123285397988658	-0.249638684832794	-0.130881893269
0.29959614973886	0.604283930917072	0.314437648376481	-0.258547203471785	0.137911340243693
0.511030626779398	0.0387264383191204	0.00421667957265832	0.607395037765482	-0.158033598159295
0.709625705146799	0.362015327844355	-0.0302057952204286	0.534494185654247	-0.437883826979592
0.870829018581785	0.562560886013348	0.446951622030128	-0.036351324248807	0.762151664716822
0.46295575308867	-1.28539945007529	0.42093925374861	0.396195678554411	-0.153660557045814
0.539069972411585	0.806691620669238	0.786081381219051	0.884166350531094	0.322675500240418
0.296152513356194	-0.122711412613466	0.181782136760733	-0.431413050659305	0.118644380462062
0.176007170468298	0.0414939329979086	0.238844693443736	0.65865884519653	0.000951146045573109
0.533787247447295	-0.928010274208855	0.452347564252651	-1.06705372762894	-0.269743504875955
0.54920353268583	0.560088903918644	0.11412223758309	0.861973265053086	0.659009492542064
0.609077056492235	0.532115579829156	0.67896953478156	0.149484454695599	0.587085103330942
0.375169657185279	-0.961964270481573	-0.152016790205502	-0.656726091221127	-0.375571985775012
0.216649453318058	0.246135742951777	-0.105548057563893	0.324217929421225	-0.0230046385475758
0.247480001859843	1.25878734511839	-0.500343259689809	0.426873708390547	0.20349439961538
0.248652110959332	-1.75995001060988	-0.176737641028386	-0.203560956084008	0.226024492576484
0.168325436097096	0.642193161675575	-0.222032058432941	0.769291131944088	0.0189975087440004
0.179417048405556	0.5246693656411	-0.300703837311722	-0.401402956012367	0.289391098598017
-0.474604646104804	-0.991511218151426	-0.413275720180401	0.461085044381095	0.32488879591648
0.0619191509323453	0.368054498052999	-0.175537638293683	0.946235004055547	0.168119684262125
-0.16646992661917	1.32242730557455	0.549864781301311	0.595539455652017	0.149718561330916
-0.255531392161022	-1.11342127064473	-0.387926288505817	-0.135829653510956	0.344573097829711
0.460819488351905	0.212921629494349	0.142908005551213	-0.524899146974221	0.146183206669416
0.151923766583988	0.700357972669538	0.0285658156934785	0.133443586645992	0.245632317492699
-0.184249902665954	-0.322438555927828	0.25800177182304	0.875869298378548	-0.618545869289472
0.0494128776725059	-0.292732930250742	0.54011399300938	-0.386643523059886	1.05652204819393
-0.30558715549106	0.422308270637389	-0.210568331561491	-0.823324494980271	-0.888849379461746
-0.178934193764273	-0.489911289809119	0.224699581653658	0.614460276938486	0.537492258366928
-0.374416777561963	-1.42448499032214	-0.155726507621797	-0.509625947840136	0.0707395262480102
0.0954872664641744	0.213784323375337	0.353055778032203	0.378614652653865	0.137191404353363
-0.383817597158295	0.603071615612178	0.00262031269872675	-1.11829561275086	0.375250230783533
-0.257327904799908	-1.70823895257153	-0.474264142028552	0.0641122876506493	0.335796511966947
-0.535644241776456	0.499098931140527	-0.190156888599294	0.346600962234311	0.329918035243194
0.0169551355562228	1.17779879616258	0.00935083252992751	0.496305118110907	0.681336566860141
-0.295448980083873	-0.597695259248137	0.61819868624184	0.726306293952429	0.336660149519879
0.057630769924242	0.298595962660074	-0.0408299568059425	0.720893387267471	0.377646631974939
0.252843353026721	1.12652539390169	-0.0477812223531155	-0.0443430986121298	0.468749038085965
-0.498591567954052	-1.17962396851976	-0.0987498801940745	0.92739474164191	-0.0849466735887042
-0.28972309582888	-0.0729948670445077	0.0730768985164576	-0.100756091513849	0.179356314075539
0.127857305247924	0.509389383699005	0.553476168158671	-0.620504072685428	1.23698367583075
-0.591843670941424	0.2182870368399	0.182566604538256	0.0169919679659071	-0.174791496152357
-0.154158726306375	-0.689335362296643	0.103265027461261	-0.439188639608777	0.101930820210144
-0.51322718831901	-0.162680016641457	0.20000048432644	-0.686155551542954	-0.305191688266786
-0.0971175380153776	0.456976705222422	0.418508187574313	-0.865254688627875	-0.418999391829811
-0.675879025706934	-0.483201860691706	0.0286436874082241	-0.955778360791381	-0.523419241277173
-0.44664584146169	0.502343208395475	0.00438317208026252	0.514830459349173	0.0394897854891044
0.123617503137162	0.8259996332784	-0.204623806917382	0.0699980592831024	-0.184312101956002
0.0683227038976749	0.921935932105723	-0.232557296217242	0.336614021382512	-0.0353446361708884
-0.286003693853955	0.222212400067218	-0.0880203129333181	-0.716794160944044	-0.438559774621105
0.147712061386496	-0.751908532537773	-1.03571514113341	-0.198124090200775	-0.654316880618313
0.115468386942103	1.91379794147306	-0.444759132511995	-1.35701960937288	0.209030139610721
0.100984557608661	-0.46728433007792	-0.54924678892699	0.312691875206231	-0.871663929728177
-0.34874513189377	-0.159654834054372	-0.378571836142816	-0.806464485283862	-0.593968329800687
1.62800305791815	1.28837456893694	0.173172366574936	1.61378802369338	1.05134447335451
0.683632165259179	1.11787342785641	0.233743325426111	1.35410515853345	0.448934354545897
0.855146349100571	1.20845801586175	0.130328094191491	-0.553328712138829	0.678370906180858
0.92485869568724	0.0511690146308414	-0.00217209296559918	0.930200844536161	0.526232584231515
0.904716624256906	0.19299373708259	0.44474492689562	0.365528269039211	0.129238217343869
0.90898417326915	-0.570828472398372	-0.111958434122407	2.27395852312152	0.391725669640567
0.630863280422436	0.876711457660398	-0.298664325309091	0.800367462683599	0.129420545387732
0.354175452032389	0.572699121728145	-0.354238904478723	1.29122367037663	-0.0172198131677127
0.670331200817938	0.712122142020376	-0.750801085951401	-0.816751749175878	-0.660244542301303
0.33669023296667	-0.859797361660419	-0.434164308634318	0.0120863483015254	-0.483442230703666
0.0638706998990809	0.74333951039501	-0.748330061699643	0.328487276723361	-0.645274654619167
-0.328485079344461	-0.519306629145259	-0.32043555160644	-0.0647602421710485	-0.618618129352997
-0.424848293945718	-0.393292813556557	-0.956184571329977	-1.21416698613393	-1.18209175093553
-1.11426370533917	-0.946213176722624	-0.755638962700993	1.40897819725125	-0.645161485175211
-1.05380455692193	-0.0321712669805272	-0.503822748257814	-1.23467170642934	-0.217287256257783
-0.119083807022138	-0.0434844822764196	-0.312356465142468	0.47250389184229	-0.123583869991454
-0.26459025803589	-0.309162881605631	-0.125777661160045	-0.28266357478497	-0.141775008029138
0.120153506102749	-0.329180039442484	-0.112978539229769	0.441273846307028	0.200968657723555
-0.045722362099851	0.982062379485409	0.19369109403532	-0.0518375434836665	0.179853463431115
0.132160583482759	0.110430221410803	0.497793035952109	1.06237345249811	0.755392672191929
0.183719599018688	-0.0633143928985832	0.257136229563109	-0.261448429037454	0.328987300098842
0.145953231028786	-0.799745096169137	0.766917560700519	0.435844606498463	0.620824259048418
0.143252559581578	0.0190332731122799	0.954565542279004	0.554501790590574	0.290853863127502
-0.0856758470577102	1.05319552959519	0.573099150851013	0.866098038615969	0.434410827995685
-0.0778199989477776	-0.0438968938733308	0.975431476477025	1.94988806783449	0.241822559117018
-0.165774847695113	-0.0113733484266245	0.362865454750095	-0.879377271053681	0.580959334369956
-0.320859388542497	-0.190142802461979	0.683197710898197	-0.197946463105961	0.300282394432479
-0.336351227743967	0.779763640337897	-0.0232868298533324	-0.530327343953171	0.371991503579873
-0.0973642215943389	-1.60604696293555	0.352798135836281	-1.08561117517031	0.225659457101616
-0.550853471624246	-0.108200350893494	0.157614113580612	0.0922940680313257	0.310109408766031
-0.278529661183212	-0.778375074112179	0.493717390654535	1.75081911515234	-0.0597771441195286
-0.35996630944604	0.447487467147461	-0.125944005533582	-0.298147095737922	0.114712952525965
-0.17762391007167	-0.994319911361357	0.616672408579116	-0.406191658394316	0.125153871247588
0.161142284550454	0.646311611579382	0.308924554814755	-1.53289179710184	0.216571806375509
-0.317498916904149	0.391918969222441	0.333427210927998	-0.396386341658887	0.641972549124073
-0.29799672510435	-0.151575064119189	0.416948872299108	0.799199510534876	-0.288140882471206
-0.518677966726782	-1.68939915352243	-0.379224507843524	-0.0266195148875151	0.287092535783661
-0.251977591040345	0.445862202928712	0.0471221886948359	0.900187457390055	-0.0443147254938715
-0.135166055602313	-0.299240057515874	-0.140326849633017	0.04714495204466	0.648816652928648
-0.474544528055706	-0.863085447718525	-0.0907389071871786	0.0433845038317006	0.321134520693926
0.233706619123645	-0.879308917833769	0.137978703301178	0.162743201983335	0.366618167958246
0.0560277425723384	0.259672692354296	-0.400362870688891	0.547741022866508	-0.277833373871954
0.375480434706838	-0.353678130139363	0.348162397335749	0.0248328686973219	0.192429035645266
0.281761027575782	0.237349222983139	0.184650335975075	0.606576823066622	0.567673365837078
-0.0801292506792754	0.421715077331539	0.559795896390419	0.0481934627368485	-0.0774277261039466
0.333366041509667	0.115655266286582	-0.188657994066462	-0.0187537226884977	-0.445761391947136
0.0799253378866999	-0.478270557383197	0.182164954048376	0.316926306529221	-0.270603411725338
0.140671879970671	0.763973169746051	0.202825073005455	-0.499032871488047	-0.103844050172336
0.0220747595207351	-0.981359506859197	0.0392079650119873	0.665412324984497	0.581336680119548
-0.313054218095236	0.0292399588158847	0.39003104464119	0.0144146895092621	0.326036295657213
-0.0325780954954679	-0.121836652881293	0.0458564709979357	-0.455124887265701	0.232820549199648
-0.0947134973123819	-1.34396999346379	-0.676292228135531	-0.181061003800801	-0.0164393183314178
-0.0489536822956916	0.781225191670018	0.19041753511998	-0.96852180015954	0.0354913731843821
0.0908460316186967	-0.406695213088796	-0.0248062554029539	-0.524052849757787	0.234294455472085
0.164284743049977	0.785645546738181	0.366351893845796	0.958690611886577	-0.240804021526279
0.0778857496651658	0.141575304248727	-0.0658696911440511	0.643230792802297	0.0349283560275534
0.112635665331784	0.81713171151883	0.452614149182119	0.484860785333504	-0.220133966097757
-0.12441139767837	0.148788696365559	-0.00614420070660622	-0.421857907789084	0.48991001727273
-0.26847584368445	0.11821882148489	0.299403465761676	0.0842582548043558	-0.388129561458016
-0.479073953213714	-0.719906224135094	-0.457803374091176	-1.17399465576701	0.110296176901331
-0.143297837554527	-0.840142191490141	-0.343623520106841	-0.167957549573423	-0.531149610994744
-0.404383715762732	1.71811748874849	-0.637641284084352	-0.247726161732576	-0.092215370104687
-0.668147943745607	-0.633489707976949	-0.432365890586156	-0.478035771389374	-0.397061167327393
-0.547136063708406	-0.55398348202507	-0.86102315207415	-1.40665921616261	-0.552980624376748
-0.351913561612234	-0.305060316264136	-0.545918286792737	-0.912051447001473	-0.710721175593412
-0.258509682471801	1.16226347519599	-0.635667527271863	0.120250604236943	-0.67519959089194
-0.266219120968851	-1.42294322466562	-0.319267496446708	-0.595377503223954	-1.33411980799489
-0.154890417201092	0.812111689850604	-0.735334489759739	-0.291048203288087	-0.368574538241106
-0.313956610160283	-0.0608074034176938	-0.127558499493032	-1.23346860615138	-0.766645480284113
-0.315635823536901	0.155693694873364	-0.24067189116712	0.134480495737758	-0.0319031727475232
-0.632319948633705	-1.11273008377197	-0.412878662716738	-0.560793896208523	-0.757846462936237
-0.145059651118621	1.02383978119901	-0.0650224892820605	-0.939773637307937	-0.399516443390929
-0.337011994995753	0.873825919300112	-0.57276252364754	0.127093755844855	-0.608818965925321
-0.846902061476152	-0.684172912348688	-0.159288724679457	0.208329613943442	-0.239566610236833
-0.102668776036098	0.227029903294431	-0.168965319197615	-1.63704684410041	-0.677667059493792
-0.68022978469329	-0.768475703721471	-0.36150867344008	0.101095616190135	-0.134407039207005
-0.157853249765026	0.642979897134982	-0.131807082562357	-0.928982015918455	-0.469896519002098
-0.0895131998139844	-0.657165798647508	-0.337375120699446	-1.03288602932826	-0.170700732863153
0.0565141949461756	-0.196371920854284	0.449751699925428	0.219566073228639	-0.0414387498861991
0.361793813936389	1.45540352069281	0.197607901693561	-0.71954605008524	0.377307171076797
0.299714125369471	0.331050742655178	0.469541208338766	0.577499681763977	0.0788597962501116
0.735585304906191	0.773580826438721	0.436537939282023	0.352735951159346	-0.121639738699188
0.594287584707491	-0.308159581698774	0.156934163851048	1.64383499116976	0.479487161273578
0.255894496136257	-0.805824593100296	0.253531578273336	-1.12540273679979	0.123910507327338
0.474561134223627	-1.13048609078883	0.270579993397301	0.266461425772863	0.169999639747627
-0.10490317828485	-0.0311591688927341	0.249531915734058	0.619776647081381	1.00043523699465
0.10924458880272	0.340249557328969	-0.107466421708706	-0.605450330883596	0.611761102714154
0.23577973265646	-0.0882147445855251	0.120150820609953	-0.290546863508725	0.243125411083798
0.183445336648012	0.278932745818108	-0.194831865327344	-1.38774571147386	0.389990790744894
0.455389093260789	1.17260519716579	-0.1505625803538	0.247395462976313	0.496845237787917
-0.137289746629103	-0.504226743882193	0.172792741127841	-0.292228454758239	-0.0634167384260809
-0.0282807814447329	0.957067861969579	0.0231413504070762	-0.245821796541724	0.154101529269651
0.201416324089781	1.14676982888646	0.239443417635386	-0.666732178761187	0.362546059717319
-0.177634153076612	-0.384621691601872	0.0278311794615432	0.0871741558394458	-0.0118245590011199
-0.161864275705584	-1.25746313878721	-0.260398077079183	-1.22263669884078	0.223942472151413
0.120135249700988	-0.483424950056164	0.14192609409003	0.813673552472837	0.251315778990411
-0.225303439092433	0.17496746663424	0.0964878104243653	-0.242222509723335	0.159034726469626
0.0652616806765394	-0.270980987895101	0.0935229929961176	-0.302091818400118	0.0638938367367049
0.296097895836079	0.429836667081214	0.489704134385698	0.614041729501577	0.783918318939785
-0.337686906185752	0.483305153223157	0.258958420791089	0.408149033851604	0.0409753814562015
0.179945304392017	-1.04218365690299	0.452243979055603	-1.82505534416626	0.0551727151984095
0.0162240458206598	0.714424641084867	0.1241413308192	1.28451169313169	-0.102383554527957
-0.108617996921272	-0.444428373922287	0.630697719767717	-0.0235626658791343	-0.0893597117305649
0.300933340189926	0.330733962704546	0.0302636558942911	-1.21971566870023	-0.404999272540636
-0.0969123931216744	-0.667617295434314	0.096171714981783	0.13556846415649	-0.407974108755091
0.410094822537741	0.199026850528066	0.194575262256914	-1.27527347388337	0.208268473210988
0.285200465782336	0.93965790020059	0.270573118123956	0.35077348846185	0.338441307743396
0.0467063776331572	0.440907813759804	0.096144137437566	-0.340306863698465	0.342874621569786
-0.132981718521365	0.487225054744944	0.0240213196271399	1.21275381472789	0.127531218477553
0.0399447857103054	0.11637561327702	0.171457233906304	-0.244044687142156	-0.0768791725155297
-0.0162590488953515	-0.812077471509722	0.159148828308875	-0.0345924825120125	0.105930392194309
-0.217581897908106	0.263157341209553	0.314804010071451	0.24314392783603	0.167225098711145
-0.0743841374626507	1.11795208509312	0.386541596227268	-2.35552986330046	-0.0778055772801159
0.0938027519811439	-0.684918233473839	0.0375685826872011	0.0790853768465095	0.123842375160976
-0.142413089351457	0.715398745182583	0.305187888934977	1.20270369248088	-0.210715207835081
0.0297088157966592	0.875180073212801	0.203225249150664	0.146543253953414	-0.335427115746893
-0.284204328598665	-0.146367319460723	-0.101571326621406	-1.46368240981023	-0.61087120975415
0.110731062704596	0.2641117730531	0.0326548944294626	0.0229677015559995	-0.148438861344163
0.0199880934754791	0.751236002028387	0.0255832233032457	0.64367927908103	-0.305353727972161
-0.262067866491333	-1.40175867920862	-0.323540106450431	1.12969144593773	-0.553144812225746
-0.0109348910276231	0.565582419821277	-0.590200608305483	-0.731680018408743	-0.188731247511715
-0.187321698940179	0.904954454053979	-0.330561741956487	-1.03144355132814	-0.11320526569099
-0.00441567651598099	-0.230183737495837	-0.42068791833614	-0.00613552616473529	-0.12317634261109
-0.396718674870612	0.704151267242854	0.00990158592395324	0.52016801028609	-0.181383669059714
-0.406034349441563	-0.145687998659781	-0.504542142163439	0.402146104031647	-0.190134281601538
-0.15744324423349	-0.0691009976691103	-0.00236083585995972	-0.2561815246713	-0.685877233105412
-0.288753638719953	-0.996205393451457	-0.421700942507255	0.277355360127557	-0.353156176366929
-0.0824189708074306	-0.751203587286028	-0.404065542992509	0.360824406560084	-0.378864563307388
-0.539958016679881	0.0439217404517749	-0.643475624995596	-0.795825550666553	-0.474435612732699
-0.359600905813766	-1.74722836492857	-0.867116748113511	-1.25764244621253	-0.380935854585675
-0.343680588216119	-0.459492511289477	-0.521247766254907	-0.755577098863309	-0.143610591039576
-0.167871715618783	1.32354051257928	-0.504324638312765	-0.175415868172341	-0.236526030872415
-0.332060176252684	-0.416146484666372	-0.882824603065919	0.168492883940079	-0.607696673628959
0.0584048061029113	-0.0628745900688232	-0.396485650623466	-0.94325730510398	-0.399096849449699
-0.089869807454014	0.747106396512432	-0.371289963424222	-0.780973698156129	-0.232245262762234
0.059294983379469	0.108290043395519	-0.748002787948774	-0.720135799829514	0.116215037667262
-0.345331303042771	-0.69745741149115	-0.305854267638319	-0.00615679497488046	0.285293890751797
0.40562783142607	0.344992331868741	0.0497076555245342	0.540879580764276	0.00711178007520271
0.329642984669892	0.163696550927848	-0.209712643836511	-0.12254684214645	-0.179552316399625
0.178151041148059	-1.06214274930741	0.211236297173968	0.0277752730973614	-0.0953372641767659
0.720191154174733	-0.100366389268724	0.00172360911274274	-0.491386549644648	-0.237286481759192
0.455971149957317	0.239902711797788	0.59199600363359	1.12483421914375	0.400998753154478
0.0709796404671937	-0.453782027788196	0.20177768396459	0.439988004193129	-0.310491185820671
0.484571350201283	-0.0866918278951333	0.490882443816893	1.151348368547	0.325560016199967
-0.130310502937552	0.153402938236934	0.464894490490215	-0.897205070875684	0.218517037694328
-0.0643782081778526	-0.583836542128955	0.208590544790844	-1.57550099091625	-0.223481292096224
0.190116718877137	1.15763841387537	0.401340331664408	0.810480400474527	-0.0666251139670084
0.190519448478446	-1.17758351146326	0.133798138009089	-1.16091507380389	-0.291912077579746
-0.00953967335356938	1.16485547323531	0.00350097580445315	0.492041992747141	-0.0816742162616703
0.284492126304939	0.647255091371953	0.670344380882365	0.161938086173512	0.135578280342655
-0.0966429537204457	-0.805924628785872	0.170224948087589	-1.22619347760979	0.20505405311068
-0.245884483433549	0.291105327322994	0.32916645859895	0.442669865691885	-0.0234358461502089
0.151158390664755	0.608303038988936	0.0029022627560082	-0.298335696412543	-0.165146217093912
-0.144318904951056	-0.800250059232877	0.0200062700933064	0.419955610616734	0.374385265045931
-0.459320578453379	0.313421682847875	0.198927676156099	-0.739546307337364	0.0880707291126293
-0.127737007369199	0.521623538503216	0.00784961588980885	0.475532451854788	-0.0892304060118011
-0.580171652966769	-1.58316185917143	-0.230160004837209	0.0206564814752419	-0.69733298471467
-0.54280835012667	-0.205043130762202	-0.680361104152469	-0.407755368677167	0.0356126523990483
-0.0743325609082769	1.16994170577875	0.183886415479262	-0.307555200092024	-0.529100796900727
0.0223993750093131	0.218521476894391	-0.422640572884856	0.535904500617459	0.386321349638278
-0.0426873750766988	0.341680753827135	-0.142464820183968	0.527672787030388	-0.172156441079146
-0.0943504978232974	-0.22650800968289	0.148702426371361	0.0673358573528532	0.0941887755255436
0.481713301857877	-0.293174722583868	-0.0104805060468009	0.171352066396618	-0.0874271572850897
0.482695966017114	-0.386752787303654	0.259543928811653	-0.173804429702314	0.0428887186511218
0.219556576812513	-0.783698163209566	-0.0193527538333437	0.301273850214923	-0.242552418639278
0.415970776146435	0.339412839798638	-0.00454991717541213	-0.479275379939757	-0.154790055621692
-0.0822485151255025	-0.346669447356003	0.0563043208019046	0.773649965724097	-0.50822139754471
0.204483063240812	-0.0741893934340623	-0.182400502873882	-1.02115603040875	0.039783286586316
0.237933198052688	0.523529395829589	0.268533656544766	0.191894521649069	-0.314551288997907
0.0418342519593962	-1.27506188846657	-0.176040146008111	0.824814332948597	-0.253890571370919
0.247886886602626	-0.727067081230268	-0.448976838232428	-1.72918820297507	0.292350511294879
-0.0618859328310447	0.348301979218749	0.0425274350561221	0.243088266511357	0.696167615687259
-0.454467320215287	-1.13104233192797	-0.1749692907699	-0.320153323379426	0.149647454840764
0.216864252005958	0.488408065195786	0.090945696519376	0.0926798195667979	0.1697446335552
0.0209338201938532	-0.391147125100748	0.13746129490102	0.0148815143842066	0.254598078122712
-0.0913581286396285	-1.69338795820238	-0.0839687145600953	-1.59702006691052	-0.310663204996361
0.0224411571850841	1.39585863134747	-0.205140411009101	-0.393151456384565	-0.192045317053739
0.0716208508478772	0.47993182741712	-0.0184990567180975	-1.68699238048631	-0.27252508453509
-0.376464714196251	-1.21434215445348	-0.0707984001561623	-0.835828209216963	-0.379298572873658
-0.224397818192391	-1.02841420103357	0.212989271385067	-0.0107983282495828	0.111072255835794
-0.147242883806556	0.955333055439724	-0.558772928737559	0.807795614741516	-0.216800552123743
-0.409673220728907	-1.02413219894339	0.0922901753197625	-0.67210296660533	-0.31187963849272
0.0585852745003313	0.407160720993847	0.148611032598786	-0.481736780565926	0.31596329818775
0.366534060800163	1.24680510557641	0.0205229704480588	0.828775129392097	-0.119556815741346
-0.251425651777011	-0.15090444220956	0.29891779965503	-0.726633829782687	-0.521855774768917
-0.0699529786711452	-0.370378932454968	0.327300171472216	-0.627827557898927	-0.509464916934277
-0.0179022819014513	0.202265816505834	0.140046316293715	-0.325247551862691	-0.689926482120325
-0.134754677087237	-0.980912352025386	0.0284357030826841	0.310635627564473	-0.807693523253698
0.039426618074604	0.41453758576501	-0.492233374504159	-0.826526269208955	-0.716152628580355
-0.233952823056386	1.32496687692097	-0.108827144133317	-0.463879752596027	0.0234119258709468
-0.169794595329404	-0.086662724855688	-0.830791789832238	-0.132677931002957	-0.511680074730464
-0.361999612392919	-0.164995583185459	-1.16578532452354	-1.67733021124358	0.165797353800276
-0.471588765670743	0.49748240123608	-0.565135115450619	0.86378790929227	-0.293044569188463
-0.115701881751208	-1.77218534481108	-0.963828186755106	-0.508309891710473	-0.706412091293353
-0.185146737541584	0.607247876384305	-0.83743608682645	0.74029470427743	0.075550889956428
0.00323810509605571	0.78646504626914	-0.735964159770713	-0.702955999801642	-0.119619271795524
-0.119897576329805	-0.311156021986561	-0.523999654656439	-0.0311618801674333	-0.535084744008529
-0.0380768472025457	0.200391608867816	-0.345323818165153	1.26778357809473	0.497708674868372
0.104490282030452	0.58600717020437	0.0967579603444472	0.807647298331306	0.536526080738434
0.348915838630568	0.620085361738207	0.306287917180162	-0.25936486066039	0.276831102083295
1.06339618207257	-0.704500929020031	0.487985249361115	1.0404916324895	0.691933500574078
0.672237826754296	0.294263692604956	0.496109982653102	0.0616670497297226	0.64764226538562
0.423483578342604	0.166362514263617	0.731021828995544	0.786708572836148	0.325108757976665
0.584125998888416	-1.11948133078824	0.423214738557704	1.22651260740036	0.21408395732314
0.743301836036838	-0.0862080631572341	1.19372649185537	0.154262448874373	0.321958804099719
0.250434888735208	0.101567928503283	-0.155020183771484	-1.05567306429361	0.0790597428902487
0.139206639936501	-0.339543124782945	0.5158780630805	-0.625292468331708	-0.31738278554237
0.460359756873399	0.894596520668392	-0.0883868137690944	1.50921356419393	0.124688526232407
-0.101574336701154	-0.00259074792600515	-0.150699642389561	0.726554479894945	-0.0487948034413655
0.121287965312397	0.393284440100746	-0.209338657970677	-1.37691567680805	-0.0816422734128146
0.41371292403551	-0.447164993989697	0.0354799879289933	0.02981445594003	0.203271122249624
-0.279822199385619	0.331006693855018	0.131159473348039	0.583618348206033	0.297427061358366
0.058569945585883	-0.932117071518509	0.134316978026669	0.560983640146928	0.252287227413517
0.363407659204038	-0.111197379909579	0.069078005239611	1.13941810758135	0.260681234701617
-0.105956576391416	-0.948066859518576	0.405868315310682	0.900807403554561	0.364603959258309
0.382054719635815	-1.08951748440752	-0.00378825868738512	-0.935603562313757	-0.10071635243449
0.0386714740378018	-0.287481292450723	0.215613407739854	0.664820119751279	0.31141540224521
0.104709841461984	0.608909011557774	0.418210172390143	0.754668254814519	0.284703176063434
-0.0915444322296427	-0.973956610407024	0.164570664984289	0.745041400123298	0.347396405396295
0.225523462986604	1.22554720037882	0.458785577540165	0.371347740461868	0.153631946212009
0.0590645119651669	0.860080261830059	0.0828116337507743	2.2457667766406	0.188155511131621
0.0174210338000816	-0.939805196872263	0.0832675857931705	-1.57778466269072	-0.17511695054485
-0.160840007190769	0.811898393135525	0.206311571580818	-0.621559413153149	0.477492574188017
0.269115715183938	0.802681528937904	0.309110688792958	1.53677528765253	0.682317509574075
-0.0326299843460353	-0.421150309030699	0.00191080264500688	0.614420280083666	0.17943586441487
0.200127100737873	-0.360780877112144	0.345965355808018	0.332434943544903	0.33486833735944
0.0745192354422543	-0.243055523331559	-0.0998554477866128	0.771059317999713	-0.0831783658813223
0.00045431178635358	0.420891133390243	0.541713374941701	-0.0765680523778257	0.175039487703431
0.198482501323994	-1.49843879954736	0.0647102304869078	-0.181313735423573	0.240256941615034
0.287533349601924	0.761637425769379	0.13571224402768	0.923070059234432	0.67376986990979
0.184663899411068	0.586420579238381	0.253886968978616	0.949955332785833	0.216465481567847
0.211291438496223	-0.459946505773261	0.130077653158863	-1.07364552573009	0.0881433215828367
0.273575573618006	0.837494020316694	-0.111311023124754	0.675567267323487	-0.160399183936026
-0.134310195733572	-0.581112317367696	0.9383967647013	-0.16975080931763	-0.0782916968463512
0.41912332487559	0.104514416863859	0.0433426253001216	-0.418927272749285	0.510992031938552
0.14660188863919	-0.3928144353	0.537265400671768	0.871091889586442	0.234764519395123
0.22742353682037	0.116098893843319	0.0346706196771689	0.437218317688418	0.447202620845676
0.294681412585163	0.708930247874638	0.232558675398528	0.398436321985529	0.142106500807954
-0.129205135186393	-0.124950419889623	0.666641716192593	1.09650132634865	0.829242816231411
0.00963032010523476	0.0189502689703752	-0.0790211652871752	0.281849133385236	0.214562446577849
-0.498012315628848	0.42252445377471	0.131925958154525	0.410536380364453	0.744264294911578
-0.306771307974184	-0.0110618131207682	0.237110287573651	0.55054372308215	0.427516580474365
-0.533266933218232	-0.676615517168924	0.0438853426429855	0.0562951592076245	0.0981239276877834
-0.770648160421554	-0.467846573799964	0.528077034202449	0.331028459439897	-0.108641663442875
-0.167335788937095	0.588888711943319	-0.383020799889255	0.785723888535493	0.0277054504522687
-0.444435727691315	-0.345365528097417	-0.382180275071045	-1.58636222511983	-0.253895446080149
-0.249524404573195	0.458490167086442	-0.589069925747075	1.06289101605922	0.281267823721929
-0.0416764294381778	1.82839618282624	-0.105866511090881	0.160347321103458	-0.104630738813525
-0.319637954024042	0.297696243948056	0.0628473024742537	0.89777287806275	-0.263245664933137
0.111034481855054	0.937150804769726	-0.546363828376945	-0.566255862356674	-0.0116735419722861
0.019387054088966	-0.127253957336475	-0.168932722020449	0.331772938041025	-0.242664165146547
0.0753915864540514	1.11632046261891	-0.419094125217763	-0.225761456345662	-0.836481780448425
-0.490635375364985	-1.40979497876791	-0.42525381876407	-0.596171757424727	-0.659311036311717
