1.54459198684976	2.20797749061936	0.333644964043594	1.06638776174051	1.78900413075012
1.13618360018927	1.42826748887843	1.32317175715972	0.988572978150568	1.81179729576987
0.920407908418711	0.283896642512154	0.388226959685678	0.574823594607676	0.574571590756739
0.151834373284481	0.0948241962553883	0.216598566214478	1.11407638588996	-1.18371592112566
0.0629123609975061	1.82395572876354	0.3413999755496	1.07113530220612	-0.36576787703799
0.718410080228614	-0.0350191365088734	0.72309429609657	0.021728833729379	0.399491385440786
0.40489271456589	0.157097304632145	-0.525597624652296	-0.545898834854603	-0.0383937275745548
-0.472140721325352	0.516503570442138	0.00242438272503908	1.38032458015121	-0.575731374584334
0.444547355780154	0.928815122527356	0.743048337675117	0.532842902779047	0.388145224366595
-0.139213227146816	-0.364055564447167	-0.658813158039972	0.302065233136003	0.263462122405762
0.0483843274998744	0.0649529208165088	-0.129797953898246	0.709603698872961	-0.429911037416521
0.445162233431993	-0.459861996413929	0.303331101010946	-0.825865028267766	0.473785997363083
0.242132316941932	0.305905913987767	0.304695567300769	1.11521853308426	0.119066530002035
0.531642871048308	-0.0368956109051686	0.192316059044801	0.0361791885103815	-0.319740333184236
-0.102417452087296	-0.317180654483214	0.424923073090731	-1.22615904068569	-0.147141153178665
0.909360330334116	0.825023025156319	0.458528908004813	0.234964560479798	0.69776120495847
0.670829003921617	0.0867890662519412	-0.0337977066844636	1.24844561864849	0.121931810074522
0.206700490924018	0.133100304991709	0.121205048701364	0.552871384636173	-0.495031274292233
0.32255706640112	-0.0800112616043294	0.860471262790441	0.632709297702564	0.791955524229124
0.491458981245438	-0.167487711120339	-0.00861766407602146	-0.86864143504652	0.644271893802981
-0.0280120253557428	-0.202848276303077	0.0950820266243976	-0.315955871609281	-0.454399758285082
0.24160150795846	0.231855275730508	0.119380715059989	-1.1939234938209	0.352922563598212
0.0533924319801427	-0.476218086227105	-0.13133728408691	0.604358091000743	0.578516138944686
0.277240547362971	-0.745246382484672	-0.0795803277642056	-0.0809444056403454	-0.125175858354916
-0.470828841171707	0.246653713820156	0.331197671676286	0.140979105873438	-0.537559782056542
0.154206353644003	0.241970556692492	0.0541982538046318	1.21137626079388	1.01132983810667
0.0370681995983163	-0.100098195150317	-0.146423700577079	-0.678109155704702	-0.0322918065264976
-0.393942455559654	0.166230967716754	-0.194130243283329	0.825438912691188	-0.600829731008111
0.556889911645684	0.308335070454083	0.353820257540417	1.71709657762954	1.09675914411439
-0.427150807283232	-0.783187070924487	-0.494428339046308	0.387160484047454	0.218129883414035
0.121607144907412	0.733508204662263	0.365238016964246	-0.500630437696431	0.398394812891518
0.306264467170301	0.909525543522539	0.708997950697404	0.262041572897662	0.426342649447793
0.258567037493595	-0.408676217080722	0.266049693763057	0.0661193435059297	0.931538031333941
0.304467591396531	-0.647398327428864	0.343609969953463	-0.136012160171579	0.0201956129051619
-0.429478864651935	0.627841926817641	0.314945056810948	1.65145911613851	0.200130911480873
0.622300199502211	-0.301415246691204	0.585480777094719	1.25351123150137	0.544044552326068
0.247398238323758	-0.427793767402037	0.173766492983936	0.0368648681348918	0.159982219229501
-0.463033159724213	-0.641789769685681	-0.428315759204949	0.458429038752912	-0.570011989900743
0.0652461956872957	-0.0620789780048086	0.841290942231644	1.16124603140428	0.238882960008053
0.214679982511863	-0.558592504839408	-0.152388154272054	-0.286666812107695	-0.381807915857635
-0.107925744422934	-0.297171830875281	0.0332186224233479	-1.44993440759194	-0.263286733048261
0.335615604549327	0.43274498550574	-0.212069857859908	-0.546672719511016	0.0798219266900357
0.177551885377466	-0.170669819122089	-0.25147910657148	-0.634871131946783	0.228859760426252
-0.133318111627212	-1.36348704770152	-0.294642171170662	-1.09718090788797	-0.285011687888946
-0.0142045996363169	0.547684932008394	-0.0855859694020714	-0.434301379956284	-0.274721369022748
0.113567589677321	-0.605748982144099	-0.166128059484998	1.1748517657757	-0.388880177832591
0.296400548894446	-0.554707608019436	0.0374354228369231	-0.7112387337634	0.204870413568857
-0.441700901636783	0.0792346119249542	-0.00349520990313363	-1.56049851704781	-0.516444530905908
0.00194204499720434	-0.131864253807615	0.441225290278581	0.15992931201394	0.522646328726111
-0.125852498335221	-1.67325948965133	0.209692868975518	-1.19939835667969	-0.163527491842964
-0.562168379287889	-0.352508487175937	0.249882307113376	-1.33596802737341	-0.411983119000586
0.301571676181353	-0.141575060833537	0.695641883142702	0.60612056415954	0.483343512045507
-0.202837122932709	-0.26688912393399	0.258235308985258	-0.817891137518509	-0.142643668504141
-0.612394635604525	-0.173198657096434	-0.160096936427413	-1.29876060630054	-0.536644862412671
-0.12617509512007	-1.33425443539719	-0.263971224826639	-1.25675564846872	-0.58658884457105
-0.824820699108305	-0.108145558597151	-0.560741701081221	0.259082455278567	-0.103565648267366
-0.194953770222515	-0.668745953150836	0.41788434096994	-0.687439925346326	-0.223875513356136
-0.870938850702104	-0.7795601597435	-0.483772061371366	-1.07887062972262	-0.593281128130524
-0.269040736009299	-0.561707994633167	0.613816678030119	0.341262265648944	0.367107352690857
-0.718161518480082	0.478532845827126	-0.0719952770771553	0.396546740791683	-0.45552889642093
-0.426071079444723	-0.642120835283283	0.520185165814382	-0.798320027962566	-0.269719414829704
-0.412952890141754	-0.440044030569961	0.274544343762173	-0.286325023546727	-0.694531554030602
-0.0448736478925515	-0.229286684931231	-0.207352743768096	-0.404378726017079	-0.205825502959185
-0.394054870246247	-0.632919880903335	-0.529813844647977	0.462563804431444	-0.608779052199081
-0.779107112739768	-0.397478501838319	-0.700502038924098	-1.60785980712906	-0.524217421749768
-0.609410740228995	-0.615495701735165	-0.499474286562492	0.514911250627285	-0.178258984425573
-0.884786246806079	0.282215187207394	-0.764838984581187	-1.12643872569116	-0.0661524307255038
-0.195173911258125	-1.12333788802496	-0.328830759436531	0.420277218898392	0.140828507905053
-0.782673140603345	0.377410610975715	-0.468090397483346	-0.556505541672908	-0.474625131113363
-0.433486167946972	-0.290096654087156	-0.162626710699214	0.389642899980419	0.291740047052322
-0.390647381790803	0.421675342966549	-0.497705790070055	-0.661736793345029	0.251337051104313
-0.929649584956749	-0.763315947274102	-0.583389632211062	-0.659874769101675	-0.79084130855981
-0.90724067321039	-0.445709034616889	-0.639834327373727	-1.44681463021069	-1.03132556713086
-0.112209604493051	-1.19061534437595	-0.215646155019771	-0.294963918010072	-0.159178864771338
-0.827166143527396	-0.619925180535954	-0.632002076640734	-0.409865747795266	-0.581829435167225
-0.935246976202701	1.30991104819198	-1.02630791899162	-1.16044937925732	-0.740947000551085
0.191077015284674	-0.0441240599649824	-0.189592643358467	-0.5833729596375	0.140575495930921
-0.214693083207576	-0.230704906227183	-0.293131317047538	-1.08198872373531	-0.356703894352003
-0.344185140959927	-1.42587819464537	-0.310462606847109	-0.635677184478689	-0.602225402179936
0.118671281546834	0.367943799438761	-0.261290316340989	1.20961425448696	0.0150431475168178
-0.03642656919394	-0.412270654270686	-0.0919175332373035	0.600021761983493	0.263153301251498
0.262540397441281	0.190499308183176	0.0325963419036649	-0.872921411136581	0.0736373634346113
0.209450924454286	-0.0367173083944258	0.563500017873664	-0.000270922000018242	0.10510648664519
0.227119650142819	-0.300682464952265	0.241320882785967	0.52525500264539	0.685912817259454
0.301338130809454	0.356689314873363	0.225036672608715	-0.754498766564291	0.15386329181796
-0.464188153847349	-0.288352883694299	0.815840326940062	-0.318717525272479	0.398659147891245
0.234392809092786	-0.780779906634305	-0.123051971599106	0.653924237316319	0.27466599741022
0.270427863451321	-0.271012787979273	0.0162192234612892	1.11595600017935	0.182139457689689
-0.0626801632823475	-0.11175524373667	0.0814841287098758	-1.40589041961088	-0.404952080411018
-0.0399823327700961	0.792397650152127	0.89680756949263	0.871002504843943	1.18878377742284
-0.118151545437048	0.155414834067075	0.32423446436316	-0.526648544177919	0.411199334791905
-0.344877111100965	-0.484360701676317	-0.355647272085623	-1.57813677709754	-0.762013140132966
0.330440362832015	0.431217548480897	0.155714319506994	0.187804815482382	1.01321144977223
-0.129972055396237	-0.0858029216320536	0.405756937815534	0.812696689648457	0.380204619791055
-0.24775596896072	-1.12228652997117	0.175982155413785	0.600855024804818	-0.417174540671212
0.00344425468734556	0.834961226428211	0.0686404365648961	-0.573089235880407	0.248065979120219
-0.116650271269994	-0.0093468916093706	-0.109524045587027	0.63401042661042	0.184292512454047
0.0164166574914213	-0.658174020598985	0.159926993771513	-1.57406158615125	-0.69576928123961
0.0561640976021346	-0.437530806687454	-0.263389382877415	-0.418438667107555	-0.240158681913055
0.124177335201189	-0.34957568376654	-0.0512645306295434	0.388187408693542	0.254079129423314
-0.351856756235113	0.620035125771396	-0.226750191550648	0.304595433350613	-0.0790541271638857
-0.402205079430639	0.0157054099709594	-0.553851347801862	0.879503356332772	-0.935508770099969
0.179863951462482	-0.711683656390243	0.713976986772413	-0.447622630696457	0.556451390583166
0.199887452903504	-0.277377858757177	-0.468795631040781	0.0780150182502229	0.377604778015964
0.0429188601357223	0.128656462875228	-0.449253217706299	-0.446303032043432	-0.0615368378505241
-0.272055135269153	-0.272853395854394	0.0251686365354198	0.27462531078144	0.435160934914502
0.171430576150856	0.430599911116284	-0.416136847527127	0.841859554587042	0.597048090644756
0.157076491967231	0.261393146443375	-0.185993796352231	0.225832397316304	-0.292313969460132
-0.15433385752887	-0.497722343087239	-0.637115726302295	-0.497788291132643	-0.974026698703915
0.374925343054257	-0.193256965692824	0.121182438821476	-0.250914925754789	0.460515568164236
-0.576802480767647	-0.620368825155321	0.0653689173059897	-0.362135458663894	0.0202383105837701
0.057119659467288	-0.325240830181087	-0.328509829622122	0.00821359068758265	-0.471891026168078
-0.244069914100231	0.24247465546424	-0.386619111975513	0.108307543974241	0.185881324366435
0.077613210267405	-0.468420300105802	-0.528620356404173	-0.757455984666075	0.357136986457995
-0.273880324425374	-0.00161711539764075	-0.567864860193555	0.150668053685726	-0.504416820290492
-0.479350856428684	0.806445113896191	0.177661618372002	0.391668661534232	0.35056287048221
-0.193449640107801	-0.432248208447879	-0.80024419057968	0.126070811986796	0.343751326108795
-0.189332476616949	-1.04808704075292	0.638434091484782	1.36650587328112	-0.203699746503204
-0.274799309067141	0.15516968733736	0.13056564465993	-0.612288654954451	-0.380979702679114
0.0947793931046711	1.08711871037849	0.149216545209931	0.469171140772455	0.888878316288412
-0.361615070488359	-1.69759926477548	-0.215059153460647	0.228242276988009	0.386147257649066
-0.337254815762962	0.289685043375086	-0.154991698042093	0.473491077287135	-0.439861309687645
-0.309894096104833	-0.326600159200569	-0.295389593944173	-0.64885732649862	-0.331594384883054
-0.324029014755654	-0.153671380458552	-0.474258704126575	0.0692277155680552	-0.445302703217191
-0.695262449110097	0.288685087832859	-0.717709909001239	0.84463992423448	0.0734371918114458
-0.840325585568539	0.404392016046194	-1.14168398085788	-1.39809256289353	-0.64925302085062
-0.285028149842551	0.244898165945155	-1.17008523505081	-0.19643031501906	-0.411257364964753
-0.490302368446368	-0.147828266194657	-0.652128364402614	0.130932374310843	-0.475195539742433
-0.217826819114789	-0.117060653338943	-0.752580952486802	0.0190442994742939	-0.905313604648643
-0.529052894648973	0.155557731998126	-1.06074162334658	-1.93264862939723	-1.30235019281336
-0.338258118005491	-1.24060542205092	-0.532007806963029	-0.933909265372915	-0.670115386412518
-0.366412949705668	0.490440912044547	-0.406485695725161	0.409288584260391	-0.873858307942804
-0.118451085173661	0.351458796320273	-0.665934149744995	-2.14775059999243	-0.084584035911092
-0.401202200318956	-0.574007434427357	-0.672296107707767	-0.578897789987072	-0.443031433981213
-0.431267396357598	0.709951542537637	-0.893086054461093	0.158437238603464	-0.0880778433524269
0.0295536965380401	0.23291063396817	-0.427605176875481	0.865669905653016	0.28984287980773
-0.226543713937136	0.0315674210097627	-0.560925985504928	0.547649905873729	-0.320101749230185
-0.0284811303777194	0.30528737849274	-0.844655273736846	-1.3786760102471	-0.780397133013217
0.312808778016572	-0.0274415761606048	0.628252132357808	0.275573104795922	0.236918510408062
0.220423602713901	-0.673656382929596	-0.481573443308018	0.000130391927988284	0.321654692057445
0.400416478953752	0.802152918181773	0.302439875564436	0.265329381340261	-0.443893697309736
0.0257646169112982	0.444018713071748	0.488916094361945	0.166482734566723	-0.0937947055925626
0.491830650684405	-0.831386279432404	0.0996801094160534	0.996650663251049	0.37624872822965
0.284872862969495	0.764719177977496	0.207793073237863	-0.050159466194772	-0.0337516890511288
-0.0233382012513905	-0.103728132103257	-0.415078101279757	-0.570116625373826	-0.933337886977631
-0.0989066064742435	1.18258771501181	0.0313718748650509	-0.603888458710011	-0.271680468612591
0.293229026652512	-0.873628329577359	-0.60896552335854	0.785859603757695	0.340224821560734
0.657926562317432	1.19093771988225	0.0565065291845155	0.776875885147136	0.158860746226819
0.0721517101495284	0.252226637255333	-0.489800877277839	-0.247998236970409	-0.142282424956948
0.542047993139817	0.210706488248246	0.604558397388979	1.54755826389561	0.517846741704331
0.397627007060385	0.857525102188243	0.0166062315694082	2.02716988237307	0.634566815071523
0.337212562195823	0.621911258191696	0.325029864260384	-1.68751008536785	-0.00119368180788537
0.288807999479933	0.81950602968683	0.474585275466278	0.0879025622404039	0.00997309645404176
0.775963041250135	0.368707871399597	0.786198545222735	0.383592887935353	0.637466913153848
0.463910842369711	0.968103429569661	0.759079812210802	0.992274612695833	0.0913196502251704
0.160642837107614	0.0509249575946809	0.0967079040171096	-1.88293703704099	0.313695361159236
0.199099422138997	1.14187424948604	1.00326601826466	1.65864062963568	0.0555275927269211
0.576536626114096	0.830720458482136	0.886092249958463	1.03324383576116	0.237792997315677
0.262350357046357	0.258640323296907	0.294632177823328	-0.0729368219901127	-0.631594487044025
0.103456101552094	0.800827684814248	-0.475214736972455	-0.562680465811508	-0.598383771118198
0.299881322893519	0.15115461004892	0.766295978801787	0.462028190233349	0.772161842656074
0.37579930872606	0.787096371371008	0.0939255613992923	0.784427878664172	0.339437566191683
0.109875739506311	0.246581275638589	0.274228482887089	-0.933293507640415	-0.422686061363445
0.251749244691127	0.401187461994027	0.293818511536762	0.28261544358481	0.769904585119169
0.300468410766784	0.418518081338974	0.109036535785239	0.736262319851065	-0.260867031563925
0.223979270840072	0.627414534314865	0.560327325052501	1.12854149456696	0.144323547178018
0.0919685670949978	1.29644419653784	-0.0391714996768415	-0.190066218560993	-0.125018097509968
0.796592320631405	1.33743102314292	0.787708559179731	0.614130805150884	0.987718474785227
0.391460234197294	0.968357259805116	0.4131280488195	1.02242186232285	0.452813123525177
-0.0344679592343171	0.834944362268681	-0.111092768957271	-0.542587229710244	-0.076334767839604
-0.162972467539804	0.154642210224816	0.104486108415608	-0.488208240869638	-0.095811752323754
0.317124718903767	1.08391015118189	0.781445991430483	-0.0124856156221165	1.01341196829342
0.114640268468924	0.948144091869847	0.366849953032863	0.322980317050977	0.229656483403188
0.0325887854908739	0.338070276600975	0.398726121193649	0.964873640117555	-0.0773858261832362
0.219267450529138	2.13706667743428	0.238353357217233	0.552854145635747	0.414142248333356
0.220011329281838	1.07910970012981	0.545507299123418	1.00609217841688	0.910841478916895
0.0801126542242752	1.2297944552984	0.424628558736463	-0.058065111280599	0.431473891891182
-0.400141496854916	0.651565602185511	0.0753598306291196	1.01562647264805	-0.662574902389036
0.0975831768751944	-0.0944098406505317	0.383867294575749	-0.041779389755434	0.530421186566006
-0.636744034811068	-0.727797533612198	-0.0117086612469085	0.311963992790851	-0.687283084104461
-0.770671453110482	0.13735653492041	-0.0479586300570476	-0.709226899722247	-0.73833358953084
0.591424122334706	0.689847508241514	0.182665405458954	0.354884819896924	-0.50448482953154
0.13180041399236	0.529506715481339	-0.336472497559068	0.0185346640635372	-1.13933256035233
0.0114342659498152	-0.140820606422515	-1.12949341273013	0.584722883603393	-0.354905370905867
1.28900208169983	0.523469518103986	-0.16791519425999	-0.0844632967147669	0.192237519195127
0.398127226911745	-0.140076057433331	-0.707411107509472	-0.642290942120284	-0.999388769488814
0.767237670044957	0.872647336619659	-0.321274897928292	0.26181879235629	-0.831547745137201
0.208039339846884	0.674604137586897	-0.696121225821037	-0.135773294781997	-0.671886203076648
0.744095676168839	1.02465728322857	-0.535594998870762	0.229334003863263	0.0886723124215947
0.603251224075347	-0.138711165775311	-0.485175676222693	-0.933528553784711	-0.632583700969255
-0.0174556421393645	1.38761007749542	-0.423953635067822	0.775652647061136	-1.22517733628422
0.0126549781288689	0.499439712797045	-0.0094785400686857	-1.01078599416435	-1.18039569273972
0.0988307425814286	-2.05435841258826	-0.0736171924292277	0.691876940099694	-0.847931407769629
0.120710837051652	0.67295169281285	-0.578314765002807	0.0588257314843881	-0.356970729903539
-0.595012027113677	-1.00802133201824	-0.285028276890353	-0.413452257620338	-0.439349390121578
-0.527644366796382	0.352091238760773	0.482901318510029	-0.45891590226643	0.0508965324157585
-0.0480992784901907	0.133521954633793	-0.193285803127515	2.27576251081962	0.131367523979484
-0.915053421196362	-0.374392803014295	-0.0544969850125054	0.519104977206106	-0.565118897405971
-0.236164813304865	0.626282303310074	-0.328857588747805	0.854794640777558	-0.878736716318103
0.440608583180342	-0.896682699759514	-0.00327673012574584	-0.5383263449989	0.373547472076215
-0.498985206788187	-0.201363870781637	-0.220909245096008	0.40073716174665	-0.563064730383241
-0.330407774779976	-1.34398723942449	-0.675363720704499	1.43777418937738	-1.18721233841515
0.584115987017455	0.115005310372504	-0.0197028550105623	-1.96356459486403	0.0475418632631874
-0.199794973112429	-0.319616015356797	-0.183734256209548	1.06453890609185	-0.322149633444707
0.267876206013454	0.152558737850595	-0.0382330026271124	0.97434528463002	-0.829150289669994
-0.450021718381858	-0.237116653538132	-0.514430431056878	0.603775301882102	0.0592627235089407
0.664459716931431	0.461134282583691	0.296353676890361	-0.339390624006339	0.601723395193931
0.081640520370773	0.527975335118876	0.239323578216699	0.581425266155089	0.310380250155346
0.23529684249969	0.0932671082489804	0.541021586279433	-0.575135601451648	0.201833447915701
0.549372643948878	0.134327028436132	0.840741175082988	0.365515967038633	1.01160019052513
0.467145418719227	0.28017576639101	1.00930444016994	0.562343473356039	1.46821525762314
0.461466701214817	0.428677365672851	1.03992307602656	-0.239460114957218	0.739585182574102
-0.0250147220013124	0.699031913460849	0.746270761857327	1.40255935876348	0.10565919954324
-0.0110424699189436	0.276795260285404	0.964689066818347	0.44323770871616	1.2153467965484
0.140759148476122	-0.175141824328512	0.606827619567683	-0.0456016408778069	0.838288444553805
0.154733835402327	-0.724457137798673	0.342984479305598	-1.18377648923432	0.0541862971831476
-0.530958169901189	-0.257956430395796	-0.487453777963441	-1.10483931870952	-0.676972581622541
0.372450560381582	-0.359166385070204	0.435949685753834	0.810155330579386	0.646600697281161
0.0929884986107265	0.272052797550434	-0.335655980185933	-2.10329870077825	0.24228120626229
-0.156524894755749	-1.00403306115641	0.125028577215488	-0.283302210949745	-0.298367078454048
-0.412295496416617	-1.0848013559036	-1.05419511730896	-0.482926886247821	-0.358006133468427
0.51259407466459	0.24216460878753	0.554623169027346	-1.27457691797882	0.779290117857059
-0.445651919817467	-0.991852969465264	0.103550281548938	0.892278139789388	0.391440528684721
-0.503081161391809	-0.0718898843125312	-0.335893703317454	0.392650265961031	-0.0941088630873986
-0.469601447345223	-0.781310479058195	-0.49402871166433	0.686690628192263	-0.213288390369161
0.513874555789024	-0.562946460163915	0.345119963341946	-1.78284825396339	0.990888740435438
-0.124167388199399	-0.141732461018113	-0.121178636377747	0.357545166467922	0.536756460264573
-0.225493228406656	-1.26257267343429	-0.128828793032628	0.0200794808698184	-0.538419446847628
0.14962966740794	0.534668758436682	0.159883715632186	-1.22365929651162	0.274074699851942
0.363366806302017	-0.434580077319028	0.134672317848387	0.713472414809975	0.654733966505044
-0.171802654802365	-0.207885609792644	0.296994079984476	0.664895631211205	-0.187890541628226
-0.436002310613028	-0.83933582582549	-0.58060159287736	0.419104102500469	-0.284228424358052
0.696890033855078	-0.164388269079421	0.395501282758962	-0.852164079128912	1.09793528230955
0.0721229581564514	-1.07810004663415	0.629448268781385	1.1048157916562	0.290209514793903
0.47669676435902	-0.0435483999891902	-0.268572004367261	0.214799151050443	0.165185483285581
-0.554285307194351	-0.496786969758348	-0.0780961859762979	0.364585873562095	-0.574716847974775
1.02150186863296	-0.667567544582041	0.878883675053286	-0.212245568855205	1.25002262384118
0.00144618238310319	0.717987526629213	0.525651478578153	0.739485256645511	0.743511555245018
-0.242870181762476	-1.35788734404312	0.13650254721387	-0.833185637035802	0.247353734673543
-0.150189386369201	-1.59595944863945	0.368854661209034	-0.782057002183477	-0.113855737884318
0.160578131971264	0.00190943807755126	0.337481667331984	1.34137539793015	1.23480727547753
-0.387070090045365	-0.680791460314014	-0.244940433665848	-0.0653052588133728	0.034483168471623
-0.499490149409444	-0.162840885670611	0.0179097479768854	0.46894118681149	-0.61672190467349
-0.166606307335044	-0.898961500449929	-0.0143926238530377	0.394100547726885	0.291156983066074
-0.142172783092936	0.676932426525294	0.711983670793371	-1.19927276486365	0.378861841245081
-0.440611170128345	0.453715242876144	-0.28902080400408	0.748800516648913	0.338336763081419
-0.631650990822165	-0.473706137548667	-0.763212057999769	-0.708536340626227	-0.0904893509386167
-0.120714791668149	0.37320414470236	0.146766126301535	-0.708172641765025	0.230880143742589
-0.483069094134589	-0.477816492643142	0.191818974726181	-0.192787178267419	0.184671066078016
-0.593329399091445	0.421788181741972	-0.0933751423106371	-0.0264388031638424	-0.0171697641222787
-0.0218629525817752	-1.14620457341766	-0.425363922434848	-1.05053021966687	-0.460880391088487
0.462365778904001	-0.33272050652416	0.136694352021605	-1.23990498932583	-0.0938398241562521
0.418942390135233	-0.169389415877306	-0.395850211605916	-0.903448319037761	-0.0543347459891388
1.02097232450133	-1.3951898353719	0.216637092996362	2.00813367861929	0.913597395128585
0.141864059303156	-0.649137112792725	-1.4793546170202	-2.17758950773797	0.494557032339678
0.84391494252597	0.637668281586147	-0.438429201661377	0.218224711794222	-0.151322718660084
0.442335175795074	0.420129466043828	0.0167960330179999	-0.714664921337481	0.184790336090251
0.513659473668274	0.0987391187727566	-0.251671370809109	0.754379529210374	0.305742941305988
0.579420566218037	-0.0134006307161523	-0.54248122465674	-0.106540087407797	-0.375387316264193
0.172711582357815	0.916681314667899	0.881372582076331	0.246641445214341	0.517058792405478
0.186936400861199	1.16176750986094	0.566484156892679	1.58206615686207	-0.00293203049450602
0.21317070248799	-0.0192357877589721	-0.626274535015438	-0.692723076942316	0.0800157666590918
-0.199021098450033	0.317303449709439	-0.638947175162254	0.256615872990958	0.425216480480081
-0.601286054752438	-0.743072912258626	0.477278247478264	0.173422773363284	-0.0637817710164953
0.0217356256601236	-0.816191238587329	0.0672968304186109	0.037497928814185	0.126021309101672
0.0559369963016169	1.17250938444384	-1.5694122553818	-2.27082584827844	-0.0112234323876735
-0.171906324052959	-0.0409615399750157	-0.195900406925503	0.0719759219950961	-0.366768445828013
0.00660588531532842	-0.377774706516082	-0.103516903767188	0.373745164695992	-0.277432203683527
-0.116283342172617	-0.0747642427433482	-1.00972887933856	-1.67446490491337	-0.177823119821088
0.26645442977647	0.604602706989725	-0.391853505125748	-0.678040956705189	0.38214781667292
0.247713123684097	0.486294327541415	0.525441907016703	-0.534705243482114	0.252640251475511
0.454277980083239	-0.660262341044545	0.72021969594135	-1.12763992770509	0.737165677432519
-0.0579237748990686	1.8429127491905	0.229044466799732	0.569142778070239	0.146062813098311
0.564943526836769	-0.180516388799414	1.35673984060398	1.29512626213817	0.437068705143412
0.125125751947924	0.480385414240804	1.19750188616196	-0.552583204915937	0.459200775585217
0.290244593886152	0.947902219583055	0.414588698115019	0.293221358862471	0.613809187074596
0.398002197100087	0.635326352674504	1.46185401702651	-0.241494530558445	0.487434164989226
-0.0496590968991174	0.555918990444517	1.01575338724703	-0.60152751203861	0.618819259385488
-0.202071934346257	0.409349049252557	0.551663694270096	-0.0248747866991466	0.130618253272152
0.0349098531301666	0.23699090778808	1.66573278274673	1.9840087893839	0.469986315220915
0.238367716051124	-0.679548664625582	0.299835829566037	0.587031303953022	0.919598072748287
0.119398911099509	0.666126211392353	0.0434146516518871	-0.493892909954312	0.384690594586956
-0.109276236399456	0.413349034157603	0.738544812992424	0.715791892897519	0.321902432968907
0.205957190510241	-0.139541148706658	1.47030377387855	1.48521046248948	0.321960241508506
0.451062815879349	-0.316072016539877	0.0247709343829909	-1.13489808448389	0.642966688583038
0.227706677875409	0.932054648507526	0.292111525589562	0.264644712759649	0.602737225095674
0.0584160835886701	-1.06853238849151	1.74868202176279	1.04428275735482	0.672207028050428
0.26009011805308	0.019055670653238	0.0936630808095925	0.169614365176877	0.419378821527329
-0.20947623472089	0.5964345309241	0.974134962134632	-0.81357675784963	0.238027754047297
0.0377764268287976	0.0401394493557328	0.819075503716318	0.323822562362014	0.753909264344419
0.508992472610154	-0.325741007358456	0.210039841915484	0.310175064820435	0.258976576041925
-0.100827631691403	1.19271232081888	0.345674946698692	0.209589164193567	0.518442389900413
0.0341751055951879	-0.14682683117038	1.76274388642621	1.13414671109863	0.360536304835218
0.633795342925957	-0.354280538053449	0.687403386776985	0.333945139980285	0.143844772606683
0.468958109406748	-1.36322023789509	0.32933226936073	-0.23429929690936	0.601356767646858
0.0640301825198658	-0.264427186529183	1.32541293147689	0.774451543652877	0.144098730546979
0.724308372593808	0.772513847821227	1.26460188160064	2.29207580870719	0.537437164951212
0.0867161757074706	-0.735582385596763	0.00316653771244584	0.257045924137864	0.368764098154324
0.490781995209376	0.354082553602644	-0.17314130728417	-0.29372076824823	0.317512526973798
0.158353474494844	0.183308886545357	0.97865683208761	0.781146941330192	-0.315378068365232
0.607734038952284	-0.0341574369196748	-0.371086053911645	1.71139836146849	0.202760728848053
-0.356161275373235	-0.541671265340342	-0.77846807932832	-1.01188333656999	0.026311772750178
-0.254154768100628	0.614418060958314	0.109603056119472	0.688233839885084	-0.0586117203837119
0.171097984407837	1.47666251953136	0.425797353776797	1.97572910625458	0.387948453520392
0.226495775997293	-1.41991385710936	-0.634167509899872	-0.137986221962948	0.239733412585367
-0.282514176615721	0.0656495181347651	0.00213378985515637	0.594811312788292	0.245226362856701
0.121721484755541	-0.686035147961716	0.26934059934248	0.0926646170053559	0.18946312448931
0.36173432707179	-0.496401259620929	-0.810390818821938	-0.586561911109383	0.458388748121173
-0.201522468109279	-0.654722419921788	0.126782215226154	-0.805906975238569	-0.336682642871785
-0.0323564754244787	0.164982229875301	0.480922298897587	1.95930418998746	-0.205513356123722
0.838916402032181	0.293631378879632	0.0219443569078116	0.559781060796125	0.419635113788359
0.563514013252362	-1.08249842976973	-0.543492756479954	-0.968050283658034	0.01782511483128
0.587464845167682	0.0351324989871882	-0.765122425258475	-0.445113979464627	0.250829359426384
0.460592862370659	-0.168533003698738	0.463670331830027	0.50025849506439	-0.694323291341234
0.610029290568314	0.981592603412692	-0.579120830307906	-0.0782956632948411	0.163236957739407
0.31561686960306	-1.11089914049264	-1.15677936390697	0.0121392348054671	-0.688892818502408
0.0859335281031786	1.49181271486176	-0.193701304468302	-0.104840551283099	-0.882371948475201
-0.21637630611157	-1.12708288720114	-0.550710427542448	0.152170500232217	-0.85359081405395
-0.236471901654128	0.330540882823623	-1.08112036807736	0.566486802504138	-0.614599423236154
-0.314387826259456	-0.507134477688488	-0.855024676796977	-0.491820682186131	-0.37568255242238
-0.777224480003517	-0.755673920727361	-1.12126538378724	-1.73620903983883	-0.850254477686904
-0.85158126961059	0.00279592080672779	-1.5657007731952	0.377970791368139	-1.35399931740334
-1.22947008859051	-1.1099457134482	-0.476329759157937	-1.26936248075929	-0.69063003278369
-0.932691094775603	0.0644220744531445	-0.801075347999977	-1.34520958169753	-0.939690940611147
-1.44952433425977	-0.318912523758308	-0.927239070252	-1.39987781028373	-0.95372289595915
-0.977177037889556	0.307905433547167	0.103457258031575	1.19117639946654	-0.643079954349543
-1.10680016463849	-0.869589521943626	0.177710875519275	-1.25362513289027	-0.492287359580985
-0.734542172400327	-0.927145820396698	-0.227226506302055	-1.17443475822811	-0.453537792928336
-0.409732364275265	0.25096391260542	-1.00025600119535	-1.14506755329568	-0.680887503275497
-0.670884587378145	-0.0670955051744358	-0.134235002860114	0.765361427610313	-1.15050968580843
0.281633453292116	-0.144314019631673	0.513686841143908	-0.515574646107759	-0.457120215713847
-0.280506746277504	-0.370901554733718	-0.729383980762579	-0.83455405605695	-0.676215782650824
0.0482953420613081	-0.50445075082761	-0.458207554699714	-0.186845480385292	0.0218527614808497
-0.0690226828052178	1.03623726666621	0.0183929072973909	-0.423898894626548	-0.848629001320226
0.248513036264556	-0.760690010950158	-0.549875357009494	0.0915034410252425	0.100532142254299
0.141910109532438	0.919192649702856	-0.550671716494167	0.311256471333733	0.0309223899498207
0.124824427802672	-0.605837235194758	0.0908612960338135	0.682729014174052	-0.198508060391857
-0.267833485975906	0.590497064221251	0.267518460945913	0.280091153045013	0.219592517734311
-0.285340217217341	0.0801964144459876	-0.287929913380675	-0.642943362857217	-0.188567828472284
-0.226089320905312	0.338214706312101	0.453957660939081	1.22645473175937	-0.134074983834029
0.0404238234212425	0.680014006837844	0.61794549766281	-0.386702248720501	0.253704710296109
0.0746732306177808	-0.518200920009842	-0.170911755887469	0.333113013561215	0.118422240912195
-0.295117557067352	-0.00937727043989381	-0.466691762561185	-0.186916230568875	-0.130746390662943
-0.362803120284203	1.32252338231457	0.571540419843815	0.85696904163263	-0.00995799628504105
-0.382888215889804	0.28590019432978	0.610899780176054	-1.56709391912932	0.259014768510746
0.0378606767569355	-0.501618433845613	-0.860645702504749	-0.0827377928788953	-0.681054386961265
-0.286376930099684	0.982210795711662	-0.370887241056332	-0.160673013116404	-0.392179994721373
-0.236398484947427	-0.44091976492144	0.122760247986174	0.963218191846482	-0.535065685340065
-0.510130609840266	-0.794547455783914	-0.891520416102085	-1.26750642708926	-0.436579361393722
-0.191751970638728	-0.147519905713934	-0.304758267807545	0.936720503952846	0.00785201872250511
-0.14327319122602	1.11662616735686	0.107551006286898	-0.241225074389193	-0.199072790581099
0.0334946512940171	-1.57132740843151	-1.0399095922609	-1.82707528075879	-0.101879443050299
-0.467308570329279	-0.791962145322232	-0.854813372325616	-2.01021267156684	-0.349958898748771
-0.382487977735173	-0.485484306939107	0.086725113015486	1.60279755047765	-0.611508050380933
-0.304848840110928	0.0550299967536374	-0.31660715238299	-0.342409915828667	0.509130989287364
-0.00696760159491066	-0.949669769455618	-0.883423291698974	-0.588910678645702	-0.274084511728762
-0.298304547208719	0.203867772669355	-0.445332031695638	0.688900166710729	0.0195750193672266
-0.343149464141819	-0.0132334878952551	0.082031186542964	0.89764603118307	-0.22532207220543
-0.0868312978727136	-1.96073801267122	-1.47181099656946	-1.98336082889549	-0.240242525195336
-0.513376259510186	0.438067597595696	-0.263994374001645	-0.67034879328441	-0.180151569301459
-0.353602466647765	0.0692303368607638	0.252560149206473	0.672380073132126	-0.387464078890536
0.12818499892268	-0.485668983421542	-0.0963778575459498	0.2945197676802	0.0760494501635606
-0.637326943299757	0.399888618645831	-1.40784629139501	-1.08551508044156	-0.443963006994094
-0.329133288525616	-0.655378938887697	0.109062384330062	0.723578927800653	-0.109039313973861
-0.185850998119128	-0.132056052309823	0.716965421023201	1.11503148466547	0.481179030760577
-0.19694922776372	-1.31771544647061	0.345838682854898	-1.02214952933398	0.499132146105432
0.102539999409935	0.607549203930339	-0.105584709707008	-0.149606247887739	-0.0228915382141048
-0.233218406907044	-0.394780030885395	0.642441986058813	0.925640142930687	-0.324996805391615
-0.0779275743906157	-0.308719270402967	-0.440756779109239	-1.11880119749822	-0.193817061398121
-0.277924488432148	0.918317792938367	-1.05998973023446	-0.875873088392925	0.120797802850292
-0.182901128735453	0.503365317189134	-0.0990402711968595	0.432000759546223	0.267251538752855
-0.234548811411771	-0.453862074502955	0.471786659780206	0.472967320461358	0.208760098698762
-0.286404465499015	-0.595396029913078	-0.191151123232112	0.0734069840073061	0.137766023510659
-0.266752622682797	-0.033444102563316	-0.56693571326358	-0.233038637969891	0.37742351448228
-0.498504152478735	0.928559924031234	0.630776364440154	2.4378268624303	0.375268079301089
-0.0633498810657487	0.124154816686839	0.410571536854256	1.26172825370023	0.186694263570538
-0.216204285177602	-0.0538279480371996	-0.893884109021985	-1.47254298169776	-0.103093326916246
0.501610982093585	1.01125339712496	-0.159049845903806	0.432376993581956	-0.386219373329253
-0.273465002924032	-0.72364867048699	-0.202803316460241	1.73558083023059	-0.889641858097179
0.125030068086786	-0.580916474825154	-0.720163891112954	-0.765437288147038	-0.271583803561258
-0.513938904396919	-0.517742885685861	-1.56001022388416	-1.60367504321252	-0.653101236496881
-0.125828784622876	-0.305282712224294	-1.05894908125624	-1.39327429586312	-0.0397777774197865
-0.783259565663015	-0.898203305946955	-0.168543333167782	-0.0377916323224315	-0.892867103499959
-0.0136283782557749	-0.378414468138528	-0.66513956744969	-0.947773896017706	-0.521555305079917
-0.468353722406969	-0.609433161208326	-0.948790233905316	-2.1901312593357	-0.843487050986901
-0.755816203373922	-0.208559684897449	-0.635962037390942	-0.58280515772905	-0.519824291534834
-0.321077036790436	0.37985087918955	0.132245451334106	0.526009805168352	-0.545011066670635
-0.0456411291607372	-0.00991314605577628	-0.130990020434047	-0.711012596632401	-0.422314427094971
-0.38643592097906	-1.47089132456424	-0.873359866751154	-1.79051518876046	-0.308299744360379
-0.124085518136227	0.198602550556786	-0.786828848607199	-0.593469888132435	-0.519440670798687
-0.26729684476502	-0.162648574191306	0.213782301814058	0.785702977537105	-0.881544176028746
0.117084547262223	-1.37415674015587	-0.885258235657066	-0.73116314697141	-0.0746890038992158
-0.100993250126786	0.24417241715467	-1.60986582717287	-1.07178404228925	-0.310531243297303
0.155159994041313	0.612335998360999	-0.58868609375372	1.09905524726713	-0.0542085106147264
0.048992762782957	0.07561301614894	0.11364363378493	1.02183417786161	0.183408601344702
0.203700637999589	-0.33049403055626	0.0542207753134949	-0.660672598907714	-0.0982336865835915
-0.11362464784962	0.164154428196322	-0.218163983298204	0.398596540844687	-0.0528740929204067
0.0919109500046058	1.46328637002615	0.784899102587272	0.554539384287593	-0.124459389676456
0.215890787823191	-0.98071473781618	-0.167015619529256	-1.46894384391293	-0.0242916522965983
-0.166980470519967	1.00575233783585	-0.300465841922919	-0.379300570652438	0.0462207829545811
-0.196740671281685	0.185751785977863	0.896774755256802	-0.0296179645282373	-0.314150754011615
-0.162752779858856	0.0845885301965398	-0.298240706452815	1.06277960931114	-0.0869854987660325
0.331470163374242	-0.582497081324633	-0.181822483301322	-0.699150881481059	-0.0172809085945765
0.210318735012186	0.804558026904771	0.374336917209154	-0.458173560940672	-0.255707841574208
-0.082292491168609	0.811035914215198	0.696437117704653	1.6227119668532	-0.17593601533701
0.160743695061336	-0.762682981494581	-0.0852998491853196	-0.637747816235901	0.0420550836946114
0.121335280843281	0.659493855514807	-0.0193595956488695	0.00671733357349692	-0.268365960105455
-0.170072922736142	0.365647810563213	1.06892100151239	0.9444940725904	-0.229239935537333
0.413391966348961	-0.40706095332065	0.796759086055362	0.510809697741337	0.41668661008451
-0.159464026092714	1.21864854321677	-0.161261851385615	-1.03954171843198	-0.0143431953657545
-0.0383028785857696	0.309689206437532	0.528885651578982	2.22653600843146	-0.21826647907076
0.136235052762441	0.849423973896244	0.779658224994083	-0.127460022523578	0.203591923395162
-0.169985202248917	-0.964497501919758	-0.366052706209385	-0.258019379955987	0.0166602662123997
0.218019751031573	0.86085065392715	-0.0596592033986784	-0.315864893240143	0.18857832619085
-0.209821447131677	1.04439539898174	1.03705051132236	0.144124537130425	0.760343077803889
0.139414551011805	-0.419564926003184	0.496108087221832	0.712203646450237	0.311174349229806
-0.137709118960333	-0.0541909639701237	-0.287369236516327	-0.6617742668361	0.000701510208452406
0.0360428222644593	-0.249297527009688	0.763036104953231	-0.86016174237437	-0.0920331626889622
0.328428285648219	0.503538682349169	1.43356417811144	1.05561938804963	0.436022606306138
0.210515640219678	-0.122208729093951	0.731633798037642	-0.459294480259011	0.156208143000653
0.105212109969794	1.10422133186888	0.77374847813656	-1.29234308775911	0.927786360839307
0.19883411456917	-0.110153706537212	1.32510295717664	1.62488399566944	0.197777745302056
0.484736334396009	-0.704733128235926	0.66934307791393	-0.209323444707265	0.811079028398097
-0.0509381237652823	-0.342743568561153	-0.19607828899072	-1.37668736584576	0.228034049147066
-0.111438458140582	-0.723261619158149	0.576887683448169	-0.214701686133627	0.177580563413003
-0.194394389482226	0.0879792377506499	0.950195706929248	0.935042637383853	0.0398190644754149
0.458924366710663	0.356155251291731	0.341307367261929	0.298262653841945	0.0782558086867102
-0.369330098154574	-1.06010535644712	-0.664060207084745	0.321451429018562	-0.214056210571096
-0.0459520358817596	-0.109754873515418	0.170522180604287	-0.684268574903757	-0.279486023707882
-0.135979938292384	-0.078497548049346	0.144237608162256	-0.550920636411657	-0.0838813013468053
-0.0396410731172326	-0.617847615394664	-0.0481513715545159	-1.10509421067953	-0.0753105706403178
-0.304284607614002	-0.124132231281226	-0.401244702144539	0.426385796779386	0.413954705658219
-0.616558379574546	0.363726717297731	0.560293682738089	-0.623002470130968	0.13699011995548
-0.253575156886081	-0.54617701078903	0.276313676242945	-0.23547169496016	0.204964854129504
-0.474690042250066	0.288329073379019	-0.264115274280462	-0.986300002051821	-0.013575830422693
-0.0828277459198584	0.064595999074054	0.835959436406453	0.131963975924981	0.264223730222885
-0.149342928546701	-0.0389435134947944	1.59692363194423	0.31803248563082	-0.431199729352741
-0.517633361466685	-0.0703092416307196	0.656321614841863	0.0926399671987073	-0.534040002236772
0.116646889583526	-0.129581920746407	-0.168706685914995	-1.69052289000092	-0.881623031007499
0.112181985904933	-0.225651367303317	0.269356956600857	-0.509483079082513	0.110650358872816
-0.537212066067827	-1.05638535215865	0.970580066908991	0.364146648676544	-1.07083615825704
0.439843509091668	-0.752107600095392	0.173126761202221	-0.290643625392825	-0.324330074923648
0.439503331693586	-0.128939076955133	-0.176051972113127	-1.96267082715248	-0.576072606281786
0.562522354172833	-0.189769632261511	-0.269710218310011	0.548605326108414	-0.196780348411297
0.183632583727567	0.261319663237046	0.287719396550557	0.290663138357186	-0.280665659189698
0.248200616141409	0.425312711133119	-0.572789215361568	-1.62226299983273	-0.130896774911363
0.537676017406484	-0.878586285107078	-0.777465049466438	-0.228914777704364	-0.0349630272540166
0.553831073087813	0.109397682526159	-0.877540158032712	-0.28368159960392	-0.4454288532136
-0.263015433443089	0.320512820736205	-0.0121579147584357	-1.28971828519636	-0.39482999725234
0.212849542554502	0.595851488303718	-0.572618210436596	0.925680154435697	0.0631783084043607
0.260867444706704	-1.73752955671054	-1.41842523196956	-1.50119294588478	-0.510444467090482
-0.0296067607301813	0.313625852159522	-0.638822301799595	0.76125444699333	-0.654946404452795
0.0568133832368745	-0.290191102854798	-0.0215826087294541	-0.206207598343699	-0.362546786488696
0.11054091533833	-0.387988871331971	-0.683661941297225	-0.271440918702279	0.27181627141982
0.304243947403424	0.742645337522935	-0.212335739330136	-1.56987844032232	-0.174078066293484
-0.0699309690712656	-0.0679449769038739	0.590903613346977	0.542250306649791	-0.146580047586016
0.303501404967566	-0.0698440686887953	0.144685330521879	0.57474914893999	0.554874898369778
0.384717309145477	-0.346397327643364	-0.574273540247144	0.201349900453698	0.336944474222016
-0.25974000621863	0.538268024942563	0.463531032262978	1.13903695897281	-0.0757716856814508
0.224254214311061	-0.0896358915049315	0.851361981754936	1.06944468260009	0.486110641726291
-0.180252002053676	1.46971335356528	-0.0939599281895605	-0.243866389792072	0.671721960057138
0.271999182814783	-0.833824895662627	0.568663863622566	2.17438829194312	0.345599475095631
0.296128259826969	0.917198159406561	0.0118266270313764	1.07820181353862	0.770940994691337
-0.0783709931524324	-0.418656264744739	-0.576594573634293	-0.116289495969355	0.549270601502957
-0.00026077323004607	-0.141463791811468	0.353981617802784	0.605481691337898	0.657791505583034
-0.0914961772361704	0.400601877939935	1.08455860422769	0.813755814321006	0.149074204556221
0.374047536556076	0.136250177229588	-0.2158074697788	0.202980365160368	0.116727773103305
0.235613268211621	0.124688315848373	0.13614049783369	1.04846417743634	0.853941949028649
0.274483142874734	-0.12104410986168	1.21900527928427	0.645313580986752	-0.107415735238097
0.309168115001342	0.484622885808184	0.722360887942453	1.65820876753592	0.677363167394857
0.421688730919081	0.295068599188948	-0.386422278070602	-0.425289786317864	0.567180064769102
0.277918783521825	0.764279325176688	0.915198752178581	1.15313374364129	0.429595481240472
0.232713449760261	0.344334890453141	1.12138862265257	0.528287154632848	0.528099578674778
0.265754254516885	-1.33696881636114	-0.350944474318428	0.0237356139719302	0.457742736693595
0.497609783234928	0.224464473855667	0.423842558837491	-0.0917866045849033	0.74322381604168
0.0863762545794495	0.150115331476921	1.1221978424474	1.90523282008046	0.502677550051642
0.224311202735197	-0.310776236709419	-0.146505036391551	0.453524481475174	-0.20715207313139
0.407820575911289	0.900951116786636	0.0423966093531616	-1.46487621013041	-0.187221012660963
0.0351385686118757	-0.441409250105496	0.863147957878957	0.241937329590601	0.0298798273430364
0.411723822007716	-0.47503864974948	0.208933826345566	-1.25532431284717	0.217571491284758
0.37134671704832	0.0590025777163701	0.0581788377567751	-0.457907670724312	0.298925527013055
0.456759371556546	0.23640633739319	0.800905880585544	1.56050028673792	0.0774571506017252
0.670517021539142	0.290238490964026	0.198559736054317	0.286587835125448	0.483460416323394
0.0414581236678761	-1.46959155088289	-0.68029735708634	-1.32490904732013	0.172592042888935
-0.180861274348551	-0.114558734097477	0.740075809040744	1.0778675806274	0.0997073825001616
0.252003647787982	0.440770325814628	0.52977308016256	0.756144487126002	-0.00483957336102553
-0.0877364381241457	0.563712501750947	-1.00293096696807	-1.95195610448769	0.0205765717897179
-0.127943148742943	0.270878756309551	0.0209229704663013	1.752463013146	-0.161099345188799
0.110758728069954	0.361803188411856	-0.131922421771356	0.0405378918818426	0.34620202042349
0.0753901661603757	0.506642033114052	-0.769605728313836	0.603632531760167	0.23077731491761
0.577046220388725	0.449257962049809	-0.30991783819017	0.752755472844283	0.55217918266697
0.124450539658558	1.17072835060004	0.304026428747022	1.60425054392525	0.112782885491989
0.253219708594171	-0.742511199906307	-0.252019761675333	-0.0360011237797164	0.531709954923623
0.0702503559325624	0.661278757564986	-0.782003811287181	-0.870225867632234	0.33444988924201
-0.0918038014635829	0.283666586806678	0.0494123602696941	-0.132443032796278	-0.17980668076165
-0.341529665741263	1.32460269289673	0.486316681399952	0.621296236278822	0.391504159940917
0.146285360053151	0.840355181277563	-0.557326564872272	-0.306539428677418	0.000232240227320042
-0.105036737982984	-0.666804134617951	-0.849062526450961	-1.447556981662	-0.29893054210442
-0.186921747469539	-0.19088467497163	-0.975558347729287	0.12839464618589	-0.175123559109182
-0.180745113781256	1.13439397574139	0.690046741976516	0.408693250571266	-0.363121870837128
-0.433026139723824	-0.433406773392045	0.197597687850789	0.501582734429306	0.00166418771060102
-0.0609447304731958	-1.55099339359632	-0.820952301482181	-0.126982977178866	-0.209353237904906
-0.383413360917613	1.3710978319288	-0.392578492889989	-0.305800770006683	0.0296965310199213
-0.107828796087895	1.42110077227124	0.350621187771958	0.885118642214949	-0.569076597945668
-0.100926917033889	0.225693488710802	-0.184540490825188	-0.591285380768186	0.21370478635416
0.329059416376355	-0.307170859000771	-1.74369288947765	0.159458861716619	0.00284197133472863
