1.16604000044102	3.13971073753355	1.5266756964335	-0.173103238934827	0.889345980043948
0.248438961683466	0.888380004771606	0.127388770872584	0.235263498691679	-0.39637081258395
-0.288204394081966	0.463838707214573	-0.272473960080332	-0.558025616441545	0.0425817588330272
-0.431332591537271	0.196332013817191	-1.04185913041234	-0.282317374306769	-0.372086862598931
-1.09820524611159	-0.613132032745534	-1.37073833502648	-2.28915543632912	-0.778424586615527
-0.730673865554568	-0.322100554009731	-1.47758183232913	1.32498306701599	-0.454124021805617
-1.22728443380711	-1.66175312318335	-1.63049261794796	-1.91791344262742	-1.06467363397872
-0.780741076282403	-1.03830422019115	-1.59564916642943	-1.42944628021377	-0.990103456494432
-0.975567569818551	-0.756474618933971	-2.12052156161328	-0.507197586633007	-0.636179085079267
-1.2900919947534	-1.48815563373324	-2.31236673950439	-0.292245842628891	-0.888753722789625
-1.22331777464941	-0.866711345913228	-1.84419627782199	-0.79750898725521	-0.965937612887882
-0.448289157030876	-0.463591511255207	-2.82969259882822	0.712010963079013	-0.344893597683752
-0.768030272053788	-0.773605897119542	-1.57058527552647	0.103553999176411	-0.780429804962692
-0.278903968710653	-0.628963769172976	-1.38350262432901	-0.421532763259194	-0.231148741864673
-0.731174096152404	-0.514209995030787	-1.48034193004014	-0.314282462352274	-0.287878102273709
-0.89018048526964	-0.729663640669359	-1.15698196774639	-0.304601947156256	0.0281703516739275
-0.545444686650565	-1.00632534490014	-1.09540659355876	0.592562718845912	-0.25866832561238
-0.689702928986766	0.0695699382331082	-1.2887050722105	-0.470908673497415	-0.159513183766618
-0.631186471961088	-0.782714383528845	-1.02891747929035	-0.292981882823935	-0.0984986735922478
-0.328579691393751	-0.2073891076948	-0.833943218697863	-0.048341586100818	-0.0214191154552061
-0.19403262790051	-0.112764801549943	-0.962427620633966	-0.168467510007376	0.0338580973887274
0.0644238253259758	-0.339591792304615	0.0483416082949789	0.986677358078478	0.475628535032911
-0.157785889918347	0.421230644681074	0.339210250479302	-1.34462576416257	-0.351065206684244
0.181238840584755	0.431833792908618	-0.176154724467096	-0.345710916819564	0.883380259142258
0.524405049064276	0.0717853429608912	0.566573806926898	0.386271159091511	0.076552832743565
0.361356856722242	0.299657270014918	0.528937251834455	0.111074280102801	0.678930112089777
0.414236448963868	0.718937450044383	0.966944781352807	1.3464063790542	0.11720260234289
0.376399552561211	-0.150823059484378	-0.177263800286302	-0.846334449416743	0.00579071733160054
-0.0697335013808549	1.21836936596399	0.236089835568891	0.30608120293723	0.353629269676139
0.318354606091764	1.0228450856443	0.133057923615327	-0.327924615536752	0.324661299938333
0.202241057890278	-0.0730643312988181	-0.224819775509951	0.223302092276916	0.290859884588515
-0.592270758356009	1.06287068411257	-0.0269462547730772	-0.634892681045884	-0.171814705937085
0.273200108788167	0.592163126693456	-0.0684752453017277	0.614980530682849	0.432764020154321
-0.55519067207977	0.424037815563573	-0.25638769122979	-0.459793891134781	-0.00120775568681603
-0.354415025187183	1.29796978307873	0.00963845783718389	1.25283841006396	0.362418602911457
-0.237510786321599	0.962682444137825	0.180587650128712	1.12944493071224	0.441421156127141
0.382629995076009	1.23917521144077	0.0509255266234859	-0.333204519274197	0.117847411585547
0.0814203260984702	0.938825676986678	1.21849053258146	0.68700304476394	0.373360386552654
-0.104041750866648	2.03615474663559	0.0695880487209965	0.420913562646058	0.0767316480383838
0.340372631452308	1.06216448770333	0.737982631944874	1.77026930372668	0.459389560883198
0.35181514424722	1.49030778579756	1.12595970468772	-0.196119290595614	0.617517669306995
0.510402790087528	1.05440615289041	1.0032326428536	-0.395548484220395	0.658957671967467
0.159960403033265	0.232392350466911	0.637843149056232	0.203600087214038	0.387343761541837
0.0297788849022454	0.840399919657628	0.620659700797241	-0.215624063633347	-0.182182029844242
-0.0845308422361508	1.38540528819163	-0.137741833888752	-0.139566436413703	0.411523966912361
-0.0934219162637199	0.280184187389573	0.341897008972948	1.71880780818812	0.358743415760116
-0.393133301502482	1.12802977714142	0.560946373023625	-0.197425132551918	-0.427574202495269
-0.169684555009671	1.11155153122399	-0.385132335144634	0.589843843625138	0.376279046735003
-0.377480932096886	0.124381046239412	0.199193438360706	-0.593751310718962	0.0343067283525611
0.406172478458687	1.20803766333898	0.175244438371858	0.0859136376452937	0.208671020022403
0.126376567866005	0.537838567813599	1.18178233649456	0.931589847676931	0.578366347312399
0.689358470467151	1.32677153331263	0.890281164593585	-1.28997159635402	0.027445210582057
-0.221967150181253	0.22051904993179	0.994670071725289	1.71111784997446	0.186141218976993
0.486458462657886	1.52087638460995	1.58626637773073	-0.764996652474004	0.779642022496658
0.50608576035932	1.05228352742786	2.07641477899616	0.545450750943905	0.424830887228024
-0.221809620652884	0.45471647217541	1.70648760053728	-1.19398599621983	0.339440367383003
0.131089361549099	0.765909898649059	1.8738539211645	-0.476596039991859	-0.0177790533142285
0.142733119312591	0.441878716440657	0.672627722398055	1.95097152817511	0.367726420274503
0.236252995361431	-0.155532615543406	1.34466620277973	-1.62624650989268	0.245311777277284
0.408753163092765	1.19474327028563	2.14643985196365	-0.775966292437151	0.514077807810642
0.00514857726488716	0.434726027990314	2.40656001004719	-1.73160061110523	-0.0432054111915466
1.06544213571799	0.941025515334518	1.71724631011576	-0.326431678386072	0.0936773827368895
0.443489494138089	0.796202269079409	2.61406999678934	0.0922390469576679	0.282625165629774
1.77225154267589	0.879497148998916	1.89078707674295	0.519883543679176	0.830399677240639
0.173714083152373	1.20011269492043	2.52896543874755	0.834793862754485	0.820721963487067
0.527128811434804	0.349826900165437	2.08058501598979	-1.68468294621719	-0.0842186762832982
0.470878621908852	0.47719937911433	1.22022993760438	0.171332047203627	-0.47451078993524
0.34769869384075	0.406058340439022	1.20556690782498	0.527029538953003	-0.160573247249601
-0.0712034902722336	-0.7489016990498	0.611403633041538	0.205227682461753	-0.781281668627127
-0.220613429588099	0.720207694789947	-0.321488725571068	0.0243724973079916	-0.560407333999108
-0.199010714597307	-1.06179675294143	0.263758119520166	0.488543130250526	-0.632696065402818
-0.288080577166111	-0.923797435599129	-0.0346960384622699	-1.06745164809796	-0.590189761993796
-0.134640024030775	-0.939566086987405	-0.991336129388928	-1.28526550771128	-0.984326125853888
-0.543414085739319	-0.993354993381729	-0.38499948277445	0.116479417658095	-0.610762117331672
-0.407516553952463	-1.00395399912364	-0.992376800366976	0.634268714835794	-0.468418605987722
-0.623854536405823	-0.162530759981778	-0.85825617363459	-2.04860650046283	-0.40142441537555
-0.686137101805184	-0.123758669928133	-0.608894072129043	0.722345307686317	-0.515222421703736
-0.771179202298916	-1.51105344925491	-0.27740403499202	-0.346552107096455	-1.0164417200227
0.16448572768282	-0.130872547442366	-1.11832791646607	-1.04821635588253	-0.36695196246608
-0.208943271159553	-0.520670806461071	0.0217163604954968	-0.131545209014538	-0.439141424213376
-0.331890114507743	-1.06234128030789	0.0946188582352982	-0.313289381511121	-0.368598903632451
-0.111054239781782	-0.576325615207128	-0.756217939429087	0.165929964287679	-0.573136222061156
-0.156466573240918	-0.340491605825165	-0.896074433103823	-0.222826847777345	-0.227387039519014
-0.193923737672561	-0.904806046167973	-0.559418422923671	1.13661560906955	-0.0713541386647686
-0.00103098160231531	-0.518239594477565	-0.889717020487862	-0.538005303266866	-0.0775425504776619
-0.263691120299799	-0.191871045148196	-1.4046212807023	0.626993705687373	-0.245886927206798
-0.0596538254525617	-0.687286501896526	-0.681660151661719	0.0689267479272051	0.0859326713805716
-0.154052456722543	-0.237624137418278	-1.26857990562129	-0.604141634590608	-0.114933910785441
-0.00533026487843762	0.800103677003227	-0.66311244363121	0.994741758613461	0.0320670008056073
0.164206128146566	-0.495011665346999	-0.0781180424971477	-1.50675713968942	0.219342259114859
0.193358126339653	-0.213101522039714	-0.482534508879877	0.863796143068648	-0.000393277756166984
-0.0121493426977938	0.344688957963976	-0.833090079951187	0.116121552988346	-0.242747363004857
0.68286083143147	-0.053473697748847	-0.546891053644664	1.18285158623728	0.704604438504478
0.746229226485209	-0.569698333663744	0.464423985444133	-0.987324925360911	0.342333683562961
0.13312033018751	0.413263873595138	-0.723578045187731	1.38098615615017	0.0490498490400077
0.401770492333188	-0.401804348401355	-0.14868500104349	-0.651478448232441	0.0669372538064876
0.350935455366344	-0.280177420614078	-0.322609477776501	0.525738954974867	0.0721937461571449
0.42755691116108	0.0988918438438861	-0.214141547345033	1.09036994505556	0.44073181399518
0.0631467866600654	0.564551134924462	-0.324501756290872	-1.91770952030143	-0.349498581237013
0.86770049329229	-0.171782762770739	0.324592757571168	0.612493964002498	0.206353660907756
0.46455743229611	0.328176899729287	-0.179508086213645	0.364295735381521	0.260078047844859
0.597123972076914	1.01777097960579	0.178725113025949	-0.326177198510974	0.0854382825082842
0.788241135259728	0.459435893206631	0.487655424145596	1.00396598018773	0.125232572440993
0.40610609357534	-0.00243271669303776	1.0773502424266	-1.48142509007597	-0.142777493481942
0.359092155456011	0.0761453589165827	0.633277626456311	0.372943500648011	0.101898184944825
0.088042834311874	0.746891015631647	-0.0130250281031218	0.39035965438655	-0.325177702679537
0.580424217887824	0.493176894168051	0.376951472083904	-1.05243847950791	0.279424218726768
0.292039486434336	0.306558933809012	0.620286717122431	-0.641746420863861	0.467466000748415
0.45889801364134	0.60211511694946	1.42653376895477	1.65739910546506	0.0463584031445756
0.124254284124542	0.197562209160919	0.343038198077321	-1.3893213795453	0.141358745299508
-0.0288755450873704	-0.473093181980031	0.893975462168294	0.234241814434387	0.513645242615197
0.299903873252935	0.515799829569401	0.921122256356265	0.849107789457156	0.180845420051324
0.206686369493713	0.278114884928204	0.71115694518822	-1.14581831863288	-0.00993619842366601
0.0917972339698893	-0.0771125615738209	0.827164379648637	-0.503478731497791	0.567312036896799
0.0790637106656947	0.476928923714777	1.0769380845906	0.0449185574541796	-0.0616083290404666
-0.176495436819443	0.429053388957688	1.00708248069752	0.799439631439851	0.0959091177619006
0.352872591694718	-0.123832422347513	1.19602119203362	-0.478317355888743	0.576187389369633
-0.105197159470841	0.188069941274781	0.986449045755613	0.732915328738244	-0.0756980837811946
0.0927143595797728	0.486775139826372	0.273067505310386	-0.350808355414035	0.124887570545446
0.30859359152371	0.124490027678959	1.43455316134455	1.09012447214491	0.789291780394344
-0.244154006347029	-0.302484925069122	1.14109674091682	-0.0534214984655815	0.450903800257052
0.504554555413301	0.420764352212747	1.7791409304893	0.429341146404356	0.182785295673347
-0.00855135694530923	0.236630306599616	1.03241143012288	-0.583799801780073	0.142033194399516
0.15854967590067	0.0594056583910036	1.24814615918319	-0.900986229020134	-0.0638710233598032
-0.0728623252044186	0.573808347297098	1.34415140039087	-0.00501938427524718	0.556599095733574
0.423764894962111	0.778580317627454	1.39319578723554	0.776117588834983	0.769247422492084
0.286753014637853	-0.0765624869900396	1.51584124734969	-0.694161560478724	-0.108543337163684
-0.0478681825055725	-0.558938931832131	1.63938485343883	1.06231889617678	0.215325103442257
0.0801096260882734	0.276503180283507	0.773628396619001	-0.411995159711161	0.324926650251779
0.378680695787721	0.274315811349644	1.12182140667671	-0.758212607010252	0.294905901665098
0.262862106275213	-0.410457296068139	1.37085005146446	0.479543449052711	0.44353541614991
-0.0687376228208201	-0.348808610058457	0.96654980684585	-0.250358968945259	-0.262947472439341
0.0529801974237473	-0.0887536914202937	0.0792083976143382	0.691128963934342	-0.0437240318700458
-0.11632205389214	-0.20354829233932	1.36894772548122	0.143590499311114	0.292294003144291
-0.0372208103447462	-0.436580588710318	-0.0863935507807591	0.423059764975324	-0.316810845010065
-0.193336290791197	0.351086165175219	0.181899744528868	-0.121763221882563	-0.548190607973878
0.279560700632695	-0.231800869131943	-0.477904417784478	0.631293184034636	-0.0281614499246461
0.272291210142196	-0.884795609111207	-0.211236242831486	-0.729385835375772	-0.210827048887882
0.312932891768439	-0.225620909304847	0.386589387720586	-1.06086277196672	0.25447299146434
-0.279414440454729	-0.881419785758303	-0.0253570901006014	-2.49418247547571	0.28382349128934
0.0139495871741757	-1.25439492781709	-0.165698559653857	-1.26355430706032	-0.265377372110133
-0.303457092638305	-0.471418758311207	-0.9682026993798	-1.423120291329	-0.187637663139789
0.28104944294725	0.19029672019824	-1.34694396829829	1.14582750548998	1.03267871079734
0.596908380214448	0.54560000586012	0.262750092851663	0.0689546869250306	0.961674925965232
-0.0199045264729276	1.4161361518556	-1.2796510261767	1.59200289226105	0.449059159404573
0.819221213885643	-0.469982497885097	-0.01741711881519	0.649985283076888	0.159944376421077
0.192656926746482	0.168595445957362	-0.221538806047121	-0.233912332473752	0.0473356835932244
0.0114780302299121	-0.403217782373647	-0.936634860426904	1.40405999815279	0.453792032553801
-0.640160516742005	-0.885913770236786	-1.08468605930901	-0.367523393693603	-0.629923365445736
-0.182452366756433	-1.23757185684848	-1.1199332405447	-0.095974689205387	-0.197679269366068
-0.567580808048719	-1.50485424822063	-1.85507703646802	0.361173128021573	-0.561330813476655
-0.691566855362548	-1.69174842711326	-1.84808713098962	-0.521417157049924	-0.613211911702017
-1.12694821775826	-1.02689562126333	-2.81493375150668	0.191386230937642	-0.554755085509592
-0.399004540606385	-1.78010581309036	-2.32685288516943	-0.23247640725277	-0.305024624145625
-0.629801735864712	-1.48247494806861	-2.10204168940197	-0.460315644796641	-0.430422971870631
-0.528662842646598	-0.988229662601027	-2.92605153386586	-0.887921558608737	-0.892480916496222
-0.666160330922709	-0.954318603949833	-1.83728673470984	0.30399218063615	-0.188463333287703
-0.564296483020745	-1.41362618486024	-1.63482098138253	-0.179446323206968	-0.176889315547808
-0.298368689876624	-0.197498806223995	-1.2919599937969	0.782282152400628	-0.00718288386871601
0.0338333998243371	-0.92385767734648	-1.35587819852666	0.908921593322552	0.102975765395248
-0.244178854015659	-0.751044929371773	-0.787966035183515	-0.608712690461358	-0.345519008730566
0.0933332869709852	-0.349147155652598	-0.567823095919471	-0.227974654290777	-0.474093551893679
-0.0120402942359125	-0.412965246466953	-1.09509194750648	1.92835442921911	-0.45131600800467
0.224701129817798	-0.553535630580305	-1.53420678419518	-0.83499430761693	-0.394345047591422
0.0204290010428158	-0.100654600528489	-1.34614541471429	0.237310861085905	-0.348563631896969
0.0105989727974545	-0.299717230062627	-1.08191362033073	0.353453708690796	-0.356454576410874
0.237410728206514	-0.632797434112184	-0.631424726976421	0.664050038310842	0.0360479613419932
0.0120845602817931	-0.521021221802315	-0.518734470720773	0.420072708448855	-0.299763215836041
0.273850944647036	-0.290607709633996	-0.395199469216621	0.0471204099582867	-0.198741599189447
-0.0156989220485125	-0.944551633640983	-0.216535013666591	0.910575717681303	0.104699687333153
0.251159295912296	-0.421844965332285	0.0661907973692408	-0.726237565505116	0.156426508406723
0.623841443236148	0.514398013441421	0.911035447117845	2.15753297683267	0.53974525832804
0.219393173550846	-0.92146590847435	0.940864572361521	-0.137698048839136	0.012611804368449
0.225548165115819	-0.257146114250289	1.01687815261938	0.458477143173517	0.011404775068691
0.0383588406580767	-0.118060328863192	0.696995197951078	0.805604205776791	0.527608172979373
0.0281146833020706	0.122162139064477	1.3643862748662	1.42996931620888	0.171480145695694
0.922337742453347	1.95712918554158	-0.290658588838721	0.236980391119547	1.28945483860667
0.951249456986496	-0.179902043915142	-0.0515067942240755	1.46424052794888	0.784289552949791
0.338719337917239	1.01876430042155	-0.479070058672573	2.15093272232067	0.235035893173208
-0.10034809379904	-0.000578175484399018	-0.503118131081634	-0.0371210968037984	-0.328465031702985
-0.177362295050978	-0.392717971618187	-1.00567502624777	1.26801047793098	0.150300121743049
-0.0734481860075493	0.088906964305328	-0.529319489147989	0.662321051683247	0.191162541156592
-0.21681283148318	0.0115415373822084	-1.02594436094146	1.19873762809782	0.297511546012472
0.0681923379563159	-1.02786555187014	-0.992675249303162	-0.304499916451314	-0.128299598905663
-0.0412013953642914	0.0564383381159535	-0.826420086026714	-0.433905328636881	-0.105014901000823
0.0224848777510946	-1.98676676427167	-0.479539501588394	-1.35540373459243	-0.284017049642407
-0.3456585548012	-1.27632674971237	-1.17917063046663	-1.2141597062388	-0.794422833018588
-0.451639977067973	-1.08490442102322	-1.83166232399986	-1.65861089489522	-0.786315986003312
-0.205993753769782	-2.76978181489697	-1.73025594701489	-0.103656804950928	-0.880851642632845
-1.026253711429	-2.03703639369089	-2.06680149735836	-2.16794285744843	-0.767944113202882
-0.407289405812494	-2.48716525116176	-1.71307099587591	-2.36889139338737	-0.643522732102385
-0.66057408632965	-2.24824698895936	-2.33135494509753	-0.491897079724077	-0.0794457310063997
-0.598001778249117	-1.78780743986372	-1.3362195755182	-0.284040698653039	-0.333148804911653
-0.383050363287458	-1.43978629285024	-1.44004518345373	-0.499645491239155	-0.553262534197488
-0.850380705470049	-3.00418722246688	-1.53548767845832	-0.435182350684088	-1.05485670950734
-0.530647854225139	-1.97040908347926	-1.73883781184099	-1.4687027969806	-0.110939654553127
-0.118125017441985	-1.81490092130799	-1.09814417826182	1.15735968022441	-0.892035533384102
-0.23663645432803	-2.19625702110975	-1.55473549147118	-1.0754126174681	-0.458658225296732
-0.484004563745231	-1.16255076522401	-0.865355600854595	-0.301643522724124	-0.504004521107633
-0.277440936081724	-1.07681202363134	-0.610298527687633	-0.710328958389078	-0.472115897628015
0.177378943203222	-0.665729088017104	-0.819510739236369	-0.872699023651471	-0.0980468835401579
-0.562377273558957	-1.48359781695615	-0.533558323151398	-0.488256456775346	-0.149295691572498
-0.181596813117108	-0.243826922526914	-0.0909199695814811	-1.7052816500943	-0.36659923409119
0.190307810692604	-1.04173175141496	-0.668050300983334	3.15309434734222	0.0268644181796049
0.0168867099219073	-0.558691061474014	-0.239556899632562	-1.98754403943788	-0.255169364910509
0.215881608190678	-0.872986224528054	0.0714985824493309	1.85585125206242	0.68479710518372
0.135252583379723	0.460868623299715	0.377515154323178	2.62655328727163	-0.116350366431781
-0.0417203669971679	-0.595668345860077	0.734302404590853	-0.718168163216021	-0.0807734656909639
0.136437310028826	0.556436925445396	0.589068549294515	1.77378907653403	0.251473960783379
0.499671301773895	-0.212069706683363	0.341610022285588	-0.981812300877387	-0.0932894037338775
0.420120483314917	0.452239972844584	0.822603371062543	0.659450802510627	-0.0954959350516055
0.711905779929333	0.483698395803987	0.230263044550522	1.34642997864117	0.502268584389091
0.302755562127645	0.676064312994041	0.292941113823772	1.28811342013989	0.114605323221166
0.34722664237599	0.142442869892036	0.215491904765897	-0.101205910907943	-0.0826324821810454
0.163828064048977	0.126844321205111	-0.306038248865813	1.09050962541024	0.178392320337753
0.136184245103757	0.0851988285215105	0.0260956282898744	0.314719194384459	0.0925746689650558
-0.0873530069980844	0.6400505004583	0.276544252639355	0.761337790701678	0.119599025904966
0.499421920952223	-0.417924485010427	-0.235688036050626	0.863496355447886	0.132822590095118
0.221303529402162	0.561217289838152	-0.353572876358847	0.548974857483909	0.0510411349561397
0.167093790229847	0.896967471405037	0.494864728117397	0.295195746610336	0.142410060910611
0.403218225050039	0.395765197849263	0.00446449026513534	1.30627736788393	0.206163506486653
0.530355691603383	0.68459463211706	0.257793704396743	1.40099322209091	0.683024454605412
0.552065987253634	1.22467698224338	0.52573989810462	0.793893395689581	0.169387435040932
0.457120779391362	0.997560949670935	0.221013844430879	0.538662850474406	-0.0773061202336075
0.428187374719075	0.435982880237641	0.0227078460271784	1.30834134301406	0.045756488693338
0.451524607670814	0.698196123530696	1.01510571746772	0.42416122569784	0.36450121050118
0.821865021674768	1.7460442296504	0.709534010491224	0.117993481277461	0.530394049190433
0.552658372791939	0.0697937040843052	2.18220824554495	0.572412648758935	0.434652848204674
0.192045473110073	-0.102209955256252	1.36859879732208	-0.673091482496126	0.246386836175017
0.162683754604522	0.3619938819139	1.64688459769999	1.19652616272497	0.481240931433031
0.331071733856586	0.323643611514822	1.63134286150655	1.10256862052923	0.685004325776405
0.101314716438498	0.287048841582264	1.66817676843745	-0.328285430543152	0.57846637129775
-0.0174146648059027	0.808400787077332	2.84966647176816	0.0208973106778009	0.264958365000004
0.101151462528782	0.253581465969565	1.23524103900196	0.307942888000593	0.331510222758913
0.409094811943668	-0.0697059249094673	1.84789972387038	-1.00915673638096	0.0671603163500132
0.168917751619214	0.630348706638893	1.71562390852204	1.29067956293569	0.0318279012038669
0.523474619602673	0.147798996676346	1.22077431374864	0.571170167212474	0.703386969550029
0.227027276192117	0.513694344327691	1.48914099770676	1.17348193839929	0.0366064581966506
0.00510038986254303	0.0536781815190823	1.16304638951642	-1.09471414027494	0.47367669316936
-0.197225405706732	1.09453982906748	1.56549165967599	-0.575353307943629	0.426739550213584
-0.0365535796143514	0.180972900291107	1.13088056776484	0.127863355004093	0.206817740205227
0.224619726786739	0.306733309381961	2.08095435882709	1.63344317144921	0.401020855033164
0.144163208331402	0.812383215797482	2.01540599270951	-0.0684410730708308	0.795376752603493
0.126346180891282	0.484313091652422	2.05791169047608	0.415823910529006	0.373073995109006
-0.0395605691848151	0.60160675307797	2.41326276619848	0.229041350670756	0.19289397456392
0.313898111653182	-0.36169736368848	1.77250801047377	0.841741650438213	0.158872248694727
0.269571438742557	0.933194406716135	2.07851857777585	0.971008655086199	-0.0212956846270421
0.33152669042736	0.295545339045575	1.25492143065296	0.825972240010306	0.118931337327689
0.485468879926298	0.209720585162828	1.95034634472446	-2.20972837336348	-0.131051792971358
0.147557902276059	0.00913695213595144	1.14763959238034	0.275009827091818	-0.245094972456738
0.609440919130539	0.814274441495462	1.54010421800694	-0.526570631663901	0.486793342950507
0.491903466905073	0.716584450775868	0.41699481832186	1.27189441340691	-0.0274480481779414
0.138127163808278	0.358427031211663	0.894163292656512	0.656924176290368	0.386277775664995
0.00397783916154027	0.264025072580002	0.318898917948034	-1.13230015328846	0.137697844900185
-0.178760391329394	0.684799491114441	0.811984684291158	1.37795876281425	-0.321598861521832
0.15206494091755	-0.270113587484298	0.0475529170285717	-0.67275464277466	0.226702618243838
-0.425888561217268	-0.0020641917208659	-0.0480113289000089	-0.482791007099969	-0.487427309583797
-0.248428112795254	-0.84878665387337	0.0423449115757831	0.795127451725356	-0.170069543612625
0.065428484336183	0.10348604989039	-0.641995205783947	-0.531449785924385	-0.44116150599347
0.113786921822081	-0.681472271062766	-0.799908469482799	0.336330818976744	-0.351553317092746
-0.0225777439594148	-0.639604472914833	-0.326563744742586	0.5312335766731	-0.500130655414339
0.0605423449154911	0.46529878464809	-0.726493086135677	-0.772968924063903	-0.0870649195265201
-0.366852345540144	-0.994782220268475	-0.898077630744229	-0.207101572765552	-0.0336180941348743
-0.159731576957834	-0.498464270601941	-1.02690963932006	-0.969865289007122	-0.437395910071372
-0.287528423755841	-0.390857684893939	-1.06265826825217	0.801346031300691	0.0673366979751606
-0.17863668843573	-0.489389559537093	-0.596998777555748	-0.523988468512707	-0.211004260797855
-0.0694495990993794	-0.323522891108934	-1.09765713552512	0.523853506458759	-0.141857361683015
-0.207766979909721	0.585126931082333	-0.5437207750424	1.11552849763813	0.00362678238449547
0.163182758378389	0.197256551085785	-0.857401393954886	-0.542022366927984	-0.390220543418618
0.155349433923444	-0.115879594031201	-0.847492220682804	-0.418052534605632	-0.0447956325398745
-0.169247238976634	0.101972651714444	-0.614891349624337	-0.294197159081993	-0.0222420280071381
-0.0853799980949224	-0.175891293290405	-0.961490834773178	0.447348109886005	0.190152918132107
0.0400655926255095	-0.214962662224581	-0.931223298973164	0.073962712805631	-0.45989916619459
-0.219446410938583	-0.421403714086438	-1.48910422206391	-1.70778631947764	-0.0394593508432628
-0.348358025836568	-0.186974889816105	-0.870149558141411	-1.181131227082	-0.280926389120728
-0.0378782600060927	0.0897725478801938	-1.89765300212595	-0.0535103772410304	-0.453464827466909
0.172443649239477	0.0238583109653897	-0.29414002624215	0.333509378933325	0.568642514260261
0.720996228427936	1.67285892573718	-0.438389490443308	2.36291919776842	0.806625431515701
0.128674548266816	1.40215533293308	0.812408609213692	0.589143488786764	0.634330476460255
0.381036319817345	1.18445634399889	0.544051130077381	-0.0422842203597815	0.572681722359836
-0.0727592873102629	0.368717107759352	0.358347386028821	-1.01708159566539	0.0698817557527041
-0.0689736251739521	-0.00292757993642155	-0.464703006479759	-0.394069795762167	-0.0104705866151793
-0.375341559995739	0.24598883011864	-0.417552873814872	0.362371571912575	0.158714032023465
-0.214098901492061	-0.14325106904908	-0.463249312315838	1.77205932610931e-05	-0.308805986985177
-0.0194621115741326	0.0292267873997182	0.016223264681407	-1.16755101745459	0.202746318566667
-0.0455245566165861	0.0621040108430039	-0.644544812129454	-0.786379044820103	-0.183630401510786
-0.0489305445828026	-0.0230194946996647	0.192893872326962	-0.267151768870024	0.168209397021047
0.332191385040214	-0.798588584879693	0.0131577249958947	-0.616066410549442	-0.0997914276662823
0.153598014387805	-0.306831953886462	0.0423622652947279	1.1924035451414	-0.298089218633339
-0.0237679363313298	-0.556831783391895	-0.143931215650682	-2.53686505636202	0.0354464837411809
0.00326980618498253	0.155712534932171	0.716180785967263	-1.09949609696605	-0.280508577685063
-0.2080189712808	-0.956528952924809	0.50019529508574	-0.195735890803133	0.045770758651179
-0.48721906916592	-0.70077558299983	0.00136165017952518	0.364283358155738	-0.0964829141381989
-0.374701970634261	-0.244583931118224	0.0581446119028018	-0.440665490599272	-0.414889331006696
-0.406523606917263	-0.631150331530311	0.135268522635643	-1.22103514679554	0.0694588021540225
-0.688356513705418	-0.581314703366406	0.334376582566999	-1.57945363820846	-0.178816644077493
-0.186206348794785	-0.783172911929771	-0.325552750729979	0.342258212711353	-0.0540125318133732
-0.631056576015201	-0.0403125013031915	0.15879082687981	-0.852357119046822	0.0174885328039409
0.0791764000171525	0.169159208046917	0.232387727801704	-0.960370890075175	0.0800031931158166
-0.25705045710639	-0.277609850950738	0.43625036503845	-0.731159184212044	-0.0940726585286797
-0.758771441167165	-0.349558218133862	0.384373295973864	0.391773855633557	-0.112746069282474
-0.172183992781232	0.367274336813105	0.36021121172059	-3.11012266330393	0.0576411392730556
0.548548654287147	0.119521303134237	0.50095099342116	2.38923287179266	-0.0278454368446723
-0.117852364823462	0.806053461156227	0.547222030523664	-0.404519306229373	-0.310761925067781
-0.152184662653126	0.762281211867773	1.16505156203861	1.7663868704423	-0.0562653322513777
0.672001046104941	1.2462759115409	1.03225713214071	0.609326971198562	0.151082096161352
-0.0559005238712411	0.778366844184957	0.434169625784559	-0.658172895658441	0.0293621816946281
0.0842649598415051	0.589662483555764	1.11145275164897	-1.08464657999374	-0.178438576463676
0.216082529543379	-0.246788416003312	0.36840716890174	0.93162741945342	0.166364872274042
-0.024867649729414	0.159810456092934	-0.175851151403753	-0.228763445706714	-0.126148612853423
-0.19069472293814	0.213979684427405	-0.423982518833631	-1.6321581745338	-0.255346533350341
-0.177083789764709	-0.0181256841390292	0.116330306920391	-0.0822090800145256	-0.064158974848413
-0.393851545809593	-0.197893881216153	-0.340731049630961	-0.434179359130386	-0.109699221048029
-0.0675701350382726	0.403212670633955	-1.08342093520387	0.327501372363106	-0.40283109768761
-0.392029038725077	-0.0485921933207907	-0.372122017189905	-1.29908844211132	-0.237129931790037
-0.134462975169085	-0.0712355400993535	-0.627672239751962	-1.1411495269832	-0.0668625819463935
-0.39141144035195	0.480696194345983	0.0426184219513508	0.455608221854183	0.0238402460979332
-0.12523039171627	0.449241241121806	0.362533352163429	-0.0518478293830099	0.08115815883794
-0.323898926391226	1.06399119025116	-0.503534412369701	0.275961042081943	-0.0418906127022023
-0.0895017145860092	0.678451126719832	-0.364025511629422	-0.608787828974752	0.449791406260868
0.361620661371869	1.10930092271135	0.280796525316914	1.5683204878016	0.156958223114332
-0.176975020176053	1.09665472156868	0.186441947939717	2.45836622075065	0.425964344437758
0.248101179525294	0.239174465896602	0.0820636737447162	-0.401486421702098	0.391740517280483
-0.126155520621161	0.11985433062956	0.297090482533969	0.144552759865369	0.307604197299378
0.011259201087261	0.638768162165548	-0.31475105916537	-0.439414254472251	0.036482597991673
-0.00804259959516024	-0.0113167464282286	-0.354804185312307	0.622362458438343	0.68564960232541
0.153893298564725	0.193704071723646	-0.133429997637	-0.794614776276969	-0.0397186010122964
-0.0228831119894192	0.625335516705301	-0.590977538104162	-0.00632191862414467	-0.00839386415877288
0.318105816861308	0.552547363428213	-0.841615517543885	-1.04051532221321	0.0517328878011004
-0.215873315339825	0.0973382976947206	-0.0577015008838935	0.45194576760985	0.0357139348186985
0.534006341797731	1.15012857915377	-0.593637739792722	1.20941855696428	-0.107779447376091
0.0639786893891087	0.332509043466014	-0.887196302534864	-0.406409981626498	0.223463643707244
-0.0816822308430095	0.327299538026475	-0.910751923095075	-3.07983971138016	-0.183182397128081
0.172592056263475	0.531220792977394	-0.570377371306451	0.773837997501926	-0.0437820087747758
0.295493798284515	0.620486998758819	-0.278552737168556	0.961794198972343	0.557233631907705
0.3057975007528	0.502312570451769	-0.137548903774345	1.40865793947851	0.347780770604085
0.192893286002024	0.930365018096516	-0.673094267615184	-1.29242369721283	0.0374711639517316
-0.393211031500262	0.157687053678443	-0.398155774347107	-2.5378196772578	-0.0560105811236444
-0.294448499927438	0.292446833830657	-0.425305320580674	-0.733506682698933	0.0393133850378263
-0.644149409006445	-0.259596957636669	-0.663095242726267	-1.08505176410172	0.214197621668858
-0.38821051045023	0.867645878290658	-0.259078383018766	-0.00467831243916327	0.311028238270137
0.140978718769553	0.957717152397607	0.514552167823761	0.332698264060659	0.159910897318835
-0.142810824128002	0.296371243643414	0.123929621419993	1.02653159804226	-0.0470441938195463
0.253923656228566	-0.0264836715155766	-0.334802191834049	-0.451343402099642	-0.168876686688856
0.141989917836065	-0.368538918845823	-0.26407142766627	1.78014147922959	-0.138758706951186
-0.501149278808701	-0.944294419740336	-0.409397647133327	-0.387915735825724	-0.262718389175118
-0.112028815340881	-1.14795558755413	0.386983561519846	-0.929070921439002	-0.839409787976291
-0.158606831941539	-0.210980695874784	0.090867851757442	2.10116105648496	-0.598206507710879
-1.13175487604243	0.0496393433894897	-0.569791660030834	-2.37130913670397	-0.660543967083607
-0.313294621221555	-0.405208109670468	-0.0419362097572718	0.817646956461019	-0.614903169634038
-0.259143441555901	0.0955757469939616	0.480591132140648	-1.88627091698496	-0.694993782580722
-0.0996241489341604	0.0630893919632142	-0.0566757981465869	1.78842437561329	-0.157607095124591
