0.34366225054102	2.2531952023875	3.15000504948098	1.82501427070447	1.63746810821229
-0.0623811172180126	0.982898240684425	1.83826681277403	2.28626091275384	2.77385334557094
-1.29056314615244	0.0313141561557201	1.03451280656546	1.09665372916211	0.457638516765835
-0.903249424758193	-0.732087328116343	1.3098566230214	-0.551670689862494	0.950124498032994
-0.731529686258054	-0.782297866912042	0.550796017335766	-0.429654538536918	1.28795404142617
-1.47338394622538	-0.312634307153076	1.20623864653744	0.281245160916606	1.8574063821439
-0.868364949640808	0.377471512578508	1.41473466439114	0.216983184804565	0.637193484682958
-0.742023301121692	-0.729799229000336	0.509368918861035	1.2661506349226	1.4274358998895
-1.37766056888998	-0.0115959420040284	1.20541395461087	0.406244452767753	1.77385164033195
-1.15477838208437	0.00410477307258642	1.5416579469693	1.51117223882159	1.13990500444953
-0.9131474407022	-0.0016581406531663	0.871053224577137	3.15272539469057	0.334016666971337
-3.00585470700958	-0.732847468685433	1.13234932366226	-0.714399617323881	0.989833997611003
-1.74925114437996	0.193949743998274	1.43258710554605	1.51177623522463	0.951139982432958
-1.64848746080329	1.11197473756213	1.62948776311165	1.57588594127962	1.07202397619508
-1.72256824441835	-0.688100232112167	1.42781271541168	1.01723117710898	1.20762697436466
-1.7296079175277	0.84674909712957	1.58843987888197	0.92815318174803	1.37085242385635
-0.925342512894523	0.375306533014068	1.77699400424672	2.2434814300056	1.579118858807
-1.76808056631766	0.986796327137931	1.83263686680226	0.714194244792784	1.18156892289339
-0.468640593344172	1.60445979475158	2.21659457484297	1.32981094674723	1.98945533076092
-0.646898272970713	1.2317264468304	2.22255612420686	1.52045413655049	2.43298265618944
-0.830282731692322	0.555022598535038	2.29941594137634	1.41688191366159	1.15957582794832
-0.0981537647591754	1.84549516666968	3.33386742588338	1.58011406640755	2.28166483413893
-0.704675572786607	1.27920108143579	2.992897430708	1.08611938901518	0.517123651514883
-0.295072993016988	1.49620290988157	3.28558480379657	2.04945186806195	2.34533118421004
-0.451485604900198	1.51707121294295	2.67313057294211	4.12583720815731	1.47341672007867
-0.663926442776456	0.671888196464939	2.67440504734542	3.83074530285196	0.59068991017949
-0.267112070015562	0.884800870793146	2.7963940307774	2.0393226321903	1.66835716623505
1.45380007043915	1.2538431322612	2.1468667250873	1.39141833264236	0.650117997031531
0.304905692307727	1.35602708508265	2.19406660565457	1.58423762000708	0.235150355723962
1.48715748026555	0.564013462176187	1.73886378952665	0.640373241792586	0.87850815301127
1.0756548516839	1.15401129650985	2.00992526530853	0.121086479481457	0.184402098289175
0.64895898520578	0.966302461780191	2.15856840102322	-1.00906296697568	0.549596710324353
1.07233979923137	2.2921254023491	2.12737829940539	-0.415484973007136	-0.234434784343452
0.733457390354453	0.588282882550827	1.83127972316156	0.474082886175163	0.00979167097432262
1.93624788445819	2.4405524809311	3.06369130544197	0.448780403727843	0.513325632485028
2.22314683865522	2.91134660142844	2.26977308024156	0.842511297194593	0.95721761347211
1.11172424458498	1.22694889060175	2.24593637467114	-2.61631236667855	-1.63400211726409
1.58954744774539	1.71970821179683	2.54595222852863	-1.12289951307484	0.272562565793074
1.71148437344564	1.8049500410486	2.01029206511869	1.1930102356358	-0.157586332800296
1.33515159110483	0.698952772272955	2.02135762414329	0.0551757156391569	0.236884069541687
1.42704737058307	1.56986325446417	2.16041684443669	-0.0597179196510604	0.608331622459499
1.02973847925914	0.788448413246559	1.80434595560614	0.499873043217158	0.810408277528785
2.03445247831614	1.51918333192841	1.92991479561244	0.134977075177382	0.884813767769115
1.6160155724591	1.28558919513299	1.8812700892825	-0.429043340953423	-1.0979057951028
-0.190020113900142	-1.04125284754913	2.78994374472613	-1.75865455781578	-0.637331192053304
0.0563691356433838	-1.63314411198813	-1.39900688045208	-0.71236022266122	-0.451994432912147
-1.19191820637842	-1.5312093656159	-2.71761618337653	-1.56664352250692	-0.0419834919001655
-1.34794013046331	-1.77327941934536	-2.19390829068159	1.19955389063477	-0.643832529973813
-0.656013929336522	-0.273134914356634	-1.21376288938185	0.00230103958862614	0.71009479950275
-0.366101649911585	-0.0389298611790164	-1.2400160339141	2.61591317407629	0.405522708733006
-0.154135289450748	0.658922367143861	-1.58567098615172	1.27564458700759	1.71539853606546
-0.513236983552846	0.147259752125663	-1.19144785004118	1.61443639891764	0.560922195499311
0.321854572372348	-0.221896626210612	-0.886418884659505	2.47097337922389	0.791214775926348
-0.273797298379217	0.26176925831735	-1.12863555889356	0.908089906977337	-0.474300940475208
-0.293511853960118	-0.283378576239257	-0.900767336052471	-0.878775806529483	0.968250684170736
-0.405396086481021	-0.570843494648813	-0.787892640137295	1.09662596409773	0.964636076415502
0.540815181522346	0.176324042374405	0.196392618744544	0.618153669039257	0.279367735898528
-0.840040203412206	-2.52033498433787	-3.91374243201704	-1.77240032751037	-0.584585552175679
1.50016879057746	1.44173157720222	1.74020609361471	1.51723693355744	0.480395879732145
-0.598679955230065	-1.95231245562056	-1.05828539753616	1.23075935038142	0.91902481181346
-0.280888798131617	-1.25739564490766	-0.751975755714725	-1.60498807081334	-0.34942564443718
-0.39429161414048	-0.200644285057765	0.315915286336803	0.35895465173152	0.166930639889657
-0.115861745545743	-0.565900791972225	0.0478282315167651	1.56946421500915	0.484955355019755
0.337333619571171	-0.535777421341628	-0.227872553752912	-1.17570213237264	-0.13649084561683
0.274623159498941	-0.302565082389869	-0.605016826504489	0.327004061787959	-0.404933275980909
-0.0259516234113293	-1.00392151512447	-0.445673380599249	1.02030348171077	0.685069952675411
-0.511349609532171	-1.7733990476966	-0.795749264803601	-0.164996624920355	0.126816816612427
0.297295202122949	-0.984503422550173	-1.08908502168293	-0.538573040750542	-1.19998010733771
-0.270060071764227	-0.808998378198167	-0.852273546841044	0.326590914524773	0.330166537770831
0.107301786398482	-0.64832043322382	-0.563461974324458	-1.85794466040282	-0.14687226090947
-0.644227336476556	-0.871204549028943	-0.587901916292973	0.65159875135815	-0.291595310175542
-0.244275333748318	-1.07761082212972	-0.107225733652639	-0.0700598761124438	-0.453482894391802
0.120177507070051	-0.949331738387384	-0.27892816405667	-1.10854538518937	-0.178386992355774
-0.587696866593359	-0.570792735355436	-0.634821401347419	-1.28806745789871	-0.963318732499817
-0.19871793323715	-0.329151247803882	-1.18330058010573	0.265134781831581	0.457469080528528
-0.481172899590995	-1.49923515242039	-1.07839656261795	-1.20922423256411	-0.900782938300697
-0.0858945107068633	-0.339829603116682	-0.935727240750386	0.535475684246647	0.451250136708061
-0.464408588436703	-0.691437775213954	-1.34982529987377	-1.59283632701622	-0.749863223543418
-1.0189836318987	-0.644829516793009	-1.74958032372599	1.01382983124947	0.683839226653124
-0.102768296442394	-0.319306268877091	-2.29328722260205	-0.440184719192601	0.00286362910229735
-0.0565675807534566	-0.527057692578704	-1.52232599372533	1.66780705137474	0.0155338863980487
0.440497826309876	0.217119016551119	-0.836406964184532	-1.9848894969056	0.189977016860966
0.091889575578134	0.865583695674568	-1.1243236321862	0.128920718573415	0.231827681749001
0.620220367692223	-0.0792322968505187	-1.55804947090515	1.42379598819363	0.758122471191011
0.738911378900614	0.258137096110311	-0.584042728916696	0.59965741537483	-0.0895949673101351
0.373038197932153	0.502241620519647	-1.06800910721265	0.608606424753801	0.516913444054475
0.828647645857117	0.934603111824478	-1.15452295500174	-0.674286963141406	-0.462583155753506
-0.0123485041542299	-0.148190244239421	-0.713612408896926	0.602306504799176	-0.201970363639653
-0.0163711093677105	0.0645571945573711	-1.04640686315703	0.758191720142715	-0.410440163896971
-0.14941183092016	-0.340259306545976	-0.634889372298502	-0.251194368401095	0.898132938002727
0.0130040697229293	-0.290815640243699	-0.976567511736507	0.59531898128279	-0.312104553693058
-0.20132077115134	0.283380741275275	-1.08601654728408	-1.10985657808975	-0.488735915431331
-0.335150298191613	0.184405763082835	-0.771313877307089	-0.381187001206054	-1.02121597149483
-0.313409915252435	-0.29367885608688	-0.868963302568522	-0.862129809406192	-0.339478508583348
0.226595924293496	0.456610196463946	-0.494068379081477	-2.14191178731158	0.0893711549445848
-0.107633472357922	-0.50144851015953	-0.935831077583067	-1.22304856744767	-0.858496218107384
0.0529752634011415	-0.629584897015006	-0.708682431634757	-0.495776699252583	0.0647901988965482
-0.176937830823786	0.132690893376095	-0.813038294522401	-0.130984569978499	-0.833264079354334
-0.286842486468325	-0.522358130376389	-0.394863021396957	0.341375751582275	0.0474248943516694
0.0121737074171441	0.104476023427461	-1.14464973103906	-1.49060429387231	0.874160088198088
-0.378963373798054	0.0335834084364881	-1.13863372822839	0.816277261547678	-0.139248808031118
-0.328695092864021	0.178669003647695	-0.513981316167511	-0.542861596958655	-1.26941903313697
-0.122309326778375	-0.326247598746251	-0.639927881453859	-0.32022964022498	0.614448688104227
-0.442630981661782	-0.764723561283139	-0.843409525523399	0.175799211797045	-0.247339303682599
0.202718884113648	-0.276893880268971	-1.59517415590483	0.201287015219141	-0.454120934307706
-0.0571369533960856	0.000424326446318395	-0.5889710823255	-1.73362123333325	0.17592909318617
-0.104270112648656	0.472701810566871	-1.04765430770543	0.334789308905798	-0.0561510533478214
0.0417032275627649	-0.00124705068797746	-1.07239606959	-1.01602425563602	0.147839024753199
-0.171820532035354	-0.51303474292458	-0.691119407541415	1.10154360646008	-1.01506957511058
0.139622472733712	0.143908069477253	-0.607313340162382	-1.1316591563193	0.241702958011557
0.185846039009881	0.580695053474049	-0.646017561441265	-1.11829770630837	-0.903647942106835
-0.0422013410180259	-0.543458341441836	-0.623726829437179	1.433661785273	-0.180089437392497
0.00698259398073495	-0.612199532719321	-0.211583235705241	-0.173645538877681	1.21663092694101
0.178800004085855	-0.683865537298969	-0.0514837610152245	0.365676119458528	-0.364591507950749
0.0691528506443711	0.533080821131049	0.168026952145444	0.130400039277162	-0.177956967218481
-0.0550047515323402	0.32276234842022	0.488915363774354	0.437987339772973	0.372860473666214
0.00698205546946207	-0.992452757149083	0.272612567577647	0.825182750946806	-0.217896257426047
-0.0938951958717213	0.116822772335271	0.400981015888961	-1.14571811637743	0.377946236967468
0.0515584988698195	-0.418663657657144	0.915526567595011	1.09058790863351	-0.219961841566504
0.446006076736067	-0.700517237784705	-0.499215979959078	1.02880865232947	0.271755542287356
-0.10532790047219	-0.514492279915716	-0.49190961609303	-1.44632635711858	-1.00425475639514
0.111491993975345	-0.410339396387728	-0.16434920907444	1.18898159056975	1.10085290994545
0.249296343216179	-0.4919276318238	0.612535009922998	0.976136923187756	0.535596796329134
-0.126870149544349	0.362324185909651	-0.473683346621515	-1.09275766986943	-1.11875016681112
0.00463291304562607	0.0437936537375314	-0.658003681316422	0.263505599036035	-0.764892668157014
-0.0971707478271321	-0.491506377969126	-0.235256448417281	-1.40161624028496	-0.369037110495532
-0.00309443332077497	-0.702876701369031	0.100861563336973	2.24009472402669	-0.498777705759014
-0.145318781480026	-0.893046416333902	0.173435928279441	-0.717175010473344	0.244231468186376
0.700990354807337	0.308711799284034	-0.232493385126565	0.806776144684096	-0.857459637219793
0.0222530948846997	-0.101869821171061	-0.162571579591847	-0.475599118035475	0.399799674637432
-0.226967994127533	-1.00247350858186	-0.3353499709543	-1.21861605946741	-1.21215874721454
-0.0238167776644291	-0.57588028733614	0.262479160319139	-0.108423720237643	-0.248002641209145
0.148591729037352	0.119377513623371	-0.360621271968825	-2.75526944155274	0.84582778358829
0.277034670832656	-0.360440374393708	-0.894601226662408	-0.316548383736074	-1.70170453026199
0.0319817523524331	-0.739726727143927	-0.5160500897264	-0.963742018075816	-1.22726981861216
0.328190903340065	0.034716643031018	-0.797012571171427	-2.12501441891791	-0.0872842207983479
0.369041592138511	0.0195886867553723	-0.866963758751784	-0.158512391303679	-0.377324182270586
0.813524784023679	-0.150368339001341	-1.13730963333989	-0.0265864584453172	-0.344659993680868
0.399982790590541	0.495110425312773	-1.52036761815561	-2.12433255484298	-0.997474648714119
0.227303938054391	-1.53476600036506	-0.463673640801388	-1.35558255243622	-0.252778278240983
0.237332310300311	-0.170673314480979	-1.17421158700154	-0.582408307426455	-0.786759380740452
-0.167587788081166	-0.11589226366959	-1.64213650512103	0.546654098437006	-0.601225006524958
0.274313238167326	0.0669342886339288	-0.758399133863458	-2.29498059357046	-0.376492519836407
-0.187840051502706	-0.687471139378963	-0.895323904276749	-2.03136264467431	-1.28668824261072
0.198462843891522	-0.854682405893409	-1.05428380690408	-1.07004178262206	-0.348836701819426
-0.105626876748933	-1.20562532360126	-1.26957406032963	-1.62368304768066	-1.0805866775694
0.53171639163131	-0.059056215088934	-1.00025031970753	-1.08451490465744	-0.466298908634276
-0.194476282481811	-0.880711426111174	-0.862029889895845	-0.589824683682878	-1.33536135951213
0.35577854803411	0.18018836238871	-1.22549469501446	0.650403698119836	-0.356280038077853
0.377364259637773	-0.605998175404844	-1.57515283976377	-1.62103321065856	-1.34432000038389
0.686486204477714	-0.140334136041534	-0.977656482913762	-2.47479314913247	-1.2672897745405
0.783391672552143	-0.691489107634132	-0.980732059874294	2.49359815558203	-1.4462811815914
0.357235336968162	-1.67457914633666	-0.994825129975198	-1.80600711455069	-0.301505737855326
0.40817643878649	0.716450217826394	-0.816206768273744	-1.34215527784879	-1.77471265310032
0.561821224772662	-0.0413035611251877	-0.771262123586543	-1.28567054720814	-0.353837130737851
0.0307946345295878	-0.371808938841435	-0.649436560168322	0.606971163982177	-0.661576424754319
-0.0522816597711492	-0.0347016806529113	-0.670115308287269	-0.823182220364609	-1.06259618667732
0.189061242880988	0.153843450052272	-0.723045475484908	-0.309561588611677	-1.11074735749071
-0.3213446528564	-0.731511615711496	-1.28833794615695	-1.2523575277716	-1.14220471269713
0.298329682566105	1.02032086273039	0.283563386534065	-0.38899907939038	-0.489106897238012
-0.396467140820513	-5.86224429593383	-6.80199669214742	2.355243737653	-1.55093572368848
1.74080078873467	3.06009204830514	1.42839400830275	-1.42525352702819	-0.800376761885856
0.336550935700514	0.244071115707212	2.09407838518211	-0.51404726556563	-0.555763817405914
0.335650212194049	0.00569314938654661	0.781981461293999	-1.4841875945551	-1.06860855635537
0.69105342929326	0.99230559492265	-0.224951851640555	0.0474090753098765	-1.07743519495254
-0.4048143334939	-0.0842384571769658	-0.072180413748801	-2.24200227134554	-2.96270430820024
-0.0801488107265942	0.979148241564369	0.344079962344643	-0.814106110028166	0.28087347079852
0.150587321060506	0.434877868040234	0.290205063491262	-0.121481432876472	-1.77850967343644
1.14169465903733	0.668564333731635	-0.0379575689179648	-0.194652192129339	0.375608832795481
0.330507268868729	1.36370240006126	0.142673117388816	-1.21921358294094	-0.834155039030221
0.177750335160334	0.645319318203508	0.0516219784140072	-2.07911417541666	-2.08713354514823
-0.0668000453708758	-0.228916508419381	0.408946734196754	-1.45517733995265	-1.11507731120077
0.431868982409176	0.246080716168747	-0.344176167586782	-0.943835370902026	0.797336513635523
-0.214072071938407	-0.435242113237565	-0.223877249589603	-0.575040123858169	-1.71520680280412
0.00251672183285514	-0.17524003119391	-0.390588789335044	-1.07975437689412	-0.328534863687566
-0.369663813586543	-0.364867267855606	0.553717844447303	-0.74052248215289	-0.592669722664853
0.42290287890774	0.783802740853679	0.459414350069009	-2.02300037520675	-0.571820623349804
-2.64832476035915	-0.135687363973371	-7.40995327308255	-1.88291508245638	-2.03601710022528
1.73541911746517	0.669015033343031	-6.09088500077275	-0.148712556782541	0.290626540790881
-0.93794646411808	-2.87672219482533	0.48034913791126	-1.00767757906245	0.332307192234464
-0.305592089677656	0.466864723474537	0.453158455581985	-3.18262517430755	-0.587951918949858
-1.06041635205878	0.0636233826857072	-2.51737049144028	-1.47237360091211	-2.30266450015336
-0.798708435110858	-1.50020933173718	-10.4440790296544	-0.722283313735323	-5.15005892162434
-0.181974837125812	-0.0582707020147745	1.31221344992009	-0.97285059653937	-0.316997153244135
0.118905931051504	-0.386157517866464	0.0252528955571281	-3.2908256990874	-3.06033960188699
0.286650444234023	-1.02401930672177	-1.41138059432137	-0.25191172548589	-2.66241349590904
-0.903734852640427	-0.607014042004038	-0.138216946582837	-1.53547834180289	-3.8527103877162
0.0589919806689662	-0.561590203364856	-0.879946342580416	-2.91138545135059	-2.76214336099268
0.476317626897363	0.435921597364141	-0.158731484871437	-4.08529587949051	-1.55676512718629
0.846860051244641	-0.275286749996939	-0.770546902975614	0.439326336172866	-2.04801137306915
0.818761461585217	0.595478442924257	-0.417540198107492	-1.03887671828726	-1.22325446740288
1.0321875366976	-0.893054632253441	0.117526724750477	-2.56904983375423	-1.36176428464183
-1.07641529733433	-0.813180555854441	-2.16656095610809	-3.43652421299076	-3.08225480294394
-0.179367448361476	-2.47152808146315	-1.09674141418462	-2.1779371262443	-2.14416615458649
-0.664944431197837	-1.71718390155483	-1.12218348974514	-2.5406563395991	-2.58509635781272
0.192152421617035	-0.767033428054979	-0.280481671078861	-4.57810897389861	-2.86121958522923
-1.47479825638362	-2.9330333664528	-5.42405207342936	-2.36410957234229	-2.1845611597794
1.62211850613801	1.57022853145252	2.37377944479229	-1.75787585143139	-1.93870773926559
0.373243627658976	-1.31566250873606	-0.697001965491501	-1.88937800408826	-2.47784856124638
1.20674036070951	-0.0518695656271178	-0.438577972956911	-0.637304897096527	-0.0392354475296856
0.497706668650763	-0.348153073677932	-0.130829869679499	-1.32882978341995	-0.252979578027116
1.43464811282251	-0.4320474504193	-0.354568849893956	1.07787878387269	-0.489564515787344
1.5989418579868	1.04871161399472	-0.020330803915838	0.858162553733863	-0.472944324220693
0.169571619966618	0.10076870234328	-0.485871223512308	1.04744804295228	-0.450862175610625
0.670495484072274	0.484804088778724	-0.388425960447073	-2.1587151688191	-0.27710256207371
0.626523025324722	-0.29055806343918	0.299566183969149	0.742211429194827	-0.923832614556236
0.75066375635151	-1.53598479328177	-1.23177487604711	1.9396709716481	-0.563723187484419
-0.217660217713598	-0.561255895703627	-0.0343775082774002	-1.34576816790121	-0.221901913340627
1.00461973892842	0.250265777602835	-0.495038347215568	1.04979167061744	0.0648375997638515
0.328966323387465	0.366052643864207	-1.00197173486713	-0.785864607152651	1.36970558816325
0.835534457837369	0.511064766598646	0.120932786241253	2.90844239658121	0.000110436759743025
0.562158254148019	-0.687117379599801	-1.22610371155458	-1.1969057471668	-0.145508563632571
0.15288323782304	0.0318844115042284	-0.811441606412118	1.55591816359574	0.0772880653028559
0.812600058338189	0.207427651580694	0.251460653477706	0.991372860950071	0.28214731343137
1.01700541148051	-0.062105898418465	-0.625100582624755	-0.409656083741895	1.22390995729751
0.380286418499369	0.128562352979943	-0.587210770521846	-0.373963080618821	-0.362383139828611
1.19613480175607	-0.37974727259254	-0.190913529337109	-0.332025429008199	0.323226297018401
0.798629899589744	-0.269202080748727	-1.19642860184083	-0.0725834330496412	-0.869528418674193
0.285547770718303	-0.0316500703297531	-1.22397259892531	-1.92385310438463	-0.540787421489291
0.399990020003971	-0.794621381235672	-0.695043328318875	-0.582567079224809	-0.4556166827869
0.264456878736815	-0.565225644475591	-1.22270220234737	1.7390018940148	0.587476861926938
0.0184609933572363	-0.964663469161158	-0.622433868985151	0.530279093459453	0.46431201599308
-0.586757321113366	-0.713682566710494	-1.41464721059799	-1.42643393618828	-0.23999232478632
0.204040654056079	0.264207926721538	-0.860299066897014	0.304499247880297	1.557549925444
-0.771237361636194	-2.20098166388031	-0.991961743756391	-2.07507982833886	-0.726194844270668
-0.530293832681842	-0.472946033171705	-0.644823950149886	0.228762822986178	0.175055574408555
-0.363512010683185	-0.772333422222671	-0.137541075287948	1.05054430571995	0.752442645038004
-0.45634227527553	0.155887311477126	0.0610971016082894	0.484632072687899	0.0533609317208791
0.98602189714029	0.408043299196789	0.185632569886294	1.52852289199881	0.336613727893762
-0.661130876504503	-0.123335812592365	-0.0507661106442032	1.26619559004698	0.118224858468023
-0.192107024608423	1.34903906399034	-0.200184473231602	0.442278447089361	0.0121687605124609
-0.281942795634276	0.799481587650476	0.104631476383506	-1.87192909838867	0.093090019836309
-0.64729967297028	0.441698612840608	0.358215840425467	0.866632145536411	-1.04009961221261
0.0199927878114619	0.18493132486222	0.454616328964892	-0.115600278028774	0.528144861505001
0.327147852756522	1.69594888496283	0.421676613491392	2.29131372234441	0.0661215202880177
1.2171739282184	2.40744897051186	2.0777469457677	2.07243197983051	1.58646254308565
1.10843785423634	2.13885411611728	1.76665849378244	2.61422041646937	0.971559818370535
0.791887623710302	0.914504389499101	1.73884119609517	-2.02704723907648	0.589622409266457
0.588367042899961	-0.240692869151607	1.90230850507543	1.6189136519304	-0.452083075108557
0.400999359885032	-0.675408087380963	1.12044699074639	1.97773048680024	1.25938424070491
0.20873183220609	-0.174417160531374	2.19182698271959	-0.5698756481382	0.77115435200441
0.642745577839058	0.614426930280799	2.14657765296267	1.87950354602524	0.582771972519721
0.303985336762267	1.1390113970071	0.818603804402505	-0.805476838138475	1.66207179513131
0.392075388599864	-1.16212234521632	1.48439337867707	0.477127251888237	-0.00460996418164347
0.584807526453407	-0.801177648040366	1.02250854025592	0.731743814605005	0.747525413883862
-0.179973347447797	-0.33484942982878	1.41446180120834	1.91218625402195	0.214022581358447
-0.0640648739896001	0.652609247022531	0.829146796883608	-3.03212090228582	0.189080596742068
-0.416846510831106	0.504235252945396	0.921903171819041	1.57950666567569	0.167175763836921
-0.110250385458851	0.775653662326786	1.9167414957278	-0.927887316676784	-0.0416937236587307
-0.441242114896351	-1.22482317072478	-0.219837812536659	-0.696528782773285	0.0124094281065948
-0.763687191591025	-0.890204136200552	0.933186284470326	0.554350086165483	0.0904572723296265
-0.494387969656884	-0.768982085034132	0.220516912557694	-0.237784004158183	1.14734060817532
-0.205018517703897	-0.101285446665799	-0.128981523997683	0.169248019674623	0.526797568586555
-0.629232230779192	0.599052447303656	0.529907289001086	-0.839460693821746	0.724983502061576
0.0374076467660186	0.254493948635451	-0.00820024486239611	0.202671789467066	-0.043967606881758
-0.458456222573064	-0.335057488642788	-0.715506478093362	0.819798082955283	0.0477429668925146
-0.45551297765055	-0.617433797927969	-1.0455125992104	-0.826329512063757	-0.344063518219278
-0.475952631042681	-1.17418963724821	-0.956425378008478	0.887154159425161	-0.201710408134899
0.458224764464701	0.306441908849458	-0.346242925234629	-1.96107973141822	0.633957550576699
0.210744980123149	-0.127443004670864	-0.221108325106654	0.76329969813086	0.867538861516737
0.551776538959245	0.0965678118078277	0.352543239182816	-1.15869552582359	0.131278186237968
0.874126354749984	0.456247649440341	-0.284926673349489	1.91409581898469	-0.0643687945188072
0.158358844753013	0.127369506673595	-0.101596602197273	-1.3692318323732	-0.634869424273952
-0.458655791734015	0.217287371855182	-0.761819634876161	0.30232050154887	-0.0661729256716604
0.507545025590565	-0.561117460640511	-1.29482895852861	-0.0689127918366471	-0.0299347895400585
0.517320383081405	0.543747941917263	0.0654540941308833	-0.263322680038167	-0.316622234802891
0.384379283501119	0.0175605964716434	-0.582377806482183	0.545983905456968	0.0266229289860557
0.766008411011461	0.701364371421869	0.701738605884895	-1.09166040376353	0.216314698013246
0.330280139235413	0.173099516086712	-0.479165419095967	2.40665934340968	-0.165354686408475
0.132215526667617	-0.166693643856425	0.217563135263043	-0.424767141645377	1.71141784242692
0.285502701864929	0.852637906688408	0.041454807338197	0.517016737290298	-0.193089908881882
0.622542687809533	0.885584322082994	0.255058428355632	-0.42312529398724	0.761631140439024
-0.458162763693767	0.324835507793734	-0.473095760436741	-1.25588857018424	-0.0657221927874392
0.515303869600216	-0.074773081310312	-0.668988504309552	2.57173942142166	0.429892171874406
0.0755559905981999	0.10712381718432	-0.494104840242371	0.159894729543174	0.967870653088279
0.802825408933069	0.0246559388481508	-0.504309585681179	0.0763197907666111	1.2311613158004
-0.274499755713631	1.02739960628656	-0.31618844640552	-0.241384587154945	1.1353182005826
0.426715621592297	0.377145260800168	-0.552640266261094	0.725059006197646	-0.651017933741551
0.241822757665266	-0.233262602289274	0.191441683150676	-0.823400496525739	0.610449505634443
0.114717832473782	0.747912269240765	0.0233664431553722	1.23481217154228	0.889832061801984
-0.0391003192320776	0.305903124110547	0.0741046126838636	0.246414867413292	-0.0780347113941633
-0.524888232694611	0.475477688738552	0.365998977263666	2.14691004160745	0.547860160567231
-0.157732904358079	-0.17716338679909	-0.561948219285522	0.175413934933986	0.135686564595997
-0.295748000720213	0.322348534581598	0.201410997803202	0.866333297146326	0.922977761308598
-0.36902860776757	0.238073905488816	0.566904134867348	-1.01493628025615	1.31168466876913
-0.146100607904241	0.419905894570264	0.45277467248971	-0.0836065457567855	-0.0395576135115179
-0.319946845919873	0.750025259506115	1.2315908750178	0.406379393649167	1.7683024772873
-0.273505663274646	-0.243825738063886	0.0621283585444509	2.67927525057314	-1.04897930793316
-0.508462566671196	0.380681516123114	1.88301299412962	-0.796605609437001	0.253636641039879
-0.277180106585072	1.10706119759079	1.36800047190436	-1.09679832302408	0.589952782612548
0.270273007890709	0.728146865651931	1.89473706005213	2.78282118645837	1.31810289779056
-0.878855260081596	0.0864700220814427	1.77481202127711	-0.373291217641039	-0.665856273017023
0.524314559857184	0.317562737933912	2.18825589221101	0.52086287364415	0.574696659325237
-0.0101129738743345	-0.391499452555454	2.4313395485639	-0.217472594273677	0.381821207540891
-0.360341787694283	0.412202807212109	1.81470377477824	2.16031774455262	0.942919221097729
-0.501462432245422	-0.34253423490629	1.60393619207712	0.900744188669147	0.207791789363983
-0.445212345734097	-0.747350613793521	1.35564518423677	-0.282598707771368	0.0409798565236426
-0.593756354590537	-0.229321996060386	1.3306139391126	0.244919655105603	1.39426136440472
0.18892019575596	0.0210314786604265	0.845662504346451	0.711326306103109	0.901005637470424
-0.195198806663908	-0.736416116842027	0.989045879610498	0.201154117374298	0.1639643575457
-0.682035216801676	-0.254875873862866	0.545608940078654	1.47333870509061	0.386380749767744
-0.176778121816034	0.461406200426344	0.344452243416994	-0.438160120020742	-0.245222782286244
-0.400216585128459	0.170831637025787	1.00738831149692	-1.44459350010842	1.54093850252279
-0.486201866156769	-0.311749751321271	1.39724187159745	0.586702664204594	0.61037275610794
-0.816682763441515	-1.20426891656809	-0.167813815299616	1.6808078789765	-1.43641926692633
0.0394286590677976	-0.444496411507	1.38216985338526	-0.305530156120831	1.41801073659867
-1.1274671259267	0.364525496429741	-0.752460442919836	-0.403927834171702	0.794866899842463
0.265742682477732	0.572573823451883	0.102262097923614	1.37440926379441	0.769819643928706
-0.853108741578328	-0.598455706834197	1.70925004257703	0.948198021953277	0.623180099112359
-0.862783030387607	-0.876336522224816	0.0679221160161112	-0.292337698798159	0.357642767414573
-1.12132174434229	-0.481354207590198	-0.445556984641774	0.60967850934105	0.116868896416193
-0.55259307268918	0.269504624074992	-0.136436841180709	1.78037578135245	1.07648055857291
-0.360737111077354	0.618499632105676	0.14745923980876	1.7577391617601	-0.0964807205203556
-0.721616386448072	0.872869741782652	-0.38928561977738	1.2482294397724	0.0802924347328408
-0.203011426091841	-0.622505353551426	-0.235754323127193	-0.694448403486726	-0.598960009151319
-0.287595546477651	0.543424375460982	-0.420350455676696	-2.25437284149751	-0.184320268786474
-0.58350187720639	0.26669045569943	0.0584991108727359	2.44721210209688	0.879208334621337
-0.562718003271007	0.0551443884702365	-0.994645172948477	-1.81928158953979	0.673814783924951
0.499788609262837	-0.463827367764066	-0.838790230859151	1.04208278758571	-0.927782157041368
-0.220853024134643	0.576154114829347	0.431879898374194	2.36834308312117	0.922507680461841
0.0604220113093877	0.318874819527761	-0.483239092209917	-1.45985246431807	0.727466360781271
0.451627045343207	0.392479430641777	-0.219097951354874	1.55279821418818	-0.361595260575556
-0.0322642113821644	0.0413292749162728	-0.199881269711899	-2.38866422861709	-0.0749126476177823
0.438495673847888	0.237485178900541	0.0202903404899939	1.75162095818779	0.628239521976451
0.000359636527232433	-0.295304675641815	-0.414429693218178	-0.813477466727232	0.27945257869411
-0.995684051345282	-0.0386631857556004	-1.32104541905431	0.36436312770471	0.251638330230829
0.347984072718947	-0.0300033623220687	-0.277044679012521	1.26160242793541	0.1993198167489
-0.233362985042545	0.543509326919308	-0.180097818058566	-0.941641668887977	-0.0561573399287813
-0.00442936129817666	0.581500347105491	-0.443783981514717	0.224051553254574	1.32489567692737
0.168869647059229	-0.583679437815564	0.135721784781526	1.4487484785576	0.761350751187407
0.632701901934363	-0.39447708313478	0.15874694963888	1.31423738863545	0.504084006677602
-0.533019866727013	0.876732659371264	0.0579019486622593	1.35988651193873	0.627370766653195
-0.320814232212744	0.187948572656907	0.215642530165234	-1.7626943955546	1.11250989450754
-0.724952575917031	-0.223736348480401	-0.125225021254041	-1.45077053008968	0.456173568006144
-0.0575941660049313	-0.266026311867529	0.649924334639752	1.19761666725752	0.0404515487672923
-0.589288045081387	-0.042085034433621	0.654443090327624	4.3595567181002	0.477579705329941
-0.289985983556723	0.486580158300394	0.83802443249166	0.307010145620703	0.779670799151904
-0.394619437681418	0.0696716946957985	-0.31450866451015	-1.04532777955604	0.564714072538408
-0.585142497618983	-0.605580415600623	0.162109778934692	-1.46985244065284	-0.461189076178253
0.0127484882156727	0.409034755771351	0.41839810308955	-0.377830020757657	-0.00870472174109889
-1.34774768279453	-0.21510256527804	0.747513916656708	0.178440872344653	1.02531035762233
0.0141418622378067	0.765852441984788	0.387134981334416	0.0990825235993511	1.61297260095632
-0.11854496731049	1.06131547218543	0.456382281552554	2.09100730440273	-0.128193537242997
-0.80753925314062	1.15356965414012	0.497306427240184	1.94891406094862	0.976999745027074
-0.419558733449803	0.106797374494993	0.521510134153445	-1.75046711495995	-1.1160242385123
-0.343683055921578	0.442426972381476	0.500003641888657	-0.0321742916647002	0.453675673853597
0.203114395495134	0.618930960567299	1.00597595134464	0.18142793937932	0.547883297581005
0.346690536097211	0.143142580963579	0.817502628207067	1.66825890767962	-1.1721986077983
0.801923559894389	0.331932134968028	1.97467756465601	0.606998825147831	0.576355052936311
0.269917028311343	1.16542927573072	1.92999836892887	0.964299284792105	-0.405267202563371
0.225533263712981	0.218608007884308	1.83801721969949	0.57278660032215	0.528128813130875
-0.266589895762471	-0.670251652062621	1.09775208798775	0.103814117847865	1.13678134061007
