0.827227346964979	0.790922297481685	0.238753069479054	0.525615477113345	0.892948276147619
-0.169429817966957	0.820755732981075	-0.629460039810355	-0.179905416133771	0.698599299173431
0.160662920275492	-0.289186596142644	0.388516207230443	0.303324207538258	0.417092720260037
1.58310000313009	0.764972332297969	0.146938201839999	-0.342297750748499	-0.169396084067988
0.223313696600346	0.385489363309343	0.414754114541141	-1.53861117931597	0.387462143031037
0.630580275468362	0.0457720591718036	-0.165366699203858	0.411680798166199	0.0512734953613441
-0.49283130550363	-0.248273766852055	-0.333038198953333	0.477366364555015	-0.655922936407193
0.0816570305005049	0.221432372305681	-0.980009834101278	0.0447651556660141	-0.436547419493969
0.762985338573746	-0.302304070248239	0.147596157495971	0.362903244859763	-0.509797938925259
0.936910546181737	0.900485210994601	0.684938643851633	-0.421843295052397	-0.813850911634692
-0.266551483773568	0.647590107604404	-0.493119435254277	-1.13430555210955	-0.953052046800944
0.242019323070273	-0.189590205873843	-0.720637571843603	0.586623968480245	-1.01516950510133
0.0823204588506056	-0.390350077244601	-0.597619662670468	0.736046267153125	-0.379081846072777
-0.0286686839179572	-0.0494974732734838	-0.182303314210305	-0.42419666822853	-0.320439084355496
1.00194967497688	0.634658325337505	0.345960167537497	0.00768873260764079	0.0152088421147468
-0.0611773676267667	0.509596284433872	0.423068163551974	-1.24714243320367	0.422239023375416
0.307738269284674	0.0271219676265532	-0.167476570131312	-0.767887638860027	1.38550493335703
-0.176339961708036	0.785576065215567	0.168443690040459	1.0044632238856	0.405811847791969
-0.238914183946758	-0.284741602848294	-0.609760330156757	-0.504414085735082	1.32060082040319
0.0202483259438671	0.0832159563510478	0.116567783142404	0.332186435230528	0.597568877826786
0.279308547424215	0.341260165731144	0.998290568654401	-0.511055692909355	0.419399794690615
0.529999493794044	0.793625442082473	-0.127043633913772	0.585791282989185	0.820720951154976
-0.226741450936623	0.0204623273479337	-0.372914774694412	-0.0190605962132459	-0.266210146810658
-0.157847492302488	0.224604188226602	0.245579200488401	-1.14666653712296	-0.950689452342162
-0.0780984754488153	0.357992029019697	0.43789993867455	-0.270196339681635	0.90159173174709
0.289413567967686	0.219256449910035	0.733491777006151	-0.274375933905256	-1.20751454054401
0.305637787888394	-0.162185755953586	0.33451114093036	-0.169555514602523	-0.081141677225051
-0.000795513632178269	-0.268346279679677	-0.508657807893064	0.525535212235334	-0.834043476392429
-0.300241886331051	0.0293882754610348	-0.488025007741058	-0.639871024465264	1.02140407985037
0.905728051477137	-0.4660753319564	-0.447245791098144	0.742171020544577	-0.91409037945394
0.510439547066851	1.45959918993901	0.681023957955859	-2.27836895873583	0.180477433169988
-0.308330483177478	0.127380977211466	-0.495767174516167	-0.141203571194791	-0.566124666706531
-0.0965917004471351	0.392582206232826	-0.616540840245123	-0.516437899604916	-0.438093831663168
0.445429321182607	0.0979354001216059	-0.588826085616907	0.406205077767556	0.137791755524318
0.483950838042233	0.484959198243486	-0.179038451189915	-1.24629379107131	-0.60646693942652
0.445122921703044	0.653366386720379	0.687939194053941	1.43651064644339	0.378939511199115
-0.895172705468673	0.696438418666203	-0.62850689496466	-0.0552216614691486	-0.646176454677742
-0.0670611834676563	0.121447757622204	0.0250762031114108	-0.131558043772769	0.206763043623788
0.530639479079863	0.0313319070309518	-0.778785263445101	0.623012322916329	0.203220536903414
-0.450945917975441	-0.249360627802136	0.232507925214997	-1.6943663141608	-0.436670151510707
-0.213020900731174	0.927880937100822	0.420608968316331	0.828634174355811	-0.177223714956922
0.556261561805301	0.166655724111024	0.404245701814151	-0.676717690046626	-0.272778975352648
0.0243687734233804	-0.173025844563869	-0.347776883865024	-1.99101383971927	0.158324723357191
0.0911463302862611	0.665022377196361	-0.631459907397619	1.76612955668214	-0.275903723707
0.28930264019246	-0.239606623458756	-0.119479909171398	-1.11490623512011	0.364089142028595
-0.18107502780365	1.56633034696231	0.771481782006859	2.24024296936206	0.206813617439985
0.065238534940009	0.144155380346358	0.212990416211615	-1.68833900363713	1.25622783472851
-0.472119433277025	0.143038799559527	-0.012004253948086	-0.540334103898789	-0.90683505680748
-0.136161150188041	0.942663454207857	-0.184403435058473	0.326690589061175	0.132256766120216
0.251614137700846	-0.265134356141299	0.74913351264498	0.267718763440409	-0.892172219645331
0.973455062000924	0.551087067506251	0.813424324592517	-0.636230916907681	-0.208705551224771
-0.505640527501849	0.38576165547772	0.430260256535559	-0.538691570602587	0.0675431324307309
0.282373846001264	0.107951649766372	0.173501704418506	0.946078175493792	0.167294431674334
-0.0184386996551732	-1.01688542383991	0.60616138767478	-1.22922970783001	-0.133919023627801
0.68530513315692	0.710657249862893	1.0633541910237	-0.332111325171249	0.420816205908261
-0.0210625955348956	0.413696453228365	0.981585753671055	-0.917489944688255	0.218143089738196
0.257760644085592	0.645028269297331	0.213652354675022	0.308670062166379	-0.620669940718989
-0.158328546937238	-0.870774475014777	0.575849339664662	-0.938960106655606	-0.707013335255018
0.447947282900719	-0.0992321139780154	0.383708666140871	0.148952568552078	-0.738744807442969
0.802734438688806	0.363979552903349	1.02314343482719	0.658601684985434	-0.849762521943019
-0.411133970390074	0.487014573102601	0.58680617632724	-0.427386621098813	-0.0855635806338142
-0.507745674414732	-0.62835299645625	0.671025891750876	-0.563514441119913	-0.914341333922482
0.759635740072921	-0.203270757349029	0.44044452654021	1.52021423643794	-0.184103417286152
-0.159472622819436	-0.301818054154557	0.433912755279458	-0.404164048547845	-0.160160549098702
0.500998068465626	0.507333636491692	0.9256842071837	0.549833757208912	0.46937825477466
-0.12754125495909	0.305328964710501	0.406192893917902	-1.12468660830887	-0.108964159985195
-0.0214111543283934	0.855942495561763	0.507175392958898	-0.00800474040212425	1.11247254924593
-0.128285295694046	-0.085460609547702	0.234054885955478	0.0294482404070227	0.0952828903096185
0.0537445581081261	-0.286600112499562	0.348317995727391	-0.767641187589138	0.816100534185913
0.510577133004827	0.132852880649162	0.620333595869997	0.125905183165199	0.731315728002419
0.390638336931185	0.624305136761998	0.459291527471153	0.0779776680974401	0.251458352408932
-0.463030759449334	-0.0968858020456212	-0.194309873335123	-0.857749738683346	-0.20746572584708
-0.371413280074533	-0.149422082168058	-0.171577500578663	-1.35736470758003	0.953982045374962
0.498232475209707	0.400552239379861	0.953532197216309	0.571763302090202	-0.0159276185805118
0.859574055545887	0.401703909114746	0.674437452789419	-0.48033229015782	0.769910419470512
-0.336019014816406	-0.10882442413062	0.554243007646501	-0.595803427378644	0.284224808280571
-0.0639854709865494	-0.48285157886767	-0.403804665469478	-1.16881846844584	0.522242470204556
-0.0234226266297443	0.398494851999491	-0.520954762661159	-1.03844147558452	-0.0269632184448198
-0.348990560993638	-0.524627817801517	-0.208042384773518	-0.861290996521985	0.373668016532408
0.138463892878162	0.311784597978072	-0.314136789764465	-0.550079926088651	-0.685846625456639
-0.223812024738192	0.58198536801287	0.344302469364887	0.147746780069954	-1.2699091599443
-0.50273867115161	0.132403609921784	-0.820496484691153	-1.71999988037824	-0.589912321987696
0.167703611697055	0.0140303912453829	-0.388443053035308	1.01105896251158	-1.34858438544059
0.0017417575032272	-0.755640731479654	-0.626483829503001	-0.340396089125703	0.193368142386477
0.930551424929823	0.961195760790228	-0.351994371042405	-0.345319015448577	-0.132114055279786
0.164875189008294	-0.449892454403362	-0.742437859431691	0.179856992669649	-0.731168597598396
0.0867057946369719	-0.0929625980885082	-1.37151540544591	-0.631354133271666	-0.0946579196292614
-0.381824627755315	0.202089929301204	-0.972569464937836	-0.794979875366511	-0.910209703039727
-0.644410539070399	-0.900339783677329	-0.722053640386622	1.35806003956169	-0.839500117731152
0.232808849512705	1.18316101735118	-0.000282424596748454	-1.78405177570292	0.136480040184435
-0.285182792691172	0.227246970404269	-0.14580619877516	-0.459239151516214	0.633012356602706
-0.0233185933476029	-0.460517880290055	-0.431506872969212	-0.146007628552242	-1.13881269516538
-0.60459727071491	-0.125033908112661	-0.742136878024586	-1.30981150916498	0.314798288049182
-0.0923694636136628	-0.0875346596112443	-0.840936601943185	1.45049128729305	-0.290253353032505
0.465247611518937	0.653207721756793	-0.183542147666741	-0.412671570031387	-1.07756928393846
0.615296186689155	-0.377026925358988	-0.288861780082971	0.41710797464793	0.269432357194034
-0.53956412836357	-0.0725580588177336	-0.654030020960355	-0.567952464048535	-0.481290024778262
-0.434067683144121	0.0666066870164845	-0.928427327388016	0.590808096932196	-0.521413048946536
-0.521815829926034	-0.838001202759679	-0.785061164025744	-0.640594020288169	0.0958809662903136
-0.0996400515499294	0.490981555058618	-0.122754997863303	-0.311082431253659	-0.182583139691508
0.0339586423239971	-0.944469076247418	-0.46686878572435	-0.204456761449072	-0.0511894154345798
-1.11399691922753	-0.441846096548931	-0.768696602610142	0.161438807588682	0.672576294298157
0.066704864123576	-0.294396437927587	-0.729035934469731	0.742257433042658	-0.00418935223471383
-0.160553881493357	0.045598031650338	-0.135303432700082	-0.585847993009953	0.332701133840991
-0.0602332843942137	0.59716339061162	0.3698365379361	-0.99949106326388	-0.344981949992641
-0.0787590632354356	-0.0730269768102168	-0.427114885898952	-0.589664654586759	-0.166855311051556
0.226956639630598	-0.158029132088458	-0.690553076233575	1.44776467871215	0.23185279909231
-0.665395294521182	-0.921962851726249	-0.374036250584592	0.241853404366518	-0.0796552666543706
0.113544692438936	-0.313662081577823	0.255872565653604	1.3109355408718	0.370341893516858
-0.199982588047523	-0.259414310070741	0.129144391153557	-0.861551531540577	-0.41774514472613
-0.129135869494156	0.411246670680032	0.0822710970855898	-0.422966118760572	-0.45159435454217
0.454097804606726	-0.472921643069594	-0.116014997800594	-0.70162602854655	-0.31270517741834
-0.737661743185762	-0.271213268342108	0.288067987493305	-0.631424029545679	0.607964798616726
0.50157038617574	0.157794217494446	0.843783617346614	-0.619843791139285	-0.490574188106695
0.615467430909858	-0.0121622349666157	0.77919987497222	-0.295036859857421	0.317199957933813
-0.355488531602288	-0.208119836222506	0.0667691394228775	0.393963239222542	-0.385466803734766
0.133150304805874	-0.849517829266414	0.223416018467724	1.35682913688349	-0.613390902656752
-0.794572751617467	-0.0979990894437892	0.148145460021431	0.288099199020961	0.249166238290183
-0.441102521385428	0.124366199238386	0.409719869171779	-0.0803833173456561	-0.427414079326144
-0.122700833825261	0.122142365556414	0.235310717845474	-0.528462899980117	0.523318137612023
-0.687908484162267	-0.0367045942910195	0.0477262617592786	-0.698021374305354	0.828698758426134
-0.2869764134586	-0.470654918380561	0.0753435299742695	0.5751563688422	0.514455350103954
-0.575470965260649	-0.289635060712616	0.0830286388547942	0.66601943873104	0.0180780024872936
0.0505050603399959	1.10550203502458	0.503649121162749	-0.00287316743100914	1.80336791052952
0.0769306853530134	-0.327676675720999	0.0652652473030082	-0.0854187388058206	0.0222597620343089
-0.190034589641784	-0.315673093077103	-0.021157442305148	1.36843092460621	1.01004981990461
-0.723832030009749	0.487162868693723	0.648022778214793	-1.26873612916334	0.815413390716054
-0.838377798268659	-0.89465403296707	0.602910132530726	1.09108864174497	0.324100704947726
-0.0266424826648036	-0.0623777422000217	0.376921692220445	-0.680611857366601	1.47595273095715
0.59616146778037	0.249143170347708	0.647689936595165	-0.379956392371459	-0.84824497065875
-0.00256350494857586	-0.11956580151357	0.613068566725795	2.12765264457072	-0.0308432427220033
-0.378299774763179	-0.425647163485758	-0.0688481882138794	-0.483432409106185	-0.00247181492507246
0.703121119182556	-0.0971494354497774	0.733754175789664	0.831143239777294	1.03210975753671
-0.337001736834047	0.512478535806945	0.0579832044832443	-1.43011038324414	0.181732540122467
0.585942311416231	-0.713862710094995	-0.174006388951848	1.23267685330858	0.478078865071964
-0.558368882407076	0.187882180587956	-0.707996959731384	1.209183198908	-0.153476353496157
-0.751518805398417	-0.914501125490707	-0.587799954274036	-0.677650753238405	0.0453105043812558
-0.0107683510806943	-0.0562346219367792	-0.332478304557356	-0.269483059902559	-0.0549273475735556
-0.0174897738620217	-0.451961689496772	-0.839151688439226	0.339495833362299	-0.172823367841645
0.0106231524527114	-0.0719255243814639	0.360579364383338	-0.436846259146891	-0.0173380764499452
-0.58183038853138	-0.594747086240936	-0.916472570139188	-0.754646799551333	-0.218502012855292
-0.698150752153568	-0.368002436680347	-0.512326926386075	-0.141248379179677	0.654901831679883
0.0118898271693483	-0.497074567311077	-0.513627392129988	0.591882111008842	0.227960348730356
0.580574781527543	-0.0703941211359638	0.359388902388776	0.733987858095004	0.651106112387606
-0.862431857424416	0.968762764934687	0.265255836697577	0.64476208238799	-0.156179766003564
-0.791407007381851	-0.775061072073535	0.15149314562137	-0.544976037924262	0.20512524343002
0.247457679134415	-0.0653969746177653	0.0266786772390867	0.876537538822537	0.529394737621361
-0.658934944767278	-0.332979742783407	0.612569770436769	0.633706156846336	0.67891785397365
0.667531378551703	0.131835580134551	0.441027057085378	0.333139354115264	0.432993579760106
-0.692817970374569	0.537060787549926	1.10021048781021	0.0670274219420436	-0.243940662207602
0.205745847382561	-1.14469574492047	-0.515918548518385	1.14490970864211	-0.984519362309539
-0.179074550733995	-0.320562087169341	-0.525629291102471	0.394374707366143	-0.864812690106786
0.165275249876186	-0.452353625473897	-0.142091826162571	-1.08107399481443	-0.398776129270781
-0.0995077369472171	0.0832667290246807	-0.445330806916742	0.476138275758756	-1.18610287955378
0.0697081145033959	-0.236564782225398	-0.313221138300512	0.237429262884689	0.0135295047672992
-0.156278030077895	-0.540027697373842	-0.616814353655068	-0.242692481445528	-1.67091565100085
-0.316736500241697	-0.387751171922728	-0.362800119870413	1.77356026330347	-0.612655281140972
-0.118628889794391	-1.04752134322137	-0.514380515670621	0.834470342232688	-0.200410631150072
0.522066755157321	0.392914988215356	-0.270786043069435	0.41528084280864	-0.294918727859649
-0.766897836076792	-0.40899303427495	-0.444796338050953	-1.17510953200017	-0.181561619483556
0.295004561224148	-0.338302006836678	-0.910675737804437	1.15612812725374	-0.301368020000816
-0.23798598727203	-0.139612773245235	-0.964831562005521	1.3611621356305	-0.116526395533437
0.58547412478987	0.161652032356877	-0.355036504948976	2.14893864301403	0.643223496459061
0.427932506532231	0.253170837983098	0.529070334310961	0.145960694404627	0.560570715402268
-0.535933576250536	0.000568450077162064	-0.449429647251629	2.01926731698748	-0.690592107190284
-0.199376576585954	-0.714188394373789	-0.596810551685553	0.832120151222716	0.830596942597291
0.12497316526818	-0.402706521629265	-0.561644493326048	0.950373464693406	-0.302797340926629
-0.17789644933347	-0.772417793088548	-0.245822035982735	0.938780150196029	0.156051280180987
-0.162250033989777	-0.174877831116754	0.25801133261053	-1.6969726351558	1.19308660819139
-0.255443291754423	0.368315751030562	0.448785855972211	1.17577462532811	0.229904882986013
0.202513516456918	-1.2409092410281	-0.01636730426196	-0.292338365571525	0.154146813632367
-0.105313214947993	-0.073295311273675	0.472613313511977	1.26164402637039	1.02493744065475
-0.334707884457182	-0.722757706001345	0.48982709385203	-1.18755575339275	0.205050679597546
0.295761509217823	0.726751348280708	1.13447425460969	1.01508133997502	0.947356929159338
-0.127873145039494	-0.776561407867619	0.827773184373844	0.513201349979397	-0.374267880543285
-0.172777002071578	-0.930567245022885	0.528962960277211	2.23521291398293	0.298778873355169
-0.396903166437567	0.528352908582076	-0.0859358435503651	-0.745243061137637	-0.452535159418324
-0.290925246464796	-0.870567522494628	-0.247062790702047	0.658822470973019	-1.664723262449
-0.652101695156273	0.292386871456218	-1.08954501821573	-0.984012847569652	-0.497808369332235
-0.521970988980915	-1.16791215282112	-1.29692269049074	0.984895105832451	-0.928441774867478
-0.553557076154882	-0.579781464620449	-1.68903255557731	1.02341011599322	-0.812813297954958
-0.413631693064851	-1.74635874726514	-1.19745502514441	0.0400575272085884	0.296880012021136
-0.724539156907008	-1.21425312607376	-1.24499476621954	-0.51841389966598	-0.615789088958491
-0.127907858865445	0.519754743335824	0.142682630572447	1.02546094512263	-0.336035301980978
-0.0390774572340564	0.143999384680429	0.398767121382163	0.492657458350562	0.363524687583837
-0.0813557399891169	-0.0905222101927377	0.18680155882343	0.80424772262126	-0.392232833851577
-0.0821729861551798	0.37677392777247	0.300372996184754	-0.0521320659121907	-0.0438101770120729
0.0130873359599463	-0.622904992644886	-0.474944996032705	0.731477756820712	-0.151013116929539
-0.17301421052283	-0.495397716252245	-0.393552414755103	0.0565781345011596	-0.685841131850136
-0.164953566611316	-0.151139678866626	0.0952302266373849	0.710952628337552	-0.535503673828643
-0.0748205126696217	-0.952432645027117	-0.509533375619395	0.393619683911155	0.427551614376332
-0.542756772601231	-0.998818665286893	-0.567186048656897	0.983852851120093	-0.920620720217149
-0.423914577362165	-1.24299899304978	-0.665697862584096	0.226952167001725	-0.969722299933593
-0.49998363457364	0.411662307316336	-0.816989018739214	-0.625390447846213	-0.441748511432067
0.658328926824292	-0.728045327382667	0.232777538110966	0.984296116219996	-0.0182695462022356
0.0436104564418634	-0.263926168866769	0.130073525537259	-0.270168677598171	0.109814626862234
-0.311003233496054	-0.27698152110009	-0.22841276369181	1.43626995779683	-0.267242440029652
-0.363570389375708	-1.29434253986221	-0.601700515959396	-1.35834622458656	0.351262086341537
-0.268346820014978	-0.188247150904485	-0.566078345672916	-1.54836589109652	-0.782967569768031
-0.147786014466373	-0.358040583923524	0.052456836858814	1.47512783366433	0.801130202953713
-0.0841789436342905	-0.114171499353917	-0.0393573908277076	-0.792451700693606	0.279383779318168
-0.180233649537324	0.0683567298248569	-0.212908140042642	1.82910633396897	0.632119920981562
-0.462594647982952	-0.755811258911393	-0.226587634837728	2.00165292817341	0.310213800214355
0.180941957111681	0.116366165735965	0.666217776572921	0.15517276324136	-0.0246293574825691
-0.162468853848316	0.164925891904724	0.975941278120985	2.46921029304731	0.798648723564203
0.483381620112086	0.33526466725039	0.851443828508836	-0.126023724114062	-0.0808542272523273
0.167630846878019	-0.321741917136447	0.565282355903216	-0.283898970573057	0.057795650491082
-0.247163519158221	-0.00358381464014923	0.114888938173119	-1.00571021618568	-0.17736166775417
-0.69976212340178	-0.724802020576699	0.531459517874438	-0.0306609835406138	0.284505436469172
0.0831186051460393	-0.201655957868073	0.796313015904642	0.14519599250309	0.279010217293301
0.164795432485403	-1.34485135427342	0.534052138615205	0.149724519183029	0.94793826059628
-0.000413801847901051	0.296769269908483	0.39770524646758	0.463311127723051	0.230226273458894
-0.62457669476474	-0.937450978284452	-0.29372463673674	-0.695958858500214	0.450456802036458
0.790388925196091	-0.0531700475376891	-0.353547836879688	-1.62414154467073	-0.764874331859405
-0.421358234787198	0.175579367105797	0.733816055326829	0.401889588530342	0.367196974747456
0.0697148606644419	-0.25304714054855	0.341451203365414	-0.426440560924344	0.334613518246988
0.186215524735562	0.283898342023194	0.576543016404046	1.59963881751275	0.420077063935523
-0.381616962854681	0.202917882571127	0.408353666192292	-0.41397455593222	0.118375607897642
0.0225843445062212	0.0966737762814008	-0.0824479877098892	1.07733430212083	-0.0574998735749007
0.419015752088051	0.640421251479953	1.07475010949969	0.205224209598971	0.423882370831065
-0.0706471962416457	-0.414273516565885	0.310854008890097	-0.238840855657027	-0.31326467115318
-0.510198022128393	0.0754137203101084	0.268952403439741	0.505200587913057	0.49037960156197
-0.0220025554473674	-1.0264613886527	-0.382477368431393	0.499227610891529	0.640209533784846
-0.607993799719408	-0.343123788012282	-0.652389721065285	-0.572003765400291	-0.0418218562144652
-0.0152888625388012	-0.470374470587336	-0.105266516424889	0.852832135443694	0.564265098648621
-0.414431714729344	-0.345225724104643	-0.34186016606412	0.204754301786625	0.960926085434844
0.248632466011434	-0.744521509860286	-0.347000031104035	0.579404654014443	0.642617186854027
-0.624738303484289	-0.112380594732748	-0.322743658412602	0.00242874069562939	0.308213680876522
-0.191953365368346	-0.217739522206399	0.292604196215695	-0.123325159808906	0.60835599998745
-0.299668702963961	-0.127001312650767	0.484369520305955	2.32990183362178	1.32479524095878
-0.250235726095151	-0.267844552722473	0.533345102222117	-0.671298722927967	0.199510366296771
0.395156264575668	0.860430706725912	0.813917192372856	1.92504074517189	0.669258150660797
-0.186206922270604	-0.249702707554069	-0.191452470327886	-0.434046538468301	0.0395613599303576
-0.403968820421698	0.217209391822142	0.750377303599588	1.13541449034135	-0.128204712604106
-0.00763412064519615	-0.271640586900293	0.784376957192204	0.0266945590140432	0.993391524220923
0.673767467111934	0.0187397767806643	0.847104152320145	-0.55692123869265	-0.283277103111718
-0.0789646281595913	0.0268268666372215	0.649437313990524	1.07365271168701	1.65989115930078
0.0849057932292724	-0.713301262245707	0.42329205847942	0.167943023811141	-0.249081347437577
0.0463148897515621	0.211243924092637	0.573509003718699	1.57902152688282	1.18316759949911
0.680035097373264	0.117777135209838	0.674201374900059	0.780836498798402	-0.121200191620691
0.126463608978828	0.262709727009937	0.434815425379119	1.68448066831601	0.82744225315054
-0.0257694820806759	0.0650613383472943	1.38359659069972	0.347840864048904	0.883234134643107
-0.0893727631067372	-0.630151996829208	-0.391715594033797	0.157653284177719	0.442200722266889
-0.260518034542009	0.708520735691014	0.726644275508231	1.41235214591348	1.0693846574066
0.371871801639511	-0.292671173921333	0.956402514438804	0.606209611190889	0.863851652705402
0.098651271064005	0.126463730814381	0.568759293125962	0.50315343867002	1.2125500174728
-0.114946316405909	-0.616164699568475	0.254517213908911	1.34831886744212	0.472019876936294
-0.157931274208516	-0.258157070075011	0.261758728360778	-1.1026496638321	0.676560279753435
0.340059739306743	0.0141535469801008	0.903316192079078	1.66926629324911	0.710809734056534
0.276902912747935	0.0913247459366044	0.152746317475041	0.795424462798774	0.410232733036646
0.138723644912838	0.315708575054512	0.64285006702964	0.739364261568393	0.28889917211383
-0.179403320538704	-0.138001296710719	-0.00314889413582625	0.327926557741926	0.328395628477236
-9.95408138416783e-05	-0.429175620430982	-0.717274249939675	0.392690597969849	-0.390931904967815
-0.239191238619429	-0.326212253619293	-0.721092327386114	0.468654830874765	0.172442078041058
0.20169401770157	-0.605181054857146	0.0695253117138315	-1.23722576171241	0.773274909546474
0.186705681140357	0.828328615874509	-0.373691732863976	2.10501989345791	0.644701239710816
0.699264666877648	0.521741635556448	0.271274984855147	-0.669508155604052	0.757522024216619
0.36263325276531	-0.228974416426524	-0.293250726751464	-1.02628065715807	-0.111292809463888
0.41624981358235	0.196190166177175	-0.335365455533417	0.145985634596242	-1.06722003819699
0.15575766267706	0.796099779646165	-0.250625371687847	-0.530538334083758	-1.08551069013846
0.509899634413665	0.621034957974545	-0.665845466017061	0.0382009099470931	0.0993813802890657
-0.015234230380005	0.0842892959595622	-0.544579830509798	-0.196303242767631	0.105978146649687
0.202924076753794	-0.831676817946515	-0.732231596530101	-0.459083109865829	-0.475889267044859
-0.207054060431045	0.289914887365007	-0.635845487724504	-0.747642716185323	-0.0863355012304962
0.0743714542640988	0.115138932646064	-0.547588954530603	-0.315092315408879	0.24648974951697
0.0768881216066052	0.468205294624107	-0.339026257675939	-0.124504625571659	0.570329524668751
-0.00332995173134105	0.762618145791614	0.101731624397289	-0.266638270630203	0.361545249349305
-0.540752269435025	-0.422979316757017	-0.520310638925056	0.714463825995254	0.324392631115
-0.331478753729642	1.58155228060914	-0.856941649233188	-0.237038319570845	-0.540209945084952
0.234613209351898	-0.0665941732032019	-0.279953121859064	0.307034997772221	-0.873848311928944
0.365120573821879	0.998626484450807	-0.810270160294495	0.30291904228895	-0.0213208739873756
0.65089868242483	0.113242257261078	-0.681211688619383	-0.556460816216636	-0.16642954443525
-0.291906845566412	-0.731729146169949	-0.663791928392235	7.87562433691298e-05	-1.17130613839147
0.0838075064857015	-0.523871882971984	-0.265501903393019	0.903462154017943	-0.512529319596088
-0.41429740796624	0.602058425404223	0.160231526668456	-1.88001394260924	-0.334461456965801
0.52782763124649	0.344114005496958	0.0125240437934247	0.163620300697445	-0.816939420301046
-0.00950207179077743	-0.429145217089908	0.0648989535966104	0.28378426661318	0.0769150037092028
0.336339595670105	-0.499071858735138	0.184432899069355	-0.335057593258423	-0.579905080283903
-0.105126853538206	0.600405045205492	-0.756678319597075	-0.640589304088866	-0.853516106381531
0.333173671218665	0.125981566649472	-0.122693451759735	0.614118952070742	-0.414261841234164
0.0279828701334969	0.254410418405552	-0.551794962139348	-0.414143914879129	-0.329188565279062
-0.0757796210462815	0.46630857504757	-0.714667974649703	0.617970996397767	-0.217079728816692
0.50230237759891	-0.0557480979347225	-0.508610915763437	0.360117903302607	0.08486990972082
-0.527558336784301	-0.00178820661953047	-0.679634499899858	-0.370629463857206	-1.14669248103469
0.359329947623983	0.61438171320269	-0.155829601524723	-0.436794739360781	-0.727622402957099
-0.402743381044333	0.720909685527351	0.385112689039155	1.6143694406604	0.34635821367533
0.18893678549626	0.636836855376106	0.630746438632138	-0.821275325260111	-0.288010847817281
0.354185541564143	-0.204043436742599	0.469151954001928	-0.569152016125071	0.550393869889119
-0.508095184948037	0.357474315465108	0.347263655281417	0.632597134069741	0.0669772745745245
0.26309418831691	0.0590839052321835	0.663107201362173	-1.05404323939964	0.625195791854177
-0.122001132399784	0.323182966910017	0.705341661829926	-0.656646944568542	0.748727056287101
0.125476127009794	0.471978857509703	0.660416672634091	0.83209218315973	1.06393049562184
0.0069414753232482	-0.00875296425631889	0.0020071434527483	-1.35386391490152	-0.0952122744733197
-0.635504388644149	0.0105225005353813	0.673485765547564	-0.430018666707004	0.424311357623579
0.218276094268196	0.377882124054011	0.743151755638636	1.55839115157814	0.877695993240569
0.0675990311477569	0.486152907357802	0.938489590954709	-0.622864528329909	1.06590597667037
-0.255361625502355	-0.364762585317406	0.692371279103699	0.794239304342356	0.285133389373599
0.144859949689669	0.305957294555051	0.472462425177071	-1.36578850330653	0.566884057198427
-0.363184969090767	-0.307579797189108	0.289736087022106	0.535601843872842	-0.0220724749936359
0.372239340864368	0.169169331481604	0.778414844000854	0.839423840609415	0.986612665473073
0.305419347061111	0.165144944680307	0.671444854167478	0.282686958796203	1.00765644384689
-0.0804584100376298	-0.271759822684805	0.748235734871028	0.669397201417241	0.261037772025118
0.699491226450676	0.615466817093377	0.258683259264332	-1.33777645951264	0.551320380188112
0.181922105476886	-0.104659171739145	0.920980830429714	1.10142950432903	1.47637962320416
0.666880920957552	0.320383870302104	0.646747486794178	-0.217462460584334	0.800055711491973
-0.242104241229509	0.545669415469327	0.595024960738547	0.30939056703938	0.852217054948108
0.391154717479657	-0.00731292943756111	0.105505216436072	0.261584924230369	0.214176367334955
0.78435523129679	0.176790876406607	0.69184775949868	-1.91528917519784	0.0954004984335884
0.107310262586078	0.806293923374481	0.940687560429325	-0.160073620148302	1.20105630829721
0.415297251414872	0.219047550892773	0.752797094496989	0.561753387323576	0.940354655459241
0.240261997043382	-0.514786565420585	-0.0752885670511973	-0.942238147272837	0.244378484247287
0.0335959005816996	-0.197513770629235	-0.243685298944634	-0.586668346335067	-0.0520428145492763
-0.0107007194924001	0.442198683294978	-0.0621110061382179	0.755927701541231	-0.679983367607756
0.158592361727159	0.685823333011641	-0.18901375544464	-1.23265243178443	-0.534080127329249
0.0113731610169311	-0.132585788658163	-0.0792954379233561	0.115609460415876	-1.27511287398449
-0.545395673645464	0.179021645129301	-0.744679637941933	-2.95796780794072	-0.979738425289939
-0.199108063712069	0.05337334753385	-0.331245023850694	-0.95468347007888	-0.766903222915694
0.215158126614131	0.772574802655854	0.184094074636281	-0.651184922696806	-0.69628594529588
-0.0438728778305128	0.356385996582488	0.235412455789581	-0.546288833783855	-0.396459282092686
-0.0371682137450876	0.868560980504191	0.055513405194097	-0.424071472930016	-0.192509461146096
0.153194763507093	-0.414283979294384	-0.477691459457796	-1.06123255030779	-1.05907037559007
-0.182359111269013	0.0247571905219021	-0.941948482654932	-0.541106783561666	-0.772321125131368
-0.103507536646796	-0.214431293770423	-0.311449622543981	-0.626170283107017	-0.283036378529138
0.434012597109781	-0.413553906557618	-0.0286288167667914	1.25616692392471	-1.06067039880898
0.0497661830689943	1.00481175899334	-0.0367953701524072	-1.79693604321149	-0.327767795921909
-0.0939581116088767	-1.28486340294216	-1.04994859529227	0.110742516462748	-0.838359984662919
-0.336324373924644	-0.196881879722525	-0.409206888538487	-1.15501280783999	-1.44398112797403
0.253926585069284	0.312236809168144	-0.881565940202044	1.01390823489792	-0.204357140824401
0.333129407037778	0.160436694551756	-0.316660873632063	-1.82993022568858	-1.02043684905193
0.110410058577172	0.856185073627719	0.314259949012016	0.783717464418118	-1.00107756562204
0.157838887922108	0.485281558839737	-0.167568534003027	-1.83485377503375	-0.388535269167121
0.764383360504972	0.440849436458189	-0.452670356650746	1.3665687035327	-0.393061609400414
-0.301705323573619	0.457043893542229	-0.98662092492162	-0.76068600152155	-1.76708112997701
-0.23939201064499	0.257487428140995	-0.0182337251329641	-0.642582370010574	-0.69146734399121
0.507344973736788	0.892993034717144	-0.432757918784391	-0.619857880507005	-0.591586129616773
-0.263246597189156	0.55728406956697	-0.396719370113817	0.522938727977927	-0.955068826220752
1.02043815281512	0.719023392042801	-0.521984936033798	-1.00598646042524	0.32106395234523
-0.519244626535615	-0.360804414399572	-0.949481944481125	-0.218702577166898	-0.35712127636795
0.151962050538172	0.679862109653106	0.404355354693309	-1.66232451398973	0.17815864604691
0.634900630176113	0.322067622226129	0.312820411855177	0.390448130806777	0.0699527523702205
-0.0382543355736926	0.528530476631435	0.33043483343274	-0.773555209255597	-0.150997360169131
-0.392395490573034	0.86090807731095	-0.0609378525165253	-0.0448827119731492	-0.720472599066949
0.0902518903788666	-0.770105634345325	-0.517663502298362	-1.02732029885145	-0.331055459617419
-0.171405023398828	0.156353506693976	0.132328992106445	-0.888019235300498	-1.29544275790834
0.137645151564169	0.317584586305068	0.0714554516562031	0.0420423747082891	-0.0867921142728361
0.400549549950272	0.441593303773946	0.00886158175614781	-1.36043187882748	-0.748925240341288
-0.304969724982388	-0.54804794977446	-0.0969739434047509	0.577702106678	-0.567805084065107
0.414343072095659	-0.727221739975402	-0.0527442541241082	-1.35895574762828	-0.255885737710537
-0.617501312439384	-0.362136516940398	-0.287929866678308	-0.565731084231731	0.123910043922082
0.184879685029332	-0.771066196946661	0.253562391631061	-1.361127340716	0.138435858155563
-0.150970945979278	0.217926863483243	-0.561485655442651	-0.558864435542018	0.442018560233519
-0.164188269530938	0.0772916048392708	-0.43237068781706	-0.862950735056778	0.578723409083997
