0.133227383568742	0.566501582353279	0.00858723495184017	0.579795113603812	0.294132840070437
-0.0136890996454717	0.7181226815151	-0.490377975153781	0.257072640638399	0.0613750374801298
0.311009232118051	0.351585213558853	0.173213803282259	0.338251459066259	0.508584434661706
0.129177978832515	0.444739757006069	0.305081610785787	1.22711537445781	0.703988779533243
0.297308563483916	0.531486313466535	0.18709571574248	0.152181081725852	-0.072796487204225
0.239579697626499	0.366605459031155	0.733629134080589	0.303575545827994	0.27981690046502
0.067644686961068	0.0692170446158631	0.094304161707678	-0.679714303057159	-0.1069114610991
-0.0360035601157765	0.328451104162663	-0.501723510276551	0.0319963212199532	-0.152288841308453
-0.110530922741984	-0.299312954370605	-0.229124616636727	-0.199656335472181	-0.690634290588658
-0.258492411853162	-0.110922574310463	-0.272766184333595	0.113852347419354	-0.537995761188252
-0.748054158097867	-0.683782309244738	-0.62458422205176	0.307427842936994	-0.643411420634913
-0.374392067190887	-0.405132699592843	-0.848231611760359	0.158728510664619	-0.354486093335047
-0.238051350076346	0.0112677160621667	-1.04972974483878	0.258881608502477	-0.469938543694563
-0.0427331879686675	0.263541765901342	0.133285270612157	-0.100659388309665	0.0570487798076166
0.268089640746549	0.544929149768222	-0.506292202683567	0.304781211151071	-0.324088348399499
0.425541576004311	0.882048984361357	0.558797337349321	0.805614803392597	0.23886129555788
0.499829415776046	1.40321253013953	0.600489308554888	-0.35728393722999	1.13872038716971
-0.0639800565567389	0.726885579163766	0.995991437288401	0.427840412611233	0.579072957115636
0.161495965140637	-0.161415476193598	0.133135349954175	0.951976467256879	-0.189081544155804
-0.351757741832395	-0.338953247382909	0.468553904649393	-0.354796646517804	-0.158102074477032
-0.0428514045156626	-0.572266261276281	1.37343900632864	0.365042031574715	0.618178187667181
-0.0355303594575028	-0.192520591945289	1.00503802374593	-0.0103350134511288	-0.0603280051350751
-0.243563411940337	-0.420245894102557	-0.120873256186556	-0.475702221093597	0.553959062761532
-0.415032549834452	-0.402170490406177	0.459070393141015	0.520428021290199	-0.0109484697155058
0.0118995606818294	0.00519891546928113	0.257667178323774	0.729973420926202	0.414510584685168
-0.0826806833376565	-0.0173737998192657	0.754189755013585	-0.24777127193278	0.440228503955258
0.64578282947608	0.58473562812308	0.707605263247875	0.930023904525776	0.540720325372567
-0.220224772474701	0.306707614789935	0.918283998256294	-0.231830903144288	0.442485399522039
0.179789520089667	0.159380568189946	1.1372906149777	0.339829765608555	0.116860173248297
0.105745136347502	0.288865687630916	0.338289725547402	0.0445652551044025	0.0442905774984147
0.466382638043134	-0.0450641286404176	1.07387690198779	0.0895017395023087	0.0988887217712157
0.302320205542766	0.72209911023733	1.34798324779427	0.600677083309125	0.389589598577353
0.579523252283668	-0.133407625822301	0.744805041092612	-0.0957216869703312	0.0439782453186098
0.350728444560769	-0.0447097474191056	1.16812184978181	0.669762666265728	0.251203303150877
0.23966092728132	0.242587072921818	0.114768096754835	-0.871535150660155	-0.313784027385013
0.326049436901379	-0.143124739790771	0.540365696303228	0.0640165444472459	-0.553539078213714
0.177730475962488	-0.344681812430368	-0.978428927588385	0.400950185664393	-0.786214119946319
-0.00548429128196608	-0.35821557391106	0.511944307654165	0.334942632690301	-0.417024034820216
0.301214002303196	-0.536739185191113	-0.662338793260085	-0.727417386072477	-0.254144556319822
-0.450868324173634	-0.53756842767089	-0.56524503192044	1.50731823225406	-0.600619421672285
-0.0410791896906578	-0.611245209551301	-0.431088731778089	0.334617750210863	-0.20756947136738
0.054459956886639	0.113026486194211	-0.803968589227531	0.0605857266440084	-0.135987382263867
0.110884828004395	-0.358340475960603	-0.408949646775409	0.0183496899789233	-0.669296155623431
-0.169533542052025	0.238762529155656	-0.0768683761046473	-0.178843492527284	-0.29324910837445
0.120206772846185	-0.0272130611238139	-0.422901253930173	1.77730025284262	-0.112954840960414
-0.110295672596056	0.311373548911386	0.378376963592715	-0.783295360540608	0.115498084305834
-0.143653935258706	0.0895198604625606	0.219500670891303	0.699134528227304	-0.127532657457393
-0.0416467109293945	-0.0569069449555301	-0.319499777497786	0.270571745571769	0.528723652728582
-0.507763944849849	-0.504494609415072	0.748374333343669	1.26951777197774	-0.378508835301104
-0.13796246268564	-0.246471314400296	0.223987415609354	-0.854919864877581	0.230255520630902
-0.175493748130601	-0.080008940835038	0.10550138358813	0.559976993120228	-0.121361692517176
-0.484895118055698	-0.911842085513277	0.22815583261484	0.351836834052367	-0.482797953667677
-0.43093904607806	0.116280562400986	-0.448496162140514	-0.281417439606335	0.122347351015699
-0.173276254034024	-0.199185652530176	0.0947544400697113	-0.725119911131932	0.208332749633992
0.0491032918655307	-0.187063466693674	0.434142578864917	-0.914426099518537	-0.43920884713321
-0.115463369809849	-0.283127698001877	-0.179190323051933	0.174635044290682	-0.165725797161779
0.325737985058471	0.326394129235604	0.242593695661751	0.103035702477146	0.188138960499398
0.255369965190877	0.576702873577624	0.625048077993322	0.578959546948444	0.162147455193062
0.511286664576622	0.700827109001852	0.17577025034501	-0.922611054327489	-0.140291186287791
0.735012693956047	0.870148449255491	0.730227422216108	0.62446066821382	1.17492048662966
0.195873357336136	0.456822669802954	0.622003375815005	-0.573534346026168	-0.185016374949233
0.728386940274903	0.625583591957442	0.869702836330148	-0.666390708234256	0.575706207859402
-0.121190485659063	0.0564069892262851	0.171837178548475	-0.66558151464595	0.137001906404521
0.0147063703709761	-0.179592918149052	0.622954948242968	-0.00324494789105315	-0.084053821724737
-0.00947648536897984	-0.0799381271131192	0.53027095120208	-0.342243239351163	0.251232166322865
0.137037640898077	-0.140277985643982	0.141190540293683	-0.444488594612852	0.339775857799364
-0.547389153915343	-0.494820900908857	0.0621272114764253	0.136433117089679	0.3428003140186
0.257821771307365	-0.171077735935904	0.229238582605939	-1.04331923952585	0.706594618389145
0.0966105216706026	0.942290760350974	0.440210283202389	0.155786882938472	0.468641908824112
0.376354366182185	0.396524562788791	0.924201716933294	-0.41300017805103	0.162794707954228
0.255111437571923	0.393712035485452	0.37294013834624	-0.229079951285336	0.425179825473716
0.646445160977752	1.19539926601386	1.25613645029352	1.28024513950455	0.878470427032043
0.347332610663254	0.723720464053969	1.06701348722302	-0.0394477510903716	-0.0323298640741191
0.779170436509765	0.565631610797078	2.22534128609967	-0.220100604825898	0.488550850964902
0.2621300231553	0.0824393202540707	0.666595167495843	0.789757824997099	-0.406677698946508
0.595593774813472	-0.2088542726459	0.878715112739354	-0.863631371240132	-0.308654171494421
0.0450278076672762	0.176971093951697	0.681800337451011	-0.379690170370509	0.0163406760686068
-0.404241020903479	-0.486875454488664	-0.0815182153503788	1.27856181898559	-0.606431770227047
-0.147013871418673	-0.68792509624589	0.378154234759178	-0.978502011255333	-0.356146249558089
-0.217042586621046	-0.395937400764424	-0.689015254069991	-0.546028323344169	-0.836639220855264
-0.392056994149833	-0.44237208150314	0.00318695864598905	-0.0216381368781419	0.297664681428477
-0.0728471071292858	-0.573829476299719	-0.647746016811453	-0.455810843202909	-0.59733218476485
-0.590354398607423	-0.433384995102913	-0.939367369702736	-0.64027673263467	-0.237703745223063
-0.185582996415615	-0.384136876839692	-0.711995721005022	0.483277171850917	-0.462864109699153
-0.600250050437472	-0.181531328409628	-0.560844416939723	-0.889128858989304	-0.565713621756648
-0.074258373409694	-0.225669004777078	-0.885925368606075	0.197512564543753	-0.0891084060679353
-0.251131770864814	0.139863956406022	-0.497096196916998	-0.350720199792497	-0.282442673646734
-0.163723573271248	-0.496715175725808	-0.798199347324043	0.0546859083893306	-0.250307623957553
0.16107007476549	-0.381382487468128	-0.630476207970927	0.0254194980380944	0.195221221260114
0.0632945883043351	-0.118338791190716	-1.43780683725903	-0.516758315366877	-0.193936269239202
-0.163645653245505	-0.820557249207567	-1.13883454475053	0.743236026209571	-0.651971563928405
-0.168598232307715	-0.252972959516784	-1.0914841272063	-1.22920794235434	-0.467451182177991
-0.0650116757299977	-0.992808899891749	-1.1779042698509	0.71472376311364	-0.271379912487843
-0.0474085853183833	-0.906743604586557	-0.929563791405449	-0.889120335037237	-0.178128544791412
0.0511589050521209	-0.310685408169349	-1.12626359097578	-0.593362897400075	-0.721758644097443
-0.0953912929567124	-0.0923965898342936	-1.01161797929501	0.14557981397632	0.0744287475096705
0.404061000123974	-0.303162275618151	-1.25862807025516	0.230031443434272	-0.852310499952822
-0.208477154903963	0.0239033748700911	-1.01428213733512	0.391925909342044	-0.863900323270685
0.195164466660817	0.290522988659653	-1.19753308655255	-0.0221520818287741	-0.0157703881907957
0.011936989646523	0.139845937701425	-0.961168076586608	-0.724652979619221	-0.562833569627892
-0.350792826113277	0.244226883650999	-1.02939099842308	0.623449170402744	-0.385994419255769
0.0866981963281493	0.419582829052956	-1.15969784616242	-0.0444644758285961	-0.379651676062739
0.14267061695806	0.316592861622567	-0.67883091722141	0.453519081568004	0.222858911847452
-0.165502866514159	0.431138702406992	-0.957953954529631	-0.314610309595084	-0.80011155083724
-0.288171627077923	0.20743069599478	-0.909346187375774	0.237822657483305	-0.343667205180557
0.0989029652817681	-0.0230439825698592	-0.576039315801579	0.235672817929078	0.469805885570278
-0.193679162634203	0.14459678464351	-0.288326872681745	0.000486915925089302	-0.173783882953538
-0.0186236202100023	-0.00563740655345995	-0.62373864746875	-0.0381729807611714	-0.214578031620957
-0.112215592138407	0.000244923828371434	-0.548479398930321	-1.05600131082568	0.0467901313053958
-0.178733198110636	0.0729070465414701	-0.796889705526539	-0.567383244598295	0.0274817206026735
0.119636456317934	0.0574265545775058	0.535519709424728	0.569458484315667	0.192247399573337
0.0188946174323941	0.110070090046384	-0.511182495658017	-0.906269723186325	0.049688111969034
0.00856236621327995	-0.410371698677709	0.340059086551826	0.895496191767549	0.296018050255764
0.224165601679879	0.0427012380495134	0.408977062235421	-0.918637702240926	0.0568236501957079
-0.273375986887991	0.34823987745837	0.408196773913576	-0.64037492700195	0.0177208129800729
-0.237609895103494	-0.210174762961902	0.325636744612569	0.082875780311703	0.487560621660426
-0.346282363459724	-0.0305771008781954	0.392518417932481	-0.299936364506381	-0.291861068197909
-0.137317159117	-0.0949129776690882	-0.180028502670701	0.219012312710539	0.077069003191002
-0.300665586742579	0.309491578674542	0.645268993622875	-0.786222792570438	0.103962405499226
0.0125705423614635	-0.259749036868776	-0.401553041557316	-0.234651920626881	0.215653358095893
-0.146495486039252	0.0612154601694928	-0.0669785236540167	0.167248319247045	0.178974470329553
0.0515302512589016	0.429580526873462	0.672870521473946	-0.195787962029042	0.264732245249443
-0.125984806420492	0.0166821543048448	0.4720040083312	-0.0884029676651692	0.418714014672534
0.353587445454945	0.109563522254433	0.945999888353517	0.170884447040205	0.350629074930503
-0.223566660166196	0.0173218164276445	0.71052568769824	-0.250209532550965	0.5598015538107
0.309850382331186	0.113427730386354	0.925850736074769	0.345005031798625	0.101340214282408
-0.257027229682224	-0.101807667633029	0.898774386182574	-0.977631990636765	0.397839100637529
0.236183504453436	-0.384412558970091	0.498334526884495	0.379998932238185	-0.0994623717193077
0.0813132813776341	0.107871755053201	1.01872267368056	-0.34630208680384	0.310366286524608
0.224652150164195	-0.178170201641016	1.17479328857294	-0.273089993938649	0.262744824856471
0.383535752830279	0.00823415695008602	0.654612397322594	1.09421234358051	0.194296489435397
-0.085377276366659	0.511844780178801	0.975887249590095	0.0581325670501263	-0.062527715988577
0.267362272114481	-0.340876586619104	0.600071067628964	-0.210132215528682	0.285488272824156
0.131045713833009	-0.155261229201621	0.514612760685919	1.5985525037081	-0.19033945940864
-0.372663396227629	-0.490282820990863	0.209381849080604	-0.881154886033029	-0.0294213012968875
0.0683810487416183	-0.231140952495745	-0.240415522709505	1.15167298831415	-0.152276170271951
-0.231734702528271	-0.0972511423141005	0.360446304653274	-0.430463728643034	-0.0467755475775683
0.00579128791988442	-0.147848073742233	-0.407288519290671	-0.757839605623762	-0.0918894704424865
0.0107097337730697	-0.255751760819012	-0.810532985657379	0.680142973058125	-0.0129069897906178
-0.445695223529545	-0.405093643175298	-0.619361344494116	0.571485267960932	-0.0774143158205579
-0.345929970802066	-0.521048226416737	-1.16734886746369	-1.096874049955	0.160574551461378
-0.218166654340038	-0.421241984533593	-0.584575013760491	-1.14516285487104	-0.0977666690894346
-0.372104104046459	-0.912889457207389	-1.79428312728796	0.41859263631784	-0.734412068566771
-0.0859604115003888	-0.204619004277451	-0.770539201249049	-0.806847949347244	0.248984574769908
0.0706191187869003	-0.126059692943655	-1.08773005342003	-0.221228261076225	-0.0889444667732036
-0.0774389722840615	-0.274565958572758	-1.02045116616541	-0.351442355592031	0.604685453449743
-0.0257304754170808	0.104633749847858	-0.849714253649591	-0.540398612223375	0.298628758815723
0.0653690046014281	0.554960841551808	-0.31925283512673	0.895035809660634	0.461022181393316
-0.349736009939587	0.340231752010878	-0.466227850934957	0.258039279971299	0.143259289021793
0.0416456891881959	0.393644667299483	-0.15304762664968	-0.476568112163659	8.30329481498539e-05
-0.019368525344042	0.163009476627835	-0.842616166972735	0.302472193950315	0.296573330006935
-0.222109534258692	0.623809816008381	-1.01896761934243	0.101111974080008	0.0703286943721441
-0.0716081619204606	0.659691687002388	0.281903458518669	-0.066498243859341	-0.0785150759161901
0.197644391261639	0.636766298722305	0.33222528008588	0.366414721401767	0.13906339497511
0.0513188344483092	0.161479464925581	-0.695079976138196	0.899717219748268	-0.314339234148557
0.2301796510406	0.385513801088899	-0.585703948658982	0.644693867562466	-0.168384039924753
0.035697716933708	0.496924970577134	0.23161914805192	0.160001067020455	0.360995898994566
0.0905448006351309	0.4922574132511	0.349341056827375	-1.16824916583138	-0.0157767305435593
0.0571204881872019	0.554012793905247	-0.151087034439498	0.18530102477548	-0.252630275652711
0.352062197164866	0.295262770170501	0.235294983292924	-0.709104749168404	-0.142385808131909
0.14400661142654	0.322322483955799	0.111626188831661	-0.135698439234632	-0.0862726771863458
0.148718183125236	-0.0887988090806961	0.357072911795947	-0.450351892388045	0.141350703843928
0.141326604422151	-0.130074892071569	-0.554382927250064	0.960755335398806	0.0235181987892178
-0.0318296384900125	0.0269189176283281	-0.388926272752396	0.312592942638866	0.376264373992365
-0.14492493727721	-0.109539042970871	0.345717049782847	-0.704059088843402	-0.263960745546216
-0.0250083608567403	0.0783345635384271	0.202776868015386	0.332905911505948	0.392651381810238
-0.284568390321608	-0.524313983338686	-0.558889265008201	-0.0943381147132416	-0.0453915144110807
-0.320745514252834	-0.0998201073635139	-0.00765443968101358	-1.12433358160478	-0.00101520025091258
-0.291156402681125	-0.305786802067268	0.517785088783826	0.864063837239417	-0.104635020747821
-0.535779679233595	-0.203183977089151	0.513979080393668	0.268324509569557	0.403197623298137
0.157691565026422	-0.112397854459636	-0.530104016397635	-0.575935004647516	0.0315378027529348
-0.19730627512225	-0.558640259996195	0.384804114704727	0.259283500873589	0.105705282762414
-0.113224623700124	-0.177542933875242	0.949090489390278	0.602041885536646	-0.0541399275743997
0.157486852661712	-0.403690279814539	0.590593983316723	-1.00277071870515	0.38765712051956
-0.104680870188395	-0.496760317460425	0.0733606914836105	0.86224674324106	-0.197503464177618
0.267474105919611	-0.777839883492647	0.584857212305743	-0.704090705815829	-0.0603945318877514
0.102627058073523	0.405294010852263	0.101218272996944	0.351707554360021	0.278997232265786
-0.185066536467757	-0.0416184832651625	-1.58208498276701	-0.590403568338711	-0.0515746930548153
-0.379572967391995	0.142533564432015	-0.227889973250443	-1.17133131319225	0.135583322717509
-0.150922069443029	0.365694109269413	-1.64525232720382	0.875719028447447	0.0497715622937408
-0.1738481478571	0.235679015952692	-0.502081827763563	0.512424750894402	-0.174253977283193
-0.357261546202985	0.276834879504621	-0.187835515566031	-1.06866650038665	0.337190129638668
-0.0934728955139127	0.49755691368085	-0.612392177254996	0.903393432687129	0.144559200539967
0.0561452352960168	0.921962228063232	0.182664763206444	-0.436602469777094	0.433550605128572
0.187332009744604	0.476538330832927	-0.430471813442017	-0.314643000068255	0.246317616278606
-0.320756019963181	-0.0398819772838753	0.674952161732679	-0.322908299556274	0.26232577075681
0.0696988623790582	0.186458313083556	-0.0572090306671379	1.21389183032017	0.126469009072805
-0.0445564392430874	-0.264545008796875	0.376471773658735	-1.46800145960986	-0.205422566313709
0.0733906835204169	-0.150100621320116	-1.26202424133053	-0.201357584991732	0.290124551721406
-0.514769077814195	-0.536813371699799	-0.524466864953864	0.0161438321250975	-0.0579848635016808
0.202655949503352	-0.185291255998316	-0.300594510385254	0.46089341195263	0.288579573548514
-0.228884334527216	-0.34308767777947	-1.84444831273318	-0.466966102512228	0.243504538523095
-0.281151376689652	-0.165129412718838	-0.898250315150043	-0.6281657510245	0.335193868299185
-0.208953152727317	0.200648317415066	-0.181173650416501	0.114796156543051	0.173926083350358
0.322755091920703	0.420312440519992	-0.904506673869748	-0.505225924766752	0.717694022989624
0.515690777086429	1.08619448876026	-0.604152176124124	-0.967336103124261	0.8098961285661
-0.248968977957658	0.433154299409975	1.44984231627202	0.375371086568807	0.361326670662644
0.133831726055017	0.584029379721361	0.329165425647444	0.470801471515826	0.932006749439108
0.747090942160986	1.21128018064866	1.31851847537653	-0.586134276980868	0.969141177657859
0.103377357389981	-0.223075163732	0.850757428105736	-0.245465958716833	-0.232581162223352
0.186142919396969	-0.101244664050121	1.50380454961818	-0.489842163447106	0.753838883342332
0.408501202268363	-0.209090051333661	0.970865468712884	-0.182169512295108	0.124295825196412
0.48987676033576	-0.66618310926373	0.0622016809628202	0.831531548305658	0.00739192205630134
0.17978346542186	-0.764588038892702	0.772812740593304	-0.771135698682816	-0.33677605810024
-0.224522647984031	-0.120660923124794	0.62264198604953	-0.295704694978639	0.0873906187109598
0.165082411868506	-0.650432287148288	0.257739449227436	0.247144823337299	0.0912664928737292
0.320513973411477	-0.229861511427452	-0.432483803829776	-0.847439408642744	-0.29169051934988
-0.184091040034551	-0.235989200923812	-0.443842208741701	0.161586054915574	-0.3519152854796
0.0150509107502128	-0.093690766948542	0.0599762208367493	0.54315251535489	-0.17279811476587
0.238771276007646	-0.095922964529401	-0.649644521119055	0.134685085946787	-0.127282371405978
0.175775601882094	0.245839525088905	-0.124656627514229	1.25087518343049	-0.264597731359294
-0.0803404500584165	0.135816988514757	-0.237156861511384	-0.161995757254975	-0.160171989580685
-0.256408249985568	0.0155899365162927	-0.38897203663564	0.409784350099346	-0.295490692652453
-0.115177062208165	-0.185794399014678	-0.183040192478201	-0.611326541222148	-0.478354854574591
-0.0560158480612251	-0.593008073242254	-0.139621504111196	-0.655073690564357	-0.577583106946474
-0.218674136243108	-0.992064230198203	-1.03961777558247	-0.983772253948752	-0.85940241060515
-0.624495300239928	-0.53779489901062	-0.120582737878761	-0.15110047124784	-0.703778364249277
0.102165366635755	-0.670318855916631	-0.551600997767042	0.306256981110835	-0.421591611844527
-0.276902957311237	-0.702468330320573	-0.762041190599774	-0.0608281926608818	-0.477437164019949
-0.116783505887465	-0.318802098806513	-1.07365414655227	0.506617195438319	-0.489703960356646
-0.399800419593127	-0.615238464788628	-0.504842987215084	-0.33683508581018	-0.895512095841579
-0.322306594643632	-0.421974228616276	-0.932235774434512	-1.16942602413687	-0.528388088316973
-0.159429642189017	0.0506898975109493	-1.13236315084364	0.629946397859548	-0.533488454514827
-0.227510975726979	-0.493689814737311	-1.12214514949133	-0.829003507984879	-0.414167897599361
-0.401229603367846	-0.354082635719752	-1.07709696097257	-0.114480416497279	-0.109890770060354
-0.265397477642982	-0.32707318874545	-0.733733322567868	-0.580990669713713	0.00996639271039952
-0.207877871345896	0.397354064533067	-0.829725998681313	0.478112314803488	-0.466735038183718
0.0416216149709309	-0.180591882323673	-0.532498283429567	0.248590280676289	0.0658203730454559
-0.366006206849908	-0.198300040135285	0.0037031711072692	-0.287383091463511	0.103631751722866
-0.501885915416098	-0.140726152792123	-0.445642640138309	-0.0676806032953314	-0.0494889947808532
0.197143369195749	-0.221080596075842	0.333084722980363	0.545297215885634	0.168676560672976
-0.222548126953144	-0.355681478748139	-0.84276073170369	-0.611227595210497	0.00359452943118148
-0.47941206435785	-0.257838033551241	0.755767184184253	-0.699454660801518	-0.557284214801215
-0.0585059987268749	0.281008270995951	0.468984852746763	0.764821941814803	-0.000779810633322437
0.226726245757375	-0.0179938014758426	0.0420466150479631	0.118122740443767	0.273537656444382
0.0511954821298246	-0.0391587442633145	-0.346855364010294	-0.0909081889800732	0.387169307514646
-0.27982610186501	0.210281642458958	0.875823594558637	0.258303868113073	-0.154804878938479
0.32815139369179	0.611827316562877	0.187463988969796	-0.779553166393862	0.164914442927471
0.137451486159924	-0.0331762259139876	1.32221149986011	-0.0188458611051654	-0.0150503646058619
0.0177197895270335	0.41272802356732	1.4205341874352	-0.299479811667484	0.240170103541744
0.0318694040439407	0.26565825544866	2.14270196935915	-0.642414690342192	0.422741413143923
0.274503894353116	-0.370753766494092	1.26966000382677	0.442762005777631	0.264864721317914
0.432209462660462	-0.195930607296004	0.451481214341604	-0.540795365882235	0.000605236568558166
-0.382306704947655	-0.685423500050233	2.06610610623114	-0.180540939863065	0.471625044406903
0.135302146578698	-0.421277078246502	1.16475381290531	0.0282326254407387	0.0165209989088954
0.214420252089714	-0.914188446489202	1.25933035423228	-1.22339283845511	0.250337524850292
-0.100707422846322	-0.721362615960039	1.13521476835301	0.363190596128979	0.476901651218626
-0.265098496573463	-0.52987519924657	1.48064081790393	-1.28677132318977	-0.0738860683285323
-0.00684167857939002	0.250994924935166	0.640182681834196	0.957222008799929	0.266930330037293
-0.0258401453622505	-0.294993533711675	1.31101972123642	-0.28145765194159	0.146216570694937
-0.346321963458354	-0.0471151112982933	0.849936884271209	-0.0805797182093175	-0.121816307329054
-0.272578260321561	0.39583028528934	1.4229371363126	0.531478766752292	0.0953468805978474
0.584210899602447	0.61205936348083	1.79079498658848	0.597468768761931	0.49143294882382
0.683859685122363	0.0149747633756781	-0.272627148258453	1.91206635674297	0.618872834810244
0.00779061424968385	-0.360975269503297	0.562018891645232	-0.609227507445678	0.0592258673859516
0.124378791894113	-0.312975829065513	0.596197564474097	0.18576605660325	0.107148842856314
0.437365073417587	-0.613682126358648	0.455568535154771	-0.34719344261979	0.0560429779551224
0.371443965313168	-0.384749595439091	-0.0535752748830837	0.967650479579835	0.291205915780676
-0.253496064062338	-0.35803652854014	-0.0051853640222303	0.159562591147231	-0.201588971974079
0.0225013914094497	-0.216808981440637	-0.954936907462678	0.56002516886594	-0.341738437320035
0.119703930270365	-0.130279142767794	-0.713607663975808	0.855321541289955	-0.305287372786686
-0.194807288400765	-0.398540033581899	-0.0475940462334992	0.0482819274023536	-0.10239889712147
-0.329430665787541	-0.382104729182837	-0.8213750172142	0.117504779078828	-0.464118185312434
0.320674320361568	0.0396993609639164	-0.908693145265067	-0.0841618132982251	-0.380369377329672
0.0487035508782211	0.0424013774869838	-1.08139536853287	0.770091876960533	-0.329707322548688
0.353370273469811	0.117542195808001	-0.865565073161836	-0.557903375905277	-0.264891843099464
-0.448260708054029	0.302381383203968	-0.455809412072322	0.434888809135531	-0.320403381358575
0.403083570780171	0.0805652135875079	-0.383835567190926	-0.868129654593342	-0.325439821548026
0.0916817408603871	0.153156277246438	-0.831323809665307	1.31338094549985	0.150749363527899
-0.171003427142798	-0.14422685011778	-0.635955788691832	-0.134069368301726	-0.42906235871518
-0.459707302436175	-0.432694573783261	-0.742266349746035	1.24331410183215	-0.81409985583939
0.00723456143071713	-0.336777783742686	-0.57067267208684	-0.052317007584603	-0.347325886802076
0.0669036959158318	-0.564426727788773	-0.748256196154546	1.21589428917517	-0.599665523703037
-0.149947689500917	-0.132431066927551	-1.0683169298365	0.807279389670644	-0.419671180853034
-0.472580787427774	-0.705522519074421	-1.10485405839293	0.0586685008327485	-0.413906687799721
-0.342333883643515	-0.584663675053331	-1.41549024213851	-0.716426190272805	-0.321664897985125
-0.326169934831036	-0.284084553795876	-1.77613158165608	0.605565325717904	-0.101222952423845
-0.473993327271317	-0.683649499236161	-0.161053557077337	-0.408844914529126	-0.335828608348035
-0.0422724359437885	0.0511274439747228	0.33902707379912	-0.0666359201372468	0.342578422198905
0.0501590924482437	0.661266238315785	-0.882274053247402	0.829842687479009	0.187357647238841
-0.0765483455687065	0.465743959633146	-0.974683602321003	-0.825545168456728	-0.0372978216006967
-0.387128024270257	0.523875837940124	0.622269920407501	0.57026011835986	0.22881123813342
0.169546285553881	0.449826528262798	0.679272647513059	-1.20989638304394	0.248939248550431
0.111163913466582	1.14353051400507	-0.470111977238221	1.10284831182923	0.4907333853502
-0.306906140849249	0.373406683420694	0.313005755927375	0.661236046016584	0.364164398423611
-0.354126358891949	0.159400718759988	0.53225235407338	-1.26588762714139	0.0261074726832304
0.17888252975577	0.56122681499704	-0.377068691108749	0.574033901299799	-0.0205800962281903
-0.19512384061083	0.110527206950687	0.322694595820266	-0.154882619828835	0.20403267429925
-0.0321538915675349	-0.249564654101274	-0.051845204014196	-0.299807772711281	0.175049139771403
-0.135651778194302	0.054443881959129	-0.0110056582407995	-0.503505081712774	-0.516177064004564
-0.0987809706328034	-0.112988623970546	-0.133607708735875	1.30793347677789	0.178798615794215
0.168174045020304	0.0831597359407243	0.302246465438788	-0.887761035738946	0.169967649414495
0.171716607812144	0.122643760399218	-0.497891059453268	-0.176443349728358	0.101581033531178
0.0574147659049702	0.43173844902188	1.04398408285481	0.532003712746116	-0.0133433195914926
0.31375352511936	0.401597205761543	0.304765200442166	1.25827068390319	0.108311583523568
0.448226117913525	0.48289682696498	0.644756729190525	0.266733491170255	0.527773478881982
0.256018385699001	0.397729791279202	1.06742344041991	-0.29031924477557	0.0255995716630693
0.150526331175054	0.362368158951418	1.75287667186985	0.934045008030127	0.00153865225878631
0.519847445969656	0.435935751540648	0.635123237230479	0.141399550554327	0.602209395229052
0.438170021084745	0.0828217850060493	1.36933476862676	-0.31059414652283	-0.109303232543073
-0.348784203608626	-0.612045513529752	0.819761471500607	-0.263678679797631	-0.00553385346504597
-0.015485854141169	-0.420053008665874	1.02730696178939	-0.632438923606744	-0.128728697471004
0.126828380915869	-0.0416012787159067	0.499945682986575	0.702843446777082	0.0525960925289186
0.0681419607392814	-0.480702777220491	0.464133584097491	-1.56098587333911	-0.00692653555611219
-0.20786039555014	-0.323376471319427	0.09402144957961	0.962737050133447	-0.267224101889374
0.0191080871716864	0.40547487463531	0.312452710939613	-0.408122010294467	0.350898939434253
0.464321227856701	0.896584576034817	-0.338576684345113	-0.756044810326328	-0.23712417792829
-0.155399826184567	0.465922098505447	0.397860243399281	0.420978675089301	-0.515922134274765
-0.0772426801953406	0.330917423428084	0.375224567507733	0.213829436784554	-0.45531206324544
0.520660966041905	0.598123339588907	-0.14449068093453	0.611403033398688	-0.139756532109844
0.114213641939255	-0.178294323827554	0.21378457970447	0.376906184477221	0.192454401776003
-0.00491348058301233	-0.437807274925579	-0.352972312116581	0.0622301485320447	-0.0176066686122254
-0.40176832966382	-0.0615835428642748	0.780113889092581	-1.05097179569562	-0.602599075580537
-0.155823650703891	-0.5051613707908	-0.678625889420836	0.534787906019876	0.329081574690277
0.365166045476397	-0.774449587110343	0.0575135853749326	-0.393512596276446	0.0814484574953899
-0.217860326773529	-0.701753893367642	0.018560880272605	-0.309685053079336	-0.148486441071072
-0.314949897472099	-0.629756433273885	0.0841768760042265	-0.410635793849333	-0.509588906195426
0.215419629284526	-0.296065999250317	-0.139527215887528	0.838581082343554	0.51873895802431
0.133143867599319	-0.0547691148665678	-0.169009182937006	-0.331332835565433	-0.596252967689947
-0.0938699629103461	-0.281043666879785	-0.878747467598564	0.336006637931667	-0.34523354411187
-0.160499817070526	-0.332608247953946	-0.148346782206634	-0.122163615858111	-0.121017232223984
-0.13815854018189	0.220964330897537	0.112786258004679	-0.198409154144292	-0.192941573309516
0.363295723720989	0.602146494984688	-1.02210623970891	0.960959233502636	-0.248564790495948
0.13524436260388	0.352465844266535	-0.723930355493697	-0.270382517880499	-0.153587499647882
-0.264239417432758	0.470558110764204	-0.229641872117306	-0.0175394032483721	-0.0360616144869579
-0.20000609945554	0.110577437440161	0.427879900055761	0.891976049891575	-0.569568891914931
0.348009146658585	0.131333462543314	-0.416113638728987	-0.168745684802239	-0.0620984778981579
0.321747129435393	0.0421977915484929	-0.473126473638596	-0.267035063486745	-0.167062634426408
0.11691948000506	-0.192042740151419	-0.654481693777787	0.345587278772841	0.0326575276191319
-0.30475865985287	-0.458298465724011	-0.730894127990551	0.742394910934409	-0.451045228737564
-0.107584941552558	0.0163516548543178	-0.230951384856736	-1.01231255114053	0.399560512457702
-0.0503614153737614	-0.215381544761286	-1.09474534763715	0.0938114403248252	-0.395516408329521
0.0253719785174391	0.124595085522393	-0.458848812476152	-0.155454173712272	-0.125676489488295
0.0286355384287543	0.0735427356533282	-0.479204993350068	0.115266862293882	-0.275891055243617
0.0834164010225783	0.183500621673872	-0.415416960618869	-0.405846187776235	-0.0313214845517945
0.345462431631929	0.702845106211568	-0.871657822680333	0.328609288635015	0.4555170200252
0.588006730414886	-0.0387886517053299	-0.468556211682534	-0.413086203175302	0.0630322560932676
-0.153730076455412	0.282002703709995	0.0204296590469643	0.931778162034228	0.305547632001072
0.117777108476606	0.430948803753768	0.310313750834515	-0.658616061867568	0.556040868282805
0.137159559146479	0.093660970240402	0.0469465183154743	0.166597208059958	-0.128805832063005
0.296594039088198	0.521751869469999	-0.0651402088769229	0.051909902532957	0.563375605260724
-0.578508953057759	-0.0140590164077411	0.0367898752312374	-0.467566704616444	-0.0165218864128197
-0.277078546383045	0.097118887910943	-0.00158239750540702	-0.602866625837368	0.26032915059974
0.230761730431729	0.364540337515105	0.177606464753118	0.697060424636029	0.566638622584504
0.239285112499264	0.479965599586647	0.00952409488360365	0.339204866626554	0.46123673192154
-0.223386407219204	0.416494294361	0.665215376247344	-0.172571009677996	0.132065847066045
0.141991927708473	0.538121426486539	1.36549351299365	0.00644354754862504	0.396203998973579
0.384704896856943	0.598732824032979	0.558912869263731	0.312571968471258	0.717712403200237
-0.120479904453134	0.659860158904472	0.369502115428433	0.323984130855727	0.209275526024422
0.124772075316354	0.371247740209768	1.52242195090622	-0.372022569291513	0.322600116513933
0.296082201825348	0.351206462896468	2.03859125440248	-0.376076629569522	0.234145599080529
0.489206773736386	0.597272053451579	0.385093863713227	-0.704320832433518	0.0329752403061813
