-0.216669375131955	0.768744058598183	-0.195652473109509	-0.215567145042629	0.51475419050883
0.11223822936893	0.862520482450074	-0.877870197039121	0.67540691350528	0.246168551063671
-0.429570626581196	-0.0193290010566524	-0.508080644575922	-0.0911204335279867	-0.337326517019686
0.475007004513679	0.170631584147774	-0.472152358783501	-0.447753155447573	-0.45485942452006
-0.198348345829918	0.0903218887997517	-0.733736881364383	-1.18561499007909	-0.172422326029586
0.0646627778242168	0.224845046374654	-0.65588793944252	-0.85997962206521	-0.179808232345874
-0.228724634686438	0.215280713434084	-0.448799259201011	0.331123230490122	0.326852414854362
0.25698778316054	0.208104040237205	-0.236167375982333	1.00645571934586	0.604410819724827
0.14149144533278	-0.0236388708951587	0.227089193919272	0.0926190195563509	-0.0126395786961704
-0.812251023524321	-0.382164532206149	-0.964969496114942	-1.68274176930713	0.0024633657301368
-0.164151576083764	-0.181440947091073	-0.938769715862553	-1.0771975538155	-0.100413207486599
0.169931013686791	0.205499733744297	-0.719000796718466	0.0392021363409927	-0.232246494179255
-0.329707933491332	-0.0409934634024781	-0.546907664079057	0.565617804872861	-0.353640289572895
-0.124691083561667	-0.213248275890208	-0.727764974881664	-1.36102362153489	-0.529213127567342
-0.39581153878603	-0.20575532255118	-0.620597935289022	-0.300380246001744	-0.77481981867386
-0.392333918407633	-0.504168395647205	-0.97744917622923	-1.79409892243385	-0.0546250028589363
-0.149770772781311	0.0154024321708805	-0.601043036146329	-0.681131501363477	0.525968541650077
0.385301957429558	0.124430397611101	-0.24420497560344	-0.155889681865753	0.354593425111887
-0.0459928125167243	-0.460446246542168	0.0519254564278552	-0.226659391135806	0.185695323647309
0.391330371675274	-0.259984248656227	-0.259490043987659	0.696699172659233	-0.0704818677356456
0.436613129848867	0.172417218771762	0.243960029066008	-0.196646743121066	0.524539080652443
0.336600857300957	-0.179562031477591	0.490106130711914	-0.57792059105084	0.628206863071655
0.318336036092801	0.00136659971966069	0.61152063852354	0.469512128681106	0.427405244790265
-0.0641239158923597	-0.041657186801114	0.89899681286319	0.177591180912235	0.203649873525479
0.164287883809855	-0.440261981590387	0.757137879245	-0.235012517194455	0.373873059281396
0.032392858720757	-0.482946108490365	0.609247511521748	-0.286070779952437	-0.000437032202391482
0.132567299015234	-0.0625049748197049	0.577671528829962	1.29556597177987	0.00216044299515323
0.570358916817056	0.321170224887171	0.716342321196011	-0.577095000738496	0.551921970735483
0.391871937427836	-0.203669512470075	1.00789190920682	-0.0573233118686529	0.0533734161841457
0.118399698884353	-0.492658209828382	0.271794923149196	-0.477816129634888	-0.517477233748816
0.0396805185924089	0.310545707519253	0.616266366530539	-0.42978007990737	-0.340352775225067
-0.361699818178449	-0.244181126007847	0.0845181670034312	-0.161081060140074	-0.2755769418873
0.272689135616539	0.0240183929788869	0.264015256905433	0.367040587877288	-0.165038517944877
-0.0923454778363125	-0.10993534432396	0.505617738517655	0.915986994367258	0.00595295190183246
0.220099213156131	-0.377644190070264	0.882210116227226	0.174413005689199	-0.360721831107964
-0.08298254805737	0.159896136532063	0.985579232169583	0.72274724573395	0.568819927002761
0.390813995002628	-0.340443253924703	0.327783437958491	0.668059654961326	-0.25207107936365
0.506160995376982	-0.0931892258053116	1.13738485374043	-1.28300052490875	-0.259140228704154
0.187957375740343	0.291899117327543	1.15246082455131	0.0220833164720759	0.275908764365387
0.423075864937568	0.674770253438716	1.2742386083001	-0.303069187236781	0.879585927058597
0.756652744449108	0.685162839038539	1.34409122477705	0.428904111911634	0.370412260242305
1.28826059713042	0.938248895095493	1.68636139581974	0.392649584525465	0.786088573073305
0.717894388657387	0.396958307455521	1.78338758636985	0.86468963321932	0.37434761619099
0.901270295619529	0.614983472564764	1.11703014007834	0.93052967702105	0.157028655804752
0.106079733436769	0.807626265776601	0.7021084760428	-0.156652338462259	-0.125912723524948
-0.183269219070726	0.197269924892788	0.411356223373074	-0.157940259760913	-0.0364701998905625
-0.484934345154888	0.0826854985124625	0.413383554614703	0.343049581009966	-0.0459481725175363
-0.826780713649538	0.155674016491575	0.0818636761831494	0.178350508065271	-0.422238032363942
-0.303002488139083	-0.211910260644816	-0.707457427870826	-1.00685543522622	-0.821913157187657
-0.402433574319411	-0.550731558424151	-0.772173156361439	-1.51658171222874	-0.815524109305762
-0.495353924506521	-0.322559244311597	-0.916257420771593	-0.753862037036154	-0.655012448465781
-0.578320261183172	-0.384928597434971	-0.630199842296841	0.21856320732389	-0.411966095419559
-0.494004852416627	-0.37501051765988	-0.389551094949697	-0.287651510777479	-0.767906596942988
-0.444712177240015	-0.823244984643103	-0.709743013252167	-0.626875713752267	-0.621586917116608
-0.313855609522629	-0.433271161119002	-0.851030473446469	-0.990363564349287	-0.750278921613991
-0.150363553325927	-0.106104666408994	-0.667646486552349	0.12204328443902	-0.252824597294471
-0.529475936881164	-0.237905227029159	0.066777638150755	-0.0240529840380338	-0.337768817396439
-0.227663878810442	-0.684486852715058	-0.111351447324099	-0.497204596210245	-0.17202021114023
-0.248555152022827	-0.376381980467658	-0.414901996341883	0.429593891271207	-0.471509527291374
-0.237842762255152	-0.379654504634489	0.362003928714242	-1.2548408471808	-0.529339220513783
-0.451177993952326	-0.26332975232923	0.224228555315881	0.953665920122932	-0.0258630038662739
-0.193494185140798	-0.408065129768557	0.251229528279198	-0.333094227953091	-0.0869164889764476
-0.155031776343565	-0.330414652675347	0.0414996670283994	0.323621382118682	-0.157250236206946
0.0108703966489273	-0.408094595825594	-0.238129866489194	0.207895914169495	-0.0275267867035669
-0.722770336310613	-0.206564685658277	-0.0834559072622881	0.131077080713267	-0.115820001322119
0.0162475400370796	-0.338066836407912	-0.436006662644607	-0.0359731343042493	0.241030619777101
-0.174437229083857	-0.113352958972772	-0.024827950258977	0.341716922781188	0.521075490663719
-0.136155705978218	-0.398903461421549	-0.521933529252847	-0.321496730435211	-0.435058946138011
-0.614614673520795	-0.451910565819068	-0.717173302355797	0.609465335260022	-0.103151406646762
-0.0379142658867196	-0.0148333874593821	-0.775982475104128	0.292463135149474	-0.0826310366508665
-0.0504760613026169	-0.0774353648586753	-0.195751734441085	-0.339526994533535	0.0842634339118579
0.0276832806688003	0.193649684087281	-0.410663600972023	1.02043263513753	0.0559508216029434
0.142882407675844	-0.315058856700368	-0.215455965178877	0.238928309518884	-0.0999974914622404
-0.186500183075516	0.0306601103304211	-0.576318424654383	-1.01147127500891	-0.0977723087158344
-0.251778216752691	-0.320971626180681	-0.519687239547475	-0.319092138168272	0.0911765916810052
0.0870979356132378	0.318661417466633	-0.095072341323459	0.860586575170423	0.365453187152831
0.00728440885105893	0.495044499233428	0.0657826579284221	0.515988587906443	0.0250811445119641
-0.492587091982971	0.24066505017669	-0.7503823394654	-0.215238752090606	-0.381678552566709
-0.033632863513943	0.339912291389109	-0.605523420712451	-1.10207190911113	-0.229824832128946
0.608124687439506	0.425861264547029	-0.0218084456609531	1.0349934531349	0.61144786024191
0.523195223176939	0.232671825708828	0.27581215247577	0.208383063625631	0.217023704257917
-0.198435506955977	0.281816247379378	0.0973825508124565	-0.455604108536008	-0.0255227431879437
-0.101927852013061	0.154853797264762	0.0838224415908152	-0.835179206357311	-0.210137582075208
0.463595370529377	0.341648516369379	-0.339553042606928	0.879133200792291	0.312657145056235
-0.0383483851546719	0.694683930286324	0.49900389975934	1.00441481047654	0.339757372550564
0.0128495196890665	0.240544953764081	0.384783620479895	0.96904138821461	-0.238487329716522
0.0157774047181688	0.0975270818233701	0.00315666323982376	-1.07857898804206	-0.286132848751968
0.460384100626397	0.059098531847149	0.199741441382154	0.443314845624066	-0.627239253414209
0.0933180069616813	0.674374396334721	-0.00698222875842955	0.336269642060345	-0.36360212365159
-0.0542442697063431	0.448170823478081	0.46437793346538	0.406280086215397	-0.161653100642462
0.218761706203465	0.456451285943059	0.158231230590932	-0.435730025105462	-0.658473435573477
-0.177956493142372	-0.250553509543235	-0.216814909307595	0.0776937196672313	-0.166342650442193
-0.0374212295934809	0.186409224760061	-0.150804886140948	-0.0275385267001995	0.0563838582947502
-0.0852646218189704	-0.161078494575173	-0.00996439310450314	0.334318022856638	0.204794721713313
-0.0382606795955408	0.0555728611070172	-0.0802621019905726	-0.121623888045354	-0.219661449437097
0.1658744051616	-0.242128425648014	-0.204434765164501	0.0722874385250362	0.0897386050108332
-0.0615768900158028	0.226056620103933	-0.254806043754839	-0.305319653520344	0.00412485843409944
-0.126403081173307	-0.270890155554416	-0.439477711142576	0.10674760049277	-1.02638566906611
-0.278289469406748	-0.0293403790555169	-0.581164108898136	-0.640739304579349	-0.105926253615548
0.634282571579546	0.0711690948756703	-0.219820016779193	0.112917553930438	-0.0101920883844472
-0.0081738852784612	0.446205287147443	0.0208472547794348	0.343346561629942	0.0176259192290793
-0.350967727825721	0.137787256312103	-0.680480069649391	-0.222169057969726	-0.18948489825462
-0.428793448293163	-0.193908359883913	-0.690905102314804	0.16718354227532	-0.41265763710062
-0.360157433160725	0.0341315701300444	-0.470183392375119	0.0844632925192131	-0.0722965058889361
-0.106397792405435	-0.163250461890697	-0.290410450030683	0.72852462564652	0.184028767821549
-0.0034738477352113	-0.0996014239430207	-0.334455490380184	-0.0697501532805149	-0.476070431232989
-0.0930680393711098	-0.108381335725654	-0.945581913652581	0.590921469746574	-0.60758203048666
-0.0787718134626706	-0.160308949989669	-0.618776721198644	-0.10831479264371	-0.198283438288025
0.10788245094733	0.46629891133479	-0.795905550463755	-0.678428121106826	-0.107999697495324
-0.105862600034718	0.217302081198517	0.120842031932045	0.115024526876104	-0.0811779085855425
-0.0690055737319805	0.27832144048821	0.00334039315657906	0.534817855568955	-0.544812165432786
0.0641806068529587	-0.348472208169242	-0.260936182298156	-0.0677609303094282	0.0031881668532547
0.0434676108133254	-0.370208125549886	-0.261500072009218	0.114268702072109	-0.458507671322053
0.167189237896907	0.0443744744303855	0.0157313590707494	0.426392668192325	0.186612283494132
-0.692959269175009	-0.080612294124151	0.101460227747711	0.675280096651303	0.174072438020027
0.195440087420694	-0.388860915379253	0.188982911964661	-0.426555295608375	-0.330804738355898
-0.0170038186508596	-0.729952332136815	-0.170454033565859	-0.248558690969691	0.182567367837266
-0.122943005026679	-0.174878351024446	-0.267680220381245	0.401118334322295	-0.0589165632558229
-0.502789987610016	-0.209444288044692	0.429834936989167	-0.354278773284499	0.631033266866907
0.20962108945776	-0.204207943808371	0.515715380769593	0.53285658611885	0.627937976978566
-0.106381503958335	-0.180038015242905	-0.0334746744353014	0.198546652549449	0.0594706872223858
0.224734281099126	-0.346225752852675	0.439719691247469	-0.539913423812511	0.418901868921004
-0.15197607229996	0.260305023061162	0.4985417273384	-0.00114066125443381	0.365247760254549
0.0116695116826456	0.238109537440636	0.704861751466357	1.03324476145663	1.28839871995087
0.313458649269625	0.128095279523156	0.402282771600006	0.821842744664196	0.692323495520264
0.341129968081302	-0.0062740003071973	0.747765427277834	-0.289392880390679	0.631720276009785
-0.157596739403939	0.13338206999411	0.136263793483925	1.76577500060647	0.151244296434582
-0.00800409574316039	0.271499191203454	-0.134644942687221	-0.214576710065963	0.374132149657475
0.580586993673486	0.120261768577654	0.303551100306842	0.220421316552878	0.63070357176985
-0.140657171978744	0.183354114333381	0.387695675071517	0.731609996361757	0.00892381243556959
0.135968489067233	0.157689384655349	-0.136193255226581	-0.230717328043085	-0.310344492805588
-0.311261589164818	-0.139806847965282	0.592062137893603	-0.827371478962185	-0.638881718326018
-0.329816179472467	0.169482841395803	-0.569495318869137	-1.62007671531284	0.204960296426828
-0.0592611560491316	0.100123920566255	0.19105282276547	-0.442802127345919	7.64969323940883e-06
-0.158394177848526	-0.144610169306148	-0.25557150554446	0.0931637036873491	-0.688269474527238
-0.264435418925059	-0.0869700702251759	0.0440575809458254	-0.145332577248893	-0.600438417345362
-0.159995713769967	0.158321499776149	-0.757178036849725	0.524042202802964	-0.84339063386027
0.479197248887045	-0.0148197254091052	-0.00153294327991322	-0.713716489593448	0.255667739446141
0.189462846984271	0.247815287460798	0.601890937748112	0.507734218157453	-0.206704860967153
0.599625231411782	0.50155651925426	0.288612471777097	-0.398090252247205	0.159441052331033
0.03123453676314	0.0106450805382037	0.140933392886044	-0.957981990339488	-0.335331760723437
-0.149985757626738	0.381236454976889	0.185787905144889	0.45608610684191	0.390972226054398
-0.0711746042455523	0.364823658661218	0.463842422084706	-0.831139473037509	0.47553557687774
0.456135318470651	0.241913199224631	0.41521942600748	1.32453315730178	0.180015343312702
-0.580297646832751	-0.266350868744901	-0.1848897946634	-1.61062948926275	-0.327725141652263
0.0791644879636056	-0.122731514466163	-0.0636370228602902	0.625039397235842	0.0361473728969768
0.321852750314151	0.582202477089885	0.350403114346932	-1.0284243620279	0.487325141700111
-0.1285426643372	0.268935751246983	0.359208295995266	0.375702595589849	0.455594935731734
0.25485836832178	0.256399706439898	-0.296479769372063	-0.0651501710087054	0.150720433759712
-0.0817709404155281	0.0513975307019584	-0.515496702937529	-0.763194224025173	-0.203662082768071
0.0658452180833603	0.529461856050469	-0.189349117812428	-0.387109632281726	0.784302148540097
0.337792266087321	0.618830765229946	-0.13626593701392	0.264982893935324	0.871644722531761
-0.440972658290577	0.339730064075473	0.346136977476099	0.362308915561375	0.401030890313026
0.249647064016196	0.134964614346695	0.253286298841749	0.58665714763024	0.167864601501039
0.24913956922201	-0.0298763023709609	-0.0139587102601185	0.666559799627549	0.322457138946649
0.116215071059791	0.28089843146597	0.356999824828954	-0.366856722843737	0.0803553953412098
0.194813475969677	0.313835818031928	0.0432473550098207	-0.184071768808829	-0.336903854821861
0.0944365747869885	0.0523035146472042	0.21761377237566	0.955944840001641	-0.173592974309523
0.373191649782253	-0.158259810542511	0.0595305716054278	0.793727500983621	0.163465726903648
-0.279072429928201	0.0491070318552747	-0.0264144980712363	-0.717591098629577	-0.100725633811491
-0.122078459435979	0.139526391760097	-0.232811194486789	-0.174180615404717	0.237931715580489
0.0996883903398758	-0.106141096736864	-0.231912758714705	1.39175081060331	0.776824163485588
-0.121501993341624	0.221014026352687	0.115067789328668	-0.0217526083347079	0.246919485435167
-0.568840311450711	-0.62965617362185	-0.557641841993538	0.746405404131138	-0.163590604236103
-0.262124404668115	-0.772674730587653	-0.927283529900347	-0.634524769150414	-0.264625862609885
-0.46722422955726	-0.308480715215162	-0.760049365338734	0.0623261671735922	0.0851238915027134
0.293496591694348	-0.415916004051233	-0.269935942022545	0.582507915777218	0.354766523773055
-0.0931875927845564	-0.221955455976217	-0.748731658134229	0.31444534197313	-0.103546507379676
0.0642795819996529	-0.630718256929664	0.0874057123504477	-0.0646015770156265	0.00961316793984191
0.0431138755668048	-0.406888092387125	0.071856590923119	-0.303918863035713	-0.125784505302228
0.399658764314328	-0.28673476300315	0.0735141165790919	0.271786106114341	0.385199015353554
0.320427006712056	0.0942780074402104	0.866791641796479	0.416253237323998	0.480609086186772
0.38146993417321	-0.238058371396734	0.602601727121217	1.00210991046152	0.107468185722596
0.20342617240101	-0.397104657911386	0.657225972373572	-0.628392202144771	-0.105245500064133
0.259355975409444	-0.237083514452556	0.654828368903563	0.312369167240358	0.26943766964803
0.546933060135882	-0.0353931558567948	0.635462009211662	0.218125746299456	0.255179416738342
0.553893781620649	0.359153173181701	-0.921137400224873	0.516625468623416	0.214684480415477
-0.220183480929111	-0.0225315979732701	-0.83456631705733	0.181515533874074	-0.115512684826809
-0.250154070742145	-0.255293110356774	-1.1604543296483	-0.335554499949514	-0.690129809343687
0.104661168317529	-0.0787365736156535	-1.03022544371871	-0.328972774451381	-0.319963173697273
-0.206895211083922	-0.198471100256343	-1.24181131962732	-0.00167506864275484	-0.240705673419201
-0.0420616945288102	-0.281798871221378	-0.824192664655183	-0.877036187263993	0.116246418741302
0.114748704027736	-0.313176899427943	-0.463825621444993	-0.382697150030401	0.202526787856265
-0.0483272984974804	-0.341129326344323	-0.787675238957328	1.43793109906208	0.0132650428105016
0.26105285638808	0.379187382847949	-1.12597413886177	-0.113880655440463	-0.100043795388137
-0.62832468369723	-0.106469673775767	-1.01215600351979	-0.676723179242277	-0.287314042896825
-0.266457573486392	-0.462630500529698	-0.80872074069657	0.211303388298377	-0.472004776629391
-0.0836256677356674	-0.528485757472057	-0.832817945130573	-0.464805503284524	0.174002425789757
0.099870556842857	-0.370670519019062	-0.594807144805311	0.0375520826905433	-0.060726572347235
0.568823157570427	0.483282656620802	-0.930138573211304	-0.248556649402176	-0.196314851966652
0.564536493958078	0.205860581744825	-0.394486880212589	-0.825935153957796	-0.434053914708947
0.410208354937193	0.115498618244578	0.254932623561636	1.05569828186663	0.412244573749175
-0.0761400778978961	-0.0635578660197974	-0.116195216102374	0.353297156001391	0.5622103874936
0.0148251686532367	0.294277752436087	-0.122531639981859	-0.670776759544505	1.18547157575481
-0.342422931843271	-0.269119005099184	-0.188880273536795	0.794009660158615	0.266051764202902
-0.0045773763726147	-0.731829403337497	-0.144411963355741	0.947564234011366	0.176144945033604
-0.137606246547212	-0.114174757956395	0.00707682819843617	-1.97435179513354	0.774314722967879
0.0709462920218707	-0.623301557776359	0.441218201683387	-0.319094072757447	0.405368283680297
0.0151677215365548	0.144518684215207	0.0399398346879349	0.154242641003644	0.279031506769657
0.0138140941448117	0.00325780184725084	0.640779674910626	-1.30776026701402	0.157474091798944
-0.130214954114277	-0.44101207595638	1.10538743881875	0.0287583491112857	0.201312844181063
0.572688252044206	0.265733261960177	1.05400462372119	-0.862087552718066	0.942017584658702
0.536265377201251	0.370847254933449	1.27459603662541	0.802534842964317	0.516529532675334
0.362445210225406	0.648274972892518	1.31678510708294	0.76900718571885	0.623125188488908
0.926146136589	0.535162845597157	1.1938464689141	0.130975396040076	0.780226837375985
1.08234843862525	0.461258855423144	1.35948406030308	0.555565150275565	0.0655265640768199
0.862558425303417	1.02252150075696	1.85917902202239	0.197962742169741	1.01479320673818
0.365097564171246	0.437408104190999	1.24048435287346	0.0279185787455841	0.166670984311324
0.628168293928551	0.0109525262692366	1.10813645694427	1.1082719512232	0.470613424277976
0.587867026018325	0.721433903870743	1.3224306038825	2.10930221386246	0.252354799144558
-0.146732678109715	0.133792029962018	0.867324482178054	-0.894385841705441	0.367991160119313
-0.154821215834583	0.0382393121457142	0.799529608045904	0.313517801766426	0.177874636007526
-0.239755746432783	-0.315711477691767	0.609592632079628	-0.0309774714036803	0.092563367904153
0.298549410601023	0.103481761324331	0.601020116037138	0.715416282207894	-0.0396241933589403
0.0197646107348726	0.459924129037094	0.619109954065212	-0.281624744390172	0.0856786015542978
-0.611273224020291	-0.123168784192412	0.551300330569281	0.99482231249226	-0.12044560425669
-0.0816962269039904	-0.0326758434657046	0.692433389741248	-0.66655403886911	-0.0897728050123793
-0.327734980142977	-0.424273754084592	0.222803689355457	0.793673237746403	0.170045019350006
-0.0443808736652236	0.00361863244483815	0.635164412253147	0.770784848046919	0.0868566815760702
-0.531360172161707	0.0495166577898701	0.494142333811958	0.959860001267121	-0.587819888515659
-0.346713462536472	-0.249194142291329	0.34269548674966	0.367510428971975	-0.340168722994515
0.0115856844030509	-0.0568668487270294	0.180963803082485	-0.260698276407551	-0.14005290925671
-0.445693422494642	0.0167295162110291	-0.0900434025595836	0.270743265212635	0.0437061113367188
-0.825630722049918	0.120643955363156	-0.572779663467354	0.94581335238805	-0.0409145927765559
-0.430476227986042	-0.173777266813048	-0.698088743595988	0.0573683450366694	-0.391853104727677
-0.167235721259311	-0.53921414487392	-0.446210829946045	-0.717782034144386	-0.0208432107615743
0.039102889960155	-0.0676112232296079	-0.265575374269676	-0.195210081239458	-0.24999042095509
-0.199557072698634	-0.415816590799448	-0.220862815734605	0.250546114504038	-0.490099049821278
-0.334774397787588	-0.22653918792802	0.369248404543302	-0.261390781893	-0.037954230849741
0.118473688858246	0.0107126500212854	0.193372515301847	0.712675444774123	-0.0178090767140952
-0.213427462760527	-0.374856615274667	-0.181992804519568	-0.36502876062612	-0.345863020492266
-0.264122478631887	-0.624165696096466	0.129121790010291	0.130730560192842	0.091923377045649
0.148820243564648	0.0897716386373616	-0.0129617295036563	-0.0961661838583488	-0.206120389313694
-0.304450642016696	-0.214112004388269	0.173074189383678	-0.891678005175436	-0.157281346591711
0.0467890953340137	-0.435879844655377	0.183793046063627	0.27322263595378	0.520577798788761
0.187025416406635	-0.44405263490764	-0.0888498422548543	-0.823343518548666	-0.0450031774027565
0.411375024916282	-0.265277467620798	0.29560440392116	0.30484975141972	0.392995466515529
0.0835582093764089	-0.243384254099759	0.337066596174278	0.0663351943094681	0.170415946498333
0.263844097123308	-0.190676164848582	0.184130884370305	0.304289782357543	0.663994726657552
0.0456599582609064	-0.177372670322582	0.473063346540912	-0.479257979265557	0.322956622893645
0.244371305271452	0.266555819454557	0.598085020279987	1.71229069192444	0.946904859935445
0.00907621728682064	0.233089062920414	0.346340722206343	0.166718238047893	0.227383055045488
0.373783340658078	0.304530072214864	0.28498782947644	0.199025557282398	0.769805514225765
0.0747794541042297	0.248569609302042	0.901769136129454	-0.113885452441052	0.0580592982875071
-0.179026571397857	0.282597771199895	0.760616642910477	-0.189791942068259	0.655097185564474
-0.413599751420562	0.28913080048138	0.0212442741411722	0.551391070034625	0.106655980843147
-0.0312569811357185	0.0118662512354287	0.518332317518642	0.724069816964538	-0.123890721807677
-0.128778785098868	0.110761340469659	-0.14197647225979	-0.840280086467186	0.207811203477795
-0.635013104635644	-0.134280757156657	0.328105509534232	-0.0732183868007857	-0.467502509832784
-0.163081945664338	0.357827412218956	-0.371530710749294	0.143091097676692	-0.315054385101212
-0.245962380216398	-0.196237113018752	-0.0154085301830143	-0.663724058789808	-0.397379008727388
-0.433489428165453	-0.0216027586568416	-0.543207841087656	-0.240893169403584	-0.356776976890946
-0.247700159131711	0.217182918562006	-0.756063839729532	0.424081723704665	-0.438152071959954
-0.418915463526269	-0.480877873254339	-0.710501316109579	-0.565004659849029	-0.770314791309901
0.10297920325987	-0.281328238443011	-0.653791478284798	0.0858335283204895	-0.394180304255718
-0.18617546452245	-0.129665704991511	-0.513295886664143	-0.766409129912762	-0.809447795744593
0.393933885703862	0.335782794371741	-0.65690181003433	-0.190988312074069	-0.349580932590364
-0.194849416651156	0.705573855019437	-0.481494885981299	-0.220637995942286	-0.392721250261741
-0.239988884009375	-0.57276714379707	0.00658367552639202	-0.0336931899931211	-0.679435647625055
0.539027741893735	0.0810213977778222	-0.372147996256861	0.333250789519599	0.0186898021448159
0.138614885764929	0.178432473915185	0.325984866867452	-0.283524980151719	-0.875610751687903
-0.295453568314077	0.136610851177076	-0.738184285881177	0.374907862553476	-0.355728185113556
-0.363645032034285	0.192053991666504	-0.0763776064408484	-0.00478744280540135	-0.232648999365366
0.355670775392777	-0.0886491035936364	-0.168808085058856	0.443098877921929	-0.589200892598945
-0.000573260422442352	0.34779639574955	-0.231149874041258	0.496544499800922	-0.618356233437845
0.201330270978558	0.283912776554216	0.0850880381436361	0.833936574172845	-0.178575720043273
-0.160606141938235	-0.149170041314661	-0.00539931275734979	0.230083450486439	-0.474589499463868
0.0979838958219879	-0.16836382865463	-0.134542005928233	-0.370977774627503	-0.0909820102693493
0.289891598179386	0.22407016502836	-0.185214489449342	-0.158579089879068	0.108946082087977
0.042354015946158	0.0315609875343693	0.022282567690184	1.68735857798676	-0.188322868866877
0.0253276354386702	0.000105528471738082	-0.10234231266656	-0.762289164335995	-0.078643386113662
-0.457659977414342	0.00213136611829711	0.2688003661076	0.660091641106486	-0.075815898783443
0.352656644990603	-0.0584997926088379	-0.364228109996329	-0.5556698014832	0.069917545510831
-0.0945290515268417	0.135390044476534	-0.0430146738620755	0.999965844327178	-0.484157969933636
0.109787005756198	-0.0100618653336316	0.264957977483542	0.0644954721524623	0.274074868225776
0.348540057270413	0.307686702289077	0.0499611321652118	0.835514501598262	0.0474281294558096
0.245327066414504	0.118015342155601	0.426478167600257	0.16890828585899	0.461998228128549
0.16095787240683	0.873717039997515	0.0124293573784624	1.44346084115782	0.247778681362966
0.168326591439735	0.451191055741105	0.00260418540702745	-0.791549656406639	0.176139810773702
0.228981064950092	0.357373275332401	0.669622873316695	0.533456624944722	0.32412136289266
-0.213100629264749	0.529698348116319	0.242864673377487	-0.381149172275616	0.249089665160372
-0.567822484832504	0.171954421443706	0.163219077709145	0.580974848029362	-0.0994636662426995
-0.357693836468128	0.286442543750146	-0.78439932136475	0.223477069009598	-0.321415098391774
-0.252638642604046	0.0748540071228902	-0.808626493571405	0.20427073497926	-0.362868488115637
-0.0747941932287918	0.417837444663783	-0.760901344579332	0.314757118647065	0.188062916496958
0.207965670114501	-0.0568051970049511	0.0804068293253415	-0.61793388066805	-0.128625401968658
-0.226123150732723	0.176003847537197	-0.376075610740188	-0.173446751451525	-0.164762521721981
-0.354127381127683	0.00537779108090511	-0.392861707339891	-0.434094704404893	0.00265756387516965
-0.0133825274658628	-0.0221943039154585	-0.258005346805399	0.734052799968604	0.0361926482510174
-0.236852201499508	-0.0156225925203029	0.0605096175794847	0.496766521644186	0.622664614212451
0.207259485265482	-0.281393394804428	0.276757267252482	0.586993831059278	0.0835443390929275
-0.516673049993059	-0.0249472954150365	0.0211152050914628	0.31629838479615	0.376480131560131
0.0251693226960682	0.116172414230536	-0.0758926700766871	1.13598683531136	0.0814717122436683
-0.289421139459526	-0.189231762306177	0.21664647197576	-0.39662714253146	0.475050381873428
0.155809118792238	-0.177283448531373	0.112471218466993	-0.747336491626631	0.281132779038005
-0.407207232066817	-0.175223253323522	0.362856094210277	-1.68289133477012	-0.189543221000293
-0.415408156126622	-0.14577677168308	-0.186180666688678	0.764775500997514	0.54096852767092
-0.15211463479543	-0.441459820611071	0.338354338412939	-0.133151754269504	-0.106680009067869
-0.0400253059374967	-0.314567282414163	0.259285067118301	0.0624425115112101	0.425169207434821
-0.00874352961071677	0.165181207431379	0.542804987637925	0.893075952492845	0.0726843189439173
0.0790567656056856	-0.465810365947184	0.258082632604284	-1.05759458074352	0.531406658220093
0.25682454376414	0.142326393327628	0.572955662128478	-0.911132509565861	0.262582934247127
0.363855711982469	-0.00600870775620878	0.578530467324544	1.06879158118541	0.249672436706479
0.155778265381922	0.299352268801488	0.565970952577149	-0.958048840226584	0.4048919808006
0.327332960754076	0.239221129027177	0.74819277263611	1.12505703503913	0.346152778671153
0.0913602131752106	-0.199861003932333	0.684003494136386	-0.302669236842796	0.609726756505497
0.0898664305908649	0.0765997813262101	0.801988075213246	-0.785566436879064	0.826517079301197
0.853685397661256	0.330772174143251	0.197893692413307	1.66753482763387	0.165883714679578
-0.111407477783472	0.0307592605709315	0.393976783728827	-0.759849557809048	0.707070160488182
0.182280938786321	0.196013765580855	-0.124380679735765	-0.448014573166834	0.60177504087245
-0.0106139575599066	0.0410005851056353	0.182739807422049	-0.228396146429537	0.760348366527797
-0.379867945099267	0.330393152856522	-0.499260851642127	-0.894305988486005	0.128402623597747
0.0402432605924991	0.303492674606747	-0.73923148313843	0.63277214371034	-0.154963974410737
0.108505942747161	-0.311783263433735	-0.792783560438463	-0.00865813619785779	0.0458343590942019
-0.0948551356679259	-0.0256267809766119	-0.610185683545229	-0.290084722011379	-0.151541872452621
-0.139799487232431	0.378810283182959	-0.204388842362473	-1.10695380177757	-0.299799893703916
-0.182276162702224	0.225248085474133	-0.0514406200941544	-0.0827478241556559	-0.40007664990478
-0.0145330893546903	0.0698791775324982	-0.259954573692871	0.734414014377254	-0.300063520905819
0.370651815756822	-0.247871579380148	-0.569796168579541	-0.461372725929637	-0.517117596103721
0.281808805401634	0.191612703533164	-0.307652151400194	0.00767319429566895	-0.262289012915404
-0.159514393279851	0.214155254301069	-0.676119466619767	0.550456588839936	-0.829896676957616
0.316280110452175	-0.206941197835967	-0.239669198123279	-0.611422304337492	-0.405452549053069
0.048204908898497	-0.259955092791864	-0.259192341466347	-0.830235737091725	-0.541623114953561
-0.394786070905436	0.157792559510923	-0.723703502722679	0.323417612953422	-0.66139348493922
0.0112436469022548	-0.0474605947302781	0.341516916564172	-1.50694114789279	-0.81552132811973
0.326275766064989	-0.158266465164855	-0.276046970019274	0.805955998209855	-0.113639132560936
0.856318381096954	0.319929846570694	-0.432910374066083	0.0234421893093468	-0.324300394243927
0.0649204576986396	0.165623354545737	-0.441783268117839	0.285684982322039	-0.0556508493578633
0.173526495578133	0.346875252922448	0.0134278397899086	0.149113896146905	-0.286629847338824
0.331204843654569	0.753806305711805	0.469657783248927	0.657615094278031	-0.264473369135962
0.387148059677985	0.341066504111282	0.484890742592326	-0.555874527656642	0.423094123743556
0.781846129609404	0.129306863591487	0.830764441648342	0.351585098021871	0.333535212910432
0.500756493276817	0.974956228070719	0.64325312454804	0.145444045814269	0.0344668216209792
0.173573266682658	0.232750004864359	0.45052701782468	-0.531117895960718	0.317719200936693
-0.311670131166441	0.575904392197902	0.385219525315571	-0.845828507995528	-0.283587149761639
0.316462585831501	-0.092050797872938	-0.198948994995444	-0.0143330951980581	-0.0226707594312922
0.360230803795921	0.280737783390433	0.520171731525585	-0.262910511156603	0.314064883131489
-0.33771230823559	0.324420787101242	-0.269515415898922	-0.904685083983798	-0.451889429208426
-0.204635678069784	0.282666349177257	-0.0733811169095089	-1.16997078201026	-0.244173528385557
-0.165849605642841	0.00957428606748899	-0.00124427405140085	0.461142838282222	-0.401917741571836
-0.337949600520812	-0.171008871639699	-0.242158822856341	0.219134634503043	-0.422220168397044
-0.16164211232029	-0.560638040962883	-0.377790081476867	-0.189296259265161	-0.355162458551605
-0.0942851703617395	-0.0097467506532937	-0.702111357883061	-0.502183447936768	0.236188140974284
-0.19225151628524	-0.571117781419274	-0.714301502705574	-0.3240511254177	0.107479755558251
-0.124298243136859	-0.817665488661789	-0.0829136705519127	-0.219561778860035	-0.209250988682005
0.0794573251352864	-0.383501416588956	-0.407858290832751	-0.109746582531425	0.348522788188323
-0.00267674214914308	-0.884560863751267	-0.649993722294803	-2.00833998841066	-0.0503675481973389
-0.266178711035155	-0.708244153734821	-0.388590556735985	-0.900092559560306	-0.487188101835102
-0.411553959794165	-0.762766773565269	-0.247049254615935	-0.151340122939528	0.15074840039933
-0.543699043616238	-0.82534911511372	-0.60224523493939	0.0392033788408802	-0.793972278308112
-0.919788101842042	-1.00200616050278	-0.658141922956071	-0.69862317916433	-0.910671966020538
-0.617060366780278	-0.774394751826872	-0.56113193954102	-0.859518704174285	-0.69523166966542
