0.304318880217623	0.43499450670291	-0.453603024050682	-1.13566306977003	-0.0416593865033645
-0.094551006772431	-0.00154822935590482	-0.679787185709326	1.38275955725393	-1.08778194982499
-0.0258040977996605	0.305254393173656	-0.981072553914888	0.10448388927971	-0.743354802072807
-0.0298209383777425	0.0505596977108259	-0.278301130546283	0.24285242231063	-0.46957118111241
-0.485978035094297	0.21831638970504	-0.642379254507931	-0.836358739902336	-0.383347046684096
-0.200654248993998	-0.39746124106214	-0.849320747565449	0.0143802204856818	-0.773232305625403
-0.698890026595171	-0.212843598564954	0.0152632051208315	-0.636783808184223	-0.210921424605943
0.0709218496675217	0.277572533920896	-0.495963365747461	0.319137185170532	-0.505392426004679
0.103723266776146	-0.21645220123942	-0.780512629925277	-0.0542653670127752	-0.04522569329559
-0.489167870937535	0.196709815512345	-0.304369248168843	-0.387797381111059	-0.192776491521808
0.153687052086956	-0.0953709465542483	-0.394558004288426	0.84065522843251	-0.446360373873678
-0.154312479777905	0.476001796567346	-0.185387787113852	-0.622115180305126	-0.520729941234647
-0.148585277629901	0.0744862997541145	-0.428364507653473	0.370561845449149	-0.420110034859432
0.416404236904033	0.612983727087944	-0.0132634874689874	1.20238689693073	-0.250903558169641
0.629356569484922	-0.0449579125895781	0.467974650393955	0.00589541262324915	-0.483936644646495
0.256480625657944	0.431744366216462	-0.248792560685037	-0.103472347957274	0.189007359831189
0.674369421509897	0.184998840424511	-0.206510887531318	0.567771322266648	0.0913951526435479
0.944620515891265	0.0125638504832565	0.708342326253529	-0.111950562910106	0.461086215366437
-0.209443594211964	0.900633851713705	0.162284141273791	0.433153027832112	0.405323445403683
0.612429489210207	-0.481629178006577	0.570169359947229	0.394539826463715	0.526222532876374
0.724351633450072	0.514736670001943	0.861962281967853	-1.33457355425546	0.685094686069995
0.50105500399326	0.0679910800176181	0.660705069597363	0.365894650692305	0.609155652322884
0.713466588682792	0.648298089620617	0.58262762980814	0.20001844709355	0.921556246119773
0.639653596854928	-0.454176529279843	0.345400619699013	-0.476420576064075	0.303192338364493
0.363303763035276	-0.296449755976754	0.581146698699234	0.42273461237021	0.338418488996923
0.220103447786277	0.0792462975959655	0.316986167141232	0.000881036782054067	0.510660077677675
0.740668752133165	0.0522904712761206	0.747396221092672	0.384081265811541	0.5021446491322
0.285322959026357	-0.0602240191866314	0.667728770551206	0.598000434070581	0.513128147723925
0.266333562597879	0.241535125481481	0.491245465349225	-0.0309992866810854	0.741522010132697
0.101490082940637	-0.080315376959313	0.433100665891237	0.208106915249548	0.709904901948798
0.491425024377837	0.624374446405115	0.863918111990015	-0.336946452133477	0.597488405063176
0.382928347401341	-0.392875421638023	0.717215047806486	0.372168476471088	0.74397536616691
-0.00417408471990647	-0.114064142883291	0.957366831133805	-0.920104869227874	0.378502341843699
0.661774091561101	0.783518807847799	0.669316646656955	-0.592578327684837	0.574368343540679
-0.11404996169075	0.369511989380729	1.00381441956028	-0.299435356587306	0.386598341581492
0.472237637177662	0.151824104869813	0.585748538671177	1.23187901891617	0.543588408541767
0.269726926605801	0.00899149522773799	0.44263870352352	1.00219667539616	0.449526773190835
-0.33293127341486	-0.274810127950748	0.851968628720372	-0.698474022403924	0.214667663742437
0.215057103738235	0.42246517676143	0.642395733841639	-0.376447603216982	0.418830683519677
-0.345109681479108	0.11981113733949	0.658213909577855	2.22977584976571	0.275447583337159
0.0534519387436334	0.728314851526466	1.4593184260877	-1.25925664734914	0.42841792312041
-0.242330979857413	0.115198264273665	0.685867070262322	0.11343449332658	0.440313465985754
-0.00914579818874032	-0.155440097465797	0.578081336088776	-0.395619206019893	0.173188590600468
0.201128126028813	0.768965594156861	0.980327596175261	-0.0300906808489086	0.594850420883182
0.238495542837042	0.505337865682222	0.194305254315818	1.04299149586902	0.550812731271273
0.429029100993325	-0.106215448432476	-0.220789976898443	1.23398599339496	0.474182353342922
0.306606201732588	0.409959833749826	0.00585044538908118	3.03341986790476	-0.00747694306750463
0.653880006298448	0.947003330181439	-0.174628497034938	0.249744659048822	0.116413742359201
1.04074759205459	0.639234460141099	0.210308746892726	0.222024581116116	0.334846796216277
0.570274824960626	0.395733955708424	-0.0205401425028397	-1.11128757345864	0.635707807085244
0.567838242556332	-0.132706263350897	-0.152890251045568	-0.206143217036401	0.355926282508121
0.444565755134967	-0.560266599247957	-0.834515088052824	0.713858736281899	-0.284845879585359
0.366839793760251	-0.267129721620328	0.0712258220151941	0.609602791429248	0.111550020272358
0.214570277864677	0.0128151156193627	-0.368064098189869	-0.0688126221251301	-0.1549351774113
0.146986368477813	-0.480071836733632	-0.997649813282884	0.542450415382326	-0.409447320178134
-0.750749332263309	0.0519631107287165	-0.596171895757802	-0.00403971980229306	-0.40539800342848
-0.432896500603904	-0.42607343326022	-0.388320986194843	-0.516666666148127	-0.416464837741731
-0.539279212156945	0.0756520537194802	-1.30368131675518	-0.622454637061957	-0.790207658365025
-0.721323869287533	-0.474572646470949	-1.30376277787895	-0.82149382717414	-0.748139674361612
-0.77428674180318	-0.146545814827975	-0.549670890678349	0.511908520517732	-0.43498204105497
-0.559541007673147	0.110817741409064	-1.25183329485417	-0.554825096752965	-0.686044710806868
-0.860612609344745	-0.00941316484762795	-1.2214577903568	-0.62647821963034	-1.05271483108993
-0.824488581064464	-0.178569432979564	-1.04412591242639	-1.10426145909374	-0.587229225252657
-0.288524851700744	-0.0718978672420638	-0.881211810753016	-0.885609992336584	-0.719640901382216
-0.818200394431118	0.364211623687543	-0.526927925949306	0.444370751916257	-0.737618567491988
-0.384881146378921	-0.0550564493070028	-1.11625809385693	-0.326001222536505	-0.849449468246814
-0.570518006730623	-0.316227658144096	-1.16645964387981	-0.985226590714243	-0.776639132426231
-0.680057254778997	-0.196180931357626	-0.90567497933422	-0.696073527978829	-0.928904888790003
-0.427097608524001	-0.15148117770523	-1.0067842085335	0.384541404661497	-0.339870061365177
-1.12801782296022	-0.970064576283502	-0.813865051810356	-0.960226233735697	-0.536320728973079
-0.578730612613724	-0.333537861271902	-0.32950233983216	-0.133306619957189	-0.261840939559147
-0.673426669251319	-0.109743359170583	-0.730121959314642	0.628519863316046	-0.445892331498168
-1.0307345518301	-0.238935886429083	-0.287105751235542	-0.792498857629089	-0.19857721781207
-0.552407571653073	-0.2716302182754	-0.106105347897559	-0.335102256611794	0.0316223222359288
-0.461465098856964	-0.323211468836279	0.0503125127266317	-0.380774950035638	-0.409368269686485
-0.113935186589949	-0.24533659158089	0.39075863493383	-0.901050008508057	0.16248019194385
-0.365329623880167	-0.260072255569849	0.203310986966364	-0.442688281144127	-0.00555683061992117
-0.425925436345389	-0.392749881096648	-0.217256409820691	-0.896209774193605	0.193769668591244
-0.396017393994894	-0.3631590890246	0.395174277679645	0.312963589491469	-0.585394763532561
-0.331045800139712	-0.223331029205859	0.469259087614737	-0.254813822940467	0.232147945400363
-0.335637232151676	-0.481304150568386	0.614899738091833	-0.619810865890805	0.00913964665297483
-0.421866085779352	-0.431597486251587	0.258865232898262	0.349666692196275	0.0730760036637149
-0.185370691376353	0.0657604783905135	0.463801668069976	0.656730929408402	0.108906334685039
0.110670497321141	-0.302889089653314	1.40385904390902	-0.798712306318497	0.350449624904943
0.072807967355729	-0.135169471130251	0.646061873160768	0.588852288050602	0.38930567113691
-0.152945885922947	0.100732139087467	0.492250224801249	1.21652433420554	0.185649869706974
-0.217347347944825	-0.00571671080735558	0.371887266247383	0.461151060358606	0.183058664228425
-0.156827975703896	0.192500657257266	1.1023137730675	-0.938614081306264	0.699110259654369
0.0842119669311534	0.328622960269611	0.66551976968996	-0.163292099863603	0.796023910969925
0.374921054918868	0.418432507287739	0.63887688854341	1.6791238406529	0.532975063762603
-0.214494425225534	0.482212866898443	1.54772857802095	0.183622796701591	0.485191862867949
-0.119962187884438	0.163258946947953	1.13151814579109	-0.0718866399736693	1.12934082247909
0.100375961499593	0.208351098249554	0.772499826626822	0.110596907898675	0.659314572506323
0.452303813672256	0.212906746032954	1.17456203128328	0.42163987242694	0.417277066304674
0.110237421741783	0.0727114959527207	0.994320710090393	0.0799292450297962	0.793427128288884
0.571929387513011	0.61904616354747	0.750347639599735	-0.170503707718564	0.389980677656762
0.875645920741854	0.270619916009264	0.280034536741244	-0.147124738828028	0.479662850080878
0.862651959473449	0.141784336244965	0.736705374166831	1.59838660678924	0.332864228302009
1.26726019175711	-0.272815328166488	0.0372398531976076	0.537645323503711	0.468886039775111
1.08238679448863	0.126407381506608	-0.266178893502308	-0.358855063952411	0.421067975589081
1.34499113053333	0.00446717727395519	-0.225671052746468	2.26345470182275	0.430259141807758
1.3949989208512	-0.121451081322468	0.203166724110565	1.41841571326344	0.170723409122562
1.19667574289445	0.160674763462975	0.0272887719160642	-0.314151632461003	0.203858103508503
1.33631188988039	-0.0927109031438587	-0.540261027305038	1.13709361263414	-0.121539048513231
0.306010501641632	-0.233233209906239	-0.869109889640741	-0.0301912384064045	-0.305968698031958
-0.104644790962554	0.00395932003299544	-0.387708694418171	-0.795505817646587	-0.205486103175456
-0.212243798902404	-0.0972116246258197	-0.717825795200329	-1.13256835768332	-0.45026194576888
-0.206819704196267	-0.111763156371343	-0.760122940527743	1.37526598888937	-0.441636019526354
-0.158577432199712	-0.254341011014857	-0.996989820109542	-0.528700577762075	-0.750315674347609
-1.12692729433563	-0.527664264629085	-0.0253631354975047	-2.11605664654602	-0.581406540053593
-0.677033585936219	-0.54024085195211	-1.0250519656249	-1.88231396586572	-0.574832360297426
-0.711775676973032	-0.385241839841236	-1.10081085537811	0.499117931067999	-0.916286601103353
-1.19848482176998	-0.28894058613271	-0.793167971379555	-0.90164458988761	-0.770135657509673
-0.79559452284575	0.0140734697184349	-1.13181924452085	-0.794552314066499	-0.643728919364326
-0.446585230939833	-0.336118442516339	-1.04533564078833	-1.68790261395082	-0.612994989303826
-0.701526531953243	-0.608802096480178	-1.17808421274614	-1.78660935938911	-0.774947083633647
-0.707261570214235	-0.559122830024942	-1.01991376942543	-0.633995044746774	-0.467296733667323
-0.662173628433224	-0.320015753174217	-1.21939137791154	0.252065413163512	-0.581608082319619
-0.373707733393999	-0.488482627627898	-1.20491276898393	-0.447403305529567	-0.813388350820591
-0.74254092355775	-0.0710267272618798	-1.34118333867043	-0.682263906469936	-0.480999666526523
-0.604624755286883	-0.465641644517913	-1.13509752718166	0.0952701587092523	-0.70981171447371
-0.547320600649777	-0.359146161213687	-1.09284284123555	-1.27725343105692	-0.699960012640955
-0.645820013985926	0.131614978830642	-0.892738292595609	0.0373135971951622	-0.290985460069828
-1.05318244727604	-0.418994200471152	0.166567869062675	0.331179481239262	-0.308265196746526
-0.978075246112449	-0.539679229391593	-0.213674577841526	0.241363403289311	-0.184837344474264
-0.302318581636448	0.116736943373983	-0.169860888124378	-0.680991333367948	0.11996771264817
-0.37919551799114	-0.34387441326066	0.141481518548808	0.291852871961706	0.102611851445572
-0.446077403962919	-0.655168941139499	0.166839529437397	-0.428866979792597	0.0905073013190714
-0.424445343991163	-0.445221248804466	-0.317101701861342	0.082417082869127	0.0162638085216705
-0.182436860045205	-0.143559859930172	0.278524076034061	0.031428238515196	0.159131303618465
-0.232575936819044	-0.0988937669920856	0.889665185476242	0.5048590645198	0.332402994028253
0.112624195001378	-0.303911239727899	0.604909817830105	-0.176383944511867	-0.117016940557309
0.323430174560533	-0.292062343197508	0.522830679502721	0.0544690756861581	0.272173994741685
0.15314871689846	0.0700893332520933	0.517795990643155	0.604631284171001	0.218657100503509
-0.0644292152532649	-0.299749058686514	1.20025263879656	-1.124585806535	0.593492148808564
0.207667932527438	-0.0373920129067957	1.03093369962677	-0.255679401016634	0.582068782611065
-0.312704011984115	-0.279680122864845	0.616883386162726	0.539653742641705	0.314236574467544
0.050219414879354	-0.450627051398637	0.939429720203306	0.293548660688364	0.298883901549399
0.041154316778465	0.452408678958567	1.31849749891748	-1.17122185240549	0.758951553014957
-0.0508370322566342	0.677775911766298	1.00209930978412	1.08873208062992	0.33397623354934
0.511423379824824	0.0850225497188236	0.931123834816699	0.94685261887776	0.519831141464807
0.5256979075708	0.200523416464404	1.24431928876162	-0.459348628102414	0.580078472284837
0.156680632211746	-0.0571604167805309	1.0249508043495	0.0846790170174571	0.778943731832085
0.342665654844783	0.265709775343232	1.07365975908903	0.392624650215536	0.312271956309722
0.4898303958568	-0.444756952485791	0.801682504567843	-0.637289623636868	0.247473566618832
0.485119053058121	-0.0453168827172708	1.46127051589404	0.302005790074521	0.61220853433104
-0.0559711277626665	0.411495276334668	1.09831731699781	0.165666122222986	0.343345117875377
0.263313364271525	0.00514236528384356	0.924559219646788	-0.269437803947552	0.169279111144321
0.376752261445794	-0.0505412305136046	0.751760045430901	1.30673287886874	0.335658093482635
0.802071677725976	0.328381402187167	0.762028629535469	-0.252419805525359	0.324845618156663
1.05165701291767	-0.0742119791234545	0.506810518571521	1.38126967586432	0.200371210750009
1.49017812275778	0.276112180210372	0.372743284346913	-0.369178616258464	0.364221223411481
1.33665966472141	0.314162149730856	0.132505744575566	1.06041901568009	0.619230344665584
1.9765197183829	-0.221009821121471	0.129576787326986	0.293205466468802	0.310556203121676
1.67551761789796	0.20736913349526	-1.02503036840338	0.757834049995137	-0.0646685955917155
1.38940624200833	-0.250253350817524	-0.310168205829876	0.515685397887716	-0.197063972288278
1.26719014248372	-0.173021670774746	-0.927652047912194	-0.0899434288463299	-0.461805580121932
0.462784848253879	0.0727155576212547	-0.632008345405121	0.854103402222937	-0.622167994822918
0.465539739621418	-0.141023843688986	-0.983622709734004	0.534868167927557	-0.276493517990021
-0.287740863383779	-0.155982668764209	-0.741086966765371	-2.00258383215884	-0.189715097579713
-0.395635972144218	-0.230753896237542	-1.21470016554091	0.536298962718556	-1.00585391434843
-0.679803436816269	-0.111262740518144	-1.14048874644526	-0.11415772987153	-0.668165846162599
-0.887400633184943	-0.161671258402067	-1.05959621202727	-0.331037151063801	-0.710850160969946
-0.874950613869745	-0.0726744601205315	-1.0168209298521	0.0733149363496957	-0.702905631933025
-0.897083260311896	-0.323249821316826	-1.50326524234916	0.280258511739798	-0.81058756852603
-1.08368495532214	-0.249555205331085	-0.965840309069953	-0.833585779637513	-0.883850235227297
-0.653221895646097	-0.552412086318401	-0.912404569576129	-2.1132385446925	-1.04073205917615
-0.785974137219586	-0.250164203089221	-1.06768173049013	0.094221480481772	-1.19131632229154
-0.91176980734327	-0.0161412906009918	-1.02721502381847	-0.128601357115403	-1.09046595496189
-0.56131452178104	-0.124415459146246	-1.27416404240691	0.431395597743708	-0.547296049344776
-0.911603630737161	0.169672669536939	-1.24362441321037	0.0848533484151899	-0.866022207033931
-0.81495660400253	0.00210107278906471	-1.35930084980513	0.895826123015671	-0.679935452721526
-0.920919672586179	-0.68566119795027	-1.12519309030444	-0.282535198707982	-0.779962606457797
-0.284748119492634	-0.0929653657020125	-1.43624982273017	-0.169516297398252	-0.839589083904491
-0.445050790833619	-0.317722082692078	-0.947347117600035	0.255254292102529	-0.377445079430583
-0.365008050518102	-0.0811881113280275	-0.767760962914207	-0.93281609855331	-0.568559736383316
-0.30673716017897	-0.492728802396809	-0.22620611594076	-0.152783841042037	-0.337176633231817
-0.904227831121329	0.289706336567132	-0.251994957355441	-0.210266867278861	-0.13024004464694
-0.260091060660754	0.0647376578068471	-0.172623022543108	-0.497636853360697	0.100144063401478
-0.52097717649858	0.110652229011577	-0.19592372788123	0.110504469457533	-0.0268419117237347
-0.437079832916265	0.0804515843962077	0.286708515263714	-0.450253087471031	0.242770235261533
-0.069730550979432	-0.217625607355601	0.100039788602434	0.907600471373722	-0.191790649872003
-0.218307119025874	0.163759150612391	0.429809417636642	-0.0839317646053333	0.296533696428468
-0.182232689781127	0.289302897497721	0.364124153600317	0.374806247106272	0.0688527486841599
0.18345550991776	0.121420258146675	0.485974508973583	-0.792183102580769	0.58551387159718
-0.00785894970586567	-0.256186071794902	0.244471421402326	-0.460321814675237	0.290651107863585
0.329928767164778	-0.186480497722108	0.0884767725151027	0.795021757735075	0.581628180360374
0.253383916384309	-0.301657289124177	0.659828275705661	0.0564385039808909	0.47371237280008
-1.07126538026896	0.204019030250125	0.735207308392509	-0.583883558834079	0.569151563469322
0.168817647653662	0.437421356458321	0.460161105618941	0.215908836278923	0.385525242905416
-0.310439710985248	0.115837359450596	0.517945992783287	1.05303178486408	0.551120072880596
-0.350866323299927	0.302116593690789	0.799555169722363	-0.239171966898894	0.545489313617875
-0.291242346609828	0.399944645808061	0.61393511303995	-0.306010532007173	0.728911105589808
-0.265877354732285	0.218680080199844	0.923450514754675	0.0706666260147184	0.300992745103824
0.576234035771105	0.037850194938792	1.0639706172712	0.806992027661504	0.644674032721519
0.372099941343791	0.18287544132554	1.29541423974452	0.0542380671728781	1.12377165260545
-0.294055318343771	0.430137950500007	0.712468251838582	0.4281197364648	0.647573367590636
0.393024551117994	0.367611722965228	1.42705710190362	0.159184404178248	0.849769885213563
0.0348595099772978	0.678169668284402	1.10170304971817	0.648787224057135	0.671358118118032
0.248124597944471	0.362850598052562	1.58393044294835	0.800979032820043	0.916935639016961
0.212529013871848	0.601025676201874	1.00735057560155	-0.0552711263748303	0.655712900963535
0.203243197988975	0.429534205658711	1.31361538864175	2.03555246249289	0.876735395937819
0.73767938108281	0.684401648635595	1.74124066446928	-0.121949128674729	0.930283868631857
0.169841027333548	0.726264627637543	1.24411153728296	-0.954016467880347	0.809641536086159
0.883700426275261	0.104323666171945	1.05388611840974	0.759191632610794	0.714600332880929
1.29591854142221	1.14152619830224	1.07287018431158	-0.146528310631026	0.641998645562473
1.26575135535725	0.591153206420036	1.10718341484986	1.25109084383426	0.925877360790223
1.23214519542756	0.364067125761628	0.793062149675968	-0.541317775810189	0.726126905320832
1.12220864930923	0.252339547568129	0.273554259433986	0.364813347051625	0.662809013873467
1.09327133291793	0.780216321017372	0.301400631512135	1.39055601655063	0.416882406268521
0.52033241931513	-0.303367575110718	0.0662774469062484	-0.0342703978003602	0.178405026579685
1.03946969891959	0.225284522806737	0.294668851098157	-0.297589545848652	-0.0938033698793987
0.196376836072355	0.223327299388018	-0.201310852744999	0.508092457051956	-0.479007708575817
-0.133109983958404	-0.0619672009208101	0.208220255161448	-0.703745309616028	-0.491324143068918
-0.423180964155266	-0.0244320706477351	-0.615857267454934	-0.628827565676267	-0.729616181559467
-0.548082777498788	-0.250417693490645	-0.741577271989599	0.229253459652768	-0.839920167280362
-0.64939301562724	-0.0854893928494322	-0.802928417213365	-0.57658148875783	-0.939186804164431
-0.689052360131918	0.125144753583349	-0.990778521908896	-0.357129677925219	-0.643526164011366
-0.442871766645441	-0.413768060086133	-0.857340806778775	0.0150829393319584	-0.977875280326693
-0.400687159509923	-0.141419101577246	-0.774431726193528	-0.730887231721887	-0.705656963902158
-0.502552501018774	-0.71404613913373	-0.743743059426939	-0.377005461552631	-0.717405395614563
-1.06268380658048	-0.377811554609103	-1.13219107134706	-0.452116516194689	-1.17118800548881
-1.20608599335345	-0.0483203038859919	-1.5949660739162	0.0999724698055738	-1.03589265984698
-0.771182726060185	-0.380197977017626	-1.28240881025026	-1.96432612043831	-1.17043028435851
-0.922943747168642	-0.429413071465364	-1.40713707325767	-0.167769110734635	-0.437091525062667
-0.721051348213096	-0.138572122379751	-1.17811518880334	1.150047877265	-0.632349093414041
-0.327759694370349	-0.00835230645703397	-1.16500107701448	-0.215018740424873	-0.681446985259555
-1.09260678746017	-0.130942284530551	-0.751021661276494	-1.38555108649722	-0.12247377020623
-0.583384089795754	-0.0760482170508247	-0.756837512737488	-0.0646340207503467	-0.477214153120355
-0.362416659502616	-0.301694512216566	-0.281574225451255	-1.4840800626199	-0.406197706558849
-0.230352126723405	0.279158611870206	0.0634953191341212	-0.153733119005592	-0.244017203524916
-0.268346778775344	-0.0980174374111785	-0.231918675546104	-0.168361606739654	-0.682454667229461
-0.0977668100889612	-0.580089561026167	-0.579323396692226	-0.626672049061864	-0.391536969504826
-0.300342651551955	0.163449416306249	-0.448215797142617	-0.606869942966523	-0.477751687703111
-0.194179406033347	-0.0660366081892607	-0.0191966739361323	-1.21683176053045	-0.14788118863159
-0.329550561355546	0.00181433575979929	-0.424563372138332	0.928367934940817	-0.385231929935077
0.112830853675681	0.0766918209881709	-0.182587439049293	0.661613455577498	-0.547322431086733
-0.290448749064575	-0.190480043728112	0.0988009886765703	0.599450288730836	-0.135444388823506
0.031810131181551	-0.265315187065556	0.109789116943998	0.143991013336707	-0.0542090184875072
-0.206009130415862	0.0772645083935506	-0.301251613720487	-1.33836235747665	0.0747308148374402
0.462713549766798	-0.0989416896104338	-0.048576178961897	0.464726433690158	-0.329150944462749
-0.243991374411199	-0.219286891980624	0.204410706228477	1.64436649800493	-0.191450643821917
0.0544050889558362	0.0964893240195376	0.107638652930678	0.257126315082269	0.0103413655905547
0.0184987950412396	-0.0554909056224259	0.147033873509118	-0.211194972853816	0.298742236000139
0.219063331088521	0.344672794518609	0.27130590466016	-0.571819611742746	-0.060460097493385
0.43719555247898	-0.230658884617469	0.724086583766584	-0.213791532553369	0.778545700822378
0.411189687344048	0.496501458230027	0.265651027462943	1.33971004358469	0.270229421339738
0.401518725030577	-0.512761185352442	0.431027674486985	-0.0629593022351153	0.53076586922935
0.818388073833581	0.18169387704297	0.757022354768342	0.228476172630083	0.323614492843179
0.729207235830766	0.176170898603307	0.957880608664376	-0.0732866666843867	0.630551757434101
-0.042407525613382	0.143612383996161	0.778256621113799	0.446632847294332	0.862169562668573
0.201771875440915	0.4067861840894	0.872259736609345	1.51646772291057	0.91348167425095
0.539386985474775	-0.276431503479463	0.993893655097907	0.467863022366375	0.911792694301146
0.510908966995809	-0.227547634206617	1.02155180494755	0.265582542752998	1.0266750255157
0.631618162108766	0.124785591714936	1.17293873440076	-0.261165413008516	0.632100101427858
0.585256780366709	0.168151453388601	1.27210527602115	-0.713069954741435	0.928828155389155
1.16027671155823	-0.296750726803761	0.705059012218116	-0.636905928256082	0.811326683569178
1.63321906801768	0.299145141126775	1.09499611793815	0.67584923521007	0.884942465066444
1.19707570971188	0.153601540894349	0.488421416033741	0.989148394891854	0.549786225444339
1.55538053775438	0.332825391740094	0.461177930667012	1.10324119314046	0.384741025301951
1.10581080728414	0.189629667472319	0.351762716169605	1.09684970931602	0.452950328643445
0.979249541067638	0.00903266921079448	0.239887322471473	-0.0831044602888088	0.356984720866867
0.355341128576752	0.174470649672191	-0.525147829829267	0.0208674049671563	0.0619216694957758
0.524737281489123	0.401652311030453	0.0616969610921216	0.260423350062768	0.233732903941364
-0.0296445308605934	-0.0187843395704571	-0.675283240668036	-0.891256805541215	-0.110083082820147
0.032977375672126	-0.117326087428952	-0.714888402518753	1.32023212728269	-0.204665867175306
0.110828867109699	0.312525825534784	-0.873527747597222	0.518604918585925	-0.177511091566045
-0.896961382055403	-0.37819916852849	-0.111408196774727	-0.349246847752908	-0.239846547065197
-0.502492839231723	-0.0744652615554069	-0.65979412543488	0.105663706881337	-0.438906372867268
-0.458847349505605	0.0389188550270195	-0.721316222683176	-0.536800356132013	-0.100188007155089
-0.702741390864277	0.0068284321578658	-0.597051925608845	-0.518254780172035	-0.330896193584145
-1.07703168140854	-0.212473750957095	-0.803698315466411	-0.911949999651467	-0.574371595368875
-0.605208811916617	0.214718140449973	-0.709961718300985	-0.139376656951355	-0.667471800613182
-1.02750836986183	-0.127442646971929	-0.876781519754737	-1.16584924757687	-0.677774805575902
1.75004900820344	0.662577876921247	-0.232407956512334	1.46531979332221	0.504518573222043
0.392943150365678	-0.347707059779278	-0.504070846275407	-0.455531753289094	-0.462163583197652
0.535793554374483	-0.567856503585999	-1.40711280365245	-2.80353525263635	-0.657203084870212
-0.173893488962319	-0.366217979993088	-0.453770103086493	-0.225353240336888	-1.07489106685834
-0.324898541816116	0.0950937007003406	-1.33196616073529	-1.30513007904454	-0.648053456818392
-0.459802996246523	-0.317884883365663	-1.63613730281637	-0.65842683776775	-0.57857681865883
-0.339369985073554	-0.590996566128425	-1.05515966406893	-2.55669478283327	-0.468397238031291
-0.348714117594634	-0.38709622992302	-0.672362041539317	0.809306980974923	-0.445154674319109
-0.375359135471469	0.115709419261489	-0.625226775154648	0.351052483336637	-0.163467667950071
-0.422309972492128	-0.466785694227827	-0.680547664498716	-1.86641791536553	0.162813931474861
-0.107542918114254	-0.0866108124230851	-0.0502122702061161	0.191829752068511	0.0596992560908513
0.250254692450667	0.0632514142476235	-0.00251999112555558	0.195686268422113	0.0157282216146228
0.0062928046965295	0.244483148074864	-0.622376598026746	-0.352514377454314	-0.305136755083802
-0.0596378934173193	-0.21868885347336	-0.160645686468791	0.478189110922207	-0.496406275477351
0.636101848135929	-0.501981374299149	-0.525002496117427	1.0495614164518	-0.347388738098994
-0.345191000578514	0.288833203982632	-0.191392185955143	0.772918647572327	-0.539853849935441
0.11466378516202	-0.311339378386621	-0.744315964233636	-0.15997532571996	-0.193565250451044
0.109526516443847	0.144554165154616	-0.25097213238509	0.00658434628682859	-0.0960334149806448
-0.363851997257187	0.226898606556504	0.203921244611595	0.354687286616215	0.21932964239295
-0.422249321599455	-0.115193556370942	0.0325588843031321	0.124116960826662	0.458719689757246
0.141659437570941	0.318876835555768	0.30983418105579	-0.148063267582981	0.0287263910544462
0.0673811680023023	0.422811584530725	0.863435665730615	-0.0678324467242507	0.678391135660832
-0.294381077886124	-0.340979269485202	0.689561986302679	0.0767820319865378	0.405672992011963
0.0224450379936738	0.188528558621473	0.502948585365577	0.359392654492974	0.155910298760389
0.108511050939871	0.386354325684248	0.459740766219298	-0.303528535108099	0.307015882118653
0.514681748216493	0.207292756843718	0.862409060693587	0.425406610736024	0.225832743253451
-0.158443529541983	0.111801915274282	0.516144662835349	0.513166566456594	0.664947427461852
-0.259048339055355	0.776254925651546	0.619298685928549	-0.398269008308374	0.199184964117624
-0.478019646342974	0.325841130043289	0.612819915785641	1.32591751567057	0.512290641655287
0.703216947234375	0.446152737583401	0.949184406813966	2.05528895372271	0.399099700490587
0.222450716628456	0.446802395140715	0.593750230808592	-0.592302334730902	0.74972768657619
-0.0771500739679579	0.594101989977754	0.976989169308689	0.0972149488021892	0.261345205004894
0.773170845765711	0.512640410453999	0.905051706655015	2.12643488697937	0.735982535344201
0.401236014704359	0.416806687842262	0.683308233282423	1.33879268708682	0.771869321372576
0.534038647172925	0.226131321399678	0.686922878752505	-0.644569099280006	0.36983056890433
0.96607548895958	0.305647869711763	0.873848762947968	2.04732491218132	0.365142353596444
-0.0218461583339606	0.538547453708058	1.10797203143327	1.06464976914825	0.769976871591636
0.150509953248874	0.487742033584932	0.742566340420482	1.01957522477748	0.677016517255573
0.0733481866028524	0.338100252837142	1.02767685144028	1.50322073616905	0.40728075057806
0.171521351411081	0.592340560680241	0.600982736601435	0.387249773937186	0.6204032196547
-0.224894876190011	0.16038170124061	1.07557212193833	-1.24211656931378	0.854225671006304
0.181913868495363	0.632085886550972	1.04487563030077	-1.00295005234801	0.539387721353524
0.597010726676087	0.763165696684252	1.28010045656732	0.362739713702252	0.455463847808376
0.11072367203681	0.598664848984127	1.40345011928598	-0.207128605389585	0.854700181037425
0.545362691003883	0.514239965586956	1.3207144040842	1.6408166383366	0.845495248790839
0.820266828602853	0.78208396086708	1.06940331986653	-0.0416710495211222	0.626143215437467
0.98027157764492	0.399767852793814	1.00593795360346	1.33831289966603	0.799881454939167
0.90053224898127	0.919122232649031	1.21711891083853	0.0488114252567369	0.99446564936119
0.561650705190302	0.153233039879771	0.322781944770182	1.13490301787507	0.530639175390097
0.2906812117409	0.113956597287007	0.843095343922545	-1.08953987983802	0.49832917270118
1.00922018618096	0.111316609950023	0.0555331680940062	0.315448846142893	0.458607588255845
0.300373299083931	-0.210841766992235	-0.28363490398516	-0.813025048082696	0.295783583884119
-0.21287815862243	-0.084330841610624	-0.575525170489514	-1.37499251123733	-0.592462355642419
0.00890986061501448	-0.113912438706017	-0.410031983424866	0.458546102509043	-0.596816569472763
-0.154824115233906	0.3829098010577	-0.347346056267212	-1.59962683184368	-0.0694836515146738
-0.742385382833674	-0.608687646979296	-1.26589478559471	-0.0372978921134894	-0.410808155086126
-0.822673216024799	0.285549672826808	-0.352495563158267	-1.16551517883146	-0.370520538818956
-0.0880442484531524	-0.174294451495832	-0.666136345882183	-0.832677941601699	0.0692624500326218
-0.844245851094904	-0.283044919511642	-0.764794112339723	-0.102867368641757	-0.367895674674122
-0.749174191351016	-0.236099319873033	-1.01642521057569	-1.42611825403639	-0.569208721756371
-0.631684778228961	-0.46544485774489	-0.967906271341068	-0.801633227728966	-0.669179526822883
-0.244842857769508	-0.463670206084001	-1.03386963036905	-2.59236065318754	-0.686242893654125
-0.711420333756247	-0.448797475220117	-0.944027985574231	0.894320944115333	-0.672935596873026
-0.921238152987945	-0.443578663942612	-1.03764841834566	-1.52040649582591	-1.1915149162692
-0.755285071673544	-0.620418281030125	-1.35758480441758	-1.61302708455838	-1.14726932713698
-0.403030029212688	0.219203657431015	-1.2825375201261	-0.139395557600519	-1.24703205184034
-0.545773074593545	-0.660876796174618	-1.61359574737481	-0.94725810017003	-1.01215881368863
-0.904952086385059	-0.33620493654719	-1.72037108406771	-0.897214370949018	-1.1254760176499
0.00736552636149652	-0.239455526183752	-1.0197022873105	-0.256243124073013	-0.502112748353427
-0.423770437506028	-0.261372038288369	-1.11389728749811	-0.170800147631799	-0.526100214644819
-0.688560835023934	-0.45260668797959	-0.281078898632279	0.0968579001964644	-0.466078365425386
-0.182564024355735	-0.103658313503083	-0.440709648899241	-1.42709970904969	-0.323007665667221
-0.0049091796388293	0.0696063059302823	0.227781735957155	1.6455477588613	0.0197259393270208
-0.0831815837748843	-0.190913696585005	0.283357650940921	1.58744139599041	0.0991463624467669
-0.292855365595172	-0.371314766642593	0.838957798238182	1.02996067279803	0.137850423646964
0.172516208581986	0.22802889913202	0.366077319212433	-1.02335517602966	0.0649300365945791
0.130701027756461	-0.189612643066369	0.658682009928953	3.29687939694319	0.35481987777408
-0.361388543017632	-0.411398888059845	-0.0623232254215592	0.545780967170307	0.24529602055346
-0.0814711685173052	0.254815058857285	0.713379847327144	-0.0344502133773381	0.0628078295940646
-0.188478958957869	-0.230343499821586	0.570907889054013	1.06590129231585	0.489749833736739
0.221324355344584	-0.110640868414753	0.549944205557744	-0.489300934371179	0.435801241300032
-0.344472318021181	0.389440718794583	0.764877108862243	1.5453195690402	0.00169716951076876
-0.736498033493406	-0.213215893235153	0.870726329962071	1.69407844229922	0.282978606996759
0.660462378973102	0.029687675238718	1.14648656351179	-0.563446121954609	0.513388685488334
-0.225136169631785	-0.0981912175287569	0.628287008983787	-0.14963163213972	0.519134512628272
-0.354811124697639	-0.0319789996839064	1.06314408882836	1.23380811510537	0.142914278891247
0.130470224715109	-0.5408051234429	0.953596261163795	-1.1059079246246	0.056530891895567
0.048013845253826	-0.529638075402645	0.808216309605039	-0.280674439585064	-0.130395438301085
0.422490078289434	-0.152078547422514	0.254772955465142	0.0250433516705129	0.212899867179006
-0.618095080198941	-0.415451421636611	0.604212561478327	-0.698778369380656	-0.0675600415829524
-0.741633711938574	0.32711003334791	0.774002801279509	0.29230134289128	0.220678067320701
0.138725211709192	-0.341506621341089	0.0521714788657627	-0.324996985390226	0.124738818357582
-0.0718531578266891	-0.572557746755935	0.606903561374045	0.820935675090612	-0.424221668164456
-0.03893453105086	0.384724379208595	0.564167329595958	0.776313734317717	0.117024359811365
0.0949790568276806	-0.436385448620758	0.889797671605638	-0.104636363067826	0.150358886905627
-0.154764936195338	-0.273293016046708	0.0365927649894648	1.54953478305796	0.49153584919226
0.0772276056897274	-0.0587340579711434	0.415483311625476	-1.48276579704023	0.367735492976461
0.523021357444886	0.033523103056036	0.340813441909467	-0.028902606955079	0.50496097557734
0.678912203851482	-0.133958851982727	-0.602760232385434	1.48229579885015	0.809248978370746
0.426181980616955	0.0314376102652329	-0.198916623091911	0.232808902700605	0.38459232760193
1.29830202799115	-0.208006498313803	0.581365615097362	1.40431610800543	0.3455748611891
1.81703133598011	-0.448680258743997	-0.628410301791704	-0.0584430679257119	0.327537127018198
0.745895437372734	-0.154813579376965	-0.291797583443974	-0.309302800509678	-0.0680297677753755
0.827517975332826	0.108661511209235	-0.756422410458184	0.830778415673159	0.152721254344982
0.917089301700451	-0.278645752017071	-0.767584614883831	0.550240983834803	-0.280906887739163
0.935214880936625	-0.708461092657127	-1.12339996655396	1.21259245263899	-0.498343329031236
0.051000382940823	-0.316327986628079	-0.610213215783038	-1.13870879983217	-0.785970954871506
0.675270839316134	-0.206697586406771	-1.37841582910808	0.526416081204585	-0.658430601123356
-0.31618746802108	-0.624052033471827	-0.332773998557112	-1.43193809172352	-0.629759847072812
-0.619687439001064	-0.261868227712463	-0.887004505290289	-2.03775399231615	-0.964437310994841
-0.331088609022384	-0.240885712958848	-0.874539897017506	-0.258192301037318	-0.995989422277396
-0.201062651829086	0.0434385324453629	-0.96720371920968	-1.86719604578533	-0.827460209708932
-0.94100649603952	-0.604160311998624	-1.52696608304382	-0.976542810054822	-0.780868523516509
-0.986121492912824	0.367342142040486	-1.52739442276727	-0.0742505500308679	-1.20631820603981
-0.332835190276353	0.240927729123365	-1.04632698902654	-0.936888860911229	-0.144966412008167
-0.429148674909491	-0.0932936504566925	-1.86026800899695	0.905636053964553	-0.623956451328317
-0.343566935693831	0.131328525027082	-1.32880497019747	-0.0679644008201283	-0.705965887947512
0.390847503000438	-0.634838915997635	-1.54650006146729	-1.91100145856542	-0.636585768612165
0.208592707050093	0.323823663266437	-0.868857414287506	1.31989835907504	-0.611195976310503
0.0441167219608212	-0.054121411079457	-1.79902075021131	-0.149657561181538	-0.464542630590011
-0.697291002752062	-0.536357790701573	-1.15151467727699	-1.5536018037437	-0.807213313516131
-0.764661120831758	-0.449944917941864	-0.702994387552074	-0.30092393936693	-0.558840103833937
-0.320352565475981	-0.382517142683427	-0.42347596815534	-0.345997160672581	-0.420687215338322
-0.366926286909375	0.209189345765511	-0.771301241769435	-0.297962617569142	-0.414284778019177
-0.832780184644898	-0.508272061960319	-0.0334517326434848	-1.69837858705341	-0.310054179944214
0.00850302625579271	-0.470515444648225	-0.00533756631305577	-0.382743098533169	-0.198130565211049
-0.0157977259097939	-0.0481136015608135	0.0232552816996284	-1.07568643615167	0.168868293929966
0.0696669042943324	-0.265690801863408	0.490566345809584	-1.00049883985979	0.0849947034592008
-0.521425259135933	-0.173373426840073	0.691949400975544	-0.665347278534009	0.0838507749796278
-0.28296564475996	0.115160457320675	0.556776522095443	1.02196700916924	0.348820707025107
-0.361612953668433	-0.00856487066241145	-0.105899999010873	-1.96274535075912	0.319598405180024
-0.23756642688291	-0.27991716107106	0.661166405334496	1.02194260108033	0.100179673638307
-0.504147360994922	-0.107094174813982	0.546759982661676	-0.0960544833107161	0.199181906124004
-0.074642460888333	-0.21354951988198	0.573075114846367	0.462516695652017	0.318266215131841
-0.506311556297642	-0.247567536601897	0.538585759259162	0.890643346052811	0.247141470342523
-0.2920615954906	-0.21995911835253	0.811703937256608	0.397779507399594	0.127167472952666
-0.564448208138833	0.0651617376987718	0.470970978036143	-0.586548816787645	0.137234021992591
0.0442518336967062	0.0572083855013216	1.0111337857454	-0.0451992598692664	0.375639174123829
0.160594086124909	-0.441441393944636	0.287605570725708	1.36000264507982	0.382250942649148
0.102110953350959	-0.269221110629461	0.99362782401022	0.634962453092666	0.216693131938154
0.378415751925736	-0.225876402446807	0.880917835456836	-0.540762893493305	0.727638615001694
-0.260731517295282	0.835573539783338	1.4129661598019	-0.196585444111743	0.3954107517258
-0.0254565698859859	0.008570016894653	0.505994887029197	0.403098015340601	0.572930677445026
-0.481514660469329	0.322073718541066	1.44781229318449	-0.831552114930281	0.347473763595102
0.153169813959963	-0.0896181255512406	1.06931135739091	0.527801934334018	0.961069940733033
0.184051481953324	0.0744140017351935	0.64065949283676	2.09227980649792	0.136273007200707
-0.0601704988302673	0.22934416789065	0.972128918021542	-1.43558045265467	0.360703810017646
-0.261762728075453	-0.0688091459164421	0.96388530966659	1.06176152399621	0.288013537728336
0.113612803153551	0.0743757258225159	1.38494190634229	-0.0252852480526016	0.430522472310017
-0.103771818824213	-0.114683309414141	0.702396624452556	0.576343309019586	0.470797880892717
0.584546469522366	0.153318429378687	0.632439014886323	1.19394220728293	0.544946341566613
0.408596369213844	0.164095937617251	0.907750617110782	1.52334844707419	0.979828077361825
1.00731155161766	0.253583237928368	0.800023168663685	-1.7353448343851	0.476345118659889
0.947465249909224	0.370993324305847	0.410746371820756	-0.0144394328942491	0.682968255816792
0.597535098850278	-0.0385765389916376	0.387943570709178	-0.313799841734254	0.696209244805175
1.37976106622841	0.617639376378071	0.0561408759156847	2.7857532093379	0.878913287498402
0.779984706479468	-0.0304738892815846	-0.177495553042733	0.679753823311651	0.0769671380048325
-0.0243121135705791	0.345485039975822	0.0192001649475325	0.428759582922064	-0.297608784404846
0.271224260541862	-0.412596188142186	-0.251230680509134	-0.290213727925322	-0.230796425804049
0.0596652794474076	-0.0467881519441538	-0.974571125940081	0.414096499720676	-0.614506969075652
-0.620484506846652	-0.0423434345832245	-0.681390717503048	0.223027313630702	-0.632291250191343
-0.212684253319912	0.0195805215989037	-0.82942958716581	-0.733013000821865	-0.776037248083833
-0.425075761051268	0.389666513856101	-0.746796923437203	-0.018667942353198	-0.652148787142794
-0.451525340514043	0.105950323215307	-0.504350385197815	-0.104868519926633	-0.797752027895993
-0.768191093826856	-0.108836497639119	-1.13913783782369	-0.937877974785977	-0.776073620011358
-0.0447291872261251	0.362216369470671	-0.346411169279181	0.770765995582224	-0.785484640682515
-0.0520436112375372	-0.132643509427633	-0.980116511745309	-0.567462869378343	-0.52390569583865
-0.0987748172763127	-0.255862222051442	-0.546699896304381	-0.325952507256453	-1.10191409793842
-0.185924217500193	0.26013884475621	-0.797864609951665	-0.169052414253629	-0.71087871777819
-0.212686355066888	0.218629493789402	-1.33463635252995	-0.147472177839445	-0.824543448132267
-0.593777205082806	-0.724556139012971	-0.960837423603147	-1.08383720012404	-0.803729860894103
-0.221212715602931	0.122334070591762	-1.1029643398542	-0.625041386254658	-0.911693448825516
-0.478835867155435	-0.273065352002263	-1.44221895197401	-0.594254133850691	-1.02982194905448
-0.0457928752649762	0.104206601495744	-0.814933627877011	-0.648456049519799	-0.84864878242762
-0.363686871571129	-0.0275322589628905	-0.798727628559466	1.24564353969758	-0.30141400424036
-0.271874607939487	0.367177612196846	-0.197254353469125	0.109432487103861	-0.188249952632113
-0.0766302313393292	0.00202124970058367	-0.878186707160871	-2.04950737336841	-0.0599326517686482
-0.389107468345329	-0.392432083143202	-0.355789276937721	0.230640267382717	0.137287827469047
-0.117708449359723	0.390067780544953	0.271983851821417	-1.29115726640183	0.149660166376809
-0.594140914886996	0.386435077869371	0.379838788083389	-1.41645359372954	0.10591304395307
-0.260673850932799	-0.0669895019102177	0.159785247694475	1.42929858825841	0.216239887162578
-0.333714690227219	0.5358336236194	0.317543167939515	-1.46599673155332	0.137275114062715
0.127495138960607	0.179692620057072	0.108985491711282	-0.0818683237108941	0.157558027042652
0.0317046054537254	0.180900366614246	0.346967480780441	0.244422923923516	0.455245292927435
-0.470752134155559	0.272871957320036	0.80209804609451	-0.386038849615897	-0.0172996364331605
0.373349713275969	0.00694553019861579	0.65275934653807	0.0499333483362688	0.309354382369831
-0.360993737190935	-0.200181860220673	0.867801523693539	-1.7256515611731	0.259155471077113
-0.379700670459341	0.220283150412847	0.391702792014056	1.02969394240006	0.200920000214154
-0.424483579449515	0.0300522968725057	0.539562828808241	0.16797759634402	0.0503689864333872
0.163103451971081	0.337943691888499	0.666349558757116	0.0472770863236763	0.758080042311825
0.138867316152195	0.263435465338781	0.514052148820873	1.87823503830255	0.63180744031571
-0.630513397130272	0.150244940712116	0.881860965608294	0.522497506430454	0.0423626372275393
-0.242985589952455	0.283288493908079	0.511751125665586	-0.0649385068868445	0.434671375446031
0.0624242596571272	0.484885977630171	0.406344374397583	0.184637807248762	0.562906248131749
0.180301831313932	0.332245032487571	0.762589458660365	0.188589806979025	0.454850170139674
0.130928991994853	0.188007186658173	0.824909173038208	-1.13820495524333	0.352119803931655
0.179367712828578	0.739459474740105	1.11345613610886	1.503193306042	0.562729212184099
-0.0915278414866478	0.643403908654955	1.19889510349701	0.652906823189359	0.411889315997025
-0.11937986443886	0.225120739989661	0.39735311325246	-0.270862795098674	0.297276834314122
0.422691648035236	0.506243230490472	0.352362235078342	-0.104993478559951	0.307931201088261
0.219967008683763	0.619277397774345	0.608877386139949	-0.3997920602071	0.418429376787176
0.135053064333047	0.0865259519572789	0.456616326147048	0.151471520013268	0.226763316739469
-0.146512776399742	0.215438641039047	0.632501622070713	-0.0144838119399013	0.268626755930016
0.380145336558947	0.593205189205951	0.212496964202304	1.02796230061125	0.516243867203808
0.569479189164691	0.595728891519332	0.176456565130332	1.62696279510064	0.575502261882862
0.110028023841221	0.0604872323780572	0.351772838361553	-0.0167828463376586	0.291481395740793
1.11482499745137	-0.0832813722140106	0.400522995306473	1.16395857505361	1.15062888833745
0.924178605876575	0.120890262694087	-0.511501593315919	0.711532417095039	0.579255264348411
0.735915247636252	-0.0169157237255851	-0.0847657244343219	0.451997622359684	-0.00697490593831667
0.875996598099466	-0.470714093102108	-0.653750275249508	0.398690723905427	-0.288369111992034
0.475171951765058	-0.125131119150849	-0.562847527153606	-0.689069205932826	-0.173299085166656
-0.156605022936201	0.0685936860849228	-1.0639811868562	-0.551271728763259	-0.134961574077336
-0.176398299539281	-0.207721403674207	-0.816549716537614	-0.437846909748597	-0.681782476211167
-0.12105843012082	-0.115997249973754	-1.00137625913779	0.910456846873075	-0.146108888851141
-0.00698505276376159	-0.205713619489485	-1.23814522025882	-0.0920354018081345	-0.474917934890579
0.0851641965009326	-0.0778342220482885	-0.820778472861629	1.04918353962558	-0.273572286700816
-0.0388184519353573	-0.138535091379646	-0.634147043455746	0.220676831130732	-0.86122326505664
-0.364977234093052	0.51259399512974	-0.672965015502255	-0.978349765446766	-0.380905044460146
-0.233098352831768	-0.4502468867612	-1.31623428836138	0.561853211217	-0.398725064650889
-0.707388708024643	-0.122413903561897	-0.823019246988896	-1.72130597346687	-0.690122010093667
0.0665427322976775	-0.933109124798422	-1.33967866186969	0.0442059070516122	-0.639592522794584
-0.0813684584201039	-0.0110442602427542	-1.15047135372119	-0.584656657854578	-0.267429058333023
-0.711174655417932	0.435206477491148	-1.13560206670134	-0.94881053640318	-0.730477509704743
0.0240481604531307	0.0764770110683734	-1.16153017983981	-1.7125814366469	-0.361098433411994
0.122973582940284	0.0958241015642837	-1.39558336324692	0.503695044401304	-0.439407438822265
-0.373889406799696	0.148973841740188	-1.25828238481405	-1.59628070739216	-0.12032930114237
-0.541386814109422	0.0426706492295607	-1.10580116410255	-0.0340786064650904	-0.133028976845758
-0.456986769429518	0.328429033354349	-0.605983449271194	0.0122509056182336	0.0050321201717758
-0.27911095534807	0.340037640439785	-0.508209321993306	0.922318258992338	0.159091249180334
-0.460069092793131	0.293373846006012	-0.167786240645259	-1.4095188657991	0.303805459679115
-0.309472360257918	-0.187942387452597	0.225245200716804	0.797838977239953	0.196074477806754
0.264066447771777	-0.36918632089981	0.0617703454495527	0.553170060415998	0.207144305595303
-0.587697830245829	-0.253733907931062	0.181383259244665	-0.322937893863678	0.222994785968275
-0.0167490090511466	-0.456168549336638	0.761625991390156	-0.579267535202265	-0.170460250687434
0.111470436807603	-0.182262128768037	0.765119581869567	0.524722692631596	0.0709894201452737
0.314572622685092	0.120892858865201	0.562485390382815	-0.37406530708599	0.218977678654847
-0.329340748032199	-0.656945535489963	0.360856719759058	0.882407546285367	0.274234998963331
0.484366046603807	-0.0628814392649165	0.992945461628563	0.0189556538894804	0.00630116932581838
0.285690988550465	0.0517909983444942	0.720003302834236	-0.126571227340391	0.282426614136063
0.213127877076937	-0.0686512298103891	0.553819399377504	-0.79480156543119	0.302091468624718
0.0832269458381994	-0.0608861258213051	0.572492380333988	1.06897359297685	0.46797922789465
-0.0965218894660946	0.00301901659302551	0.807757020981896	-0.215992009281074	0.143777447725178
0.414121170778973	-0.324965222603172	0.742306111385183	1.04173459568047	0.299560218555677
0.109258552095797	0.0397163974752375	1.15321640052215	1.47557178690297	0.491610071801006
0.202633781150543	0.352828425435397	0.86245982294405	-2.16351895146544	0.206209006868407
-0.0865546725795304	-0.560804463250228	1.08520530175679	0.616679321857325	0.192102184437197
0.0966735309058546	-0.126947992866045	0.913747110454466	-1.17702522651369	0.536778895958831
-0.0380833213184913	-0.202517984446593	0.930641271825848	0.0814216057737623	0.278927380802058
0.0268511662569234	0.144878728011062	1.15309574203208	0.624103664390992	0.412117721236721
-0.154460768883598	-0.504573197411023	1.01375741462393	0.186794902352263	0.515712442262845
0.82040570267983	0.414277615864866	1.67127260869685	0.0475532058318715	0.675220530688428
0.663775788969362	0.132661614550352	1.13689865366947	0.316194956249421	0.677396473751229
0.382278226229616	-0.224582853265858	1.70564081311713	1.02168042892119	0.319181017110627
0.552157129499453	0.831009194562246	1.39090037355202	0.416104877288337	0.84378633447918
0.340793840604249	-0.0712138098492074	1.19167931958517	0.0152952197158209	0.76093101814329
0.718112616320702	-0.455756804388517	1.05738363184869	0.682817004340962	0.381851520940973
1.21650859289095	-0.0493265263558179	0.654872537130289	-0.352967735183532	0.508384300521302
0.932846647133701	-0.113188097780165	0.23588626496655	1.44838427366977	0.626546573779776
0.00406562494070228	0.581599755112579	0.106316692877918	-1.15215234331114	0.585530482513956
0.187255707897823	-0.0626271662401922	-0.141919826193819	-0.301836736197025	0.49537874196487
0.583902446057716	0.306857493191037	-0.403493544659539	-0.013309825669372	0.470610010220745
-0.0254821821355471	0.0506048877447757	0.181512082952363	-0.794381265633811	0.0325190716545928
-0.616294924570225	0.0662617707898643	-0.58902868734196	-0.0968202076707185	-0.262245982437479
0.327323193248873	0.172763708098062	-0.488060042489501	0.934466701579015	-0.217817156010546
0.030390890632218	0.310508950258869	-0.910693907764901	-0.864763347911047	-0.778091013176946
-0.367770808614815	-0.272126864128669	-0.308433063469762	-0.187270463762449	-0.648292607743358
-0.55465377184347	-0.152674261547944	-0.685699831192702	-1.23139809173183	-0.593176482841423
-0.241416719944204	-0.198634789948187	-1.16164188967814	1.13281788374743	-0.585742455706711
-0.860558757697153	-0.134902368419964	-0.781375019801585	2.40758633848955	-0.828461530451106
-0.352527219071717	-0.835696105118635	-0.87422540998673	0.157034026977032	-0.582247853958082
0.149676123447514	0.276270361536551	-1.1241609358187	-0.278565385238919	-1.06389082962487
-0.262979529936299	0.0209295564697619	-0.92542159472351	-1.48183015290401	-0.574962777880007
-0.388826997281204	-0.284105698373374	-0.960008674693063	0.5623646269574	-1.03398201725659
-0.217615635649187	-0.587986329320361	-1.71933691862558	-0.754609464733447	-0.93404351094166
