0.36193995892941	0.657207719396893	1.19347974874475	1.74831010419441	2.00599747245514
0.452016544533076	1.66456922082712	0.584706894440345	1.74402778261638	1.10945280853795
0.0463705350955166	0.900703113909857	0.634018653951551	1.3262930850461	0.748190104298265
-0.255478818930381	1.17693951874098	0.854489200774567	0.394435126181212	1.0570070060466
-0.465883514430059	0.527426231731022	0.87632813496397	0.283216633115516	0.57140923760984
-0.173165938876054	0.793243011886094	0.2445740814081	1.22917684478332	0.553203180983105
0.305211487534964	-1.17348366245488	0.306375685633723	-0.24946037900221	0.680244747792593
-0.593209440707412	0.852154351880134	0.152668384472495	-0.40413817137673	0.110146299097216
-0.341967690590418	-0.308154238319297	-0.125913121190801	0.451908822615157	-0.130592469237922
0.0585720420076725	0.973085777205121	0.0447954762162012	0.109012172803174	-0.0318174162533721
0.0263441771454609	-0.138888172118805	-0.112350676747244	-0.236819960541152	0.0491241987705232
-0.241795245049568	0.346838473305446	0.178071068323548	-0.121021621332943	0.263765712484702
-0.560014128379001	-0.101417344218098	-0.596938515386425	-0.182226300713216	0.137650963132129
0.0997979793721085	0.113762486344015	-0.761673040958143	-0.0630970874560138	0.30801537640284
-0.10372780529757	0.283616508050668	-0.818460999711854	0.35752284269961	0.847572182012242
-0.334512277115264	-1.26959697041039	-0.389721785986451	-0.137519370097667	0.31163595571113
-0.165124600666827	-0.163424667129565	-0.633124141699634	0.498856723900541	0.224771250792174
-0.057009904610947	0.0879836020438926	-0.737129059778443	-0.0279616953764079	0.291363170520847
-0.363985872341296	-0.341810466407986	-0.132364456121934	-0.437444378315996	0.24240836183672
0.136357507895615	0.617959950317848	-0.0346330367787405	0.50147419236328	0.323826344193651
-0.119418355251584	-0.37404439313482	-0.712534353781517	-0.545914640019277	0.192168888891282
0.34027605894831	-0.178335680037999	-0.634455192191067	0.585775302211991	0.69064663126955
0.204749361308494	0.445434118724223	-0.0338715213784395	0.400286844758461	0.61135464515517
-0.196107468396437	1.48947979758064	-0.473521142601836	-0.274869570687522	0.180545439427542
-0.222794816007504	0.158668023105293	-0.550165013087275	-0.4668378105686	-0.183653005796303
-0.117628702248222	0.716768364672207	-0.0334158669992043	-0.472608998926668	0.0266390841245107
0.244212851561061	0.283926063024153	-0.0631872828112708	0.67309721950255	0.134015359916846
0.468322078070693	-1.16389547506452	-0.153004514484469	-1.25187044394897	-0.538296239417629
0.172696370099661	0.184081467015278	0.309858052913937	0.881683025690744	0.220177946228672
0.227346055562192	1.21033893985247	-0.0509471451380818	0.228865631928835	0.315980484378931
0.0145984472564311	-1.14957594567532	0.915439686900655	0.277762587611669	0.792790448351474
0.0741765377020825	-0.522512963859504	0.649446181459804	0.815924254580708	-0.436848577476743
0.165984323543687	1.04759902385359	0.205404678836402	0.831441792181093	-0.05778495375796
0.213673221093385	-0.082232638991173	0.307201998190414	-0.0382925074623684	0.387875159051242
-0.296644589810114	-0.772844390058931	0.794604499675834	-0.275406446786884	0.432167755593536
-0.244567317770569	-0.239033448423147	0.350177787290213	1.66239416646864	0.0324135398374202
0.0131639995901161	0.446961757299973	0.295851102399464	0.777374365678145	-0.516501180191977
0.289547324370206	0.358318482879578	-0.101033104373033	1.07175100733447	0.599058004742438
-0.199845575711334	-0.784791697997667	0.494028087376809	0.0693948042651945	0.0261310661758381
0.0639787674970119	0.0559947548607467	0.130180255255683	0.449684520255792	0.246103965242126
0.226430209197071	-0.441457085023861	0.143037604791101	-0.332202642363112	0.0503223809599102
0.049802361948381	0.0670680822259915	0.458651041098224	0.120496223884228	0.0903598236734358
0.160394708612045	0.213933906676657	0.481534647390228	0.519094773176759	-0.263834582463753
0.511074833588044	0.465787282828814	0.574983743035516	1.17491809319791	0.0494085361674899
0.428119312360409	0.104940294382342	-0.295137056651824	-0.774918028890104	0.0370698213462311
0.0827818863030041	-0.116378554464352	0.629702927006729	0.122551826955711	0.250266842644769
0.0329630838287036	0.347917770890393	0.0252201049049814	0.518502987438519	-0.0292252436368923
0.19063299403852	-0.0638359121222476	0.380894551265534	0.130122836532272	-0.360444240290528
0.224759991566683	-0.228873820028409	0.202953603586379	1.09584933506966	-0.385358247518458
-0.0203428932713442	-0.100129300765797	0.448704002412442	1.64413144644575	-0.194279363450108
0.0580057496061257	0.481804843070298	-0.360021210283046	0.0125527335549849	0.177369505576112
0.523160952411441	-0.513459261240061	-0.0837964338258837	-0.742665188049552	-0.101997388560311
0.0335538632741579	-0.398008694028389	0.0601044391953908	-0.420506959176193	0.0750087362449665
-0.129290267317339	-0.507218494395312	-0.285500215598292	1.17365136616901	-0.370816036581475
-0.109899391109249	0.134965003682361	-0.0927314774790982	-0.199189856281505	-0.3066564288176
0.238618687283544	0.570989950312718	0.0487143800084441	-0.40303713156206	-0.380451394974441
-0.0799456621005329	-0.0572004843497029	-0.168761231412444	0.235612983430749	0.372396139108413
-0.499537967679131	-0.754383837554895	0.490968097131888	-0.943390660097915	0.265395977330698
-0.531324761948951	0.000500026249376062	-0.875127458510628	1.08783638976707	-0.397665209163406
-0.214800747720212	1.04970623953689	-0.286128121069473	-0.187742197252333	0.37072924373766
-0.219468185778964	-0.150247631661892	-0.225172080017803	0.445356232691599	-0.400520727972374
0.211233699382753	0.371516912431268	-0.575395872013936	-0.248518995111665	-0.398725617735585
0.101506637610294	-0.0718637931964137	-0.441808320576562	-0.414401011351135	-0.337185408853067
-0.0779896508488005	0.00124815673649251	-0.455927836093898	0.258273034520959	0.153286488237363
-0.0814286633728004	-0.271547823599984	0.266410240710305	-0.0923777905173595	-0.389014333502268
0.296963294754726	0.862511563112804	-0.663399323880425	0.252350068811442	-0.259262389755818
0.00742109339152353	-0.414047283127615	-0.264230974584119	-0.752642434038664	-0.061467056202858
0.0440005947730611	-0.52349523770053	-0.787148121382395	-0.0769956823343697	0.412548253865419
0.112229430025465	0.18236691325281	-0.171031494774472	-0.418784487332778	-0.450744527534353
0.126917491079038	0.610686171913194	-0.527173556901521	-0.44601661750801	-0.204755419117276
0.226350262619748	0.116618271521012	-0.999021840881676	0.538135148501455	0.176095025714829
-0.206207798937694	-0.583582395216377	-0.239283820102143	0.146676515968294	0.0664526262722177
-0.252350795373438	0.375958190595488	-0.768563802836467	0.274448015052754	-0.276024942632148
0.0462634222193152	-0.321451960363986	-0.595448122922891	-0.180304894216791	-0.88698972631055
0.105712001856782	0.342133318380349	0.118153184340851	0.195864673330325	-0.121978948239326
0.205433463147035	-0.0559291755233771	-0.452612595601543	-0.71425205892726	0.0384528238067319
-0.0946992272703041	0.717529767578517	-0.209955436534678	0.661188595531309	-0.653015664258671
-0.00667723408897995	-0.74667219832168	-0.512965810411246	0.273191249179391	0.0142457232455453
-0.0786042671218767	0.609655277481642	-0.0936486483739122	0.159075242316539	-0.295041348539074
0.145478314763155	0.519794133028152	0.399863528532566	-0.11723855553593	-0.156856103538206
0.189211535301633	0.175076943391714	-0.440554648811103	-0.132569409249535	0.105937955222143
-0.0067074451139144	-0.857442306675132	0.376608561829538	-0.705214511289438	-0.141416482377345
0.0791660744786671	0.109187764349045	-0.0529648145898091	0.519643880918502	-0.611171625464923
0.323341697073963	-0.253080113663724	0.783141938179066	-0.653212471185563	-0.361137054968326
-0.01945101837198	0.50944153471665	-0.460897832028282	-0.0740823320373262	-0.218290938595793
-0.516060629897778	-0.345937872596274	-0.3096363969404	-0.16838780575679	-0.419268303033523
-0.284397686471822	0.926427409117964	-0.0570701034958558	-0.736979015141812	-0.480294065683317
0.141522188448167	0.396339701986764	0.066655360165072	-0.647137744128568	-0.434315552550998
0.0508112088978284	0.03009618352904	0.0721582423024385	-0.50426347195948	-0.257520801811804
-0.0538515120645941	0.0430176197016167	0.353998400221806	-0.372075211115077	-0.153338068368745
0.0902204886080225	-0.706895512339906	-0.120727691614825	-1.10330902138165	-0.384092547146916
-0.254425027528202	-0.375797225490345	0.240669111396778	0.0842978052702437	-0.19943936926946
0.0384319960960211	1.46911830386385	0.384710389454875	0.0283396929143944	-0.306231417428477
0.511016515075636	-0.517942004681345	0.168414660985773	0.407962966502038	-0.200226222637163
0.572434666104623	0.66100926241186	-0.256083006977979	-1.31217917970523	-0.206260214969473
0.546437323062515	-1.32108845585678	0.39530136693226	0.312049435151792	0.0741685496351021
0.310311924060644	0.300031273932328	-0.176490277906655	0.356729223787963	-0.563606980451588
0.361492818977098	0.607689758502139	-0.0734736089701051	0.737408982743786	0.11973077103847
0.169822286745038	0.616156494676538	0.216494105194715	-0.689264838283607	-0.235340871745576
-0.0999784894489222	-0.405627644074187	0.601947341283744	-0.104333977268655	-0.121631509006525
0.0410856800212387	-0.012583711086295	0.368204619015157	0.102892428788079	-0.0149831702010902
0.0581996343573518	-0.637159493486148	-0.00742376569175057	-0.00019378908759655	-0.282172407976778
-0.305313376948447	-0.105672615776723	0.408604975385026	-0.849329999973311	0.200560160805126
-0.17960450546782	-0.168248587707321	0.532492471782198	-0.33432354618306	-0.848549941779349
0.207178942064747	0.18897533202752	-0.0576187854576651	0.139083229836998	0.0346668809196994
-0.467834846264301	-0.897528058817674	0.252324136809198	-1.76623427726123	0.343750772574232
-0.366691533044456	0.166828444846556	0.363910048567676	0.18644096415967	-0.108248616560904
-0.237994708443984	-0.205005161406667	-0.408472227507862	-1.57173639143118	-0.67938379058148
-0.142608458851153	-0.244594219368548	0.135292469243833	-0.82598056461726	-0.254526944967894
-0.459280230579984	0.280952579334243	0.463698952034096	-0.65693732359177	-0.74671406121732
-0.162217051634746	-0.892693914878821	0.111230907785671	-0.0350852987780346	-0.3734484056676
0.224770272960492	-0.597642503526404	-0.193323650248241	-1.17118537295687	-0.00897654401324286
-0.15826900023605	-0.803745834915644	0.19286598971205	-0.81760202099537	0.225084850808452
-0.195189724929987	-0.240159872240298	0.160917216456718	0.167146537779539	-0.229701127441744
0.102236703992296	1.7584553976872	0.281340265360261	-0.554044207615442	-0.274183453806581
0.329981084893498	-0.471302956605245	0.173831469599567	-0.290920262782479	0.79983670590033
-0.139827605662646	0.116042159072601	0.996005663710569	-0.670947128791302	0.457705164165353
-0.161559098414862	0.40133077622942	0.785971552967597	-0.0967087096460707	0.78974167153781
0.0144610155052557	-0.60643620918929	0.765022341607467	-0.915728113260288	0.328978848123582
0.0828618992975417	0.304067879625745	0.534125107997491	0.549260031828896	0.515308041500917
-0.451600593170292	-1.84651187680273	0.582524537504364	-0.4119024459924	0.85930492195813
-0.197320319653891	0.774712996787265	0.372664233620004	0.368477247241427	0.445431513144732
-0.123586470949582	-0.0455687350109691	0.344203868040977	-0.433429490077958	0.17743951501377
-0.223285605575763	-0.511332050025427	1.35827731003909	-0.174768443309727	0.762056877113579
-0.0146041983872448	-0.442366441455309	0.0803778009548988	0.40352568952633	0.437436050712424
-0.12688015663337	-0.378096316232993	0.529106041097155	-0.0754271785274985	-0.169457483182924
-0.0207842537462413	-0.684452885453997	0.111499496224632	-0.265178012287519	-0.233067889410547
-0.197948096562592	-1.12047722582867	0.598614130018977	-1.03783193431647	-0.797983685365096
0.0514399892145675	0.0935096908868589	0.339770415333844	0.180740426226649	-0.449745551189679
-0.181243333718876	-0.0622174160264399	-0.0335926563678776	0.970763382229925	-0.585689554316847
-0.00908306772029231	-0.241605979136823	-0.351086931712112	-1.80197835256215	-0.251957442984912
-0.149343732606013	-0.428241948324042	-0.344018110989477	2.0451297775993	0.11188750467617
-0.00833217264255064	0.69313107463662	-0.207013050617532	0.268437871888215	-0.173003645754851
0.166565600895854	-0.057720445019758	-1.05341583104171	0.0447583524095132	-0.158908233019685
-0.231375698201062	-0.0196147473744512	-0.908932980605694	-0.500416606396318	-0.258943294143717
0.229201007507453	0.260969718424342	-0.242184291206932	0.037967815323025	-0.78759197948648
-0.245649975796484	-0.890174272275825	-0.729334609049854	0.324255524427156	-0.572290157275201
-0.0647647096566694	-1.17119741571592	-0.781589009945634	0.421799630580192	-0.360648575807972
-0.0782869134308453	-0.359386690215673	0.0744435297729319	-1.05656657465974	-0.767337429062616
0.1920427044507	-0.801341495003709	-0.110033994651636	1.02565028199311	-0.0492530986658114
0.239347083068414	0.318401538018215	-0.156646209668601	-0.447508064007345	-0.241520642169424
0.11948505480058	-0.684263683219519	-0.74651824986408	-0.421895407735063	0.686363447041086
0.017627192032583	-0.2680411790937	0.310335780927172	1.13143986290109	-0.828535349116142
0.0571681917102854	0.610804439332605	-0.0816533018954864	-0.902721535647027	-0.504866954809996
0.383381256158559	-0.932791490138531	-0.40327509011587	0.306531568934891	0.14233024416028
-0.116174917727632	-0.954302302821295	-0.0347186403499587	-0.450173596216959	-0.481857911303651
-0.0557439587491748	0.4080753809902	-0.658983693967632	0.570725462985944	-0.463059668650698
-0.119533921439886	5.34172502933505e-05	-0.187031116306659	-1.29193523237543	-0.904354357978793
-0.034074375595919	-0.522767415650623	-0.18425222467882	0.24162870027065	-0.251695236158196
0.161887874168891	0.181680467682191	0.260500317346588	1.29341688673354	-0.187072641166215
-0.0679638197455348	-0.77470638902167	-0.386658907931037	-0.579450092482734	-0.64129178692575
-0.116521034547408	0.292121432441914	0.0391000164809521	0.522611548559178	0.123091353171307
-0.279746043183913	-0.791657694601981	-0.0900610018576142	-0.563979408695021	-0.201660333903386
-0.278036648978301	-0.308375808325745	0.186531396425647	-1.26808785258394	-0.153304695302949
-0.108732866072403	0.362693202267597	-0.424509657454605	0.38609765402553	-0.246387435782127
-0.187374937468777	-0.985104919907099	0.0112427254791665	-1.0975619070992	-0.042833236410757
-0.212815606761173	-0.28115522164954	0.22315135760953	-0.24308906152479	-0.0241379500173209
0.0471122025881807	0.174637421768041	-0.0233300590481608	-0.907593111518778	0.0208056593364203
0.0296822086015207	-0.285572252730498	-0.0436523074454284	-0.761924381491288	0.0369794149529596
-0.187135379076806	0.345244366975863	0.0260905000256298	1.29979718788729	-0.76346330015841
0.119481774094218	-0.528898438731838	-0.140064975609342	-0.701740759385243	-0.760507755964302
-0.136891291905539	-1.35208732851096	-0.133574704107835	-1.34780180752266	0.198263160604342
-0.171637253372103	-0.173774022251002	0.201141175109741	0.872464942264003	-0.19745494638289
-0.0862387292799939	-0.37001917904616	0.429222964989597	-0.0442715371939201	-0.247775714307961
0.521248908712532	-0.179315920441946	-0.0102014740731961	-1.62630692439744	-0.0592079137802067
-0.330762785723121	-0.474102147541469	-0.433649633675542	-0.564250047945588	0.586587762760084
-0.195321661748389	0.709972367442379	0.802698363345359	0.868737198869952	-0.573228329130128
0.0560790695371795	-0.99957226870697	0.26157009048473	-1.57961114647941	-0.232319676079788
-0.0173135792397198	-1.10535788141218	0.175348068822052	0.87401118629559	0.304792645058427
-0.129246228015217	0.153091785757857	0.055125344691004	-0.481011075228749	0.115668415175239
0.209555511812249	-0.375007683349441	0.478592639905735	-0.616663840944298	-0.0665952180062395
0.118323176239686	-0.0750788948859431	0.156666006609998	-1.55197605992447	-0.0136523619990272
-0.0902250751554908	-0.389049831762799	0.547942064509996	-0.0371348180402032	0.151515912961669
0.337051992019477	0.468390368664704	0.580013169584309	0.743340636425906	0.100635163477179
0.19018272779319	0.27208117989637	0.260969302471241	-0.318996406513279	-0.00914409147469472
-0.0357916703789339	-0.470556199363067	-0.326872006685247	0.708679637440097	0.624541808276463
-0.172368690399175	0.0218109107881077	0.155316578107855	-0.500720017845837	0.1557296328423
-0.269420661497742	0.549833677345154	-0.545720435869176	0.943024175692503	0.115017709010399
-0.0975974489567862	0.17391772438946	-0.64708885843792	-1.33312974053493	0.0242749554654613
-0.441727146597816	0.199948429400654	-0.477985671386842	0.895803891983104	0.211363804620028
-0.104422195710574	0.32262666952564	-0.358968829492728	0.45172253227266	0.210709147193971
0.0514312163589693	0.274830193773772	-0.296394374934367	-0.272295985701061	0.0832399874652963
-0.322990211015551	0.66717679160261	-0.244688345793712	0.124119852345957	0.405673596882219
-0.558859595663738	-0.751921841001554	-0.0770015007915435	0.523724524500158	0.22390079738848
-0.0899308628120791	0.63534845688321	0.86640236753478	-1.40704074499899	-0.459675049677987
-0.0204571061178353	0.271733680922723	-0.264656865044674	0.252920203584716	-0.526650144388616
0.159481453280424	0.0395477229666514	0.0584486183352386	0.561035256304129	0.258256160915002
-0.082570904841461	-0.768981793286142	0.160894989966058	0.819780814864792	-0.111698304746789
-0.296938704954759	0.328546431835713	-0.343136123298064	-0.0123644510306291	-0.157464555817883
0.0542572917840855	0.0548451479122817	-0.751845293262578	0.296897612133447	-0.2547699448181
-0.235768619792019	-0.178066921120523	-0.194482198998776	0.177090441139969	-0.0278082852212748
-0.310609756917967	-0.535806363982633	-0.152864498417881	-1.29551631230973	-0.800352537571528
-0.227744263523877	0.73948140982615	-0.899844490092129	0.646892956468524	-0.257634353995504
0.00475271259321583	-1.19238694944008	-0.337734575808448	-0.477591405068033	0.0794689235589024
-0.363141365560813	-0.46607825271409	-0.77993133521356	0.269297668844019	-0.339982554567128
-0.283127838113271	0.471913072903318	-0.753820885704582	-0.751739610969574	-0.515037109004814
0.392231385415186	-0.246016453296977	-0.785524015152754	-0.332482006922966	0.123606663195867
-0.3182155774914	0.088263815283607	-0.925195228013723	-0.825608792113298	-0.583986772512776
-0.444949785558761	0.297120448948553	0.0424545339680429	1.02664902553284	-0.80743596821645
0.481496388856463	0.68379346651941	-0.736425971801968	0.175428750324155	-1.00282266560186
0.0511765383309746	-0.813493160670023	-0.635270719589664	-0.655920736833311	0.0767322160649635
0.343958152821184	1.35988765972878	0.027639354303634	-0.188751114170076	-0.0107155047105033
0.228881034892678	0.255055536085909	-0.395333298575835	0.814515191592624	-0.562669202056018
0.573383436941458	0.0474314464381776	-0.0894323950271599	0.168966365021479	0.749410971037355
0.114685829114749	0.254367252958894	-0.274451724205756	-0.407746146784912	-0.309355498705012
0.124484537616928	0.661337730342814	0.541048555123513	0.0902811484358428	-0.168587661659471
0.205146690522464	-0.421173397288009	0.00786426296337671	-0.161046446044811	-0.45429168987985
-0.0224653287190134	-0.54247705844839	0.378567616806153	0.0392454789740307	0.0869335730361866
-0.118209574899817	-0.168652151141489	-0.182271442928422	0.0560886413044288	-0.0361076251818953
-0.101068244702411	0.206718652822112	0.364218878303779	0.691265511895983	-0.539637685467776
-0.0506482486764248	-0.155950937232596	0.0295884236703896	-0.545409308832874	0.16867919820175
-0.0201107992415337	0.320330493421136	0.244586467514605	0.899187827714571	0.586537243898699
-0.0153311586815061	-0.439717566128339	0.0875251879740151	-0.205911836283266	-0.347232137505793
-0.27142693178439	0.231978549756969	-0.498915162310713	-0.259041520322631	0.217807492695712
-0.0551226258252367	0.343667045664982	0.20711749720373	-0.339337049815547	-0.638160228641666
0.355469327736334	0.101014825407314	-0.345645238400962	1.08765011098718	-0.00951492972591621
0.203717504303904	-0.306154706625934	0.444398957585911	-1.31886820924746	-0.104798119179111
-0.00344471143997075	-0.177265536741726	0.158502401255153	-0.11270610232844	-0.194371891387195
0.00925772123908958	0.917129722264674	0.290053142281105	-0.164583034926926	0.00614831722433958
0.474600186288008	0.32199587825133	0.187963267951578	-0.876695598681746	0.423490472629142
-0.160152052908186	0.161157622196203	0.0110701713026137	0.00790050470442571	0.637382719987066
-0.342231274115365	0.334623457523196	0.376395729619867	0.0386321355387352	-0.185277293310128
0.00624069703056016	0.975352206995739	-0.0807839391900224	0.35453608890558	0.121477970102323
0.327563771257388	-0.115549688091976	0.0773747024858641	0.0270581120637685	0.725076203605009
-0.160080346375289	-0.154215134712559	0.055340771829464	0.391933397875658	0.270099992765778
0.174692372580419	0.417838390380315	0.414850147402174	-0.213743634696078	-0.220319568191328
0.626490534536479	-0.110695366394815	-0.0592847046631345	0.139938567721066	0.36081409195372
0.0122515280175498	0.393731326129003	0.0888742763516753	-0.285074192361696	0.271929132023341
-0.379786698706675	-0.262262044547471	0.306125835735295	-0.907001156098352	0.0158753341070482
0.426168999959873	0.585671082446358	-0.0873136774216507	0.660901249418779	0.277707733952468
0.120751648417519	-0.517909948144538	0.475063756792382	-0.510693203413842	0.491892414016458
-0.00984521637222776	0.551366885209838	-0.0487030581372032	0.139338740809742	0.178056382179907
0.152526896138856	1.19466561811527	0.291908333214664	0.169575442737266	0.396868330909397
0.738897555756695	0.0804126273092751	0.640523700000108	-0.569868270340879	0.617473556399047
-0.096476771709518	0.670445830533607	0.689537041521727	-0.744654720858747	0.0544821806572475
-0.301992014000715	0.228583411189612	0.451437029751217	0.0149555148629516	-0.287499123659148
0.424119410161274	-0.273237946918607	0.107478111388559	0.517927864167737	0.815683973158643
0.119474408142224	-0.435690400433554	0.537101426480259	-0.224869798919587	0.758458702114215
-0.0453143786606307	0.672311151821975	0.484014981730574	1.12937837322263	-0.0402427430788874
-0.107554660731171	-0.277046202684966	0.324886476293139	-0.0854274373876475	-0.082440946209933
0.252068902285502	-0.642254505564153	0.139157388943642	-0.0924202791111929	0.190168818743451
-0.120031385583658	-0.0493300884297633	0.628539631460665	0.508845965679734	-0.329858489933393
0.16218925415473	0.553951385173628	-0.0879835356855346	0.675469600877574	-0.496556284107804
0.30165851746704	-0.422990692910825	0.0784036462388338	-0.355235296965433	0.382946116555844
-0.111445265078461	1.08630385951843	0.0216734877495852	0.300243771080416	0.054073246323369
0.0848791145668336	0.997889281211568	-0.165991362287042	1.25660526477294	1.32787914082305
0.424365959796776	-1.00145999098663	-0.813638005856528	-0.58937303701901	0.485400346829185
-0.102552720266051	0.521647769341916	-0.254333372465446	0.0986805215326937	0.636982248660531
0.168977023225265	0.0869437408839351	-0.292284636113424	1.69224371060584	1.10998451271368
-0.208895558454238	0.0941928162445494	-0.0764465656490234	0.605841532400882	0.618293304983199
0.024390936358641	0.572902471344355	-0.0762583216979334	1.69474495987312	0.656605896822358
0.466406622630173	0.0465339127398524	-0.696062978315789	1.41173719427174	0.106576499543757
-0.155091841129991	-0.327194639032788	-0.200263332496648	0.251333890281679	0.288153301576169
1.03751367307465	-0.0260190790017006	0.398665917244599	1.90554338662101	1.90730285636016
0.658365616273081	-0.0367979008205731	-0.29186715860336	0.449883198620328	0.812517664321945
-0.578244099985782	-0.74462437021783	0.570816148404457	0.227302379145708	0.222799489665191
0.796485422820991	-0.117404044038784	-0.102386336150496	-0.222934075808583	0.451666385426982
0.00290884499734381	0.0724496051715321	0.248368610069508	0.516064415257148	0.485195853692054
0.0597692064385216	-0.0825491095189184	-0.605564984085848	0.0151093164645242	0.421056742505002
0.177715920865628	-0.214045086733638	-0.445229992413628	0.171116859602549	0.0439088131853258
-0.245796297934196	-0.276140559858787	-0.246314830413221	0.291389000689982	0.00374951441111594
-0.349368232924729	-0.116585249648655	-0.158350405781307	-0.949899732057306	0.42849610662949
0.402661112474987	-0.841359094686481	-0.464534135896235	0.0063109415195269	-0.825629935420538
-0.786735411395952	-0.567209972266162	-0.893579731151775	0.213277884068786	-0.895312383624055
-0.134857802501196	-0.399914919035636	-0.119909088494355	-0.716616376292551	-0.255799887237194
0.00367117065220152	0.358757061297899	-0.905936373368267	-0.606058539004377	-0.238180062297134
0.161594540786675	-0.470979027241661	-1.47416527753103	-0.808558000944987	-0.666964834490001
-0.819508991438712	-0.157873752530552	-0.714578991932609	0.6909404207514	-0.914484911279661
-0.622903712902178	-1.32172705510641	-0.742549370351785	-0.438503174512504	-0.0568034831983109
0.213981581372063	-0.242433579536552	-0.796212596883267	-0.675269463525859	-0.0527529370088523
0.0414513706339729	-0.352715764667926	-1.22073694892391	0.113525103899719	0.00880819149219358
-0.0317892476122569	-0.237637995395665	-0.0257094677571649	0.336637923003999	0.216065212626821
0.758400088245363	0.438410841487673	-0.338951519850676	-1.57274120172317	1.07555920972816
0.351597661189502	0.395856757434854	0.00152794562811342	-0.415063392007499	-0.0423919561785379
-0.161624435832529	-0.186415582617605	-0.101040944512636	0.696064392351032	-0.132477209469658
-0.184039904294602	-0.162461151221391	-0.0173949465789648	-0.45241877942277	0.491378991944592
0.641929738271244	-0.0147919130459196	0.443736624973424	-0.987372641785523	0.945451330020022
0.891847524421648	0.196839523353079	-0.731059053803874	-0.571693762042642	-0.0824701028597868
-0.795334310861889	0.196338903987458	0.346204127145517	0.592046030074968	-0.333955187279028
0.586977242314152	0.396754204908699	0.27044321937078	-2.2814797210049	0.366773909893621
0.68877491544055	0.599403509896491	0.13059001794017	0.00696541792411472	0.480249054502244
0.4105352211138	-0.439466029416025	-0.0630225923723036	-0.360720366073392	-0.201760114908874
-0.651803066591825	0.0666202942043568	-0.118588585379107	-0.469229513651829	-0.599198434766413
-0.0729818777435272	0.498128823692849	0.759956004470065	-0.554087859811472	0.794738633143922
0.568078551192636	0.736554250874183	-0.0608137964280456	-1.00919253279757	-0.032660867106795
0.00290084108093789	-0.0521943447298357	-0.626151713719903	0.063166334918558	-0.330775321222775
0.23173185606088	-0.413926473332352	0.277566113655005	-0.772870681539063	0.212105513464856
0.0184831628679883	0.276322247951109	0.085908006006957	0.490111964903615	0.703833208799288
0.779568204430471	0.0980684600884566	-0.0917729033922373	-0.214461007019844	-0.166182230536446
-0.239701671988384	0.555031996208112	-0.345857599177276	0.215437944111601	-0.322819739567249
-0.61565258240789	-0.534954032836205	0.455974279789027	-0.478777520000715	0.3473767321944
0.333225622715046	0.740931916161928	0.465425559146853	-0.146218457609382	0.439168529167398
-0.00749265416065405	1.33466079330679	-0.299814278859338	-0.560560627224548	-0.00953343182207463
-0.308674420146204	-0.039834455626483	0.467737355775191	0.0861875906833832	-0.173483650852939
0.467577697249322	0.635154684691534	0.399603181229271	0.357211531610469	0.619744270228539
0.115007302018814	0.181407151936923	0.316455578637682	0.257337058591402	-0.0276208764752075
0.608489977745267	0.311162486596033	0.345307735885563	0.349817771301525	-0.169586093211701
-0.196545746716555	0.765741515825428	0.600567055855883	-1.16313480215484	0.309024605227207
0.038065239732765	0.19733662158393	0.451128035768043	-0.40975675328132	0.374025841232948
-0.098514952336169	0.787901574221612	0.158112381750589	-0.220855749353251	-0.0531763064810243
0.869863057056946	0.336109156032675	0.715454862042995	0.165405249140226	0.128163987327234
0.0129999660187681	0.244163502344556	0.560977417803889	-0.863108544427613	0.71531733616241
-0.380905310858849	-0.108808571381547	0.638921478703375	-0.402774797619123	0.242941117001473
0.282335792408176	0.143851819264142	0.631141369372997	0.334872952225718	0.389100514582351
0.676215825457629	0.419251271760211	0.423869435143518	-0.0983871472990614	0.866037073269422
-0.518695614306135	-0.0612507286017798	1.11641269271939	-0.822556024519155	0.744617518990045
0.233631724089264	0.529822837744511	0.429306916823454	0.438247090799797	-0.351501187916874
0.713338061180347	0.458803439300988	0.193239097974155	-0.577256192299647	0.00286769375738028
-0.308844336632635	-1.20140765519556	0.635971322435332	-0.211187689631279	-0.173161178601
0.118385853672919	0.759581789981639	0.156063511571595	-0.19797686508373	0.0517751572400697
0.0250352477264528	-0.129740674540703	-0.280144072924965	0.12375402861883	-0.922480535614477
0.434624849393678	0.0621618702753622	-0.735900590137756	0.0961559735894513	-0.698552031233673
-0.643459967505725	0.00774385946281751	-0.23369833627431	-0.160802354562574	0.0232719499049472
-0.0515162221000367	-0.412641308559657	-0.47834586373565	-0.477081293720402	0.0289700035879577
-0.331021599253412	0.0200959824417809	-1.14887266680605	0.353039689873578	-0.661173119470659
0.0236041367890786	0.354473690714376	-1.08548835399025	-0.0801245943273393	-0.151129619291537
-0.531062085822741	-0.12277295281297	-0.613722506509586	-0.668963915618575	0.00831185394908144
0.090850360386794	-0.163756019901696	-0.78084254308439	-0.841441098984837	-0.450012634238005
-0.246575879936817	-0.462070343021585	-1.16235335965446	-1.22817159484882	-0.600310077707652
0.529124481797399	-0.620973977838769	-0.621729807255347	-0.0175971825601804	-0.57886026848716
-0.110799851538677	0.793870040138718	-0.779028074796391	0.414851153566442	-0.886111386521978
0.0167000560627431	0.231253468349973	-0.553067080704881	-0.623474908759901	-0.780461444556015
-0.297776979236419	0.584792821284967	0.431544649522538	-1.98648765867487	-0.559660779785286
-0.318822368224655	-0.27195210466689	-0.872041846723673	-0.206463765530955	-1.20588109929839
-0.658232147985715	0.979561576108856	0.0295843134051313	-0.366759222236973	-0.59614797015771
0.584849770961158	1.19835600026182	-0.59879172086483	0.79066317326118	-0.417533046999034
-0.586794610524788	0.219771254953827	-0.0112329844889326	1.1860756424821	-0.283903016815565
0.503553513611741	-0.192671269397202	0.237306492752683	0.0568232125625541	-0.108743357178485
0.568028150211085	0.488754456127151	-0.577428958895283	-0.78109704509263	-0.312768171529536
-0.123959805563503	0.20058541877822	-0.572321566486967	0.271455337304815	-0.365261277901894
0.523323573540496	-0.290569949719326	-0.431729031073351	0.598329595152615	-0.582317864424325
0.146613247874409	0.840150852221166	0.72253982936944	0.27771605578863	0.575893223741514
0.662515155053893	0.301799378361152	0.38717342911394	0.181011619910249	-0.0794769149553637
0.463487958860443	0.239026327973666	0.93542199969355	1.30703864569544	-0.163544695184251
-0.315775264108357	-0.798304226912817	0.622086067423594	2.25371083623642	-0.149944587174489
0.544517774057593	0.805497887669713	0.859156929070878	0.45172281812719	-0.204654609946614
0.494964482246738	0.204463290998506	0.572653401516183	0.567576427609099	0.0365369823898443
0.0698759043298414	-0.0699445174677655	0.727087166691867	1.59280006865764	-0.527927962775922
0.242329987829494	0.450672131231594	0.477526611343339	0.520065733522178	-0.0291749444541917
-0.545094175214601	-0.568126963160065	0.683607612051022	0.00761013502574354	0.226916032299232
-0.366248559014953	-0.481718993472567	1.12003913922144	0.784554164841622	-0.0431102036915387
0.249697374584417	-0.771618417348558	0.369339796486021	0.328721695952297	0.0211271650365528
0.0934470757225669	0.682554183102763	0.634865450723555	0.305488238319723	0.120370832438297
0.0658763704222832	0.260358816974738	1.56262766898091	0.102513624297446	-0.0606057026447831
0.40008742824944	-0.0375932440396535	1.42794275506284	0.250328735776248	0.149894421411196
-0.175621255743107	0.340357924194612	0.996103490027768	1.38088753281675	0.193283447716777
0.557861324174667	0.818423071285503	1.44831330452701	-0.00164024737816729	0.196438398385083
0.298172352253773	-0.0332641053560007	0.938483849463215	0.721750744635753	-0.242150859802923
-0.547316984913111	-0.197627199184939	0.595262664562871	0.430287498202288	-0.416116815129062
-0.627810441204547	0.179217725398522	0.326536324255897	1.06766912740866	-0.17342076528707
-0.684725595459185	-0.483884652934167	0.33680803663313	1.07955723125806	0.1762618867776
-0.00794056421197887	-0.529670051825673	0.517497849117414	-0.448390937823227	-0.490128963323295
-0.412149882299491	0.521892324069827	-0.0487449282255501	0.216597836287039	0.107076858808864
-0.383579898343009	-0.646263337505947	-0.0843987203872803	0.176613054359173	-0.378306934688662
-0.426959342429116	0.384936593172092	0.422390682229022	-0.027222841524224	-0.00752785000360055
-0.8151300876535	-0.0721187783287	-0.0429905748919828	-0.488866700857021	-0.485102579375295
-0.399200007478875	0.0295715366175043	0.306655915258053	0.20195331434699	-0.149319541919286
-0.33878063050976	0.0962178576902279	0.112668439397429	-0.0805853946642698	0.321722772284798
0.0906928841332259	-0.641524479024525	0.0741142798800858	0.0506490312775273	0.264524346278087
-0.330120203427737	-0.730441083462184	0.0633409720038288	0.764084000191435	-0.367940174863834
-1.03321101292226	0.00233057303678124	-0.0525795833406132	0.395253117087614	-0.280888551234945
-0.660564507644507	-0.641906164663871	0.708823762010948	0.351144974831331	0.573294250709158
-0.471877602875113	-0.173630922787924	0.0500050298740415	-0.090758554905132	0.447818432758564
-0.255952155947358	-0.867822491470508	-0.32396054417809	0.20289138568911	-0.0670365653074088
-1.07774632353977	-0.307295168796879	-0.101146345934365	1.79147460329099	-0.147454653851803
-0.150104946776814	0.244416405763861	1.1067487112478	0.59956155522266	0.303324895838166
-0.0364508388963696	-0.435165694495935	0.752971815327111	-0.873167536445785	0.4774791338815
0.184210851976434	-0.546584337270609	0.0193606907164578	0.604520107497846	-0.0367650379660361
-0.307631388080004	0.0622286653815391	-0.0457926422462894	1.02237100762248	-0.447182117269125
-0.809191865014832	0.450306175299211	0.676347744947394	-0.392354375588645	0.579286390028727
-0.187367574405516	-0.754901809168615	0.175510801713486	-0.741025408098407	0.50296516949471
-0.492210060270014	0.647787115892951	0.719735401833385	0.556263008543179	0.45539904396421
0.121128639287199	0.45646903195453	-0.245060571545703	0.304379152405862	0.637291688971961
-0.688440330987605	-0.139122033632275	-0.000607943435117765	0.693587301997376	0.326595400441447
-0.0953022616419738	-0.144225678610218	0.18731409140485	-0.171514111476535	0.263280355089517
0.17368816500491	0.0763431982129312	-0.288557402133485	-0.464780908616171	0.0555436965345651
-0.161327914085868	0.495545491731886	-0.484616616433688	1.28662006000106	-0.539994666954755
-0.377165222956338	0.512953331008732	-0.822948973463395	-0.0104235972734671	-0.0276988641342472
-0.483711732896523	0.103822642599761	-0.0885160320046524	0.320527090107886	0.414387574248812
-0.00540478188370261	-1.15968585476533	-0.550568865006492	-0.150991265083321	-0.103188456812941
-0.3987916523856	0.717688513198968	-1.21882059706338	0.540367623743966	0.187701018068122
0.00200992908880533	-0.028483755419343	-0.824292945911035	-0.229781149762679	0.172951442144222
-0.399588006382636	-0.26013017264396	-0.312968161541692	0.971033339425155	-0.103007448875051
0.125765069817098	0.277470626289068	-0.231823163349343	0.110230958673654	0.529873475910083
-0.477120234648196	-0.610207716755725	-0.326595915695806	0.0242174519197114	0.120698143171518
0.148738012086857	-0.104617147109873	-0.713677132002854	0.34387614706024	-0.135048047779546
-0.585526268218889	0.00648659721149753	0.084343356034493	0.586233738857237	0.535728923194457
-0.00714446414903779	-0.674189902332918	-0.213290874460026	0.164993412823859	0.164065998592099
-0.00292078066874524	0.827608546735297	-0.515501239646811	0.827479296127807	-0.534399720065854
0.506121036877687	0.362761225586321	-0.488990729574936	0.863979431364677	-0.645929125141681
-0.296246251820548	0.152247343131258	-0.687988250858313	1.5940306363102	-0.0836938050955641
0.244499114110151	0.200307188669183	0.0275311918186466	-0.813143764932173	-0.0224019909514719
-0.143616463544682	-0.42310182506032	-0.0776157921168772	0.974705737071645	-0.246732559557406
0.335785779064084	0.146853900867461	-0.157562479958852	0.708959509063212	0.398945863203077
-0.411945247491423	0.292959205496019	0.477624525780683	0.802394389416561	0.337408815006125
-0.427332577648571	-0.905369567705006	0.171855101406668	0.587924718822319	-0.261530878607002
0.0143208490191255	-0.993814916129694	0.234024068114094	0.599918903557509	-0.125243941585595
0.351221922074919	0.867102544980812	0.386451246759407	0.286179846864131	0.207599071988017
0.222853083595911	-0.545028588752769	-0.418684051376842	0.427984176327419	-0.328043784431165
-0.651475287249534	-0.15432147543307	0.166935480494731	0.724074459702818	-0.434428853272413
0.112454678176323	-0.263406737266667	1.22107919527222	0.842617392075611	0.152510966181527
0.15705446060403	-0.792347833151485	0.282732458997369	-1.83906582151656	0.283342846315221
0.460549403664425	-0.611202897248616	0.21166666877173	0.639361871576645	-0.312360418874203
-0.935995649157577	-0.244547599948918	0.0857676157662337	0.831273796773384	-0.0377540177380534
-0.296114710829097	-0.736803130722156	-0.0300459797423742	-0.363103368820993	0.478055273907311
0.543506404040232	0.0728879596609447	-0.0107460093755551	-1.4733013745611	-0.0876681608826927
0.0505569020576715	-0.00178454289759666	-0.187309487969326	0.837155609219434	-0.294172403329058
-0.171740094574438	-0.795102229357983	-0.0432985979402326	0.019689629587445	-0.30921721808442
0.19990997828635	0.471776054961006	0.16608084585757	0.640716749068495	0.175927347523384
0.468242731290983	-0.482144098718162	0.0439597842473772	-0.770974719185643	0.309806048058054
0.108409230954113	-1.17580923059244	0.0518183088350937	1.00952390336592	0.304795599500209
0.244619109520794	0.370097261035642	0.00500423702925838	0.677618493790913	0.0420024011989159
-0.531300209428651	-0.150602073162538	-0.134201394145483	-0.724873771593268	0.760119257964541
0.292765107524347	0.231843143489277	-0.0827713251038174	-0.34457248543872	0.689372098914049
-0.126612596318965	0.591227621501721	-0.568964548489141	0.261500208976911	-0.0345596251374477
-0.24065498909052	-0.982732512646364	0.611942283129091	1.80318518809106	-0.061739443017582
-0.0437513886567032	0.355639970460332	0.323692840639141	0.269909667426055	0.480194707709249
0.033407948102431	-0.504586844856508	0.0829980818437683	0.423342990005745	-0.180448347493033
0.169339953689725	-0.119289472584802	0.0669139211378676	0.730496413972888	-0.0526026944227067
-0.63701816267824	-0.434900285564081	-0.169924187487187	0.26631938601689	0.232694011417042
-0.108621618842509	-0.691577704502109	0.00913389827089301	-0.256340416155207	0.410597351603935
0.161794413135753	-0.45301672090915	-0.699619850947178	-0.0272675753786033	-0.315205515914745
0.116122349371396	0.966031158170339	0.714259475985843	1.03207695309351	0.216476512171386
0.040398692566289	-0.448234040588073	-0.109542410510212	-0.179533900218945	0.437653279396363
0.349650696775993	-0.584237922435392	-0.0296970823053137	-0.60180873196511	0.3676588962189
0.0667079377602848	0.400227588347413	-0.697052883488743	1.15032370198628	-0.0771055739898213
-0.549656552723697	0.179589623308838	-0.0316037325984861	-0.483371751510035	0.552777061643841
-0.1504620724848	-1.09745070297802	0.165901919407828	0.27047946969225	0.29876970927259
0.42897678082188	-0.49601074988916	-0.340151641331356	0.722357354822933	0.0530385172568799
-0.413206000264491	0.43511613141188	0.185574870537752	-0.379390760103316	-0.122018190908271
0.00800137023801502	-0.155552475794029	0.529185598153434	-0.426078879727813	0.169344893760161
-0.0388920780431745	-0.323054230028735	-0.350802607459067	-0.629750088152122	-0.256814842512219
0.356009386349418	0.291130622562893	-0.219905569712852	0.0382823675935065	0.0617617836623793
-0.6653827740206	1.22935251610822	-0.396294608375068	0.606881000115168	-0.324749852698403
-0.318083440041318	0.239013191134666	0.040547266804089	-0.742771616288354	0.433347631059725
0.508137503833497	0.885919365859002	-0.251111484019418	-0.282493647031417	-0.119218574878149
0.129846771881098	-0.545333303179592	-0.552479957141897	-0.94839688252604	-0.108236165963972
-0.770284665908696	0.259191257801261	-0.412484461161551	0.597133471230869	-0.670582267212033
-0.283006060527079	-0.437704666083887	-0.158406458615358	0.223302279315077	-0.0468699980827851
0.0896331033163407	0.720059218453279	-0.422160825144956	-0.22760361972771	0.574041156284107
1.02122683449483	-0.0289470233674144	-0.303869164404179	-0.548128616326504	-0.145463147530905
-0.330444843042995	0.447501963664143	-1.37147489150392	0.563155817477678	-0.267872751077599
-0.762353488092343	-0.637808156007848	-0.583289583164081	0.377578655716283	0.100496138331134
0.13024546023267	-0.469992643950422	-0.587083137572176	-0.0905345300614252	0.423944278682801
0.640203873274699	0.280062193386656	-1.21036826043151	-0.913570265929729	0.0220767989176642
-0.607328894666302	-0.37814658825771	-1.57035523564674	-0.363110563212794	-0.190466754013176
-0.725441568564091	-0.894416306389516	-0.948600064262468	0.233947345420754	-0.742621189198233
0.231610584660766	0.174408453421193	-0.50999278008739	-0.806887869855656	-0.168611202621034
0.296844384061976	0.0401202108929673	-0.435607949492131	-1.30327066286316	0.0254869462788426
0.282390241155501	-0.980964051673397	-1.21816951924747	-1.11841525003552	-0.325938326945945
-0.093212957793675	0.447907276897315	-1.14825702719555	-0.0806569627778204	-0.94258660571405
-0.351955295442418	-0.330706772803224	-0.253985992821227	-0.281966858577631	0.0030631492426995
0.0879333197137989	-0.595603458837803	0.447728724890764	-0.740163700855634	-0.318867630105527
0.0273490008284934	0.623135731148569	-0.231317447429899	-0.38038975646835	-0.293158125620471
0.6233712418741	-0.0897445659591078	0.22731161534078	0.467414308182454	-0.048178683000198
0.24775443006252	-0.544140280593282	0.128555772279171	-0.711326067342181	0.26229055923243
0.612377863126643	0.107575688725312	0.50517602816327	-0.514691719693725	-0.143427404976632
0.0230589424203372	-0.523823655434997	0.304894501002635	-0.839870946589918	-0.0538268373463355
0.913571810272396	-0.278706874375211	0.968245796357527	-0.986135132782171	0.173251081358929
0.330056366046015	-0.162799969644394	-0.0498185547301134	-0.922483985823896	-0.0906597564493394
-0.365512097124227	-0.237150409560663	0.213681137979235	-0.882409162562345	-0.278033069622372
-0.645533054390512	0.0862816388685677	0.0999770306423961	1.10657463904544	0.0961245578579402
0.226560369911214	0.0528587239184368	0.588971464998627	-1.16934512198869	0.735116527852275
0.971320440976891	-0.507143298256845	-0.540006994176922	-0.364924703951775	0.0146342905335918
-0.637844708308461	0.58477310077139	0.0448529061500762	0.143517675044968	-0.391343062066251
0.232295212747037	0.701072945552087	1.25539149960049	0.0943690460529159	0.137282958513781
0.206866509429005	-0.213576025036619	0.36800184276573	-0.495661790088779	0.523106603925616
0.426501174721989	0.544488067107195	0.0307041080845536	0.0862093558950617	-0.298268568223773
-0.612080538544302	1.12775337236568	0.00915650692966845	0.621976471518498	0.175590908627562
-0.0273167761491671	-0.302892968150116	0.295053259033576	-2.30027448348241	0.344250351878855
0.276971741758459	0.5291135777288	0.617570865645609	-0.627528813795526	0.481912400038595
0.287518550014394	0.0570026060597474	-0.0246410249874054	0.0571658932794574	-0.0942031753028964
-0.00207221941943565	-0.0495330947800238	0.335008431832433	0.0657947263381123	-0.137041750996804
0.253299396091513	-0.0475406961162899	0.6591879500132	-0.271855004397134	0.26666776908861
0.2116318045044	-0.102538019615834	-0.55473069258793	-0.253496989983457	-0.518923449205535
0.111416670329126	-0.25367936038107	-0.0673834376264003	0.889117379110007	-0.501868508275844
-0.17368075629757	0.110072349210182	0.249227625357558	-0.946373464325396	0.147772475164799
-0.432174125926067	-0.603829280159368	0.171795889061137	-0.141802131248462	0.0177761263762252
0.196049821665889	0.306070883816128	-0.275042345232913	-0.249690427815026	-0.400311203183899
0.55855052227865	0.918544052829714	0.312933028362398	0.367011276715079	-0.113286603402392
0.170740295603492	-0.285913201292779	0.978348408152402	-0.634218297327591	0.264304377461694
0.0483019595162225	0.347375131332242	0.0150403518101387	-0.29936412590613	0.246111991883823
0.333782878359285	1.43683936880172	0.451253613700941	-0.3340414935042	0.0016618972707968
-0.408746201827705	0.0831925371645048	0.431863066380035	0.00605582627516189	0.616172475428214
0.588058438914359	0.23319218691472	0.602359856360388	0.435291272022953	0.773881749662372
-0.304713407921026	0.535947137673175	0.834526624037566	1.14356947826111	0.127334656287379
0.281101284344904	0.246066827935657	0.707870810313475	0.227697593938973	0.594577445860152
0.593510620390211	-0.158015459992815	0.29624815535434	-0.299367421907635	0.320510984766246
-0.207751274861384	-0.183368291648359	-0.0226197216802761	0.732845853908426	-0.371036926254331
-0.338260194370433	0.708731047278975	0.471092367316671	-0.229676127930763	0.203566741484606
0.907493767373373	-0.836965487777605	0.316692424799508	0.0145883587837705	0.323302305840539
-0.554100016394652	0.43382479810821	0.036077338464417	-0.475764303689528	0.242413063908512
-0.290856655688885	-0.355905988225628	0.110961953502515	0.599966919033463	0.0606658095872985
0.325431612042154	-0.507267659987836	-0.102081704346287	0.487406675061731	-0.0899391050035172
-0.270056506956093	-0.64873711733015	-0.150805982785962	-0.335363819301102	0.35827356582311
0.262044720201243	0.7446515266469	-0.342725621168118	-1.22699682174665	-0.371563909153975
-0.105728160309686	-0.345751354044509	-0.388784275181301	0.244069840024193	-0.816903695215913
0.329368944521646	0.0780737735144413	0.454840854709052	0.200124855352058	0.31478456301262
0.556235901867828	-0.558592140330033	0.358088998893135	-1.81106857709135	-0.597205037271837
-0.508787787880136	1.048554671438	-0.53232098771062	-0.684370922365235	0.0528012963026416
1.08358923082647	0.843514745334992	-0.350834638354766	-0.147301928462183	-0.612226020463545
0.478548265313159	-0.789293644534374	-0.7784393568837	-0.600550342674281	-0.460171822428628
-0.911776203505165	0.866455766066691	-0.795915325358583	-0.349756446075457	-0.840850070148006
0.664519896915222	0.54996850735015	-0.758721669133042	-0.0663174256797341	-0.66155766646393
-0.0407303622072232	0.186567309027766	-0.0762994432850073	-0.416212356500327	-0.300677845196018
0.0420463082376244	-0.624805679320813	-0.346316655729986	-0.817306895527017	-0.75231067507268
