0.272094433065258	1.32156898857396	0.468437661395986	0.710078882897054	1.28650547835921
0.349018046195089	0.650829635061975	0.241992891307825	0.300917370583991	0.120331370459573
0.490778314827614	0.452538818041662	0.0420264085758358	-0.617627803477634	-0.141863228818279
0.80810031612749	0.16204431450366	-0.542543547164435	0.135206257196944	-0.0973675116325926
-0.158353260011637	-0.0748070306600969	-0.629944810520828	-0.868223068962057	-0.286750260675358
-0.430204402851303	-0.602581013784505	-0.496645060517586	0.311241728191532	-0.42696769276447
0.241790120826402	0.333093140463706	-0.219395895287183	0.294128514887723	-0.307326511959987
-0.0246193171826965	-0.0135928504399389	-0.731258951556262	0.5260095325541	-0.272328939124211
0.50691535447371	-0.485721078292864	-0.873384608071338	0.272312197485996	-0.459926004032455
-0.474292118968483	-0.523750155608159	-0.640693868668712	0.0470506028440357	-0.246655490320156
0.175622654587362	-0.288704316945946	-0.738923989888675	0.262539065249202	-0.272073341780521
0.146065762126995	-0.781497764012851	-0.846743444946664	-0.128494299314727	-0.69382527057713
0.160614045893224	-0.432613978354701	-1.1381621450723	0.119754760134039	-0.0558679274523702
-0.289300705644786	-0.983449177707646	-0.865844867281343	0.381995687045954	-0.353579124567926
0.361435586756245	-0.32045945037196	-1.08106657558	0.968115344745686	-0.810486468402093
-0.410927731419235	0.548350519615809	-0.685991881413226	1.32697851197561	-0.261717319516438
-0.110630578997201	-0.252119018886832	-0.213598504184725	-1.43869479712998	-0.429434054717542
0.627829782355456	0.0842255466434174	-0.686694903708781	0.637350589092179	-0.366822118545767
-0.308379458298194	0.458848379759974	0.0821516558023395	-1.05040750788685	0.257550126356993
0.406715906186382	0.314661291828503	0.222758463847547	1.81253853149101	0.503784465704097
0.0299074509572471	0.691079860838681	0.658995023263311	0.717804089466385	0.0146976703662064
1.08064031992167	0.486640303026052	1.18330597148347	0.681550993646386	0.175292502208518
0.359142469813747	0.632200110167602	0.857092118495022	-0.675254608678706	0.408145990391001
0.721161685755589	0.0456768476621267	0.822977234129287	0.581373287030653	-0.0652421840042773
0.407675026694144	0.003069194215117	0.788677586988168	-0.64872170752048	0.010375566695569
0.0279768005392631	0.850757871987837	0.861973246654832	1.14723715201453	0.383844327489802
0.412998404774769	0.249917400152617	0.104687663684536	-0.477921586964629	-0.14246688450541
0.129771765756563	0.304118720808552	0.952224049683377	0.303383263355727	0.0419239350300598
-0.608052451719851	-0.119923863382984	0.465264232240516	-0.583921549210333	-0.313378728094207
0.549611891077499	0.920802503543152	0.319086675024702	-0.293748796437677	0.378223677483439
0.626260663144827	0.519994793431875	0.134936880874941	0.420125480107424	0.462880926202833
0.214480765515894	-0.0895223471877731	-0.092829382986918	0.376263179474319	0.237805612999903
0.36920643456107	0.654668284641336	0.0780715658044178	-0.312877684705918	0.32979208899977
0.0228008507016057	0.859988582915548	0.104575794499734	0.496709591671772	0.123894572131329
-0.225962137718277	-0.111585471945796	-0.48651992041404	-1.42953893287641	-0.0466917099744552
0.315848632341221	0.0242498606514062	-0.201134988846316	1.03123310480672	-0.150881386424763
0.0304546157763196	0.117490706417151	0.101192361971435	-0.485859227783352	0.20525268824228
-0.200661637880602	0.0267186894663364	0.130080239479629	-0.930840238827481	0.28586485705579
-0.232024350944774	-0.243723300632246	-0.150148087919459	-0.0341566159340858	0.0878488717670002
0.424878829178779	-0.291424978691317	-0.154786718893615	-0.225105363793467	0.0788840840939548
-0.016171970459841	0.069588982038291	-0.500513710750813	-0.688032092743732	-0.0552633782379787
-0.449997008056355	-0.0763095742610449	0.273552444119505	0.0386710773855561	-0.0999066245346964
0.567693688164854	0.25637122831943	-0.524020602513043	-0.612746395151621	0.516478872369497
-0.369069400343362	0.0382031289810551	-0.0690815218010744	1.17460062549276	-0.215576780943643
-0.0645711702368018	0.0951960211310276	-0.159422702544757	0.22741730053662	0.0572994294258345
0.214401868716179	0.575517761369914	0.224510728219872	0.99278536127939	0.519770162823069
0.687711057346141	0.786954149103655	0.365471693832113	0.150978906480085	0.120182787541101
0.420443454563702	0.471643386194774	0.436547635415722	0.755828133967654	0.479818000234248
-0.0911366175967645	-0.292248248861229	0.449927363947681	-0.171536178610209	0.196849446943396
-0.190068283218696	0.502942735441789	0.414854150929809	0.965773198233857	-0.00225891816459699
0.681305147009026	-0.0670741737047308	0.402807252146615	-0.562503124599324	0.0427957722780049
0.119920494251482	-0.175573885188433	0.622456993486443	-0.261812621050498	0.087549050144473
0.160931990979203	-0.127577417858415	0.215530370312114	-0.258066769726397	0.085007563155598
-0.410624399953807	0.0152476328251745	-0.110395045339401	-0.160327800648996	-0.374244167985674
-0.546207494502829	-0.448260967937378	0.373509151415701	-0.209370786684178	-0.399057747515272
0.433437173138142	0.167464941975779	-0.315705121657831	-0.104561721541789	0.128765417151295
-0.369231264877288	-0.656392596325063	-0.0887418329805426	0.760438434997412	-0.569503761111356
-0.515509288383518	-0.420415237082282	0.0229894621689477	-0.440084470381019	-0.0280744132486023
0.447139378793151	0.30039868823546	0.0138267541215909	-0.215346318992789	-0.401350746780466
0.138778784822906	-0.119133044575008	0.198783491148786	0.083614047955193	0.192902354156888
0.0715692995813127	-0.235069576072656	0.17211111170322	-0.412355021422644	-0.126927777104628
-0.185812805447673	0.239028318886927	0.171923269699165	1.03042252792862	0.17966835099177
0.023130773186801	0.453312044304368	0.384397001180838	1.62235599630716	0.102461659372697
0.419204184348635	0.0688962584136583	0.227351527541896	0.293828647345035	-0.489658912997177
-0.136654772856543	0.379755180327896	0.485082609996023	0.398709882557796	-0.0184575115527362
-0.195728301867459	-0.12400015737994	0.59457464616554	0.673017022172077	-0.0246012151284223
0.0952662433236319	-0.374812722984475	0.24601394639172	0.0782944512935179	-0.394652823819369
-0.0521346886056759	0.563373275807372	0.0847678515665568	1.51377087069801	-0.371444641767285
-0.216259952632526	-0.222646770848659	0.300831440844042	0.36423289184838	0.212088185616372
-0.166623524721586	-0.808384366630346	0.342265745179188	0.192844927677227	-0.646157737721647
-0.55081662475	0.259007585733777	-0.318197117221582	1.11800350549542	-0.11928678510612
0.396694567466958	-0.421763977598389	-0.0793127827544289	-0.22466184209317	-0.542123549380464
-0.440873593464613	-0.680268266441439	0.196187881574244	0.633091289047799	-0.229041134461066
0.199669072705881	0.874065889195964	0.0721553460468475	0.834881983787448	-0.111132395935924
-0.357011631324046	-0.455008705133442	0.248310916003004	0.0501344210129053	0.0082820624171541
0.658034477696817	0.324865017496333	0.483954846446907	0.875195975823796	-0.27593694948171
0.201919238905096	0.67549299340841	0.245867206140976	0.37245595616572	-0.246975130678454
-0.517297965406573	-0.669389650014599	-0.0557365254719824	0.0969062880277577	-0.219567580982549
-0.255254555284904	0.192506731586613	-0.0729792687189505	0.334312372934801	-0.0612151318325856
-0.42453005191187	0.868899154769604	0.431739281840716	0.339847177599224	-0.523376670837156
0.389867428390485	0.227553955269752	-0.00115693757815762	0.450776005912772	-0.794072968312988
0.13728284521838	0.0711853739895287	0.0839167740533972	0.436844106956731	-0.180888904269664
0.465354523960876	0.545482567861689	-0.277897150009197	0.302423986754575	-0.278627955851056
0.128159531597196	-0.0488976605668428	0.268764089815765	0.338892848708913	-0.178243032026691
-0.152595418005045	0.265761864456759	0.16375378361439	0.9658111839527	-0.128759052151311
-0.429541898012789	0.326833171447736	0.077669852871306	-2.25781802428117	1.20038098164112
-0.68893124056348	-0.55583411811582	-0.338657819165386	-3.74066563911456	1.57282796378172
-0.563925068875133	-0.58754868983763	0.0141360046582915	-0.993808149330819	1.11974505869323
0.385277835113726	0.547975771298743	-0.137344143233158	-0.932274875196868	-0.0175836955026772
-0.13085343957234	0.119751697697345	-0.0225380819244793	-0.0163752964784224	0.284357370557786
-0.441349932430765	-0.548912952568397	-0.636731540639477	-1.6206071150938	-0.19433232373536
0.110756229487904	0.150061573003996	-0.468769478688413	0.516111269469152	0.0970961142762699
-0.5583301332311	-0.114068252335073	-0.347349149689623	-0.771033726346991	0.339687547373897
-0.112362014227794	0.297689538628131	0.0982956055857724	-0.100437062787642	-0.0612913517331341
-0.602478273831241	-0.069818406531705	-0.189190447921222	0.0865470299834625	-0.0122844647665678
-0.1229551930583	-0.0485932100555633	-0.59542960326328	0.35494956591406	0.160047454034139
-0.606278908695362	-0.586881078481914	-0.26017310568649	-1.06747070609886	-0.173206907922668
0.111438146163082	0.316584971300477	-0.39951077025535	-0.281831707232089	0.311402063274724
-0.407210715947041	-0.142364673767256	-0.62929497709725	0.878500244794475	-0.397037601946227
-0.484524212083961	-0.733693156466151	-0.629363069022174	-2.29536070785808	-0.348607492535339
-0.501237759107673	-0.119768540035846	-0.841578080204232	0.673544416381759	0.382907816657415
-0.0044201616795776	-0.82736120211481	-1.07923117994351	0.256277083357215	0.217194987616147
-0.632746782474079	-0.132986127132089	-0.782792723489807	-0.573452555583554	-0.0554898668145292
-0.254201225726606	0.206620298330701	-0.464607462132769	-1.05022178330483	-0.227936918587597
0.31145274360033	-0.471487399762037	-0.651464472592091	0.468215003490068	-0.318837022604957
0.322503844371501	-0.0711237751648583	-0.145685320193587	-1.31187475885576	0.0690571109868937
-0.485217920208599	0.00257254428488397	-0.125868460706251	0.363095024538293	-0.11203966108243
0.3715762873929	0.633260798432135	0.218166379839961	0.469393801874746	0.0694773860532606
0.474881223081373	0.270310234433461	0.512527350990455	-0.742664911273956	0.322491529831871
0.163826412135666	0.139129697758703	0.937456812118172	-0.130870484592998	0.15784264876968
0.371881633897647	0.265321494501562	0.371849754869023	-0.666942391505165	-0.18941328873156
-0.227326830046807	-0.469338684755798	0.820215863992722	-1.6267650334715	-0.250460198010788
0.391868882920431	0.158297137831066	0.512701001802752	-0.18400108464876	-0.32547811834762
0.252040134654746	0.030854730941061	0.27345622133331	-0.250386706634468	-0.415687455294139
-0.840086016394795	-0.604995107416124	0.043683760411376	-1.16130800724295	-0.245514447701442
-0.171448964585983	-0.213114524533388	-0.0838441153635338	-1.00470145562403	-1.01376977277157
-0.468920862756025	-0.143755585670475	0.0198476934640382	-0.442953705444918	-0.583723264040525
-0.803716248891274	-0.890717971490502	-0.600776447980695	-1.25487073822068	-0.594041834332247
-0.137507015405099	-0.38668788279583	-0.365581025098286	-0.4286240225871	-0.578051359606145
-0.323120611459234	-0.764032237531872	-0.618661549904051	0.428574285668944	-0.744558892000923
-0.409262922718663	-0.758069670973796	-0.39759252239604	-1.52815344728298	-0.424390640543706
-0.504342940822629	0.106372332984872	-0.439428864861251	-1.15871240967728	-0.195418949683978
-0.522553828574792	-0.494265376325903	-0.783942077127327	-0.335297728762526	-0.346626132096039
-0.48971757858466	-0.480402045835808	-0.443132688122801	-0.981460446635238	-0.396832385838059
-0.304842312180486	-0.139455111021926	0.0374322980559776	-0.380041811917931	-0.115275592419187
-0.705678642984226	-0.479658898946082	0.00599811855714106	-0.723570375408385	-0.186774806849877
-0.426771506115585	-0.0398610310023384	-0.260669860461473	0.373886510143324	-0.20483000562553
0.265948006417175	0.207089200532356	0.016351387940463	0.127497405115044	0.185441396967641
-0.250803567689474	-0.691845072204581	0.314854485981678	-0.634336402464835	-0.0156580856724031
0.383730605545331	0.255335132276973	0.494476313863931	1.13291914942388	0.746244636826462
0.106804134261049	0.348767653373711	0.249530611079069	0.113669389048851	0.673895474969531
-0.2345767114037	-0.0560612271255234	0.252134775348558	0.549560307895954	0.684613657610139
0.0632756682104178	0.206073315765918	0.784054918622827	0.640640091489371	0.171459959035728
0.627807204971185	0.813941098598327	0.340718882578868	-0.0453340551800646	0.660172290019071
0.258885063175825	0.435527439776336	0.6433154300014	-0.371455460856045	0.146291240257287
0.589192996469992	0.604856873016993	0.655788068846191	-0.243051936988842	0.135169686031761
0.196313547074753	0.112274975969222	0.514371598595412	1.00112507973939	0.6233616046645
-0.00841852405270612	-0.297258722039562	0.695654426920318	0.330608112225549	0.373718394928693
0.251299253551676	0.924667401248082	0.674203149584252	0.00981975341574858	0.20378881057501
-0.0494460787400652	0.441624444657987	0.417242144125462	-0.652884370105265	0.0344590326451704
0.101718257914872	-0.348761252487239	0.100605066226863	0.0698158392277814	0.102609367116869
0.271076170507434	-0.0352790404350158	0.312643628915832	-1.27118536575224	0.116903173005265
-0.0828871330582268	-0.170194715732716	0.269817039169789	-0.502890860706105	0.171717180297095
0.407232066160695	-0.170826406034431	0.0801105110214116	-0.221266749680344	0.200471501704676
0.00310617035288822	0.224403747022089	-0.212568201067062	-0.513174254282723	0.196603205553375
0.113353730723413	-0.384438818132922	-0.165633571177798	-0.47557932180975	0.201491962525595
-0.979743890038434	-0.324575986661232	-0.28003233302038	0.083151404123401	0.0749483313686517
0.431795659628904	0.465324005158803	-0.0328886231661624	-0.455179107613142	0.13862840094965
-0.425469575208083	-0.253718875970125	-0.731073416058907	0.75604421263757	-0.0792498845116127
-0.686102799923949	-0.404512794552999	-0.521528011439816	0.476736462010225	-0.322173210793525
0.0940535174373656	0.279005630150782	-0.670608221407017	0.16387936413737	0.0233131494931243
-0.236146315489422	-0.373628961331684	-0.522666926750557	0.694135029964309	0.0236565737684059
0.00810360666749834	-0.315057025186019	-0.790354963087953	0.255745119741272	-0.286186594135792
-0.457591259040474	-0.222542081113965	-0.744704438095774	-0.270319760332503	0.180952308525975
-0.506413751516506	-0.934040733874562	-0.856356033252901	-1.21584224946552	0.0349617097223697
-0.137430947735036	-0.0149724956955905	-0.762722964500019	0.958627929236004	0.110509788239761
0.180634188266378	0.000630560081821129	-0.741205334402312	-1.13078008176772	0.445537146856567
-0.0485047858917894	-0.792726305676475	-1.20758782180057	0.0321196590677291	-0.251660526074693
0.145660510714111	-0.0289526636314982	-0.319951541922465	1.61433789444203	-0.040745009136102
-0.755940322902071	-0.689844681935967	-0.799448250646393	0.298750656171513	0.0659916220575888
-0.109718296608789	-0.0778478692281218	-0.313190223138207	-0.712659800463693	-0.181581599003516
-0.239583645990679	0.245776232080906	-0.729939931003577	-0.125746130610737	0.0816333547217001
-0.244789641298389	-0.808505153413569	-0.294163806914108	-0.0481698955514721	-0.230038692370483
-0.0714580351151232	-0.247881727400031	-0.168349917427413	-0.276434922425059	-0.162202735992282
0.253591112652029	0.104431097677059	-0.22838721627911	0.528763070872949	0.306747967302951
-0.118135210889898	0.0938485270132722	0.0952791850918694	0.0124898721345156	-0.109298725686827
0.634111784331934	0.140796938107545	0.146022356594803	0.643050875586211	0.01487591497855
0.410601858928895	0.0938129124070366	0.593188914650055	0.602129719996868	0.154504719540037
0.253615625183268	-0.134620245833091	0.873801160715695	1.60976055522222	0.013341982043382
0.0815308665561215	0.279781703447261	1.22452090405392	0.348482074475953	0.836157520092524
1.33607728043011	0.84400767137853	1.30348069220101	1.20860424192406	0.599240223691103
0.675963075210658	0.38100238256201	1.10758459444956	0.188382838605326	0.215178990071633
0.132363351588532	-0.320458750392907	1.30140161486928	0.0932748761733115	0.633704362122914
-0.0189960913517282	0.529987925435881	0.920120035393907	1.03652856395523	0.530680291693597
0.194515249535914	-0.181435909039169	0.766213953989965	0.41347226545686	0.345927043827475
0.108603822886217	-0.391409370473554	0.551128438055699	0.395036966772223	-0.233103714276708
0.34055162968441	0.668933526694226	-0.526636607849076	0.484968599650888	1.207417668106
-0.25103675064073	0.216337232977158	-0.696435501506471	1.37765674453946	0.744115880982097
-0.205697450070772	0.169929760986039	-0.200615638056478	-0.0920689856769215	0.679207631909883
0.768384136686038	0.122341797942373	0.175199012334041	0.817825216267081	0.746977645033866
0.417751671780538	0.45167714999894	-0.00629549106740955	0.850937855834143	1.22254615166104
0.163658848264596	0.20625885215459	-0.284284188507471	0.0709413249054031	0.262498872101784
-0.34401179912099	0.226006578500206	0.532406413632951	-1.47329516478083	0.105805418259416
0.670576096773934	-0.108449880366139	0.812080272718934	-1.29809002085744	0.186393180356013
-0.401325831029843	0.32841324844288	0.473905699609161	-1.38544906673409	0.323925025750211
0.323041090895921	-0.109411862107895	0.741088620301502	-0.418260416392955	0.445456578131185
-0.0327013400179852	-0.381688015378224	0.681627128635278	-0.669899211259844	0.290154687101646
0.166575153317967	0.390266347799231	0.441733312968812	0.0281388764402581	-0.049647664717179
-0.425880202522715	-0.81418041270342	0.243847746863368	-0.0969722575732015	-0.617504537674651
1.27756630920303	-0.677276831577944	0.306679527254583	0.319991329851429	0.920022108365197
-0.534612750541909	-0.354885641088652	-0.220540241300039	-0.20187295451995	-0.280065666901162
0.116385675980838	-0.0819532716535609	-0.726495720703393	0.272668701791223	0.193111904112588
0.374251723990469	-0.192035184922472	-0.966344899031088	-0.087198079848615	-0.153101271302801
0.320484047293957	-0.316911298345565	-0.153238896309174	0.631717696312243	-0.101825212972077
0.275069841794251	0.10941728138859	-0.676691278459855	-1.09930450274665	-0.181144526675263
0.16111763864098	-0.333694982930935	-0.35339281568549	-0.59345599752528	-0.279015939048186
-0.130075053951641	-0.319804306904934	-0.511461091362372	0.146258168368435	-0.52893257804304
0.61071779075154	-0.171572645871015	-0.494713655008636	-0.454747796368323	-0.0640459291425001
-0.557432645090558	-0.73012820421646	-0.378755333997179	-1.20307670123455	-0.427534678126516
-0.352211784653876	-0.885527010787868	-0.302442270986656	0.58100707530074	-0.873680118839967
-0.594380499833971	-0.389860358477204	-0.551327994512581	-1.54053257369981	-0.720284288914234
0.140269563204335	-0.948325320778345	-0.371310124072311	-0.19853866182653	-0.323966113610061
-0.64199273319986	-0.442702369216053	-0.259935742490466	-0.0156752894562746	-0.185971137605165
-0.255715499335058	-0.409961094136146	-0.613610848729705	0.0855634242023314	-0.547891068338022
-0.237878404736703	-0.400098142530549	-0.282650531812205	-0.589987676408895	-0.0986203192626863
-0.0477589445539891	-0.409665437027956	-0.136632765325495	0.398394776034364	0.257757206846775
-0.027427346004542	-0.41094024742905	-0.340720113239441	0.458953278055864	0.0381854549260255
-0.352593727326735	-0.135317000747001	-0.0668461168510486	0.130087700538022	-0.255022539604004
-0.648813201732278	-0.394929137393915	0.0346449834345611	0.229749502648706	-0.132975656692345
0.170074870958025	-0.307222448895056	0.0992950730659778	1.14485595742194	-0.248832272918113
-0.304062898339688	-0.330833275406903	0.420549798574359	-0.0209720449285858	0.48474973036967
-0.0676660324657815	-0.159959079656414	0.354916289214947	-0.939412703010015	-0.306442399531571
-0.224613593840976	-0.111346835122844	0.00601986847478556	1.29956529233274	-0.222489502833369
-0.68226090784907	-0.637487923435052	0.391898519502732	-0.0260554369578185	-0.314236740032038
0.363583431287623	0.16550598910539	-0.000522121349319731	0.012173852408828	-0.0963209651766244
-0.696976422274328	0.0968085800751255	-0.1631743317959	0.639691358955836	0.263105111760423
0.595919066424645	0.0479555789001725	-0.015720651040192	0.215122107219978	-0.295733604311545
-0.575874622858187	0.101974228621118	0.163829390242015	1.14294731890687	-0.0433568717748356
-0.114908479720266	-0.370756690389557	0.136976375281172	-0.397827756544066	0.0503014238453266
-0.462833450356782	0.154210875026129	-0.178293337282664	-0.100120936679944	0.0866889232851499
-0.724876879191398	0.337100954967829	-0.320367481335728	0.770944987930894	0.258216973446442
0.280000925865246	0.188194337551528	0.146862859775021	0.0234810291224011	0.311437741018637
-0.130696992202279	0.278000521274258	0.495639375283512	1.47199105221191	0.551837115893134
0.244490607903982	0.79864349178114	0.23211883076099	-0.970651621289031	0.911221283565403
-0.15165996269738	-0.109748900378872	0.490492638094515	1.28479047791822	0.324649035169375
-0.209716109152002	0.618745431281875	0.342485488088089	1.01945123141658	0.363126079339315
0.132074060882887	0.0659626151691125	0.563044472019668	-0.275826888619813	0.67821867822149
-0.0819769996760253	0.0104200769217822	0.885684681325463	0.950322395678514	0.350988572587411
0.08784996560855	0.459607103541113	0.73405231631971	0.275206967601636	0.61602114086763
-0.0715865635285135	0.242132903018007	0.565002340119115	-0.235468414614883	0.566955002979044
-0.332107666746267	0.0190522925851203	1.35532311441464	-0.718224573430138	-0.151406207256122
0.0901435589886575	0.534662704373078	0.962884365343029	1.18056696526496	0.274531962653557
-0.401304126338513	-0.00249775721345177	1.12110223781911	0.334839843592362	0.16237408506448
-0.176373770682542	0.0354434436885588	1.00206179627147	-0.579675759440048	0.0129800658458016
-0.114586465891328	0.30732400455513	0.867147736619605	0.727246758818844	0.358492746819788
0.17905605937946	-0.327137734003246	0.979115488883737	-0.41916333938815	0.244550214010379
-0.621025104914972	0.109660781279415	0.86482020794403	-0.655961472034429	0.208315051608743
-0.445623405341499	0.162564313372995	-0.0310741207839724	-0.252154768211523	0.5091702421282
-0.0129946685619768	-0.34891255805931	0.656848503456906	-0.754775482689332	-0.0513198996206608
0.0868948766420468	0.210907377746422	0.121979109812663	0.705747911866924	0.240446178275757
-0.454016532334244	0.140103606395089	0.596626747039209	-0.102302712897114	0.0340777552247817
-0.253253961486425	-0.119016081536766	0.0454121152157996	-0.147606027116716	-0.0476040888714992
0.322486936060981	0.400429852432778	0.573303070077555	-0.0154066407791215	0.0620882711119485
0.0982742233988687	-0.297158721925277	0.652342194914661	0.526460760150223	0.179610570663669
0.0173749643025127	-0.12353834809254	1.00377378637209	0.372556837536474	-0.251879364800157
0.57489714133213	0.588602228093548	0.725394255398615	1.15279050935317	-0.312300681512903
-0.225705650497728	-0.495277646016204	0.74099921542117	-0.611745808776141	0.00956884055899157
-0.236266753955183	-0.236974791642798	0.84974078262001	-0.0281085465071422	0.0642569382433498
-0.00689961943292503	0.250024071607344	0.406108080045962	-0.612125008555215	-0.380266778245658
-0.472104502258459	-0.470875679236862	0.277203200089545	-0.347113073045445	-0.0488524755139302
0.541184421054238	-0.0427472648012316	0.0901697881548559	-0.419016373968097	-0.937193603781992
-0.672431535804915	-0.344320544535049	-0.216254143433074	0.703638425499155	-0.166164234260546
-0.657052073173248	0.0274360116013833	-0.350971315704779	-1.34147699314977	-0.132365957246579
0.281316561405568	-0.264553255656594	-0.216240996297174	-0.454682628773269	-0.222133394682613
-0.562936362675742	-0.0320792839493997	-0.822422749610669	0.0209195480975919	-0.276391301173105
-0.23939209302152	-0.522595827830693	-0.491004180490662	0.243274036581144	0.127924394871361
-0.105170478757285	-0.116305392662113	-0.44886761185071	0.0154606965304302	-0.184151941059836
0.210825319413949	-0.000243393591613862	-0.310291681291542	-0.183651156062887	0.064431948248775
0.262902377546415	-0.282808444826426	-0.458236824167624	0.506465888776174	0.144671665155589
-0.300924293298101	0.245447773186068	-0.342455660474142	-1.02820163125882	-0.270891201431726
0.652106889177087	0.303521928786232	-0.663988547108593	-0.0120690145960559	-0.344256996136016
0.347310331948162	0.0531293536747208	0.152418144055006	1.75189962351159	-0.11393286015164
0.673808193032343	0.259090029731613	-0.128469714521456	-0.108495327205992	-0.201205656682691
0.34659496349828	0.654528363515739	-0.117372867475514	0.906231038529998	0.0149070025366067
0.371197917901836	0.520290829796059	-0.193062898798737	-0.271152252190446	0.00267236771829882
-0.09000989462349	0.0566027533729106	0.177365183771665	-0.433624738774487	-0.0314134283915751
0.248643511408254	0.132117825700408	0.279689296189376	-0.398095109303861	0.480037062053058
0.538096505295627	0.0492363721099654	0.220899160454828	-0.22200570905273	-0.165183700097867
-0.0537202705048451	0.199309423307344	0.196615192591341	-0.34187641470243	-0.250123714772622
0.00573616267465843	0.2551006829674	-0.462366316004459	0.15434023692081	-0.167390522117871
-0.124223019048493	0.180058436525635	-0.149452908728488	0.0370792422759832	-0.44099784607423
0.0282969508741979	-0.344636156394757	-0.46916035050543	-0.551900610174292	-0.422612259386252
-0.113278460022513	-0.138224579201871	-0.228364200640487	-0.0835531500930857	-0.552902786133933
-0.40506694254043	-0.14071072926103	-1.17809093319026	-0.597287568156428	-0.693014914881556
-0.667586986498969	-0.44601681563718	-0.778378050136329	-1.34788050825419	-0.833474973452194
-0.158189995783963	0.136387079914014	-1.2120898060663	-0.302322325047601	-0.389447491014257
-0.23258972910123	-0.0512388486921961	-1.48331882763182	-0.468356012799556	-0.509284752604197
-0.220325713318929	-0.292647325075397	-1.13740935342573	-0.39849613662233	-0.439642252145213
-0.837731576351601	-0.120925623502515	-1.50179997634087	-0.471337577172215	-0.64406122610496
0.0121170382098974	-0.504980696198388	-1.11228102612052	0.104060780918921	-0.43864183350391
0.308237486190128	-0.10098858960152	-1.36213064983669	-0.557217164929856	-0.421838595885821
0.327682726847812	-0.12462097556793	-0.741946590063672	-0.924120761926708	-0.110036446325454
0.199867245391457	0.53189276263538	-1.12221377378755	0.26315189940335	0.112463523399435
0.382353596094529	0.186726341339794	-0.388021361874446	1.0419096896261	-0.433866788831498
0.376121775380251	0.375908916587893	0.166838501369012	-0.353042870211107	-0.241005351317765
1.00967194342097	0.530583848694438	0.0930760036914567	0.488744082548634	0.17421112084005
0.32567061867609	0.174333104992072	0.279423045413075	0.0537621042022671	-0.228919789583498
-0.215478152389667	0.370301246454987	0.670911586993419	0.357785937228336	0.143582486891617
0.443586052353329	0.216726499651263	0.757623831213757	0.518217462258657	0.0204466264568002
0.462528145607879	-0.235354177997034	0.844747628291154	-0.642865097463458	-0.0270951119286984
0.213421331217261	0.00377390531227395	0.899027361940648	0.2426429173067	-0.277643794206409
0.161597334565689	-0.103165976240327	0.238457371103657	-0.191917711298495	-0.241728486472265
-0.242084159782951	-0.111525453924534	0.693392277565776	0.317738335573626	-0.915129456421576
0.367093189373386	-0.0499664032449814	0.223667167800242	-0.952860787051864	-0.2307646231654
0.364831441213329	0.194836006490981	0.0302748303674979	-0.403186985171949	-0.538790126010478
-0.216854498550423	-0.403992251202091	-0.106876282959633	-0.496279478785331	-0.807557129192502
-0.52842115601943	-0.515645806139487	-0.45293778857445	-0.330973081118169	-0.343987106650109
0.53025872911096	-0.204554408453137	-0.344953457627493	-0.305905218671261	-0.786460003832742
-0.446750582756495	-0.3039843218328	-0.0168312673943905	0.396357736597239	-0.33094228086279
-0.222999715184036	-0.188307804274586	-0.647315328539302	-0.979837677214194	-0.564731733455111
0.223219748425775	0.175754606389401	-0.769338581805903	-0.286140901322062	-0.415031349753439
-0.362114195185048	-0.410957095590341	-0.324370158757684	0.87849275959224	-0.383785388995254
-0.133439260312292	0.0464699432339713	-0.236300942430093	-0.766028945332303	-0.419951616096305
0.103237648804774	0.670864956157453	-0.228476537176631	-0.623140578704283	-0.161460137951027
-0.364726481939316	-0.802197050313564	-0.180948664619807	-0.216785886316022	-0.51529387208732
-0.123444311360904	-0.212770191817275	0.407765342321879	-0.609924946804921	-0.393442277179969
-0.673075494037381	-0.0814343204483684	-0.194860735213086	-0.627967213359775	0.388764626807262
0.308353463781333	0.138854579633655	-0.234800523399772	0.410036664058093	0.45485476967282
-0.454148402375907	-0.392798297395209	0.203474434007666	-0.124670923271929	0.10069335627505
0.15275597707918	0.0227089039656191	-0.287319043266038	-0.295577967574495	0.561550050388158
-0.417213420169425	0.11995640458349	0.0234966444981551	0.796430355654473	0.731053700154527
0.399915354577867	-0.0222972877599574	0.0868306632857415	-0.570952211595731	0.0709261892500616
-0.371167626815253	0.200824590735719	-0.290551398908367	-0.0540521142766244	0.309206553841666
0.523935888595138	0.279211516040381	-0.285291076132949	0.659675609185936	0.820396481038068
-0.228472329372292	-0.0186500434364276	-0.0124195705070003	-0.314817809447949	0.481470398229068
0.370572518661414	0.110217918097432	0.209798114366092	0.00942238939197376	0.455344189389864
0.654803815748651	0.481538190869031	-0.19371605106677	0.0686352561213157	0.0595628802636467
0.220659344398516	0.110785296799794	-0.157623364997476	0.0937016684535391	0.388687721575876
-0.209019310948934	0.0238131759186171	0.504365679712106	0.770202725365764	0.441987933162719
0.631666112339244	0.266562342798791	-0.141818872830556	0.503139305217627	0.637447509887447
0.194460999788419	0.363840768815216	-0.21323722063674	-0.0772334352303316	0.314436481018915
-0.637680983360098	-0.424729374676599	-0.315725041363338	-0.157201392315964	-0.221744802329419
0.237835684770986	0.1890152594346	-0.168141286636834	0.998624172971772	-0.0201537491780081
0.163358614321946	0.0562953753178771	-0.156904031801939	-0.49223242552519	0.448583470061389
0.158883370750973	-0.208403871534371	-0.16414366317073	0.908166725631694	-0.00863734491341714
0.0391674719035515	0.252944316386872	-0.63511520062232	0.422599591608639	0.226486400585164
-0.341024423664566	-0.101390310082394	-0.482438909164201	-0.131433600600124	0.331549600690953
0.753753136567415	0.441569815552056	0.012756666099078	-0.228623764157282	0.231892594499076
-0.0459147083361809	0.0711475005343826	-0.352821580667735	0.232279509629791	0.329846079554964
0.347004303745993	0.485288899949941	-0.300451639594553	0.0333669728434903	0.449835966674808
-0.120911702316278	-0.165315291466127	-0.427422296014398	-0.206931577645708	0.735390679873477
0.315940383787098	0.397865774293532	-0.146304280808541	1.02793438628797	0.267101540834866
0.126001441811098	0.457397716062993	-0.447279800831009	-0.204382988147907	0.401427274396831
0.140626229031421	-0.111383759355618	-0.0614541593311379	0.24375529855092	0.387134376842161
-0.293581526798074	0.260550843650511	-0.0210300279023832	-0.718402651147299	0.177671879750315
0.254910203613321	0.356095271575192	-0.036724561333154	0.311816941742945	0.139881121026707
-0.0374434610942138	0.0543571292223608	0.326253468461433	-0.231602219483972	0.223185804571614
-0.312613719899394	0.155285887266511	0.481655668164167	-0.0589892733887661	0.214832888404727
0.23978216743335	0.487464858365051	0.233800486779524	0.448518027259122	-0.0942713631147731
0.358761678158769	0.150010426699001	0.100622047382488	0.596065159017653	-0.215807558974192
0.219996063852238	0.321648851844061	0.530498101704939	1.02502225228309	0.316724774079531
0.0996993796902795	0.660320833284002	0.521317820863134	-0.0143309733126186	0.0775065308646225
0.371883456111034	0.245414816399065	0.11604888848486	0.0510797216684494	-0.574452070127284
0.0729023564643825	-0.0751870241065914	0.420755253313248	0.783150212202483	0.0725782314443078
0.144695367140818	0.443034037873962	0.801858277902888	1.20385918333895	0.270000221551356
0.438113923138557	-0.160300132518592	0.483613457821559	0.103408339643674	-0.12701742889842
-0.478144940969964	-0.0255235277415425	0.74071616946104	0.29529159324445	0.0491515699222417
0.0110237255106812	0.161631961692021	-0.0543652621390043	-0.76128177160497	0.108176751325346
0.293898318714758	-0.53485903302187	0.655126001535547	-0.0880774033256044	-0.142179818968435
-0.312864453297223	0.584862813398186	0.208502576651434	-0.572371914089376	-0.194089484063382
-0.360232607688507	-0.108155453674657	-0.246742824431002	-0.463847934896937	-0.301978879054544
-0.0917856058711725	-0.579319424348046	0.167497705268311	0.780280648254072	-0.873262392277525
