1.62200230374851	1.67783459203694	0.405118505275977	2.75865511040121	0.00781448191494047
0.605437730165114	0.788027268760405	0.205923146407743	0.479312849118819	-0.153671967019863
0.243392896210284	0.530780455101098	-0.221545687817728	0.524989899699704	-1.21513918822452
0.571695454349215	0.428545810055552	-0.174442069652578	0.933404536850194	-0.741044275174704
0.371263814275292	0.646807938609683	0.0069404052446611	-0.211252625228093	-0.982064065075298
-0.0749540857322956	0.79620886840898	-0.0958777072609065	0.250184294262243	-0.608544872986185
0.051075189798172	1.01260498404303	0.276525822743408	-0.133886106580189	-0.388461376518975
0.4698189150055	0.673099473303304	0.30133572057428	0.0103452470708131	-0.479129939105756
0.151313792725448	0.0637868185068295	0.190338680360767	-0.0419198502762101	0.0352579092061705
0.426645749780679	0.170356443479895	0.197680963799781	1.8730245507235	0.181370802092607
0.727559735737739	0.261519690537395	0.299383159632131	-0.158831988712171	0.128680877710873
0.297267486439917	0.00473902115674581	0.0846057332858315	-0.0706552324400073	0.269651057318342
0.0440926478655003	-0.605342963780476	-0.225585204103596	0.574978435685132	-0.208373157613867
0.214558022075133	-0.233773038160071	0.21459571301506	-0.202824102247743	0.592710249862802
0.367801415029509	-0.375153647145999	0.161628194822591	0.341421602792172	-0.161742309527239
0.262735183144924	-0.852173186096998	0.0218773473723375	0.385110808465028	0.289455889646698
0.401467251295672	-0.464709471058574	-0.181473709524068	-1.05213026832126	-0.0807169025025152
-0.257034069402669	-0.387555432700301	-0.145583588305955	-0.697479428172891	0.135373840736878
0.434117095295846	-0.778105163775811	-0.0811676847336462	1.87453837815536	-0.0103072937292561
-0.310630673330666	-0.714032093431844	0.142195569641186	-1.37727885169623	0.059971721135982
-0.13782811322678	-0.569502670829477	-0.227863246895692	-0.540975130887588	-0.489842173671532
-0.157261356438437	-0.0825830489268638	-0.220764895304493	-0.150038292349148	-0.192741518449573
-0.849207385715416	-1.09990949742613	-0.12795096418795	-0.927849970996434	0.0852879416387646
-0.184782367415479	-0.445918590770863	-0.0318609086539573	0.452329894810312	-0.183317529558146
-0.323912096646149	0.016248633974918	0.462448961481478	0.2963618838888	-0.122016171338045
-0.575615173616843	-0.219494230919314	0.270304764260857	-0.091681194381251	-0.343502169318734
-0.339335494222264	-0.430128612836005	0.31761258093218	-1.28458081819359	-0.499596733479261
-0.392914342481635	-0.0211266622454824	0.0710796556037602	-0.942674161541297	-0.4919749912702
-0.74095041212224	-0.629502545585063	0.303661510598888	0.143263444981706	-0.218415472883953
-0.288178795118907	0.033143433087796	0.500263182246998	-0.73641749906348	0.193408348162095
-0.425258192743219	-0.00574656695889755	0.0904017226940989	-0.443602589445506	0.0710169087549565
-0.398195986336723	-0.178487453606688	0.152803801709548	-1.19981981651393	-0.365313582272064
-0.526181204704426	-0.401391984974003	0.262275500012953	0.442789532722391	0.257594302676147
-0.180161256143773	-0.0534240733354174	0.0642626839166861	-1.74607165258654	0.043677244044193
-0.415807149205878	-0.0965248135611725	0.384464565882299	1.08807788853435	0.433846122173203
-0.309870129466697	0.606059412078609	0.611522163492938	-0.1794593863081	0.104848795797034
-0.0309224150996649	-0.546904246723206	-0.233445535534967	-0.225642235204605	0.478988722215922
-0.322853543552122	-0.0234492486778686	-0.133713096514732	0.1682849276782	0.37754445013803
-0.672024528923518	-0.121378197849193	0.413509617044981	-0.988497708646294	0.126103335858738
0.120031711201081	0.706871374340948	0.0998551153711156	-0.0159807435328194	0.662506414336807
-0.384577478045285	0.141490862390378	0.230491219304366	-1.86853143318044	0.401064436513902
-0.539552595792706	0.20384869192891	0.160420539829734	-1.94003799651083	0.282387761462337
-0.459427717528454	-0.377906782906075	0.265986325292763	0.952946268880343	0.199989353161622
-0.0330884406522714	0.70061004906003	0.200175578921669	-0.0263338390166254	0.650386531807287
-0.333267097576481	-0.0184661122957789	0.59936083502197	-0.108145974801011	1.12346523390206
-0.0684289818486351	0.635516841606348	0.59916720497776	-0.0974055859899431	0.43989610031379
0.0681310386122231	0.223394730330937	0.398283488802448	-0.141291547632553	0.789683631005529
0.447549671301837	0.405551581726535	0.538568753044502	2.28693738532354	0.784265292487206
0.120055275225773	0.603099367182008	0.64296287367561	-0.0993241094218071	0.745228143652875
0.0702171982015543	0.566054688355508	0.833140450316191	1.74173788486708	0.758926194706693
0.374652229183756	0.184146140318633	-0.094730377115228	0.111067852778481	0.275110120003307
0.0374311725116606	0.112332351207925	-0.38295726971574	0.845943649988169	0.378794428445776
-0.0850356326597028	0.0668344266429043	-0.25222341448526	-0.33220936241086	0.209840912071485
0.134922236217178	0.395237885388896	-0.61342790424287	-0.557400090890198	0.514884576208071
-0.431820751478605	-0.261048236495225	-0.686574721301122	-0.0682614991193332	-0.0145278200282714
-0.187042922929993	0.121053091955231	-0.773597056918472	0.167055701799335	-0.184491450989469
-0.140787089001238	-0.294700736902749	-1.1761453618944	-0.886751650744519	-0.489993484995637
-0.0284431075463	-0.110079343681097	-0.630210726313545	-0.325321400964671	-0.273981651139093
-0.0913767741370529	-0.38732769179992	-0.838088159054599	0.244147732143561	-0.540497387191541
0.15976373609879	-0.345439083770156	-0.120294935535103	-0.175900575870513	-0.137867648906425
0.0267954038292663	-0.443159366912588	-0.135965509492974	-0.536865119509074	-0.217936347901533
-0.0143296257897449	-0.0398617368446957	-0.406590534216408	0.990763805438613	-0.478732704824228
0.641031841097497	-0.42256242232685	-0.484934467793993	-0.190037974622153	0.0720119237464318
0.742564143321906	0.274995978929463	0.00973177880991206	-0.646016184032145	0.460999336737358
0.307647395086111	-0.212878697488796	-0.368846977865142	0.688180412567317	-0.246122755387926
0.60020255103363	-0.0023998380013844	-0.167034875617932	-1.15723473540079	-0.077039248147407
0.325625427497581	-0.739899965560717	-0.482046647268301	0.303328839872103	-0.42433998153667
0.731993606944604	-0.781828488303736	-0.694984871135698	-0.103007622740655	-0.158076321499225
0.406567696166201	-0.334513777670019	-0.554042262834299	0.43212230731552	-0.23564934389659
0.422056591042646	-0.107296771281145	-0.432490112058975	-0.47721573712853	-0.0826722781743587
0.516602162393474	-0.0233937586197301	-0.418583117654704	-1.31090147773187	-0.0947814343741624
0.139186266174274	-0.113562580189045	-0.554040240952208	0.137911572542228	-0.41051917827474
0.258534522900993	-0.0760901410907039	-0.413910615341428	-0.771887612535577	-0.362604024748896
-0.0356332729930718	-0.0523953143974158	-0.127601427913646	-0.0125399421254584	0.376206430366278
-0.0968367695119312	-0.00611882939667352	-0.0782094375542137	0.657843038602983	-0.11603669853941
-0.192653777294259	0.0504965533639044	-0.17561725903704	-0.861947193417452	-0.00277279436633937
-0.0311793695540899	-0.392538559746802	0.00154860386230477	0.40083959029872	0.213667988239275
-0.206058298107904	0.411318484637374	0.00491094581811851	0.89851878650732	0.285813547351205
-0.504663467424675	0.0726170244277907	-0.0513449049189274	-1.06627760420461	0.390257693253866
-0.00521843936449481	0.384474910203299	0.545157550538673	0.413064819814736	0.287714957735863
-0.291698306617428	-0.146602133234015	0.332158273888788	-1.09410008470973	0.133233727280144
-0.474027511761768	-0.0274379802503014	0.231731648171212	-0.544860439282936	0.0740411547436685
-0.0900170224344788	0.528461628261148	0.290929517754365	-0.761027893648194	0.198281874069196
0.219300971025978	0.290744019979676	0.364016814192322	0.784025586221922	0.241436614435315
-0.357190951116419	0.496678621437687	0.511120998487432	0.429254336602222	0.427081822346781
-0.347126905456837	-0.142281150474447	0.145206290476648	-0.2783039959266	0.125704339372071
0.080953579631656	0.0516463654904151	0.249536970217742	0.398213854570424	-0.225653659753248
-0.230831846602098	-0.190864348994493	0.432910237437382	-0.939977021396162	0.524415594771477
0.10058457575588	-0.409053072161884	0.351529332809155	0.57265058736192	0.348321306187592
-0.18135313175495	0.542080883983927	0.862025702144026	-0.390057732577765	0.115172867210978
-0.383321077840964	0.0765008428342477	0.473045710113858	-0.0469675952719065	0.302680245133501
-0.530197416588097	-0.393233855129415	0.334926326253693	1.61446717088246	0.32554348132767
-0.249606160610466	0.28721490714323	0.731952249063648	-0.798187290777994	0.350526307445293
-0.130370906071186	0.553254841123567	0.407500243294691	0.450929959805202	0.217669320715509
-0.622939302587031	0.483440848815774	0.763036691520863	1.05720404388027	0.135126161136634
-0.11737257818607	-0.220960264724319	0.417909393229886	-0.380689298016262	-0.19749409684357
-0.0473109066005063	-0.156858450076451	0.544125958651832	0.194697963248475	-0.181357148565032
0.185389347430504	0.105542654265182	0.368944979983024	0.311257653551778	0.231607806508756
-0.00848149194215975	-0.337607946418227	0.0604886005399501	-0.219099152524052	0.0448704057547283
0.340765687809789	0.279826107858698	0.561224018180261	-0.262324263015447	0.311198062410213
0.194460220572302	0.351324955023444	0.350319622847612	1.40189315028219	-0.269282368308578
0.12625667633806	0.0269203888773185	-0.352736201420048	1.41202098011784	0.0936785196778848
0.102499792263899	0.310562671358891	-0.213114813015718	0.666258787724509	0.170782506540594
0.260679480282487	0.0534373446372341	-0.117803048802707	0.2783956548173	0.410814109299702
0.0597638632243396	0.232676554908505	-0.197030748895388	2.00291572570488	0.453458937405897
-0.231220006275335	0.257900155081308	-0.524207730851572	-0.654408346393856	0.128864216128243
0.220783030433014	0.0684479276239437	-0.532908423066891	-0.489572883861995	0.34661775821173
0.48904152933581	0.0826649723561752	-0.540414527674111	1.10949181004424	0.443392191178131
0.211385354925076	0.0495142701571869	-0.381158605097312	-0.153788627287262	-0.231331948519237
0.141056943203796	0.122657630448324	-0.554842876874516	0.0943617666572732	0.137307281560614
0.431200009500523	-0.375087807106175	-0.367499221499904	-0.112793720554158	-0.2452100048733
0.745012272475564	-0.0930961492690049	-0.325790814224051	0.0572736419332184	0.11245799493018
0.286274753788644	-0.372804050965126	-0.358870280435882	-1.36339007400924	-0.137194789499185
0.482383378069869	-0.69070659870359	-0.548597219928057	-1.31719311931539	-0.64369910202209
0.676678706149259	0.0523022617756669	-0.607006613904692	0.271791922429151	-0.923851793505571
0.281738550563273	-0.31996345739272	-0.705523480231495	0.841042514970331	-0.474478619406794
-0.120360365043046	-0.146379924013652	-0.634648212494246	-1.04188764338583	-1.05624501475402
0.515656845625275	-0.191578874018268	-0.419437717553388	0.143225726962777	-0.827430084267898
0.0181915821099465	0.0103527854052695	-0.608225915212738	-1.16433001692583	-0.845826733580248
-0.25845872740882	-0.116554641631308	-0.950847025266757	0.0658309300092559	-0.85458364338399
0.168864840606054	-0.310875954459205	-0.646458382261643	-1.8734939889516	-1.10855918587896
0.181605316413431	0.369240650516835	-1.0081453889586	-1.24832978060329	-0.510822914973949
0.145640421505726	0.199490215085279	-0.95316405707281	-0.741955042729216	-0.86483471854335
-0.175053769237388	-0.00757685741080134	-0.389431158821913	-1.99004902627241	-0.781982114922419
-0.641957400754208	-0.132739211798033	-0.712018381553624	0.75931749198265	-0.385296973737395
0.00523778347063763	-0.00369428905266336	-0.63826506986575	0.311645361460632	-0.550513409140122
-0.34933420284952	-0.131575776190425	-0.547380758773492	-1.36708312669032	-0.230126593278719
-0.0586185120349035	0.259313317526227	-0.370030172362029	-1.65367353916514	0.360166411378186
-0.354345877098236	0.430970047455796	-0.153408822477513	0.733360509306061	0.0145233435982733
-0.488109650744107	-0.485034602901049	-0.11799826527959	-0.292625061399261	-0.13848192732437
-0.282869987766424	0.0208427012188028	0.00160015578812039	-1.76729649676585	0.280453598495096
-0.0593722236658932	-0.162168514626168	0.139526071314862	-0.328548756011373	0.177771251011194
-0.195986570291794	-0.563678852481262	-0.0834739315223404	1.10384879646103	0.410442578031876
0.00223834569194734	0.45065221667157	0.481016332789674	0.719465082949139	0.294020248610195
-0.122100296794023	-0.263774515499371	0.0865217083508234	-0.469079817595915	0.0932899271994311
-0.084645128639791	-0.0926155669243488	0.170260476760945	2.24020739647644	-0.0243663262995088
-0.633435991047009	-0.359022445514359	0.236327108130316	-0.963585316016895	0.144037754525192
-0.200278455807429	-0.257954460113485	0.483782886286718	-0.240954789530159	0.715382256343266
-0.0990011952177716	-0.114838061515757	0.846749511234514	1.66832680115057	0.407559494789734
-0.338105690278504	0.0573999941312231	0.472887393295688	-1.00719695388573	0.176420732810769
-0.165637456325773	0.326348239504057	0.439697513893584	0.358040084198642	0.195910367624009
0.199461210028653	-0.178016836141654	0.676157231944394	0.803332719184585	0.462942402774213
-0.0825379871583621	-0.115807896616425	0.517162789340459	0.357881653768173	0.59151286537468
0.135522874961537	0.286460159413231	0.658095500904869	-0.545830617171896	0.521255847658308
-0.293693462471216	-0.256627637167174	0.659774907760626	0.460924362752147	0.244957047474942
-0.0184493003600485	0.404330057166576	0.730174263450768	-0.512564442461961	0.698345370972812
-0.230070992087682	-0.663664109619415	0.31555099358499	1.02265787458307	0.0396003362270967
0.0742427167853664	0.261834542772989	1.17675265782446	0.616686831657644	0.527518354842032
-0.169881705705705	-0.514246203803155	0.924672461662853	0.686709149606169	0.692567861056703
0.142450749581279	-0.52790112522768	0.782917049645423	-0.0617309890943314	0.268149798350269
0.0736651714861548	0.057126469678369	0.947227735771153	0.763099630385505	0.428822468120363
0.50960115462582	0.0224412677027293	1.03763954538523	0.428768020372378	0.750560014442017
0.527340425113187	0.274981259405672	0.921569054002686	1.31997342698698	0.705895327103646
0.0753143105090028	-0.33586448878219	0.790091562426727	-0.298628586992864	0.329207364827504
0.613873981554175	0.115022811488615	0.51006823969052	0.30795267263357	0.302501211704595
0.258897050448194	-0.0539999305392118	0.51293426505986	0.740533986837044	-0.0887970407545061
0.00711161627078677	0.746484690058833	-0.0932265258449514	1.53196780470852	-0.0202747242970263
-0.141189992028525	0.16480806466338	0.250105519580383	-1.2584653931025	-0.180087970443975
-0.0624572455679291	0.00845998918329802	-0.0814711711252234	1.28228899067453	-0.344020572332899
-0.432506434204351	0.273950078649138	-0.593337881704791	1.94110635753844	-0.982288728962564
-0.366442123848743	-0.187103395287352	-0.733179280743456	-0.880184879651132	-0.645404043197723
-0.22421262451482	-0.0683768913103501	-0.510426824626141	-0.242928552192103	-0.741180534442377
-0.347873288197231	0.0899442349456952	-0.480380741749315	1.10594589184655	-1.01223658098192
-0.133619762893674	-0.953976707160089	-0.687584655241387	-1.26239600869558	-1.19330559272161
-0.52037661849852	-0.164640415183687	-0.934925578882223	1.27263893670346	-1.14509624095039
-0.102173332335158	-0.557343016106687	-0.701944166931511	-0.850667397694269	-0.61157262291177
-0.0128502514705328	-0.121582013453851	-0.325256302689667	-1.29990072338241	-0.7560118648546
0.129875519509405	-0.128854209509733	-0.868334890709366	-0.482260428361772	-0.439206773581503
-0.355953125616878	-0.181252898772338	-0.954818862603468	-0.282063792733857	-1.14109231419003
-0.097170393725608	-0.377308741782799	-1.14968229332406	0.348205470320319	-0.77178638918248
-0.125509817397197	-0.167411430329368	-0.878684619163165	0.986510439705116	-0.87042177914614
-0.255101145143733	-0.434896419309087	-0.645348114615775	-0.131086382856774	-0.455957563599704
-0.312325221395276	0.0706020733440784	-1.03295297491838	-0.487816029951575	-0.77864632353122
-0.0825797692772852	-0.0359401255934817	-0.996273121902176	0.680068799132681	-0.614314222731405
-0.184272560686483	0.304436681548401	-1.07076278753963	0.661916103773503	-0.733449679137625
-0.276786778883242	0.107346525729732	-0.813931339567803	0.870437757397286	-0.689958674452143
-0.0842388800999695	-0.0558165357023288	-0.367983638293266	1.34515031782295	-0.222844562886425
-0.351443412160333	0.166811795587969	-0.373757189677431	-1.12501810583363	-0.612444152883131
-0.0784072310576594	0.245626050146526	-0.623931900436679	1.14755656692957	-0.174029803748151
-0.330804333576581	-0.172297899035092	-0.620518762771458	1.14634545344958	-0.377604400759958
0.14210270335727	0.44126956740445	0.130744874183022	-0.848150949893636	0.113197005216833
-0.263767828192048	0.326594536755127	-0.219848582879232	0.894017847228349	0.205912717055056
-0.125267340154473	-0.0647014503921229	-0.333361897134157	-0.300314411122343	-0.316096552356429
-0.480286524200793	-0.0168647590375985	-0.583008898308907	-1.14911840832756	0.239892683556
-0.145733213894096	0.00133020606287567	-0.0418654960676946	1.02468186192407	0.128578211452697
0.087469263059142	0.525105898846304	-0.0875442644450514	0.0312415589160185	0.532829883022866
-0.373394628725131	0.0312718305389001	0.138399202103164	-0.271395242622557	0.0686148262793769
-0.308893792842432	-0.129034092013384	0.191245666413084	-0.637442476975561	0.351135969001842
0.274834788496168	0.319936654838659	0.0483371898461851	1.15008896475216	0.497957124485857
-0.116458460557569	0.265154049017425	0.178962055925606	1.05360542822566	0.5838564306549
0.11172212809629	-0.242494511597916	0.100835413640553	-0.712589723429013	0.496325265411945
0.0927123813601662	0.470200497135784	0.885877760518595	0.823450460769792	1.0204421031538
-0.0468629819429661	-0.276524835550285	0.468236387801964	-0.758168224543306	0.436682412675278
-0.192594638581782	-0.269950591427596	0.230034742872298	0.823502007231258	0.287534832084722
-0.282017777467299	-0.351210220471297	0.384512241905132	0.429811038738443	-0.0815062045827497
0.245183588949574	-0.561308314130484	0.611698962205668	0.130759260514036	0.14681352818503
-0.392275757397589	-0.0120830696677221	0.540345401957759	0.128465949001527	0.423526930153834
0.13254999343871	0.416848617003178	0.586261037267481	-0.181006132493366	0.255194070540627
-0.019078247913548	0.705691851866551	0.494526176731942	0.420301475409968	0.276502521230339
0.234275503341045	0.50318331777166	0.533178662903032	1.32967348394818	0.739763899611429
-0.272085275206973	-0.171587939379202	0.596750125279929	-0.681320145589751	0.785252844510522
0.255947375627971	0.49001016258272	1.08906656599821	-0.378340746479969	0.564657109172028
0.187613164150513	0.397040427515699	0.625236032112072	0.698425758273549	0.699334337440598
0.273538729277789	0.277818440530438	0.889598311523962	-1.47694170254672	0.660305893991361
-0.115964066576728	0.701877154475222	0.829064449783642	1.02291020566979	0.611944576944508
0.474595887750354	0.380053655925461	1.21535885181531	1.70024478381843	0.939414261396152
0.620954611376995	0.197164920790355	0.78520919283105	0.0374961371795339	0.719162452830557
-0.0608230309499235	0.628293866736712	0.792338523884413	0.641602317606926	-0.310323976195691
-0.00708624103560237	-0.0304426516682928	0.344398449600305	0.596767260586064	0.321898741344325
0.105931348737462	-0.095371900653574	0.538110618397103	1.29438240598218	0.518446740793442
-0.227945235536513	0.535978723264107	0.606974430255335	-0.905708311274435	-0.104898156694985
0.409051265529019	-0.456056634872871	-0.115552958045202	0.0299650866199095	-0.477243010355992
-0.0146498274684686	-0.173816522053776	-0.273478728664776	1.16267365558993	-0.451341024808323
-0.0459248962483176	0.481787416207185	-0.432722330630867	-0.701767584615399	-0.737626282977754
-0.0925830291912288	-0.109470931978679	-0.264171087066358	1.88990977720744	-0.0232566511046516
0.0245535363451597	0.480607454434928	-0.328649760495821	-1.27929354901639	0.0631792924039963
0.123099437963865	0.292911120778467	-0.164114112741861	-1.0893788783571	-0.645062970769045
0.0736967724259124	0.207321605370639	-0.461608954103491	-0.236967551529047	-0.351367191027526
-0.224522293678419	0.0851862152674827	-0.664275672633172	0.797845034332535	-0.442506711477429
0.160287782252834	-0.184956069109849	-0.262976909119851	-0.670507339474992	-0.388144585266242
-0.0287961511141348	-0.0151032641174167	-0.251595858869995	-0.197469573705923	-0.305271428533461
0.292779049057765	-0.0161864857658366	-0.330065571116449	-1.72339358099146	-0.876204733858358
0.21534374629976	0.00562796800546309	-0.644331639207683	0.0412350860894687	-0.501480172633238
0.199933851844164	0.144938875460523	-0.57932977094859	-0.429755573492721	-0.41596496288108
0.116883532480348	0.200777067750792	-0.233708942043732	-0.61418191290069	-0.354909595695677
-0.0388253449118587	0.0492395523968716	-0.385408882648193	-1.41763456259016	-0.384734925733011
0.0769559256229193	0.0997864113779589	-0.4662908362339	-1.3995300139464	-0.398086135002253
0.292905555952514	-0.29987386403259	-0.657622117269739	-0.263963214773381	0.0237332546761305
0.436042415574022	-0.110918114121794	-0.178751771329894	-2.01642902084033	0.388111058487691
0.422725282684523	0.0773775155303159	0.00920047135249001	0.117181633059103	0.0455781995230762
0.138365964888961	-0.241481490162823	-0.468852010244672	1.10863995804334	0.307982603276142
0.400382356168823	0.654039399074207	0.354945455210993	-0.0178943313646195	0.270755616260247
0.742970371237885	0.179601199242501	0.00466669957742606	-0.340725717065865	0.195281421187868
0.469435192271459	0.117826938021515	0.074870687292212	-0.604184118495676	0.175688602264008
0.341353834322962	0.144280642188049	0.296663772293712	0.293535080170469	0.117327859125386
0.369502891673691	-0.120434218415808	0.439016959505132	-0.346778245706284	0.0502673752376089
0.0386607813692271	-0.600716872011909	-0.0161503044066964	-0.748087512863489	0.45804915201627
-0.390529261529357	-0.237965990325646	0.147417326470221	-0.2926678479467	0.0233940728366374
0.325248167928762	-0.586777526873045	0.357422960309002	-1.32172745254074	0.335027739418597
0.135856602005674	0.25448813193117	0.433841862087063	0.265836273364339	0.409422478796715
-0.283347672856041	-0.205541860023709	0.1380693146349	-1.58462196164429	0.306941360634372
-0.248716573163754	-0.902835662225124	-0.24112219279621	0.19176088641374	0.27657962014938
-0.333186579446123	0.0868181502843474	0.254984297302309	-0.88107639258243	0.420986036123442
0.00236102387506115	-0.250613265010727	0.344205832350716	0.650220519181451	0.80816191103253
-0.565702554717261	-0.570591357834771	0.358553549524355	-0.549335121650504	0.712433007082524
-0.301307974722103	-0.11289325543783	0.436534779007229	-1.81290142194688	0.260813397208265
-0.134414064693186	0.160638901392338	0.182828745846084	-1.08452825608356	0.271477660144924
-0.491489629006058	-0.23461084456824	0.391384668695823	0.974858122800156	0.373215399424218
-0.235573116574275	0.14287243101975	0.437694665162688	-0.146950868560428	0.171190638250697
0.133271349363478	-0.333115695891779	0.362458516786818	0.0835330618097649	0.253100189757344
-0.114681496285922	0.045636813940462	0.519131833346383	-0.663165472369241	0.450344005254615
-0.254346602100803	-0.169215507293047	0.260293515863477	1.0381745459862	-0.260842457913737
-0.163108515238839	-0.151757059710806	0.55056649387926	-0.558132758839285	-0.108693055884999
-0.235917693569598	-0.53219951744039	0.176513393422157	1.42139878829688	-0.333273297010392
-0.201394923733679	-0.0620734398526652	0.66446801740406	0.359151853934563	0.270193747390689
0.113653483239766	-0.263823747441166	0.272811899887269	0.21971305385725	0.161151398280067
-0.30181618490409	0.264036239317516	0.591050103704766	0.266570821472232	-0.0132187379891151
0.655820230568111	0.259546653750254	0.591225705591691	0.370329899755723	0.837925046028034
0.0544245283686541	-0.0665664767977922	0.452610191896865	1.6479426073298	0.181790468562276
0.721923847967411	0.211273610808091	0.743073125912347	1.24529086375008	0.649547360617473
0.53909040571313	0.129255849777273	0.156725649965107	-1.46565851113929	0.573114038550632
0.125589529559337	0.144635250307689	-0.178674950473759	0.61154190365189	0.0648520028647892
-0.238430873082784	-0.00250340008202052	-0.387328778785047	0.448548091161446	0.179433675893015
0.237470363311819	0.0684067130131158	-0.135747657241938	-1.34152059752598	-0.468064150282112
-0.194196249954776	-0.0757870586580622	-0.641153594185343	1.08163780234357	0.0216320765637635
0.170547702320706	0.115080166725403	-0.394167135889144	0.796775631175192	-0.163869454394914
-0.283437210452401	-0.347811154435629	-0.797896841296536	-1.05730531559376	-0.894899643858973
-0.18233311079769	0.297205428258239	-0.774973610991605	-0.26490310171646	-0.516205754778242
-0.0109246059768355	0.286600869406083	-0.710529452619759	0.410104994781354	-0.482030708570296
0.0761262806826207	-0.0369401638343396	-0.863855639908022	-0.159304348225199	-0.197750028857675
0.409942896199805	0.275703149646674	-0.345664118890071	-1.60598730402159	-0.699406728753014
-0.18934547619896	-0.224948777534562	-0.624262966545773	1.39756001581317	-0.419836428398814
-0.128592683544504	-0.035888016573413	-0.443134065038064	0.293169609254591	-0.336211795909712
0.0408850490102311	-0.340313251462242	-0.636169285712332	-0.998790716115606	-0.596685318868462
0.958109682962894	0.714979828400851	-0.291700298788576	2.0236657917335	0.828757326566099
0.449416624508317	-0.558510770136615	-0.758131853274052	-1.38136603127863	0.0093357939423677
0.151639542391133	-0.338422507726137	-0.805315161403588	0.0551657004704719	-0.479943524014986
0.396084345112419	0.271711044047144	-1.00999155779708	-0.245933741936497	-0.0655694132344303
0.278095920335561	0.0783463714966202	-0.349940767433252	0.356262650771527	-0.26664873118828
-0.0637728580120522	-0.192232425749622	-0.569735505985515	0.625454332889699	-0.364036985407104
-0.0118927866717545	0.272063783638187	-0.736955333833041	0.627973321497909	-0.465058640691301
0.0468615396756269	0.177231116043746	-0.743328762924298	-0.685390531951578	0.294343124304289
0.0961593133423123	0.426740349423901	-0.348553942832446	-0.508417901453219	-0.384701025825304
0.424175089574959	-0.0804890212383515	-0.195778196435572	0.485933185712853	-0.100474831040819
0.0552451385087726	0.51076945138557	-0.0932700655578975	-0.646322347811747	0.427555544642671
0.313821426827942	0.07507282258238	-0.189640017112049	-0.437896081331177	-0.128313287479502
-0.00337291311553326	-0.33980026706455	-0.312359125556341	-0.168723461802498	-0.97191093982773
0.0134552819593917	-0.386720163278008	0.0244430233120166	1.41244115880484	-0.655691270757423
-0.0128431891374096	-0.221138159374986	-0.125305156883706	-0.781187200380437	-0.423028434975723
0.565445015333551	0.0426093284611425	0.20560905203996	0.158211524697023	-0.217642831587467
-0.039238039081409	-0.289612269332261	-0.427333964904344	-0.152688357527018	-0.494298268099741
0.0924364863319522	-0.380910923589697	0.00548023501680926	-1.57813261919015	-0.758529911206984
0.24501620239727	0.127916612355878	-0.0938120028135637	-1.40058378406889	-0.0328451837455334
-0.103897131996387	-0.141206239066323	-0.0924439355756632	1.42926785755547	-0.145565690187799
-0.0789738543490806	0.0522498870295321	0.254320693706245	-0.99563561314943	0.352256769217251
0.12381439141374	-0.0437991952086389	-0.148049062738773	2.10960843231513	0.0315035328604794
-0.127795781210429	0.276490274186998	-0.0724424303926774	0.210200068571952	-0.326215254076603
0.0510793861364661	-0.0191255134975829	0.464168588305826	-0.991529587780393	0.282020271989785
0.113942379487686	0.26031597888203	0.345142867831875	-1.32795006200713	0.485681987297075
-0.7073276238081	-0.577032392549534	-0.0724452527365228	-0.421878106435468	-0.0888691190349294
-0.0295917422533353	0.300125589944852	0.402050384499089	-0.378912329434311	0.221644566491871
-0.266769247450388	0.171911081766783	0.22818881828551	0.19581121325646	0.0608153416768807
0.0241133688592916	-0.301698353887752	0.540325705463993	0.60054400829428	0.214264142560743
-0.31119120604317	0.211609299050099	0.492223043128336	-0.481318233842042	0.379682040508045
0.107595592466881	0.169383185440189	0.336562459334574	1.20300836523334	0.530896758205794
-0.227962750963974	0.0946621906639538	0.569848020362696	-0.332430622784666	0.263033680737508
-0.179506566270468	0.0450091902296311	0.287015191899963	-1.04780539711335	0.543438518900126
0.301641824940586	0.619755965085574	0.982013615167494	0.914079644398796	0.385649613255948
0.41112752701248	0.328345263094024	0.800987381502704	1.81118206738291	0.493333083275459
0.110595463878853	0.129885796454949	0.98281686084151	-2.06562313755731	0.583165949314859
0.10685355444983	0.41251827464138	0.723106810938866	0.298715076605716	0.647762780501941
-0.372756335223508	-0.286051836419558	0.426408158655114	-0.0199977374868218	-0.19334782930225
-0.133613729983903	-0.175364498411653	0.903936111773213	-0.773090464190144	0.280155447192421
0.0515828921649349	-0.373909561763161	0.739802147150279	0.24491313032918	0.30580432988357
-0.0304476035208096	0.0246225347815495	0.669229507236169	-0.244035843471624	0.329342424959676
-0.121134569386377	-0.0746623382933721	0.946617298667992	-0.451694489821022	0.751522075716414
-0.245137504954571	0.0224739479955835	0.856675432714667	-0.0934144400446549	0.514156618246859
-0.321203101738745	0.326598332250489	0.894840768796327	0.0445634638147809	0.00317214326222109
0.34764963977612	0.131528978167406	0.708959556566278	-0.378259848171258	0.351386219222551
0.13923297280911	0.120073948902432	1.34727901662356	-0.382476548329099	0.824437326420718
0.227391668819113	0.5172613820693	0.73829543940161	0.714906016231262	0.270332255755962
-0.0605361021857624	-0.276291745471756	0.433116476081531	-0.70272115421029	0.485750142975044
0.514201066503368	0.590981892127572	0.756555231671406	1.0578384665006	0.20409121883547
0.51557635460565	0.422162939044102	0.790341105724014	1.47363349937995	0.954333076599827
-0.105770379186868	-0.126299344169435	0.286853030943357	-0.890448960026723	0.451283157506266
-0.178508693015137	0.317311570034578	-0.182426659235952	-0.43629911262456	0.105312988560501
-0.0878275525995912	-0.879748590376718	-0.194151446564115	-2.10207537510132	-0.0202945873798784
-0.216276603985239	-0.672349332992097	-0.0795450863595315	0.359188490762077	-0.0797121224746485
-0.414498494094727	0.340057249517976	-0.469751338155329	-0.958429369559315	0.113135887290379
-0.160080594096579	-0.345708645047183	-0.580568871969011	0.739313161265329	-0.462995403050182
-0.484075740035505	-0.679709659253558	-0.544307893625531	-0.451122004400646	-0.310066728886981
-0.96001784822383	-0.378116774397995	-0.89530958908641	0.752810889993358	-0.595627873063827
0.180970848112844	-0.394516786490641	-0.708740944497787	0.146795376226149	-0.286988852275492
-0.555277977309422	0.108043319488602	-0.531803527938003	-0.661594062443461	-0.134089393295462
-0.11970074841373	0.219522077624678	-0.705690244734999	0.492540715286242	-0.503077423162263
-0.204355327120763	0.278421711619337	-0.795003480938057	-0.579479469844104	-0.428943991272634
-0.468782810426945	-0.656284423479013	-0.760172230752822	-2.03605197480907	-0.786396458431274
-0.354670053143924	-0.25385049606205	-0.751774336541491	-0.489418258769405	-0.47984650300971
-0.14387167988164	0.218249504420584	-0.755223246004851	0.844610644859132	-0.432318291791348
-0.293726315790587	0.200120050007931	-0.89920494902353	-0.729455114421436	-0.729314639001028
-0.547393805952685	-0.307027329969717	-1.05667823214243	-1.24163144799092	-0.505126493889759
-0.201923312893786	-0.348861323633278	-0.688864988985763	-0.465312178755917	-0.615584812909643
0.455835025792073	0.457757549084043	-0.513917261057047	0.11930437833762	-0.00904952638468218
0.0817113711844277	-0.162984304193587	-0.48327373924516	-0.035607467445237	-0.457530364910293
-0.372869540898981	-0.761574938616975	-0.643730325401415	0.00961865179048661	-0.0819250491594505
0.0536962495992496	0.499530710984379	-0.583985915240607	-0.0469238164798475	-0.273608866820215
-0.0195341102056808	-0.327463715284562	-0.240696552770326	-0.382441289279238	-0.00937274187020765
0.176299641841145	0.0595384513487725	0.116509469710798	0.688197299693679	0.308731384881297
-0.202780827822991	-0.211767258348162	-0.14658352735892	-0.385439101397348	0.151788607024804
0.0958878948167516	0.00617228956728644	-0.0426758254491525	0.297765279440124	0.0779981967166583
-0.0810185439685609	0.486680970547911	-0.295815145539447	-0.252231200104971	-0.149766222928888
-0.299024132496425	-0.559067479027963	0.206771844176622	0.527909573737506	-0.307116129165319
-0.226971890056956	-0.00101759366621961	0.296115023026699	0.421231162421986	0.0197974184451814
-0.258963642093078	0.0400552886233887	0.0485745194801215	-0.506156866077569	-0.0330210768909517
0.13459726514463	-0.398302201970765	-0.0395025772358688	0.589673140370989	0.628911683700382
-0.418357135305305	-0.211964043968416	0.321138218343292	-0.235038190080301	0.104748011751212
-0.220074682102818	0.262963206929073	0.272540483174384	0.495630379590921	0.091938347987407
-0.0244747892396239	0.32682828383504	0.287607820189242	-0.359437273519317	0.217311872422631
0.341838264532863	0.354140546521147	0.559734248471426	1.04751374834121	0.555183513309268
-0.203031322305433	-0.0257615072024589	0.458378051278448	0.0195397119455524	-0.0438039614499163
0.0382180779897222	-0.0647450134220866	0.162347301179878	0.482999659993043	0.130430077691701
-0.102257850497762	-0.236235216686388	0.420075725087969	0.281274047813666	0.070213556117262
0.297237113801674	0.401170730862582	0.626589938866721	1.3635349530848	0.62333826756282
0.0302850611203951	0.348178988689453	0.298419184003803	0.744564572257583	0.404681217254104
0.340039016389226	0.214580041069478	0.4117417731726	-0.454640959064329	0.601994913845915
-0.311382558826658	-0.273241757343395	0.313457948953621	0.0651188163964947	0.124884810041439
-0.0145386582239814	-0.147802418990919	0.870337425341634	-0.242708129341082	0.664347381578305
0.291416235525956	0.195902018327283	0.902804384672071	0.25923967544241	0.605091099942167
0.0163135483684413	0.0777538220277253	0.763027136338638	0.277044718682695	0.705726334949315
-0.303413521493733	-0.682687038462431	0.574840949380541	0.0394807226603898	-0.0458431884662989
0.283895039128975	-0.353743181508607	0.815890883601058	-0.717825109035499	0.103189658906405
0.412819075574926	-0.230480954379536	0.678854123978596	1.38226117026871	0.324219189295055
0.0946278170799074	0.109012672057621	0.634313898006503	0.923311001312302	0.211492690833444
-0.223664270386594	0.883466161665938	0.310664326986173	1.18858458238631	0.54566946373272
0.489028717766862	0.256888617086282	0.636663735492863	1.59323395053081	0.537921004499455
0.214603879587619	-0.0935793145419529	-0.111933684930707	-0.143223365366535	-0.246747130551515
0.514208007516482	0.145623907411247	0.0150806811856625	1.7452536209989	0.0456911786347301
0.0477446304051228	0.227165434025439	-0.29403327460342	-0.157986978770215	0.23955280821694
-0.0878703760532375	0.0606583384100817	-0.400274443925757	0.152564356213011	-0.222351095734394
-0.111653457625453	0.168734169219119	-0.700311135194917	-0.0606329573223678	-0.0925748356392326
-0.087908611926051	-0.256043381995606	-0.488281785705947	0.077708712874743	-0.411674582734347
-0.117152187710222	0.492544962039932	-0.808441609644655	-1.45435935787453	-0.282538677930204
-0.546928773344753	-0.178229886973428	-0.523171461329664	0.305944366937193	-0.504855827558025
0.0965320093509643	-0.622890517230714	-1.07912644610882	-1.19571448877647	-0.714652768809066
-0.25825915613317	-0.266677147569397	-1.01067584658008	-0.798465603810982	-1.14701995237696
-0.0254267560458715	0.297435136592102	-0.547133135709675	0.100141886704519	-0.878204529110866
-0.335459420793391	-0.0108225303929391	-0.835413084006011	-0.445205385902093	-0.838501157831247
0.0524510281119597	-0.359853759772507	-0.769579867704583	0.331751978354034	-0.845950369944047
0.14281533282937	-0.263891546543578	-0.864302376858263	-1.02197746845246	-0.61896156568252
0.430228097399839	-0.260090075970461	-0.866689610793148	-0.534376351945038	-0.835518200266117
0.393705569857654	0.0861704203946073	-0.475359064889483	0.744292294809724	-0.236841316198354
0.46602940234019	0.395353032494621	-0.605957418949988	-1.63013810726232	-0.680814637006878
-0.0553236846539674	-0.418281551109386	-0.44989448611709	1.06591045424441	-0.778226294690389
-0.0887053552511799	0.522215047857474	-0.501524655630714	0.218195289120596	-1.0513591062821
0.269465658722608	-0.284810670999764	-0.326071285210212	-1.5591635492696	-0.875429912241621
0.430176484139333	0.264798798289851	-0.130751231269084	0.902226583277384	-0.367191838817893
-0.0203668895512618	-0.14707596707357	-0.667380166517219	-1.0926650460877	-0.204544483059903
0.0423770360245104	-0.364556780698585	-0.295627541821686	-0.896383471790983	-0.567911909556261
0.159086242965557	-0.496614185268582	-0.205449495045309	-0.961816353521857	-0.00743909659513062
0.510729917436035	-0.254100288647495	0.00834260633751883	-0.268504666978389	-0.36531690216117
-0.116687203685609	-0.648783288079827	0.00546978822959913	-0.652589574929152	0.0768703463006445
0.398963272193936	-0.0156556842954005	0.0711643727738605	-0.24010555842523	-0.034121598038734
-0.164676311667754	-0.246203346773832	-0.107489269742386	0.796752159747825	0.127343538757588
0.10492412882878	0.097028092935142	0.0759392861551314	0.528601570286639	-0.143038586564967
-0.00624667236182832	-0.206125730824299	-0.00943057073963128	-1.86199550517604	-0.07402739027872
-0.186648836917319	-0.0503962168995858	0.211206135394579	0.099795008441606	0.151330456086336
-0.0689782202310391	0.120769795208411	0.206351386232861	0.51634232556636	-0.0106567004548177
0.0841171530974907	-0.00685980349220224	0.0671853196073065	-0.851320952296944	-0.128130168079664
-0.144253788863676	-0.490639554716196	0.0630590276436006	2.00272239397724	0.100449832289754
0.0307727098869148	0.173162945410549	0.370053478263406	0.384731402495842	0.413599755982868
-0.215236638578767	0.568784069330679	0.808668813531778	-0.272402457139712	0.674203220793607
0.202544927084134	0.0383415480680983	0.271678013830568	1.50654738779119	0.303386492016247
-0.312695504696463	-0.506356423023549	0.415120972244994	1.29494389938876	0.278720132541558
-0.117752007583396	-0.422234065899083	0.738667830797917	1.05386572087045	0.210477655914687
-0.146921341809446	-0.0629964714428797	0.429524828564794	0.815402361051275	0.500611677431932
-0.0272935588350757	0.424569340242396	0.742637409957972	1.34235772507122	0.596859101018066
-0.46221937753215	-0.0663993151559422	0.474937691307328	0.602593830964224	0.464593933694356
-0.149043279546206	-0.558879267627258	0.370913863805457	0.93273448552136	0.48802764714359
-0.119446607426391	-0.134771528244502	0.558625132831508	0.700348404564579	0.161367627193116
-0.127361554513589	0.324216873410882	0.712974329103185	-0.569158917131687	0.38781703569565
-0.387830320864683	0.0237983119057544	0.886019656778198	0.0582576500689096	0.635275493310549
-0.297292434221666	0.0365706262230317	0.477155255171569	0.847300515803712	0.382074943360992
-0.501360034070158	-0.453528914580711	0.541765110693357	-0.0162760911628077	0.298207490460575
-0.219039626003928	-0.184124197904832	0.624648145932916	0.405879867630838	-0.00789739327949656
-0.0719987029236684	-0.235474651199413	0.338566468802382	-0.953600697747858	0.595971327187111
0.0675126003960109	0.467231127703173	0.766358352521113	1.07391514355484	0.870552740552909
-0.0937581918625058	-0.0677588756050798	0.277625818980914	0.148625958027152	0.256743979913445
0.256521568917248	-0.197818355897004	0.709554070648486	0.0690568485541186	0.688280517201022
0.565145256391498	0.148952138355417	0.543249462613274	0.618684526629382	0.980786819503812
0.499599868266855	0.266249498811873	0.186853696389937	1.80065590337989	1.12805099839484
0.202972153546911	0.428834449880692	0.0368468362780694	1.06294984373116	0.938867454596386
0.378255411423765	0.194810842735561	0.015305999709925	-0.66282026661318	0.365568410158343
0.357351674978019	-0.360913613977076	-0.309817256353571	-0.143720323572345	0.372131607445841
0.278193710149812	0.528856542566047	-0.446487719926129	1.65625750825498	0.0420485323326177
0.143162410258413	0.496489505393772	-0.657000905950139	0.802684809768741	0.185276528818167
-0.105799221328131	-0.24866309795774	-0.982856381587173	-1.55745936327545	-0.182840443563941
-0.173028102681425	-0.258540141846385	-0.67874937520452	0.210353159510242	-0.974482350156491
-0.291108482533901	0.125538503958324	-0.848916461241226	0.926727880556588	-1.05300213438367
-0.113106451744527	0.0831456072896619	-0.832846180510924	-0.283145192829994	-0.298028268309431
-0.178997287319061	-0.483597252941655	-0.81967158162976	-1.15247896976512	-0.663001155193498
-0.116322875806386	-0.465294210861177	-0.799948837646315	-0.339854233520201	-0.946766952343441
0.0143616358282185	-0.433634113247093	-0.861206665129232	-0.186961394834568	-1.01927524778388
0.0568755788000554	-0.0666103494197608	-0.643427902237167	-0.896611576306938	-0.370311714727684
-0.174843367807868	-0.123869996913719	-0.52638967344325	0.297755548010135	-0.110057430358646
0.0287319525094544	-0.121747429953584	-0.833495560201764	0.167172678358365	-0.762341112253569
-0.201160529520199	0.155911015836593	-0.653198932131226	-0.0386139980305463	-0.491288576421467
0.40709558486142	-0.242201823765061	-0.33086353286743	-2.07945922535984	-1.1360326558524
0.13661112586289	0.131920943530139	-0.492345431739598	0.915037204342423	-0.702934554619593
-0.0373589211114959	0.464060449332921	-0.675076756278594	0.45695161785727	-0.536599971091724
0.180348730360016	0.26842038888714	-0.111129786323127	0.160467744277177	-0.500617780653568
0.051562905580208	-0.459201340335956	-0.527336829086023	0.184117619461316	-0.900727363952498
0.255316843311508	0.249892478012182	0.0609750820527918	-1.6874475054291	-0.341811922352335
0.44124761664778	0.718588938756279	0.0988797150804376	-0.455137771686217	0.00918753604119055
0.0118441256054856	-0.17495890973668	-0.0784088315963656	0.948647477827532	-0.0839729745362713
0.0193422174250064	0.0736539270933267	0.160140576464862	-0.0646284883092267	0.305894396694875
0.27944747407468	0.392987245914831	0.164661171887702	-1.49253903572406	-0.0288410113124525
-0.157215048336009	-0.312779113197118	0.0441099776388782	-0.708538648468652	0.0367411975531133
-0.00282814612225934	0.615475919087913	0.182093187210584	0.216050783313875	0.236585162090035
-0.31332992568024	0.351673226610069	0.361047764479885	0.567735036363745	0.598461870372714
-0.199433359486653	0.0119349529817624	0.126270444279131	-1.15125054746874	-0.141934381201408
0.011790022149268	0.168074635643995	-0.255478051357095	0.531095385965248	0.0932067161344954
-0.205678391464896	0.368492006043301	0.222109008250714	-1.08006422952885	0.0649634586380756
-0.0817717263142597	0.199099579570941	0.193969898479011	0.178694630893453	0.275170640868456
-0.353750566745051	0.255482069227957	-0.0649541642734728	0.741989708885471	0.155016095779233
-0.494531120609179	0.593475734592929	0.0581890461149661	-0.0494618324782102	0.610329629836258
-0.207915081257683	-0.0919434656055078	-0.0476704495010799	-0.959455655512997	0.257495024987186
0.266114719404536	0.388079218583909	0.140971626022662	0.805730913557435	0.111120075518411
-0.242070680846283	0.785685171111195	0.500225969750598	-0.221870201708874	0.516342111229542
0.182764420753373	0.278074784972895	0.615169573755556	1.67905010712046	0.758178450711809
-0.519791126355788	-0.0146661820463446	0.275888575190871	0.663975323078296	0.282328757349024
-0.125144716308063	0.161427390732084	0.495451103963628	-0.376576693281424	0.255672203188554
0.308223314431948	-0.35669316258425	0.64228307417745	-0.615730974400157	0.371708766055146
-0.469073171255361	0.386816464464411	0.748235721601179	1.5143713390726	0.253660193905848
0.0524532294655798	0.396045024963901	0.779670886983656	0.309648801645883	0.346256646289121
0.0592218415044008	0.347465078267526	0.757424442609767	-0.499598140930937	0.523762978222536
-0.0232627368185257	0.0438075966613681	0.76918002252513	1.03981416649166	0.664693813859759
0.0801027631255839	-0.209532873689497	0.586412226766471	-0.130705052270518	0.363588135130406
0.39262304674891	0.648586810425787	0.647260761505375	-0.40270997450589	-0.365151577212331
0.563588500047015	0.317381875510412	0.759959978734716	0.698835072120315	0.505899327798455
0.027103558319953	0.856522339949028	0.267003107524417	-0.737978859872805	0.131245882534693
-0.139839588502537	0.663400823417584	0.294496222432345	-0.550227714222022	-0.0324329488235776
0.355924265845797	0.429404553995523	0.0266560738282622	-1.00656298511839	-0.298447017792921
0.193618041514229	0.164618094569228	0.0759780139980892	1.61044090157988	0.351553371745459
0.0947392597540392	0.287627739670556	-0.249859076573068	0.464098673240745	0.27360804180121
0.0502899666733761	0.390335126216927	-0.614456241045132	0.587981853410996	0.154228526242408
0.0214119880694591	-0.0294861992579585	-0.604546250877532	0.569445547503828	0.00766248722127035
-0.175332824116906	0.228414515966297	-0.941727094539535	-0.463745696464079	-0.332158808679582
-0.0557718386983086	0.355984491175831	-0.482847116476769	1.38589440355755	-0.151867574448931
0.00590683065838078	0.808702935242005	-0.531381020100377	1.10631565971596	-0.114138783775543
-0.379939186735344	0.27838546108716	-0.881005968223845	-0.738502408136338	-0.820938716639856
0.0511741606627174	0.310438784278147	-0.512148752472199	-0.291095647015568	-0.800120812245131
0.0539765690395206	0.0564650177000847	-0.454497541167566	-1.19033992149454	-0.836697400266102
0.0961833820802553	0.130611014958271	-0.718883757576876	0.31888377192246	-0.533343366668448
-0.287582325937632	0.360834854090434	-0.413688799688169	-0.312301642155056	-0.52779284518282
-0.0253095603957845	-0.258988316547302	-0.929050896744684	-2.68769862474336	-0.830400335040498
-0.0695756301440709	-0.231220903041528	-0.631849975725059	-1.38131620005742	-0.714387571735779
0.205280898981507	-0.292216181083297	-0.416854441246998	-0.863777238944017	-0.739932261285504
-0.0107021618083267	0.0570609139314928	-0.73848636146016	-1.14610632161541	-0.383292121481297
0.147944765637702	-0.0335062409995118	-0.87184994822599	0.0425928988688053	-0.37296410846689
-0.12684996461017	0.0865009242282887	-0.75244805021791	-1.15970950766644	-0.59883332469057
0.106869304473662	-0.00306243067952844	-0.969413456669801	0.681388201670511	-1.12857773993764
0.376856650982952	-0.435297462381826	-0.591513775954784	-1.16446766082418	-0.453495194231781
0.222615838001858	0.549987893803013	-0.38813236758355	0.350762394326932	-0.117940351843585
0.0280827951812818	0.0474566930017242	-0.418356970091608	-1.89622164584777	-0.191946038771721
0.0200872601025766	0.284292806112357	-0.60563183615919	1.16617606082809	-0.253701135220396
0.0823758044363904	-0.402284697214094	-0.673464134025552	-0.529688657610003	-0.603212529218022
0.0751377637989864	-0.0531509215800189	-0.295697207847019	0.904608068684708	-0.117547141454735
0.153246084178751	0.461370004072868	-0.0374773101544711	-0.801925607223251	0.32030645976328
0.278057038600999	0.468870561191065	-0.00229318331994591	1.94279692728016	0.0711831074157347
-0.400275527418691	-0.134945055471701	-0.0138869138530547	-0.359926582718377	0.071016449846677
-0.316112161844949	-0.204733492397854	0.0746693582648256	1.29812252584237	0.136248978683906
0.187995504908218	-0.641536129608001	0.110299680965308	-1.03338871436614	0.152511545703672
0.354435667871183	0.100332434647399	0.41104217528564	-0.0650060496934952	0.527047905850522
-0.124356222684397	-0.164628485202683	0.191187524960968	0.348043184996427	0.628067943654597
-0.359696010119605	0.219115890154329	0.161400318288055	0.597773935820332	0.399650067197122
0.0735168126661159	-0.659114026125891	0.416344189676009	0.709423323144863	0.339874611021336
-0.151157631731305	-0.463921383118977	0.190960129078867	-1.69420578421049	0.0379799348408602
-0.446404451957318	-0.433450260242841	0.308728424312893	0.344893841378003	0.812564467228006
0.0608802480445326	0.234037175752206	0.816504444117709	1.14824686279593	0.769006614152761
-0.639660352081604	0.0967766849740743	0.448321915350156	-0.414746899141609	0.393184580132664
-0.121157121773563	-0.143370327049348	0.562505282117257	-0.39434522874191	0.553288786810792
-0.14099312193949	-0.25587847769336	0.516164645390593	-0.482186798125899	0.269191799096111
0.145201307828263	0.348187509760041	0.908470636048987	1.87595698264102	1.10630299968782
0.563842566106953	-0.0962938617954076	0.869110161242509	1.05287617878335	0.863994151624337
-0.253759176926523	0.288776460769149	0.703247676246457	-1.35556994983513	0.395090236026578
0.212349254707148	-0.285950615446953	0.757684778421103	-0.180677943112366	0.791077815141904
-0.3672766333656	-0.143785958508752	0.49114886638615	0.931125866546247	0.173236907967035
-0.119363458083661	-0.4435725838656	0.899270927895404	0.376148691536728	0.710476116715051
0.130317395944518	0.145451013904582	0.881939839522259	0.657965667689724	0.345023270587353
-0.212402107577218	-0.430717382882961	0.630513362518608	1.5627312045033	0.328072786820165
-0.352256294096914	-0.537274603311457	0.533161618164085	-1.62617578353722	0.431715379437232
0.417013293124028	0.187529241228813	0.792352761685777	0.820525844518303	0.933172394121847
0.341025871346794	0.72561176368463	0.83417682404711	-0.779956190237868	0.613292556510592
-0.188803630291266	0.0350121594030599	0.410077204612376	0.646032113691757	0.518923746303827
0.0899223297168445	0.082258769184395	0.386186750722942	0.0961002647300348	0.591847010250018
-0.196785886601807	0.124536159938176	0.00188476934655124	1.07028892476539	0.620970996018231
0.469952105264876	0.094439190653204	0.167896835452693	1.10664709319661	0.800165967841733
0.233689616354462	-0.320013165644451	-0.265540599738185	-0.961641020219737	0.586645672453039
0.289874080167195	-0.680857583241	-0.200948810674727	1.30732728107881	0.177159846221598
0.14233685639674	-0.420860164750405	-0.0073570755243355	0.447087896040055	0.246386262183534
-0.359215520695927	-0.0945759507113202	-0.374817229130305	-0.63765139932421	-0.170253802552153
-0.208421946619458	-0.683584828641588	-0.468061147711564	0.154234903267115	-0.34369640702622
-0.129313693056073	-0.886276482376669	-0.302364968179953	-1.45539900125617	-1.06922457019237
0.185660125538213	-1.03313111826114	-0.264056804280501	-1.60240793183637	-1.04567097234481
-0.0569172149402253	-0.343705805672341	0.00923805558860198	-0.529112399254847	-1.52280522010218
0.0433590444845128	-0.245419236178241	-0.472625301191339	0.31212222757512	-1.17522093473805
0.471479297250243	-0.318784417255372	-0.309995310536525	-1.0809913124605	-1.06239654490335
-0.293967160033863	-0.79571211867565	-0.663617951644912	-2.22775230405361	-1.54432256852148
