1.31642579246329	1.86531631289051	-0.177836886678429	0.730501634508895	0.129857500433362
0.735707639614111	-0.11330815614992	-0.187433995009673	0.618140410496441	-0.0930094466498905
0.366916044815343	1.06791539523867	-0.0549192807466792	0.476484785485466	-0.210918441941688
0.476351234882573	0.576235323452442	-0.463431822102033	-0.149777950848361	-0.0410338408682039
0.685921302138359	-0.472029629282532	-0.312781891188046	0.331676662387367	-0.212049955280569
0.420747745153792	0.193678882568489	-0.224819463228643	0.617055216429699	-0.00065185814034862
0.528481182464148	0.0273154239438044	-0.084273255805566	-0.494129606119115	0.00621545975964104
0.553322099569271	0.0347867211815895	0.885335766048205	-0.0498398324585866	-0.428866445289718
0.543763981620743	-0.37399547449091	0.556212045312121	0.148130148462905	0.353980546926783
0.516082046171069	-0.0298091739033565	0.511548391641767	0.813740505061599	0.00143704086367063
0.609650768883826	-0.457969223647862	0.328651997678667	-0.906766861029147	0.207636477526872
0.145960427438329	0.40601491269685	-0.234545588063352	0.0539472028847278	-0.0205565025996159
0.330429238278008	-0.172439541905054	0.0185650339210981	0.310308676188779	-0.212455446965348
0.327378641327128	-0.103905107218217	-0.0680988630644497	0.425870035807153	0.104520122352206
0.16379118756183	-0.661897599668703	-0.204851412184195	-0.5819653169247	0.0166204511893053
0.181637230631599	0.0118748897519064	-0.195605554845149	-0.787858487437386	0.144736485154846
0.0515616130084674	-0.629457181351654	-0.151188381668259	0.372325311018703	-0.314645663208755
0.0535057217832864	0.117692084696313	-0.0427359512705743	0.212623315718312	-0.224524889077768
0.00202889992401903	0.152038143873569	-0.037385422410974	-0.491318669123724	-0.310272233041585
-0.221504079697196	-0.908203844770115	-0.123370404209541	-0.258085400493881	-0.204915681230399
-0.105448038160667	0.709959559451833	-0.168159794662924	0.293053868205221	-0.321701073572179
-0.140722587255069	0.225337864453132	-0.192634901933678	-1.16844970600692	-0.196729329119687
-0.191458568542513	0.0568378498767168	0.296796546334347	-0.242858576213584	-0.17679048408321
-0.182821329106677	-0.34894327796289	-0.13999166369684	-0.270012369514206	-0.00123825825140983
-0.124398277570608	-0.26764335573209	-0.0869807061986423	-0.066717405123874	-0.0723318754698086
-0.529742023272834	-0.191931052321939	-0.0452402937202998	-0.253705885677261	-0.185124497686007
-0.131320052327298	0.541312997603057	0.225007539438409	0.0150307765920931	-0.175438654713881
-0.17874778454857	0.383672428432452	0.151240664078843	-1.04164917009503	-0.176790301076423
-0.139322782294143	-0.420623494637643	0.223661007236982	-0.305938889898726	-0.191141934640803
-0.244427552066741	-0.116116186422051	0.27659174758134	0.506441445479603	-0.305314349485174
0.088945959348947	-0.231489305361298	0.0925198241218544	-0.138939995811945	-0.117830193018186
-0.106693357734064	-0.0943575810044942	-0.180448456199233	-0.602455361035761	-0.180299251950409
-0.0354586269110619	0.383336460514521	0.301081111216204	0.631259173991199	-0.100886563313403
0.162393745895196	1.14916103698495	0.187912781305237	-0.0377440265894167	0.285631019392808
0.0274805954543579	-0.468133786502792	0.35316400364763	0.387681260603364	0.141125091888612
-0.246346127869891	-0.0573643407500538	0.00505505863792275	0.132187302842399	-0.0118647321377541
0.10628110259275	-0.984453549216596	0.421567552135586	0.176297692937741	0.267647391526994
-0.0887413261156081	-0.944500088506518	0.242029722137457	-0.845807937459721	-0.0681824412967526
-0.106739023224295	-0.734979278893248	0.268971345473705	1.73521601244499	-0.187544749448942
-0.073306384919889	-0.613567922296292	0.449564010371393	0.0790181899646441	0.605654354338874
0.0398448810969822	-0.525492547816363	0.247782389571058	-0.470806159827151	0.0104727278222453
-0.230713618158772	-0.147972484425452	-0.254591253640866	0.628617582098889	-0.0504529284842845
-0.0228571662301345	-0.164298693442769	-0.138521994743542	0.292046233281392	-0.0459859435438142
-0.136088997939044	-0.104412603698734	0.430804564408597	-0.589484284601041	0.396560057411102
-0.0809228813784016	0.677046231694009	-0.0504048766622513	0.0853711528184928	-0.263169388353609
0.137286885651622	-0.577341273351911	-0.124061537923314	-0.450129580252121	-0.289254191202224
0.170476034746825	0.780140718280505	-0.294753193016019	-0.810260241520843	0.111863638931234
-0.168976527095928	-0.490535515398941	-0.0378569841973667	-0.256827131310364	0.0870934573013053
-0.311092546814265	-0.210907286133166	0.0679492546089131	0.302516847846702	-0.0680861034644079
-0.0359029617846232	0.196808094453024	0.274236152334535	0.352360934279954	0.269969387330105
-0.284429582447137	-0.555919116702942	0.0710318554543988	0.229190763615959	0.267044849654287
-0.114366779752987	0.000109594596263482	0.0487500366257362	0.437573565476906	-0.0664018793232383
-0.29579002793167	-0.428885453152593	-0.0719908531451232	-0.364383615343026	0.304968578000077
-0.0348950608129286	0.45333885477017	-0.12026659128122	-0.96205991931266	0.316211047439236
-0.488454348901988	0.152450981937966	0.0187208700971704	-0.19645158837784	0.173716179914503
-0.409801636851262	-0.600423746484929	0.141436301614583	0.747265396993685	0.256737024273659
-0.577892038187022	-0.510666888420521	-0.245883308986881	0.0129174690484638	0.0958868135997913
-0.570717340978327	0.0409146476132539	-0.134325514542873	-0.914565734922092	0.0395968284675862
-0.175813519158493	0.317069182533532	-0.162945144459531	0.5702718965026	-0.313204774579545
-0.247166461986561	0.454938215925088	-0.149556503858053	-0.26062542694878	0.0935489857451242
-0.452354419085712	-0.0449975049367356	-0.469278868462214	0.962552350951843	0.0202255728552312
-0.149722971387532	-0.428259328894197	-0.47303786168293	-0.269177568017841	-0.0800353491447709
-0.802691080788046	0.230159073155105	-0.838823030224432	-1.02094982160831	0.239217574499781
-0.604429858626591	-0.117584586898459	-0.326587643015447	0.856479090396372	0.0475385117361121
-0.284946557510446	-0.824543823297891	-0.30218293784825	-0.666015198411223	-0.471745109631359
-0.207252638989166	0.165255683732275	-0.472374628406739	0.0204069637375343	-0.162374243493705
0.226758448684339	0.459549950383165	-0.44936423548888	-0.146516589304401	-0.143629191523409
0.477291290610737	-0.768992027450614	-0.548522346186391	-0.387115070572891	0.0127715777956916
0.153147686939889	0.296101669599199	-0.817813045433727	0.274585067423429	-0.164555101151722
0.334986938358227	0.561542401577525	-0.626250628652758	-0.144343509170272	0.488578836353331
0.217818628829857	-0.0386935283965954	-0.656853305132374	-0.0915673757748188	0.0607307030245585
0.420825042751169	0.0835138559148152	-0.32963962091947	0.935219712349051	0.202727385568693
0.0320909861084581	0.537778980529417	-0.460512449359698	0.381489341414973	-0.0431597923466925
0.0439514761260148	0.409648173147791	-0.172375449639875	-0.681633151304926	-0.319942759795349
-0.0608031608195997	-0.0593113159287852	-0.342528401063464	0.3115585258316	-0.43393464155253
-0.24953604464776	-0.104822565912531	-0.682096470365636	-0.267455759984639	-0.332437407974474
0.07715321206139	0.745661966199817	-0.749171923993239	-0.13751962781752	-0.250337903478708
0.158060370642142	-0.273939736994017	-0.0015304818142391	-0.040969641723518	0.0844440206115408
0.11284539018475	0.728071165167819	0.0227643331027394	0.84760148215489	-0.0252899883171252
0.29170363994118	0.733005923059242	0.154803725934343	-0.00836492642912981	0.20872911216897
0.399513618848873	0.0341662829541726	0.346188773394927	1.20048010142178	0.72547781366934
0.298964929122426	0.747922702445434	0.477515156948016	-0.450860591517281	0.362276385302155
0.259097065090322	0.3240777176722	0.331318788199833	0.230364490170571	0.32875852935879
0.0120101627200977	-0.742414788889375	0.469189602942598	0.799402116996702	0.477088349495821
0.253933582438524	-0.0292496986432965	0.613233071727573	-0.230143203820428	0.486961720006897
0.100406224939301	0.704246696036648	0.337264253838186	0.211665831423216	0.457152485438622
-0.19058261660882	1.17796070613978	0.647445528490177	0.384606016082863	0.558662092380255
0.184215985864099	-0.472911434471937	0.413723365685225	1.35751792564419	0.514405469558192
-0.172008605904548	0.641432847830741	0.938877056580166	0.741678003277361	0.369632840430116
0.0414601292673785	-0.969987227088676	0.385735263177804	0.452369857124716	0.400241181147311
-0.0416030819178358	0.807791073584211	0.572701035651582	-1.35070163400712	0.401799460572919
-0.0384186972807016	0.153260443503412	0.719525839984984	1.40879078087885	-0.0238452300994657
0.411285181110866	-0.0304167296844035	0.721863142372268	-0.0533945483082058	0.00145974111551479
-0.0177727011182262	0.539319423280999	0.522305498955892	0.403379470307093	0.498524320734849
0.156346840338279	-0.705582274595325	0.344344504372057	0.698865112902746	0.584212913481326
0.0641754264108789	0.120734094904513	0.3019035783242	-0.28036784784337	0.0284669441606221
0.497478268248699	0.0870304901476182	0.517268554596339	0.0987343178349128	-0.0234339396043356
0.108286279933593	0.703124237117584	0.171225219850661	0.0108246531989523	0.284640981767676
0.182862081109423	-0.106805221766618	0.227811157253612	1.00789051408048	0.0902531039664358
-0.154867319845768	-0.0344044032512166	0.201550444523724	-0.402152112940722	0.595264946354343
0.0542902131453847	-0.814094293678403	0.14594187796175	0.439311823456734	0.239463938023354
-0.0633945699065461	-0.757215093343	-0.120752072019869	-0.671877630445224	0.0697610033217269
0.00703443393153025	0.731181895877896	0.173004129143772	0.163972600779865	-0.0380383747089694
0.0155613998692397	0.124804798717016	0.140138523885494	1.24102031925473	0.0474167850029505
-0.296559964641512	-0.316536548435877	0.364038210247856	-0.185887963864196	0.363601487629146
-0.0877576933008025	0.00977980783954709	0.133551616342847	-0.158118715125763	0.129340780497708
-0.220809743666592	0.366972504269964	-0.0654886102206883	-0.666357112541202	0.127733966612332
-0.255502132990232	-0.45693678694197	0.339847514623529	0.767029760000494	-0.0063982101944661
-0.129914483250764	0.167246450872776	0.193227104654854	-0.402828893891448	-0.0148197671628627
-0.201502377469535	-1.58555127008757	0.198023831988193	-0.434551132893799	0.294823518792915
-0.166374007748265	0.143558365479595	0.216303865734993	-0.549582725714319	0.00914586225503534
0.10437229922901	-0.782162230114039	0.0817164090305439	-0.159051876751803	-0.0015693988965762
0.135303526411671	0.835342710753775	0.438316595864516	-0.34503532806878	0.247093742579833
0.166904376633157	0.0413198894680317	0.0188903533260551	0.0861111210884043	-0.088440135864713
-0.363168776756058	-0.312626224094315	0.555682937072819	0.0578801688784387	0.175582996869112
0.236913404298403	-0.164626868790844	0.181920236536124	0.311429528275847	0.114098455972908
-0.268409212679283	0.579648306737742	0.163971876799934	0.516912107711312	-0.0501800837297082
-0.294268107479665	-0.206654360509879	0.185489768783118	0.179770953652789	0.255898489102319
0.0796633282175719	0.0939319057196855	0.165071390880557	-0.0273559942899576	-0.257168404596029
0.0963350599949108	0.0250362981300535	0.104384449012078	-0.548870213836951	0.0414460599164898
0.12617325013217	0.451879884265501	0.0758160929386142	0.922376588785015	-0.208862450259615
-0.154893366085835	-0.834947067678195	-0.119288223125576	0.256553056749147	-0.157521661470611
-0.202581515081516	0.291601592261991	-0.639766564896163	-0.171719383852614	-0.121921846704993
-0.36866723842401	-0.128901869907971	-0.30186602665344	0.0594937476496243	-0.166508143226804
-0.588090025175748	-0.615060237097293	-0.740259283613313	0.148966622152071	-0.50764161536048
-0.0754126401492787	0.652814682871	-0.725102720303482	-2.4021254282223	-1.21401647358628
0.0102042054609413	0.0329210806753515	-0.447730236563179	-0.443501615022771	-0.522850866881554
-0.121334489342564	-0.397937572231432	-0.396654332364897	0.109248915649327	-0.471701475932464
-0.257682349038612	-0.770417864340823	-0.815638473027824	-1.47828680076612	-0.434668417484277
0.213051362655347	0.091675694170509	-0.949119458628069	-0.678906029695095	-0.113469775842881
-0.348726824028711	-0.0319670513257251	-0.457614194950977	-0.845673079757428	-0.424902232975281
-0.0951671560611702	1.62819072681715	-0.355388282955463	0.190620972872118	-0.340454667935933
0.0542394047931302	0.275371374052864	-0.358329185849107	-0.67665709986651	0.229795586989546
-0.245423028988682	-0.60126469199983	-0.849474162439313	0.139070780322971	-0.675073306387447
-0.470424937952195	0.539087788985522	-1.04396368240849	-0.67022275189502	-0.621310381045891
-0.237246032020726	0.267837852905399	-1.16448642337648	-2.24250627443273	-0.0892517830665196
-0.342987707878246	-0.640258514473818	-1.51451781372691	-0.0132984989153014	-0.487918937464734
-0.247233877571823	-0.0915113253326091	-1.33440158509392	-1.58261841765246	-0.103363718042205
-0.11559508910163	-0.411616746061936	-0.694053624829016	0.235997164803365	-0.523039961537406
0.242575784284531	0.44106314934092	-0.528540636314378	-1.1826111528879	-0.41211854318389
0.26329739301971	-0.147439237183647	0.0173032228951368	0.26029528238093	0.264145917767913
0.322377817218222	0.734821043289782	0.113689891077043	0.648508599079335	0.148925464688086
0.346470299705791	0.632806723229341	0.405288774587037	0.231227474295007	0.69227725470327
0.562321167708102	0.360825853527986	0.785635644500191	1.06129865670821	0.496675640305573
0.638793135411058	-0.782149402715856	0.88616162245188	0.507949837116962	0.613319880679234
0.337729820414541	0.7303633809542	1.06179356522323	1.42879958140531	0.457379215592276
0.291027278002232	0.405524569313776	0.891670099140533	0.123266874981147	0.470917529198983
0.164739390241162	-0.084208312039097	0.689474657082675	0.618978767548404	0.118894558863553
-0.139008448243781	0.135927015995929	0.70335372778773	0.500647303847094	-0.410743631659653
-0.172595015365113	-0.195814992938384	0.506360105875433	-0.111721021518941	-0.0857257997585749
-0.056774142700508	-0.769570823582765	0.06501070048069	0.671078604613504	0.170329012114213
-0.255178186804276	0.842471707818599	0.0492016706536702	-0.906324093180803	0.0108668671200979
-0.17252892903113	-0.813713590919398	0.174677538846236	-0.219465701772429	-0.345954538994859
-0.227432116181037	0.586145874815255	0.229634849767629	0.166840977520003	-0.416438528039848
-0.0839375492272622	0.394910402506588	-0.0184651726870117	1.05227720947902	-0.223031094372595
-0.0659588456661921	-0.468515666585438	0.482153177609214	-0.21025703700393	0.838392526298537
0.0107168304378947	-0.231275752191257	0.598145364982559	1.38772960800369	-0.103390508535622
-0.178484590922426	0.196347254833578	0.134644221905067	-1.21639336749978	-0.400251935898366
-0.0474993399117873	0.409352091294147	0.540689428165119	-0.189972376806848	0.0993527925069681
0.118825664670221	-0.435912135646153	0.327787944646502	-0.0752496418734995	0.0361555444945241
0.0304486968477589	1.02460949470111	0.58159355095017	0.75334386008014	0.28641223412193
0.292160569026989	0.325207806271028	0.637716637312452	-0.07195835691627	0.505562909413197
-0.121003815045203	0.238058059929048	-0.0334493252254285	0.76869442908364	-0.0443243694775021
0.203940157716196	0.786141168768696	0.293740718548116	-0.256898162379649	-0.200829288436654
-0.283890640727091	-0.275690282649782	-0.0993731682486229	-1.12671019358758	-0.0568040047319913
-0.271546153567925	-0.388874128094434	0.0848145116803695	0.954317857869676	0.394193440181837
-0.293259336624526	0.0333677850406375	-0.115167810141059	0.0694759885088991	0.237813291865058
-0.454529305486409	0.0938779661912062	0.134706913909336	-0.794043267462883	0.0022390567880113
-0.532242927176636	-0.38069405046595	-0.143913531297983	0.394431843708087	-0.213876252547059
-0.278911077672908	-0.448586024515502	-0.39284540628746	-1.38166961126969	-0.332749113218227
-0.625819411317449	0.474101698980544	0.379122828977377	1.12065738629943	0.0114950442768853
-0.429326365180374	0.2403062100964	-0.119969143855261	0.317582196620647	-0.434531553578171
-0.378785963313906	-0.0649988053597147	-0.206921218917965	-0.839898184050514	-0.638472210949062
-0.574327674219139	-0.145753085075857	0.267813995357105	-0.203843131938981	-0.197105749108384
-0.579750823092608	-1.19228265982634	-0.00958527573700108	-0.0840796618581377	-0.185333383222959
-0.210908241683463	1.42106430435315	0.180295811027015	-0.938430882414842	0.284530976883944
-0.190160969705974	-0.0310356922159793	0.245118476547888	-0.419774804265204	0.0146121461526437
-0.357289642351744	0.0462400645335305	0.264685879390071	0.447059379289619	-0.244331259043397
-0.442062300614106	0.160836738866425	-0.144970630711676	-0.448731002432698	0.25006636455116
-0.19417206515847	0.133426622907143	0.184281150895862	0.183901296430996	-0.029195251938297
-0.637228268821362	-0.657165929308473	-0.346805449338464	-0.345217277221909	-0.0794735924143471
-0.544400353251091	-0.373876373439689	-0.584674673885101	-0.247222353655591	-0.336440051909574
-0.155783467230979	0.155099523664845	-0.894532348623685	-0.995883000300075	-0.28739416204791
-0.505249140450887	-0.210382891995316	-0.504976711755264	0.511423407930741	-0.666519870093074
-0.200647554777507	-0.237296421076065	-0.815956803467081	-0.948598357932281	-0.399321201610499
-0.356510563644068	0.287058078841977	-0.802813498348275	-0.702258799518713	-0.834530502056843
-0.457573644247945	0.204265442007905	-0.943862782739581	-0.602569007696517	-0.8102485552777
-0.532327057666583	-0.163035989841518	-0.868358410670938	0.0969951456488878	-0.554367242180811
-0.346777904800576	-0.629204251143887	-0.906304907650086	-0.511364633508933	-0.731065098080166
-0.415144872566849	0.0504446434232477	-0.879982527854359	-0.629619634123979	-0.843289712150112
-0.30111976146564	0.889728864911894	-0.565071980200499	-0.427115987608329	-0.294842372175021
0.258159639363179	-0.187042571531992	-0.674987768575255	0.732154396324303	-0.687817396066293
0.00916954380542439	0.0667730275035477	-0.278295601892258	0.407559272006763	-0.323201344498386
-0.268714858054711	0.0174617446718425	-0.647447668415532	-1.25156874205179	-0.254274682845683
-0.0944584475354641	0.10448897047156	-0.22999638616528	0.333824671661583	-0.131163844717423
-0.107271207055187	-0.219017858586543	-0.381883815600104	-0.647985539387933	-0.026188868504251
-0.129885813011896	0.851951805386499	-0.391262392598008	0.535141432817418	0.443485140139657
-0.0973085958975185	-0.609777006725736	-0.190700858961344	0.403066938958181	-0.00621525039772656
0.424348675388404	-0.109935444889311	0.259972439198754	0.241953454413709	0.208145186300617
0.502190376184382	-0.34441439810337	0.269069226303459	0.75326907849047	-0.290438434796582
0.789275569419711	-0.50240231376725	0.217487073246232	-0.115082689466248	-0.147826900456116
0.168369420409233	0.586745941862332	0.773095408962348	-0.340936124005033	-0.0652160061932096
0.464525654307313	0.26514036112807	0.565937569671326	-0.357588950768525	0.492130924023678
0.658122953506259	0.242535131774102	0.300997567165686	1.67296344801961	0.0959921530123157
0.515606916415599	-0.156487531175205	0.630717445830198	0.280849127953457	0.114200746709632
0.433301780654974	-0.726469392241144	0.149754195886937	-0.0381458221333702	0.160928144005059
0.217907126149359	0.571627287812129	0.516975330604974	0.855322114742216	0.0518604910532925
0.187338408663069	0.583832924533704	0.131444793491534	1.47626594743165	0.208351941979286
0.388882705896836	-0.355411553510759	0.121774258054026	-0.262451148253893	-0.0499501108775403
0.195454915362985	-0.307792392966014	0.254752784196211	-1.03789245237736	-0.124294035863649
0.207115923761231	-0.648984046564847	0.0481113275109887	0.79379758532292	0.170770895717179
-0.0634031200666625	0.295585048481397	0.515027138746988	-0.135434126720818	-0.0270881434894599
0.064229250942266	0.457345045523401	0.484812609420489	-0.174513119497314	0.400853858728987
0.0830598663871057	-0.139803557233624	0.332731758938502	0.391049250508218	0.0033298763541157
0.355050551283592	-0.0232898085821863	0.14901438954535	-0.0120936651961023	0.0080462613712015
-0.0873213447974562	-0.4260920866625	0.447510276280547	-0.132494825670602	0.0215929304755985
0.172193274244629	0.269169519001114	0.370578803446741	0.618390888504298	0.351127223514998
0.402028217886457	-0.400311487739987	0.558387673416936	-0.85947216168194	0.342742091287555
0.242078392224137	-0.774471211860502	0.344198748482405	1.87183113786965	0.185086359570552
0.58732903117051	0.674513232479911	0.141241093113065	0.451957646060542	0.142060190938847
0.325438550377151	0.552938171031334	0.975329072910318	1.24597653411389	0.266800086536412
0.33310013528616	0.773642526512155	0.647744760182332	-0.0606017937984744	0.00435386536730444
0.327896283456753	-0.146092358611865	0.650265499040234	0.275954597103632	0.373759628287849
0.28193805284953	0.0281915966747955	0.312040774594502	-0.195977434725079	-0.444718389132211
0.0771769254298625	0.00129629040198297	-0.0509814490969696	-0.259587598507632	-0.00993568986252001
0.12275436269782	-0.638657005829835	-0.209144197846294	0.908158654205514	0.209407881448815
-0.299116762293153	-0.289200561746556	-0.289651558457437	-0.115149876072062	0.132341162148853
-0.470728055828306	-0.572170527470357	-0.205973181008852	-0.54114315460908	0.171648978567867
0.0111149665321276	0.521881338223665	-0.0945459893881378	0.955169173518763	-0.0658771500207271
-0.0761851244323049	-0.853996240917823	0.201205502968751	-0.551003068315619	-0.0451999983209607
-0.17257036816224	-0.118674272552904	-0.0680752916618433	-0.316572397160624	0.294915472129744
0.0108985588076429	0.083246696069065	0.328668915783732	-0.187658400637023	0.380495575626061
0.130216280791799	-1.4489188648963	-0.205123353447242	-0.237228992097547	0.138033470053175
-0.00401124702001404	-0.0710591070049709	0.354093932309433	-0.613514422324025	0.115206970550858
0.405127654501823	-0.593623006730644	0.384598483768338	0.794590266293695	0.310227101374112
0.248439775309188	0.318241401978092	0.236117223610523	0.546991384180152	0.219907682457693
0.30437347060256	1.52640497079677	0.431287820482697	0.752468533183975	0.143314053406005
0.131681589677688	-0.364433148502468	0.260818240237719	0.423058232501401	0.424781487448846
-0.0086264075879867	-0.807095521927657	0.215132520888252	0.238589151005981	-0.0408234222410735
0.205763042080377	0.266458869810954	-0.0708883847327379	-0.209807161807202	0.0795219663229518
0.106807214286196	0.16412320903606	-0.167015900634673	-0.167458201607727	0.0184989676143968
0.133017346671411	-0.234410400103025	-0.00819435160513854	-0.00217456750403258	0.276789297836849
0.0952798889654663	0.811422245578289	-0.131365635975414	0.686330734331522	-0.00946584310092023
-0.161095108928402	0.602525870521936	-0.0735237581756774	-0.0243773278844448	-0.273601099723512
-0.0591219262042728	-0.902608507221128	0.120077902804089	-0.99767943720664	0.313129840183363
0.192873218630331	0.346538121051193	0.0761812780049772	-1.05117812026685	0.197879317264529
0.269360140437255	-0.251552282515025	-0.290010099514419	0.0397089299760009	-0.114282901211994
-0.171090053636736	-0.321493138133698	-0.330218610427719	-1.54762220060447	-0.0943205041683547
0.210375000233264	-0.327809195663523	-0.351342695947583	0.627819935180967	-0.40758000268595
0.135950398568112	-0.662419435401588	-0.437697455120269	-0.241732749275105	0.596972818200202
0.145142891361618	1.07579367196165	-0.632711304977663	-0.291178805472	0.103694600780894
0.440870148596922	-0.738074140103309	-0.570310249807759	-0.244916385794484	-0.0201591661537467
-0.234851398392206	-0.0318772730359332	-0.847765868240591	-0.428789712567541	0.307918088313864
1.18774702335931	1.32128850228964	0.532457706416621	0.347013139275447	0.479176256254993
1.0869562499214	0.196469106021453	0.201616427056045	-0.523783972121991	0.356129826160115
0.75055189809698	-0.0427550620118634	0.0637837305576277	-0.234007334430652	-0.226497267318059
0.176055529308171	0.347669719850615	-0.0781975177280444	-0.286884336183664	0.0264591645926779
0.619008169176562	-0.161596911102106	0.0734204510153299	-0.64646453688913	-0.150454286394557
0.0654297163186541	0.53162874512831	-0.202282255091281	-0.0829106844531571	-0.429789594410728
-0.157302450998679	-1.43675556729052	-0.45921956159395	-0.973255599565195	-0.274170023269378
-0.101930016028451	-0.654450661694731	-0.353448063512288	0.274761129408391	-0.263077961592652
0.0726187059028912	-0.631373532350826	-0.27523751747932	0.126809560382469	-0.183228329588754
-0.0942678693773947	-0.740296990410856	-0.417740332426601	-0.0549526880143581	-0.239081691678755
-0.146462265535184	-0.985773973923791	0.385789509472141	-0.791496763891477	-0.0715292194105586
-0.340938082552818	-0.88529072153604	-0.33401758581204	0.280978174233782	-0.0369548598259787
-0.133408357773115	-0.367772270894287	0.0376128803670257	0.195000286418499	0.0314101232831299
-0.0890740570318209	0.282644898701516	-0.356900774183205	-0.938908390169979	-0.409078855163006
-0.201443789322596	-0.682575783746808	-1.14123118666194	0.462824652182158	-0.13394556511684
0.573623220786568	-0.222870742207715	0.0822085663407078	0.420276198548616	0.348133652457747
0.29177191719441	-0.865316591418939	-0.0151651375062223	-0.790158290463013	0.331550907948692
0.0419746259884093	0.618129738209461	0.0615867101975747	-0.800805828735832	0.141784102034576
0.258220194533625	0.275159457917757	-0.201487690070891	-0.23710391434791	0.0534051950935249
-0.0369332449637476	0.132414444329198	0.294966837198655	0.358684242429802	0.589334210219451
-0.188504930269902	-1.14448412438468	0.430099094902675	-0.520486226248259	0.161603954112655
0.166506187832103	-0.358499717447596	0.647282101416493	-0.618920522260545	0.23883437481865
-0.285404733460674	-0.360724054332817	0.405103181796499	0.525016592470925	-0.0631716270004225
-0.192022084637002	0.207116248213774	0.240038059430504	-0.247552494553545	0.175262691568525
-0.161736798965982	-0.407739686279822	0.379468261577429	-0.777291032192077	-0.572744102698427
0.0166900744321998	-0.152886592537704	-0.265221170564143	0.841944672875774	-0.26013342204903
0.0897704749647733	0.116040873692478	0.740358082912902	0.799317626886657	0.0690538238659773
0.0498462689148469	0.0134975769271971	0.0381604837691458	-0.392463022879195	-0.0817722050294433
-0.0785639444213572	0.544388567024791	0.431215392359251	0.535276091592346	-0.20441855860271
-0.121389695900073	-0.738681451411635	0.371126868591735	-0.434424599919155	0.114492589979789
-0.171719871775144	-0.940163826677676	0.21391343731884	-0.314590672192961	-0.195880053495232
-0.399974119270348	-1.32752605063388	-0.217736649417796	-1.12162650978244	-0.371291021508971
-0.727866546613017	0.340834290108586	-0.445018991696227	0.420712396615866	-0.387498884604564
-0.287804457117897	-0.897725991578672	-0.0274045776007471	0.169431118492549	-0.0651894676098309
-0.287845869995164	-0.174990620361442	0.0295512837827619	-0.185293585018316	-0.0226567919636466
0.00212472253159069	-1.13425702739175	-0.179889678086056	0.38668258557726	-0.159597257288847
0.0916724069601135	0.502939685566624	0.119461982658401	-0.42744294380365	0.037579184925069
0.0978314247421776	-0.809632068824751	0.394355202367997	-0.898809556368661	0.0328817778224419
-0.0966496825323616	0.67284844371877	0.0559924332718973	1.26729812856734	0.247504994381126
0.108294709112148	0.731819424842912	0.575830897557206	0.219762131183816	0.215629862932173
0.176280891432656	-0.394724190794413	0.311279420634339	-0.518319256414381	0.284918170464497
0.315398814073437	-0.296675281219374	0.258471657769125	0.314581528368304	0.417964854072883
-0.198378688966375	-0.364275946762713	-0.0680774391611376	0.55222466863335	0.126452631066638
-0.1249317284448	-0.0818193868272896	-0.166094354177038	-0.800137151673566	-0.0272877139168222
0.0480256660624592	1.05376129853951	-0.0780796268407761	1.16371505427296	0.368275510713709
-0.0787083298389203	0.163638178690215	0.0890806192616388	-0.0321511128139915	0.0982448895193279
-0.00112600381318264	-1.20732013082099	0.24561834272406	-0.846471975472825	-0.0621880490377514
-0.027385873195297	0.546437370987566	0.0137327982279	-0.321086709409603	0.228798614749122
-0.315290463179723	0.419705734521873	0.0929483620680629	0.276927442945379	-0.0817080567473829
-0.257126338354421	-0.373657354654145	-0.372891165457108	-0.271916476979123	0.121284416694587
-0.1830333302326	1.05068918330143	0.370556704594164	0.847472956660483	0.494403542429366
0.0318532253838652	0.297065475119702	0.417342999767345	-0.576933958759951	0.250201938392925
-0.163871084481571	-0.865212623652975	0.332723943684993	0.532040281735115	0.328702981414668
-0.0701910676193079	0.930452151193963	0.0389449766191501	-0.949584555950952	0.108701389232818
-0.286438928862175	1.0807458628652	-0.327951061645527	0.485942736888844	-0.285783426785833
-0.415856054425079	-0.978032329852572	-0.351829962447432	0.163797694863527	-0.00444991758301543
-0.327369859226818	0.806104017172133	-0.235750014467583	0.438067171295604	0.338158680063548
0.25729885995158	-0.111029847806567	-0.301220233937156	0.608350643965907	-0.0829834489747893
0.14535986674629	-0.0897769006402783	0.0910805285694319	-0.611541237333017	0.331323486179916
-0.0322867088630433	0.459465071507728	-0.000393781659040188	-0.505442310709887	0.146166332828936
-0.33907435949221	0.496996423627957	-0.0672701507026795	0.558237552874027	-0.510955218287538
-0.198615519121472	-0.455084902551582	-0.569014309564353	-0.371846345674494	0.073147678214766
-0.118773702423274	0.337838240998887	-0.272705203411844	0.271490180486192	0.111917104216466
-0.0996380122336289	-0.553537857855914	-0.66656917724275	0.797973609473521	0.498654237792421
0.044203295919568	0.387494522846749	-0.18853837890115	-0.264640013266236	0.351445545623186
-0.235698036649599	-0.259781524737809	-0.269579596559329	0.744835013269263	-0.0751872097036567
-0.163333519367056	0.0327506338551432	-0.617532427840659	0.195049308483449	-0.305797318952043
-0.0514123407035784	0.321290709095777	-0.973769465920629	-0.943393923630361	-0.774126541349573
-0.190819293014782	-0.27586508381054	-0.864454661049219	-0.0150350208533266	-0.838197070820021
0.0243393325839628	-0.114796876758318	-0.370170060657141	0.91462928749632	-0.543984441338857
0.0439296159448973	-0.15643462368115	-0.822695561983815	-0.0429396774327073	-0.429809115043299
0.0187179075750014	-0.830570168823556	-0.527759576977289	-0.0227471565083884	0.174247523857486
0.504200119855284	0.172765196400991	-0.438664062068261	-0.20450434922255	-0.469967183081502
-0.00980208016892495	0.0191405384628019	-1.16047068880474	0.385352886252397	-0.558144592906333
-0.0272474996626725	-0.0221875946336323	-1.52321116618383	-0.451066928385356	-0.31355647757097
-0.00960911162116546	-0.599948035893518	-0.956801129077442	0.079605220051821	-0.0820124261798049
-0.0298952723501507	0.527653301483775	-0.564655459138196	0.284407347505074	0.208629718804114
0.322865886411267	-0.484611066332205	-0.331030776564659	0.0615415303034991	0.0671596613407894
0.360626775596513	0.760347064347334	-0.413074547506601	0.00418452156840969	-0.135208136424212
0.580112716274309	0.487712386939192	0.403051603829111	0.677486840648649	0.682617248783035
0.538636320722325	0.501566762286931	0.524787750532256	0.93207723238697	0.820711199417163
0.427730937523774	1.23775318781586	1.22973416113352	0.819539718253752	0.761282464631259
0.581362052493	0.00618936919915479	0.356709665305112	0.195719854693455	0.358128820401819
0.0997739718411607	-0.189902727238279	0.411511942097132	-0.397027945678775	0.0413743098259036
0.283950487692922	0.403711665096489	0.820062916949477	0.550973267969148	0.529396284678469
0.230105466150841	0.852559125078798	0.962167237433289	1.16438656696864	0.253387898846621
0.0453232281005068	0.354296753443367	0.771600165467086	-0.447397756210346	0.573966602593852
0.102487245639647	-0.318154468234738	0.452288699748327	0.974614159395981	0.202989658351135
-0.323590619837595	0.490014209282992	0.705409176370338	-0.0204398864077997	-0.328582484649775
-0.519797223391729	0.250735287470145	0.0984698245685929	0.0657065147168734	-0.20373853000776
-0.487316965522165	-0.382913499658552	-0.0193461609969248	0.48370975696594	-0.352919807357851
0.24946245581444	0.62206939561435	0.257911560505774	0.0902383397817288	-0.155138664145511
-0.0353809774463447	0.518205173802647	0.24932101371979	0.00441116766321235	-0.0729185194941612
-0.190508604568946	-0.128667316764286	0.0518119545985348	1.05228379269427	-0.0844869206704946
-0.170786536708181	0.920124529913502	0.173141626907646	0.0738744411887937	-0.238392633834705
-0.388642545064319	-0.595908374009571	-0.073088681219612	-0.316853407275095	-0.31387264529469
-0.105694507100323	-0.20333915612789	0.190811108063855	-0.240698294844769	-0.299728605795086
-0.170030325564656	0.312428003348612	0.31262979884669	0.631463633944794	0.000577671269614082
0.0724284694791425	-0.0961205216942162	0.327727774013263	-0.600814668097458	0.0208273450598192
-0.301438770811944	-0.306691220102096	0.351607490452416	1.02463712659132	0.0812851498461508
-0.0800428949333698	0.148938339922142	0.413304286613034	-0.961410710645129	-0.405604609047346
-0.100464689665629	0.448839936625794	0.15054592196472	-0.0505653964547636	0.17170141518979
-0.110973410979178	0.271935875258972	0.647188506747762	0.601533210395563	0.243701677490791
-0.0327427470223879	-0.0693275385966979	0.12961919581985	0.816203298983484	0.776258290352752
-0.0144998363513034	0.767103195004529	0.490718103116117	0.552011810757646	0.350950363735025
0.116051733709009	0.0972688164515877	0.543764296492426	-0.496423348670387	0.258299443536321
-0.437883012764728	-0.0578903291659454	0.383218682888112	1.11574039102505	0.140589795703692
-0.0137617870197385	1.07823803899974	0.375665835286138	1.04705280348408	0.146248585272113
0.122526794302119	0.290473093645946	0.435046843840741	-0.356223421940915	-0.0370717141654291
-0.401214538959431	0.00129439185217159	0.306689074117609	-0.204064181768256	0.204734348651815
-0.0398974814773014	0.425442099352657	0.487809157025476	0.234917322333531	-0.333074554061827
-0.480138458605111	0.282937067093914	0.0531943100137849	-0.00199288326786039	-0.417349106946298
-0.0638187452448831	0.193170944745883	0.119880847123263	-0.0535652907954272	-0.408087681997444
-0.582743412762296	-0.759701947947675	-0.0402063268204105	-0.207538309820122	0.207398228462297
-0.316796578150837	0.00654842634199241	0.204767745962315	0.0883665383144983	0.238673526578296
-0.433764215745977	-0.131524506512002	0.360591822423672	0.0135809028987507	-0.371333708139616
-0.191485992802367	0.528724383722873	0.302657109288388	-0.0451224780411049	-0.405810054879781
-0.337817317749541	-0.0142403494873249	-0.0202907306170419	-0.157071298503273	-0.0709833426997223
-0.300136351686583	-0.557423305411853	-0.247394725810715	0.0203119655322893	-0.326796468075922
-0.319838971252074	-0.295702741522669	-0.784589119647498	-1.73043718235675	-0.534428058320799
-0.370730321011136	0.349169303225141	-0.660958887396268	0.887075856504868	-0.126656229586901
-0.0482986975196041	0.0152014830942482	-0.661753480532132	0.475815412768969	0.181678782061344
-0.135572678958064	0.201432389952298	-0.920576392872878	-0.71660563183901	-0.109201894311555
0.146595426881541	0.499499599384428	-0.721773397313382	0.203364101301668	-0.0713682416465694
0.131403388850795	-0.728096338993839	-0.723543326704899	-1.10549027657832	-0.497940127479989
0.193248765319989	0.585883464456972	-1.09546469080594	-0.841800769513702	-0.91492799568364
-0.0547872903913175	-0.757114493339886	-1.1359595950997	-0.291900085987139	-0.463690025855025
0.354545956057094	-0.282797391989516	-0.515355205344039	0.217530778040742	0.105799099451546
0.341327536327435	-0.91155630710223	-0.461135480367173	-0.190773612547651	0.126905888945593
0.464195855436128	0.317971659915068	-0.443721082184526	-0.424997406287345	0.161663861611278
0.185087075729044	-0.372890907047692	-0.305914121539499	0.834022819475947	-0.322242119547151
0.369199320414433	-0.176172089800282	-0.545690156463022	-0.336529439309782	0.266343080534922
-0.0372070799280206	-0.199811015264646	-1.15348824353905	-1.05348197977513	-0.347114441879938
-0.0987948426233645	0.543417637734601	-0.923220944643702	0.656934454623378	-0.135743040654932
0.0115938478783869	0.541267586392118	-0.252535514092887	0.62018638324685	0.10299234725008
0.404113868757536	0.744541836719974	-0.326416828144337	0.386600796744492	0.107465485143221
0.308984154553775	0.69285550532456	-0.565217183384392	-1.40909317516017	-0.448579693285984
-0.0123709182912428	0.0627076367122381	-0.459087310270637	0.248146264696561	-0.30952788198664
0.243646861326004	-0.187200497872126	-0.749737844728084	-0.433788399325327	0.258570298701202
0.450503860857178	0.701194207547467	0.283268477805899	0.496528437321965	0.280521806213243
0.478360024862574	-0.0327594288951457	0.0692206096238248	0.638570799844607	0.247076546084964
0.361987641560218	0.462843528558548	0.280056318547609	-1.42281584171611	0.136525261910947
0.267491310185901	0.462194931672244	0.0276249639725099	0.486316513496507	0.592440822440147
0.352205432539741	0.298882241088105	0.667565569261125	0.281719483056433	0.469698603562125
0.559686261087025	0.508465529313604	0.775012235862759	0.163743779143693	0.673667344985346
0.0827805898773585	0.00386607835553893	0.891831291278586	0.305521513121097	0.576580361442717
0.02793043766846	0.722421978914886	0.877995827781864	-0.0280064877245208	0.546451775545434
0.304972446114077	0.508573537406655	1.01307489466732	0.796703637285118	0.579193067726291
0.46381425910793	-0.0754122867970386	0.421388368621569	-0.475009884421674	-0.130546800160083
-0.292138445429751	0.20958669034573	0.280433289129739	0.917647953862175	0.171181779787906
-0.0123665149257727	0.168407941271151	1.04810299426208	0.550718516368182	0.693585028346753
0.0526471155578815	1.09645130698497	0.842563688240164	-0.457949397019462	0.587992702417079
0.108275313726126	0.0993505213872575	0.989392080502036	0.054310378631239	0.195735189816811
-0.0528836593728769	0.449511613547213	0.510295813682898	-0.180504241938015	0.116852425505381
-0.385707099766142	-0.0769972354658327	0.198588767087516	0.117525848469626	-0.330941800096284
-0.519047743590974	0.362508085388767	0.780643495684868	-1.2325499250118	0.161934864226373
-0.32423940606678	-0.611434541784646	0.417104980953043	0.0449714556979931	0.177828001778518
-0.00678482978575246	0.217497702400153	0.164633692758688	-0.786064662088922	-0.477841012526158
0.0678911549041282	0.248045487452007	0.409047074161742	-1.30813682955559	-0.234767004609815
-0.0478623108138824	0.362500856228043	0.0192280570857526	-0.578287575213995	0.173410729372808
-0.422205382107756	-0.87870601157875	-0.0744172873790987	-0.0544161133344702	-0.56479488598328
-0.0957586207600917	0.945472521372912	0.133837469076692	0.320746009496926	0.0448598752356872
-0.102618639339793	0.614736493961539	0.754690239505152	-0.434716445504035	0.184382072982704
0.243442011087402	0.247811621543812	0.218682631620015	0.736529242557197	0.272538063358023
-0.0659837061837392	0.137116912209216	0.197487086067718	0.0637328255475773	0.0035644587454637
-0.266537501416592	0.26912238895615	0.0537463412018078	0.64550751137783	0.497112736588061
-0.086119627881791	0.0949953824937169	0.570644587516968	-0.114672306360488	0.0811766234286645
-0.307778255953058	-0.373739066981027	0.0590367646542834	0.365337147774097	0.00903678825307462
-0.0542437825520838	0.795400264876627	0.0900358552571336	-0.654722960707195	-0.182027587869148
0.145089004874464	0.24730054207821	0.0643691101124209	-0.489761574945942	-0.0988817555278627
-0.21612699860993	0.320841776600394	0.0717829416467966	-0.748132557842575	-0.208387485073276
-0.265265501549407	0.309336434451504	0.34409806438138	0.0665945030744334	0.168442753790979
-0.0724548587303469	-0.416887608270042	0.492699357186155	-0.357868322266273	-0.119097699766742
0.0572876287434801	-0.134907668355188	0.0380491790887357	-1.14899753923256	0.0472383301378626
-0.0200391642538669	0.0668747408217236	0.14298849546557	0.0104697088981967	-0.132582223668772
-0.0240582356785364	-0.180793573391315	0.20793523326579	0.591723772810235	-0.0503691894911838
-0.163298468250337	0.393942599926972	0.0690603540437954	-1.10647540693175	-0.339349384580247
-0.323660213651586	-0.377097949490995	-0.29678830196418	-0.215657120577222	-0.651530531879719
-0.351526848230626	0.627045911316619	-0.37744559135845	-0.00584042593060942	-0.287256358795395
0.288755658403082	0.741191229144773	0.307637282186039	0.325230304544361	0.303992013751406
0.142647716899854	-0.708288469259562	-0.0266875883460271	-0.614527838177898	-0.115891033163544
-0.170583356919692	1.36894357855719	-0.34521307086711	-0.58671621491253	0.140559312011411
-0.226753061026963	0.320419028018587	-0.648021739744977	0.380600398294059	-0.330782350129232
-0.148137818401826	-0.571903496613005	0.0892056457487374	-0.207921885670916	-0.712641622495141
-0.280558186014497	0.223955487322265	-0.0352955601884963	1.23429579997244	-0.58134425531983
0.105498476268055	-0.101387360333148	-0.281509790509242	0.18082164124956	-0.635349399804468
0.416471621294524	0.435777778561866	-0.265614223038085	0.0550085400791392	-0.654919172339301
0.296743260158914	0.230803071758552	-0.49953993774698	1.1132186698207	-0.387603912884147
0.171421743840112	-0.53258987596002	-0.146900219847301	-1.49250066035698	-0.327632218628649
0.689867919751635	-0.325248774663318	0.206715096980148	1.8548414833985	0.101262225622058
0.603670040327735	-0.242304115619105	-0.000780589133509068	-0.374400777340977	0.0249832539356947
0.537127695645235	0.315401396044018	-0.136373269016113	-0.890705622719727	0.341212693268933
0.0609242492384254	-0.657328303694008	-0.586024408939303	0.926749206044532	-0.603776733557071
0.26067117330882	0.082922605423172	-0.814621927987007	-0.273758743926907	-0.422983385774583
-0.0294483261292043	0.203350455262049	-0.921175949750571	0.337278966793098	0.0829114265955786
0.0970867292988676	0.650089914645322	-0.544519734990401	1.16672283255619	-0.279853963287031
0.308801132359284	0.265241144107866	-0.516841781140546	-0.609604259468026	-0.544146545302375
0.169858604743847	0.358789779803156	-0.73827940507544	-0.290548740078571	0.0294494042081183
0.329175664938413	-0.296395547483457	-0.729387866525006	-1.43960816549318	-0.54912991660282
0.051381225317734	-0.698974701754669	-0.879199935728997	0.524910755918345	-0.0547164485689293
0.672495571246262	1.1317057103734	0.0479605198807337	-0.507133773082863	-0.0685496085816328
0.235482799796242	0.264501999048726	0.0173540992620258	-0.558053615456312	0.36227226745792
0.37826872204432	-0.305480301483855	-0.0937766518602479	0.194394078610463	0.037780350150588
0.303367673355139	1.48044171134914	0.458652461606552	-0.0463072892385284	0.519691544432447
0.0917536207053508	0.275791192675567	0.417549860390201	1.48381866796067	0.600648836335805
0.481533426024139	0.211182080098589	0.906073199479482	0.205009640497024	0.948829438513328
0.15330114176548	-0.289516182067216	1.09270164089766	0.0598253643584765	0.757900708871144
0.527265953223947	0.142769067912087	0.79467464485509	0.824544203082782	0.70403815983058
0.286607946290917	0.215650667665127	0.973266917221944	0.659068648205927	0.124674825500288
-0.195045581377318	-0.113638962210492	0.170185838697016	-0.328855037582567	0.326907337179661
-0.443251392204029	-0.365246772397721	0.0359585573636363	0.417608250672944	-0.0210122265025092
-0.665483446137332	-0.40210520435179	0.477543022048503	1.1836093618595	0.0406866417523805
-0.269557922417535	-0.878705467486291	0.144993791419149	-0.367646989937066	0.104007400212948
-0.205824632969288	-1.61358329463683	0.414439351105961	0.00548511076510197	-0.138298716392442
0.00942897092863097	-0.22337920196039	0.291927232423701	0.123116132319332	-0.231099240367038
-0.103570646497844	-0.291373549595992	-0.128876321365738	-0.793894173498711	-0.291351416000911
-0.410004976890968	-0.856753607475389	0.0745105835878313	0.517492784591755	0.0182018198647941
-0.0978078184650921	0.745524091278852	0.433901950415369	-0.280571224262736	0.199321109371455
-0.00863539176015823	-1.03525562905262	0.642942047555321	0.0276049026293655	0.278465860758402
0.160204247248226	1.38019774849073	0.217674313774572	0.0796886372911543	-0.0430097184195213
-0.247803560377361	-0.385094055120297	0.222061831801669	0.276846728332478	0.291795035603187
0.0280083908760775	-0.501695208243763	0.516933379707073	-1.26801946874832	-0.00225314401274134
-0.160117227783603	-0.337134072352712	0.0373552158621441	0.295217438237909	-0.186569642750063
-0.00645664122803533	-0.364097087155103	0.0752846390173759	0.485539604489687	0.00275886336539718
-0.0177716276799397	-0.612436710182351	0.333320889177617	0.629819042685393	0.149513708039204
0.0299145140192351	-0.112863063212636	0.154355700358737	0.504924423469597	0.340715391854594
-0.374367726434698	-0.547237372409803	-0.06597480026998	-1.12921730705124	-0.0716699920420032
-0.0497828424912035	-1.07375296500204	0.223599412833777	-0.0537126601078292	-0.29444986884123
-0.601639528803543	-0.973841140016324	-0.34184911187764	0.0379956164743527	-0.287815470177587
-0.365233200852029	-1.39998262303686	-0.111678695273206	0.517011037147877	-0.115254238698436
-0.601943351042992	0.517665056072872	0.0399828805670548	-0.0396077325648283	-0.0233690621743896
-0.0672408887922567	-0.31822187941158	-0.182748602562445	-0.36485918450558	0.242322771693582
-0.0874030214892736	-0.376680102100158	0.126182957773233	-0.22931856935864	0.030322131906373
0.155444063393417	0.0138698223165658	-0.0366274144682953	-0.435884308954934	-0.152407582067341
0.152023863649299	0.0576483490584761	-0.148440942915427	0.599981721680208	0.0860119809206934
0.355312413242415	-0.472914152784824	0.294043459876592	0.101180509790421	0.455156573076715
-0.0664238292636439	0.0458228889298111	0.237454470051973	-0.0169950909068052	0.10653511650132
-0.015113176744507	0.689922737901916	0.403295880841081	0.436183768981769	0.0330606028241061
0.0597609846788874	-0.901619727527727	0.314729170412772	-0.0170947154878788	0.17660566764448
-0.00733212348780999	-0.688702590248918	0.138735671573286	0.0998228490717321	-0.0266806067574354
-0.323023622746145	-0.0233947327158084	-0.290041876536938	0.33887235039473	-0.323003697712703
-0.184667954539339	-0.416724059453423	-0.34532783574948	-0.432250077962114	-0.194155397903406
-0.284370235552475	-0.663415250857907	-0.445253678981899	0.783763668528924	0.304197315159263
-0.0902410777512456	-0.00717143804745746	-0.469840034595121	-0.109748495172331	-0.768135530746651
0.119555130468091	-0.177536108489609	-0.397450785234374	-0.0785868873977362	-0.260348213022903
-0.180443872822361	0.215107931802903	-0.231784838020952	-1.20152795503613	-0.063064736210762
0.0442882777548203	0.225906406248477	-0.463032370262272	0.659875717172669	0.117552645200804
-0.31960055318601	-1.66669944191185	-0.571859838463108	-1.04630369459565	-0.595112212368141
-0.415783372015226	-0.021275719873075	-0.631517783483503	-0.648519649048304	0.104037623297133
0.148862397824627	-0.0780957606805547	-0.750711996620035	0.053864184687052	0.22315728332898
0.156077127493513	-0.175719912541322	-0.754802633924168	-0.699340219616849	0.336747498722028
0.0581213778746022	0.477536992065581	-0.592835679550161	0.673197638264223	-0.190849703046147
0.0100598078514117	-0.00145401592277608	-0.904360780696623	-0.774080023201869	-0.0739449135112172
