-0.440056440465364	0.909282074954253	1.4524487436599	2.33220036833268	1.45754779927137
0.760621990424876	1.35777929021984	0.394770816005737	0.55992691009567	1.07577096633421
-0.385706656608442	0.216343509259902	-0.20572026298804	1.51738958705115	0.32772889497241
0.222315100500029	0.579422951150953	-0.189479157418461	1.53457916419696	0.314025955957461
-0.644820694832596	0.332477517626009	-0.132452515378233	-1.73598495814767	0.415565071449784
-0.523040123479461	-0.447694943724541	-1.22728435053299	-0.704884901247532	-0.309381424924411
-0.586312453306738	-0.141932132441732	-1.88024591947307	-1.5292372870106	-0.804265688822177
-0.798885503143585	-1.15256733810204	-1.46450356647292	-1.08611969817598	-1.08262615283945
-1.47980514485728	-1.36510494982665	-1.6131665289294	-2.17409722018791	-1.50678439545657
-0.990068381254494	-1.68776855535527	-2.446559530207	-1.98870567551334	-1.72767570241886
-0.315187967623279	-1.69577293113383	-1.48719871061794	-0.479029166890961	-1.00128801503588
-1.26335555295585	-0.791838729541476	-1.34463996839283	-2.37921723564269	-1.01920880037126
-0.612202511402494	-1.16351100728862	-1.32092944213169	-0.773528548183706	-0.411755791846538
-0.541904846798938	-1.04289367589439	-1.00353141182709	-1.94819974299552	-0.790767524027998
-1.1808584023454	-0.403824933762976	-0.386850304199777	0.207429760532845	-0.723537837764656
-0.192449295130483	-0.0465725981642192	-1.25036018649229	-1.96089358796101	-0.464000077859252
0.0252036330057683	-0.901445682838502	-0.240365975821066	0.0360941578630704	-0.195335929681606
-0.148459559483152	0.701885809791247	1.06479307277898	1.10086344603338	0.315353418535011
-0.165060895932082	0.645329859845726	1.13727015605653	0.204708761160193	-0.0144984017696772
-0.187035818929316	0.561569852525778	1.04785423195163	-1.16065668612136	-0.0240374942327545
-0.232933112133223	1.33499920268418	2.26832788346202	-0.432945968405083	-0.112400004694286
0.422550373547168	0.165054877147924	1.48799236252942	-0.178537402122798	0.218796447075077
-0.379806537565764	1.20167209159412	-0.0385389490426872	-0.298149382809235	0.208538201870046
-0.735300701921881	-0.361382818900228	0.630838731593841	0.771141188130339	-0.935040275053081
-0.634791382167824	1.32202600740466	1.88755786681802	0.709043546601918	0.775349227706169
1.19764396215834	-0.368056972231684	0.927994885012729	-0.104543054073445	0.108612206625151
0.972866464969772	-0.0239945521087978	1.05937856788953	-0.43200473617555	1.31698259151026
-0.640499510036142	0.432919135648958	0.287060321042343	-0.538274144079173	-0.492036258902479
-0.217407897060475	-0.0289037664140703	1.02831818171238	2.03243467092629	-0.0884770665957036
0.461134052739971	-0.524998744859384	0.305993476692831	0.812912676700397	0.518107120978006
-0.14663906067652	-0.156891594661797	0.991621215277039	0.786030593289761	0.384254855205184
-0.11777960173484	-0.0290207467203554	1.76236241064437	0.358697987101935	0.713505144302534
0.5012994089053	0.599175787344406	1.00356794839797	0.946493775929637	0.509251438179205
-0.300995245895252	1.01320604131006	0.508695231496875	1.06060574393707	-1.22361219971812
-0.772921854485	-0.905542039644218	0.461590394893729	0.32914960848459	0.165479030888478
-0.459362982011984	-0.303047617347505	0.240630340908606	1.51632809043731	-0.284645986852898
-0.499562873360355	0.157490539244868	0.246989892545741	0.795768896100678	-0.206639315347634
0.307154210286942	-0.462863823911122	0.34216031646515	0.619338825182551	-0.653234920514957
-0.887027849977507	-0.125300953825173	0.218042495265697	-1.26335241926963	-0.425022823341747
-0.384662686264519	-0.974223381441222	-1.21683592007239	0.0710438264046742	-0.926995039269401
-0.588362630744588	-0.126201454520807	-0.696283831687132	1.1496174699933	0.602655238257615
-1.13972896090827	-0.546017019575398	-1.5255722384182	-0.78776040541906	-0.742188932504357
-0.0714993730574012	-0.848814622741877	-1.47428615775316	1.36862238212842	-0.10455544544623
0.210930038768485	-0.421237970923868	-0.315470668299772	-1.06730395070681	-0.787432663239018
-0.965708113201525	-0.795602422662447	0.161713156280516	-0.0745312473311831	-0.363132522925487
-0.312283106278086	0.0617768150479056	0.494332649696618	0.343691246599143	0.45536470588255
-0.0391743766861305	0.346562270898315	0.0554205025955509	-0.458960468589202	0.194374186610448
0.13729729779927	-0.237424158606455	-0.15938284850801	-0.538889132202196	0.289755030160302
0.357216062086297	0.323479587896436	0.554075162483343	2.55752479994606	-0.132568665368554
-0.105807257851154	0.164829644844688	0.437995167052437	-1.24866587760749	0.0904096043408528
-0.0575253432443894	0.343538585238254	-0.862000258928561	-0.171092854210149	-0.123468667662555
0.120221129813302	-0.734093012129853	-0.380896091038205	0.692428034900904	0.23425890107288
0.310044510795777	-0.0976882175911588	-0.0773205676300519	1.40092402788399	0.450269140826178
0.346442015262868	0.328383057117962	0.916580797099362	1.46497143651239	1.04069150634314
-0.289068943864437	0.261456006189786	-0.130430617582997	-1.07244086002536	0.578884848459427
0.841656781439393	0.795685354615941	0.366634914562796	1.44488109830211	0.80374349571413
-0.0413761185206048	0.142534752367044	0.905013295681105	1.45979330780745	0.556678421984735
-0.270393046353314	0.134468590918827	0.545823787949872	0.747531605759022	0.391041443018408
0.0296862451961874	0.426511944718116	0.437236246222849	0.897094157152309	0.365292276369315
0.036618271800721	0.3878104966163	0.693737324767822	0.447893016478313	0.136298475240178
0.0149335568464521	0.539111216587424	-0.105705953992446	0.173558759146205	0.716401880648622
-0.269916340621143	0.248055631191929	-0.317564927100107	-0.181196425554841	0.396508799345459
-0.312498471459353	-0.531512278538856	-0.402152236970136	-0.634730875026034	0.315134933651286
0.172907085861479	-0.194035191029585	-0.341803377646922	-0.063852114254189	0.217518884269296
-0.305979253013156	-0.213915922065011	0.0515062766518039	0.66280948954616	0.175320494344843
-0.43989341818722	-0.481336113995162	-0.236390469268183	-1.30626730463383	-0.194032328025682
-0.364477313801447	-0.532575225531394	-0.410904333714453	-0.779794842420866	-0.121671929797408
-0.820080096792831	-0.389302930141962	0.0759388070522979	-0.271236382029674	0.170719675908218
-0.679141790118877	-0.567405443207599	-0.240805224531972	-0.157281518525175	0.406785291413585
-0.126478842044898	-0.499564902282618	0.271501441768739	1.17759382305842	-0.171927380357038
-0.613530047181328	0.254838932266397	-1.24719096259077	-1.49729336360091	-0.15546663093859
2.52163360458447	-1.44156177946877	-1.43596869829102	0.779905860008759	-0.618893997492129
0.621335529471949	0.148882974713235	-0.721876730596194	-0.261000348309292	-0.83973253439783
0.162995432380917	-0.148201886755392	-0.18165504445591	1.80558980858752	0.128421730884223
0.38567737906205	-0.610437363911168	-0.425798308802952	1.49600171604485	-0.161732887017394
0.209539495363943	-0.446380358335237	-0.0291684364636176	1.19836435196811	0.292508643034166
0.758432027062666	0.0992411249476249	-0.654345234822059	1.34189035855099	-0.197105863440535
1.03223679794583	0.355354389096731	-0.308332220969839	0.713872995872356	0.558140697565287
-0.00680023375757636	-0.120233172993766	-0.511423477293666	1.5440910605817	0.0386934747309819
0.550559168540659	-0.460058015436626	-1.15323205254746	-0.308440140241505	-0.0448344219642278
0.471537851216452	-0.0290775419121638	-1.02664109319505	1.1239694244128	-0.405410937549324
0.890551952725874	-0.905449689894912	-0.964558411198994	-0.797648885823123	0.302008423969072
-0.11571730410453	-0.917294777792528	-0.984102423393269	-0.205475564762678	-0.0245999328934179
1.01190002049128	-0.982194465991206	-1.49709668522354	0.237830220331229	0.0108222252838587
-0.0488778438269895	-0.920461261059885	-1.6809809739062	-0.720154120551084	-0.384116673131229
0.203148676886625	-1.1003058673935	-1.42577783704625	0.823543268367642	0.486103217376091
0.193745936215935	-0.0731938835165472	-0.762969200465359	1.63898950123856	0.20929932888994
0.260373049410162	0.0388950779712916	0.395704044757712	-1.58653255393449	0.635087072698352
0.679139933010911	-0.132375818845384	0.208188580327653	-0.777610686855985	0.329663162382345
0.794578323540466	1.1758210532243	0.474451818111102	0.931509675849983	0.223591561568557
0.69156259529477	0.832514887887777	0.0681160048822525	1.71377658597829	0.303680821947946
1.47609217671988	1.3098460098705	0.790390948025882	-0.896585006441901	0.646645105675703
0.592213090092104	0.810184570638586	0.562941400645809	0.116520809706639	-0.00117676987011497
0.444560112037011	0.895181383328935	0.597752678795489	-1.41848118566503	0.489124949474405
0.307799957785181	1.06650838403301	1.28206584747765	0.698467735761825	0.234828174321119
0.867842529059347	0.862420286068076	0.941763026395314	-0.959546394328127	0.474156075519792
0.418414607604896	1.02825716665166	0.886426218080108	0.034707758787362	0.402856674824414
-0.0208204049649726	1.10393950713284	1.37815584554945	-2.2566896504003	0.236683314352559
0.249042042499435	0.75424904408899	0.680615257140083	0.798164577049591	-0.311177892359093
0.597171678159737	0.831379926146393	0.333498714061077	-0.523458891636404	-0.171363633531914
0.110317226314218	0.268051929739369	0.392498465048152	-0.260311684768086	0.348940296347463
0.154168469295034	0.923476591604369	0.143999441115627	-2.54252563386799	0.000539841879705087
0.357806283761682	0.415870863141163	0.178193188899714	-1.23634820526301	-0.563174487592974
0.289033885155161	0.519714383058076	0.620600735751533	0.190925217622625	-0.405173257343136
0.461983824833578	0.139686074462917	0.522931117755481	-1.30098737946318	0.271830257340647
0.235004144848136	-0.270098808273279	0.51232907461338	-0.836526133924926	-0.239866484603312
0.424462321990776	0.2835783042729	0.285277311753345	-1.87750931039538	0.053444137587977
-0.27105372385279	-0.473130954314663	-0.0110366212726411	-0.339758103930293	-0.361785709007944
0.339525156799386	-0.288033141710672	-0.399432083533271	-1.05750964506862	-0.626285653810782
-0.265648268183337	-0.0857094677715376	-0.110669201275746	-0.660516638416492	0.249485523954666
0.437191803906663	0.283837229287227	-0.692161746370935	-1.12794001103369	0.010480116888101
0.267172263662538	0.0564540312945729	0.376800463720878	-0.382301198617551	-0.0220016570166173
0.0316241205464071	0.344224736499248	-0.275475666358559	-0.798775013644057	-0.433813261350593
-0.337633246743998	0.1593315896137	-0.172989883771249	0.142637438784909	-0.959071586868891
0.345092868240783	0.0935141470045563	0.144705649988253	0.864854641146265	0.170147888098814
0.0859648071723717	0.0852686034708963	0.572916208291155	-0.273936179293628	-0.151301297556185
0.763084233658156	0.537845130806264	0.113776814598302	1.28814985404636	0.158895915196597
0.194917760002576	0.824230055618899	-0.262684193598563	-0.894828243057158	0.123147203052478
0.409318604918198	0.21160402868747	1.720415392085	0.727222463911573	0.250042174870818
0.693258869973754	0.499543642567884	1.25461307474127	-2.1396005912774	0.0177401016132015
-0.255187975614633	0.918121913464863	0.581251092462303	-1.13532240884139	0.198046445520196
0.901673795690115	-0.488620792497801	0.0615048516547113	1.22090077538872	0.206156224889504
0.0976138981868002	0.105683295820912	0.244264156647555	0.464452095023998	-0.0958432325568567
0.206141902377813	0.415282265952064	0.748614804043878	0.441566059334569	0.652905414258051
0.281952455271251	0.738010940811912	0.330445614243292	-0.524167604206873	0.461660441173582
0.0317894520651947	0.226354676061449	0.811558226860666	-0.617338622347616	0.0523762922345704
0.0125826448643723	0.678739076648269	0.0445919653964349	-0.633423128704465	-0.326290217146499
0.185536943073121	0.789671634761611	1.19745364717603	1.13268877221243	0.0952486238341854
0.235777311410938	0.518483037128089	0.179003789468466	1.11267432945256	0.203278433204852
0.760471602965904	0.735400535770758	0.739335500533074	-0.477656090588247	0.396655986969427
0.64268385499549	0.899465468691727	0.700012047570282	-0.711021740975693	0.0877176816267541
-0.721319676032253	0.268811414531891	0.406746910179617	-1.16916573534408	-0.366428335705115
-0.143910472711269	0.440706140247232	0.434789625593875	-0.967813997953081	0.11579582814127
-0.0100071450135556	0.405159010495268	0.710114384447777	2.11356622675336	-0.040283443156647
-0.444545427138022	-0.380507274201278	0.639477867103445	1.44093561172671	0.425805627029725
0.312547973324414	0.57552748481681	-0.0207449563511696	-0.263735688638186	0.152826736633178
-0.896296324279097	0.0458655171163428	0.607021639407629	-0.86022651664606	0.197537811131174
1.06902235262181	0.403583144650429	0.828432436136231	0.152201286849189	0.163210353713372
-0.396384963160727	0.217869094597233	0.376129805159314	-0.142996300892739	-0.796608522394015
0.0641994049002361	0.277030521404919	0.426443616951562	-2.12132660599691	0.121879436245193
0.46388784334435	0.489352068816468	0.854244560277104	1.12502687051775	0.160152208678442
-0.18294309582194	0.569419719220115	-0.606356778284158	0.0208386359923801	0.257813246649465
0.157615475703078	-0.509930587927924	-0.336461284231501	0.356980900872117	0.294379813474429
-0.421235027908806	-0.466810307059863	-0.793126877116573	-1.83429548455502	-0.393756621714823
0.0754325037058311	-0.581290166924458	-0.944884878137566	0.379046295421037	0.334841751367554
0.495635359986701	-0.946639977494114	-1.13159111198799	-1.1780229618887	0.898782402609734
0.126404934957109	-0.147063114133073	-0.789653860419362	-0.440146910438695	0.228696155583495
0.135241760639947	-0.810316181099077	-0.547345034835185	0.115388043795477	0.428805628888457
0.780294094471403	-0.213247383279793	-1.2760022791773	-1.06081218661614	-0.158605316096604
1.64559336044192	-0.823817992277925	-1.82888346943543	1.23285882221332	0.497566003646034
0.417011458247643	-1.3928343826653	-0.579575730991424	0.408607626262783	0.199559585870798
-0.143188444074352	-0.535559747459662	-0.825745697491041	1.62281103980769	0.862067899324163
0.0961095755591623	-0.562202530511668	-0.136801920517932	0.386769435948635	1.15500626900682
0.0325514123958087	-0.723175965731166	-0.0712278136611592	0.66953665711056	0.41294772934629
0.7984019512746	0.094966789754826	-0.828609405748897	-0.359231448162275	0.206348935227817
-0.251661796580544	-0.256796706693971	-0.446802925035644	0.596809570010691	-0.478053515237888
0.567519441603059	-0.187358544906547	0.00744476089435179	-1.22383040850643	-0.4487976366479
-0.590008704528521	-0.293946074318297	-1.01602049267816	0.158201905451675	-0.462136702041951
-0.0212902183976323	-1.00634109003352	-0.865734326554515	-0.029731422379945	-0.344634351273658
-0.0453367969640457	-1.00642161546083	-0.911938830334942	0.677476945365254	-0.33159951462532
-0.383691072326451	-0.868523457534935	-0.855578169672314	-1.65210709757493	-0.422115990202767
0.17802933336963	-0.949160409254657	-1.19543136893424	0.708377508823001	-0.923984523502526
-0.492624513144771	-1.86041222385725	-1.20357821757869	-0.76216041414694	-1.01200205463716
-0.0989486740091924	-0.42644399283572	-0.957767999809487	0.82061433629887	-0.49650104307403
0.780860348060596	-0.29432255551686	0.930206050066214	0.828979576709895	0.151545107815176
-0.417808061259115	0.271037817122719	0.721493545804587	0.991148527174715	-0.210127387002892
-0.228323741392996	1.02912444005042	1.22617501389418	-0.352089504204105	0.049856922828814
-0.0892303153188667	0.263838224264582	0.53499318966642	-1.31498802960565	-0.115892405287176
-0.544001759132078	1.21276816319107	2.16612797634321	0.900904883666908	-0.0688636460083588
0.696962538408833	0.937233859160348	0.728053944691929	2.66378800407178	-0.0363111709464315
-0.163913281802136	0.16978244088899	1.54066967007211	0.181428579821666	0.506175731887589
-0.0224814324816146	0.337538605749683	0.341770809738448	0.62516620852973	0.157209497649228
0.444520962922307	-0.138548509889896	0.958486895197816	-1.24890072103195	0.0623716420052045
-0.255065449772092	0.432742941172397	0.736628707015344	-0.552765477523192	-0.195670738482849
-0.530394517745476	-0.177698864232415	0.512860151401705	-0.0817929215519498	-0.469065604246241
-0.497955228693207	0.540931300453849	1.27356165463509	1.85532527320364	-0.502602303028511
0.246778586715462	0.521637964859809	1.12138063973243	-0.884883071019565	0.272722554528483
-0.770390277505962	0.318162571731909	0.503657724198461	0.322522135114107	-0.296074005474104
-0.227053158146854	0.646473542396551	1.69463512664911	0.305467026197291	-0.350776123173142
-0.14590431078852	1.43388124320746	0.822227416614308	-1.18834299137685	-0.126830213502952
-0.460319294784424	0.536451407238733	0.837103756759088	0.635708990948313	0.080555481143733
0.143287607595197	0.78206122128977	1.02485394727971	1.80155850650274	0.133151292355418
-0.515764849342653	1.02321947812386	0.155893754537527	0.773253801870527	0.374895851033991
-0.470853106303454	0.19462328184252	-0.265383439291378	-0.242737570866921	-0.462539409007297
-0.826794314122235	0.104708009152053	1.142140226963	-0.0803001608391269	-0.811174221678809
0.702212663690104	0.470110680350877	1.29578168287134	1.17186514718377	-0.421147608058238
-0.712658213370727	0.210723203173253	0.454407326969438	-2.14294175793407	-0.130070647380998
-0.668876865005197	0.382506931277523	-0.504910488205626	0.769978569967694	-0.366470846121095
-0.79366393425697	-0.470136872781891	0.0933139965799649	-0.864889368456564	-0.133412356228481
0.351091772396567	0.773131035727398	-0.222831174000424	1.72823415461484	0.430554581444312
-0.661576011544122	0.47932632160151	-0.169898872875756	1.57760913077762	0.120389096342892
0.282128451634913	0.441340748061123	0.423448343561375	-0.786984095706295	0.761861118615846
-0.706595255886057	1.08098362870803	0.418679713135039	-0.122344664425318	0.0307441684366739
0.0209168744218252	0.431296541941095	0.426056694888222	0.540507595826781	-0.13161927744903
0.467405427581321	0.109294522394854	0.514124671479178	0.090348143362575	0.173235392636139
-0.134467670837707	0.0582795772040174	-0.0619630513773348	-0.141556762161822	-0.183524317313292
-0.507335943842582	0.254887300866168	0.411479837114656	0.0479596064168925	-0.282538187085294
-0.297479073536474	-0.204484214237275	0.41860144783176	-0.692628063973463	-0.439846394594238
-0.423393622118223	0.264240499112515	0.279703116352163	0.21737776039486	-1.07527089927817
-0.375003394386805	-0.424384426957708	-0.310543430909389	-1.3754649761312	-0.864462619800712
-0.812166761365818	-0.170301699467402	-0.976502178631644	-0.944908461380487	-1.36467525893413
-0.490895512350155	-0.547488790697912	-0.59416113871843	-1.37371093005448	-0.916150679730794
-0.498134227593627	-0.795818798893811	-0.630233269582815	-0.330799982071429	-0.613822375193837
-0.196225650268218	0.274075494652828	-0.0403412859361693	-1.68495212389908	-0.540557210330036
-0.565223987480322	-0.399224565712212	-0.843755386518247	-1.53912709412848	-0.725556133351897
0.150922172681104	-0.774539616521282	-0.305264856754985	0.67780696076561	-0.412633542585319
-0.912386935756027	-0.133704323188013	-0.333721139223037	-1.08375984415237	-0.376531328441687
-0.618561353975651	-0.172367828214688	0.213202418435227	1.7195002544428	-0.0527713026021159
-0.556621010442788	0.378788713870097	-0.335367727659178	-0.330834479379678	-0.00316213433833496
-0.324515480506636	0.346618403668313	0.467738590782327	-0.112029892372901	0.158969576519068
-0.601144331178838	-0.516784536844444	-0.274084540125929	-0.479302164546111	-0.54943547406248
-0.411807430199971	0.376586558276088	0.85061837410205	-0.0160358238778313	-0.112950330093764
0.503787223651309	0.579465388045332	-0.463773283879192	0.480143101640379	-0.318290478178583
0.0198386307178161	0.630333818165964	1.31490054365989	0.207151872531596	0.146534881898886
-0.000995365224015268	-0.0158936370916574	-0.434782881281163	0.091991521761388	-0.0661013808217264
-0.201483015435057	-0.238292207171974	0.204081922150959	0.77235142332515	-0.354125293465523
1.76281407612814	-0.59775475675358	-0.748411594738661	-0.108200095235561	-0.189390482480199
0.754363265099184	0.220034695033534	-1.17052935161833	-1.01382201618415	1.98350267081819
0.0213605348717265	-0.964000589565916	-1.01141461989255	0.811839051217668	0.411887997015621
0.221026017949243	-0.934079614754373	-0.640700051861918	0.517863607986271	1.07200338205195
0.620058008975285	-0.816051363564241	-0.862722256140427	-0.0282685149186572	0.543135297292029
-0.0314312017325825	-0.453910660682383	-0.503607600392585	0.11793481260763	0.125516938729897
0.257624498222196	-0.465265274819549	-0.542549799606978	-0.76335104895604	0.401226795052803
0.101414619959562	-0.205490530122493	0.0458835794696495	0.270399358140078	0.218376095846492
0.986901527334777	-0.408804950770508	-0.658656928680645	-0.495425628479143	0.547640513713696
-0.114550011746756	-0.849539961322987	-0.605587094753687	0.328146215465946	0.271232790261192
-0.00484583227744134	-0.552480269428915	-1.20593965889588	-0.0708315601637472	-0.172395941692431
-0.194776729009763	0.0236136831968549	-1.20214712234062	-0.100345449960814	0.244583107603581
-0.197376709304632	-0.928322708260164	-0.990638776333277	1.13636278941686	0.4167529377902
-0.0125209818583003	-0.546350303265718	-0.816609479890219	-0.66843283097505	0.451010040183853
0.427049898260515	-0.299154958402388	-0.762279861143995	0.944064845376947	1.08922453578268
-0.216956466783937	-0.576559569707354	-1.11834490030854	0.681589237956896	0.612225689164124
0.76542524906096	0.913164997390118	-0.0241122483705408	0.533042930500989	0.88237348168326
0.387053734561861	0.0719738677617675	-0.523174821154112	0.171026593947419	-0.00284979572814415
-0.497893998172363	-0.626766409655745	-0.671046447670143	1.15252463478346	-0.0790254939358949
0.0159359162834174	-0.927864756909023	-1.29194683411596	0.377077676910452	-0.459167371896967
0.164126081636834	-0.374564329711128	-1.39811138660507	-0.632899384063464	-0.0182052151555123
0.0667653852609221	-1.38363477340253	-1.09429228924771	-0.860095406178312	0.143266683179952
0.23618298611763	-0.889218245549565	-1.78987924718015	0.13466495538584	-0.379773721300365
0.336136455970766	-0.822514101918286	-2.00153013630469	-0.203892321739611	-0.0675494563601704
0.148942996389467	-1.10927431275588	-1.7441737487033	-0.775006561182496	-0.133384668213097
-0.310219313751828	-0.507801207917255	-2.11161601936866	-2.21318682459711	-0.135998461681875
-0.163475563325236	-1.53795417280451	-2.2890041453913	0.347900169790239	-0.048825520966711
0.00105520125456106	-0.267496511193364	-1.40656086184386	-1.34948665025396	0.262479667563856
-0.379483712616271	-0.572926179815013	-1.61915856589929	0.329463038861545	0.164497370061471
0.413171447028321	-0.304355540588885	-0.80807362981942	0.95371461167059	0.142978387914695
-0.357544870985636	-0.277808334273942	-1.80696377982119	-1.32344546594086	0.420684718994882
-0.512571063619056	-0.610339705924198	-0.797334000018782	2.44175319984115	-0.365145830449896
-0.15270617976993	-0.163339132684516	-0.853597396184149	0.385808310636075	0.223516650694381
0.564099857850477	-0.70568003836993	-0.930834660344045	-0.123322416030237	-0.309642025531334
0.124416619673076	0.686352603155131	1.0241091397083	2.82534526267797	0.297090780989859
0.532217656922069	0.208710237286083	0.686960575479056	-0.29121360209159	0.245593286839351
0.00449792532666939	0.64141814251646	1.05886549481529	0.322896815661339	0.30718491937772
0.564682688476429	1.20118842621218	0.755111405305004	0.668242985193026	0.203359308096566
-0.29773389768506	0.407942643752929	-0.0344734855915332	0.734670415622215	0.816341216851945
0.456892074531781	0.521409770778717	1.27071231022432	-0.358800125058459	-0.0280626228650694
-0.690373680747974	0.794297194096122	0.245591212293924	-0.05464221620087	-0.0149989019868207
-0.415307696770767	-0.665027003369438	0.295077796931672	-0.822777816222872	0.152882540922187
-0.437281066751392	-0.0362063823681306	0.214007182596774	0.687837583658057	0.135058721432916
-0.888848098300104	-0.105691635126483	-0.0413620680708671	-0.0255014031231946	0.461187668854522
0.244447943347434	-0.42006909163587	0.816060973536959	-1.08429219626	0.328071336129444
0.0723308309323508	-0.111517676051156	0.10407784163559	-0.796294127873324	0.117172022603206
-0.520149656803198	0.618367150400122	0.400676410338523	0.519555818552636	0.298271843178382
-0.276082194053398	-0.0480544578619544	0.0338050044128911	-0.642002242014271	-0.149559284068666
0.214534743051656	0.516225232105125	0.368808886552317	-1.07447790398383	0.19088847866767
0.0844868251385628	0.295493971640305	0.199612748623888	0.0366027533676748	0.0585338905642589
0.20451925297329	-0.25302676339625	0.537014314607054	-2.20557882285133	-0.108265185066047
-0.471508991025601	0.298123928421452	-0.0480442874637288	-0.214847276241493	-0.18695328474324
-0.0847895058847146	-0.831016066192633	-0.751830780556498	-0.718039600591939	0.297913526624547
-0.329753938899205	-0.976162942657385	0.390619916337868	-0.742926589395166	0.0101115213408682
0.118052773669407	-0.448669045806655	0.214050208850272	-2.60370608421149	-0.516926666589128
-0.0433093112161593	-0.161778662880661	0.159243146943769	0.24308406911377	0.168685933640516
0.164952196711805	-1.00515436112957	0.470725322250739	0.413028518118633	0.0783050580504
0.181369526636117	0.311862771660465	0.0922865477488973	1.40471545966299	-0.702270027407343
-0.154039774981869	0.0371356351327606	-0.365832653860738	-0.277597892845255	0.0126750418961682
0.288282943402697	0.0380206260963339	0.737347663780262	1.41063582032833	0.36781050190708
0.794507353564933	0.517722762833189	1.15521821913478	-0.790909991619932	0.117812559002102
0.0141401473471184	0.45968454043491	0.56177798117018	0.843017429944438	-0.0635257052112339
0.227684734556722	1.30731449266373	1.40123660007314	0.497297559839861	0.123170594145305
0.599978184304497	0.242681076430106	1.04926483580471	0.687980973523756	0.299242873722876
-0.08098500305907	1.24603804273586	1.01254983806672	0.375758181008817	0.224629857779263
0.334308379334629	0.400229768964617	1.11818893129039	0.336546674187525	0.0106648086744167
-0.318276215551749	0.77472340908809	1.1136460145193	3.07878338011495	0.0514848101314302
0.123578882866578	0.165947565742913	0.138250569778252	-0.855775823369397	-0.27532949814246
-0.364631913102494	0.645411743489433	0.472445788064154	-0.62232876957742	-0.170947962415367
0.198304628146976	0.0541014406759108	0.833561190894708	-1.66232950318204	0.198310450809756
-0.364119761422902	1.2408392665425	0.510901115036765	-0.636582998505766	-0.407461420853822
-0.245194237647289	0.520821382703452	0.7438984305036	0.735734660488929	0.581090291875879
-0.366341019144109	0.778930145319344	0.906674634243766	1.04991884328525	0.256311421599989
-0.419154293785422	0.467778621213304	0.975212463363188	-1.12543989251657	0.3813304618042
0.136343901693746	0.697738619409721	0.946870416483285	0.543625537179439	-0.0920545902714096
0.0887712352763255	0.626430686401119	0.228318993551324	-0.381715047500141	-0.464138937747422
-0.124100295666637	0.274799286385128	0.589769487119237	-0.303283493267152	-0.141576514537377
0.0628540335661905	0.693590531998614	0.814937469490014	1.00369542611469	-0.00550461971253978
-0.314182067133865	0.213241929080136	0.81948493680514	-0.44878954549761	-0.0591451087127692
-0.0473756866705766	0.561021522467513	0.510606682400653	-0.766237108342021	-0.274470923925824
-0.524712287089529	0.338787032390372	0.311354210418804	-0.929172287313722	-0.108894797607607
0.126694361706194	0.314339434136644	0.928164332676704	0.397895129132135	0.098129028878854
0.0869486231840856	0.741243737913835	0.0887717355408768	-1.06802159696117	0.213541185600475
0.563237463788112	0.553017658415407	1.78199154429101	3.59965266920254	0.212536686191012
0.00514014966669706	-0.311379891394022	0.963669739952958	-3.17420065557491	0.791165527961176
0.329387809838693	-0.0414793676752634	0.00657826519336018	1.41542014980139	-0.0137471019199745
-0.389114102207448	-0.494995536957645	-0.163087150752865	-0.620656938228978	-0.115676868266541
-0.00923678064980277	-0.232756466297976	-0.00628428382737052	0.315868494655432	0.0509820109072329
-0.248127247203293	-0.746660030697927	-0.623181406247212	1.04559139083963	0.010931763739806
0.285808821574715	-0.675004426746716	-0.371724018290625	0.189409898593249	-0.127978168464294
-0.736994841078052	-0.761914574023541	-0.416469317240642	-2.15275731960676	-0.112885769351814
-0.574430079798682	-0.418160820627154	-0.226661368508672	0.844062305450106	-0.305438366447243
-0.313342479199433	-0.492588998484726	-1.28451006399121	-1.17883694478122	-0.0201742511857619
-0.446583945286613	-0.610715817431448	-1.43495231110036	-0.0269373849431822	-0.19959290640449
-0.2469827966987	-0.953793284145819	-1.29300402096015	0.164072305566638	-0.136909006730404
0.247792077851824	-0.779215244984938	-0.773610651184269	-2.4332278517109	-0.0126170256421615
0.124783998932746	-0.0112834771267848	-0.301801689616131	2.16955564314095	-0.322308996639212
0.205338632454426	0.0305465931966669	-0.578390983842004	1.92220030020891	0.364319202431046
-0.511823210200926	-0.488384650894166	-0.296563957840193	2.05670920488836	0.241281018159483
-0.13991823658777	0.0820633109132173	-0.595420819701636	-1.5013730287231	-0.404151893686995
0.106479116135346	-0.424706096331497	-0.673008564504357	1.73267302661089	0.277297549949819
-0.259151626213187	-0.0548250403526255	-0.675991761071701	0.570068836306291	0.336022287757995
0.451830041631524	0.0401298267810088	-0.0627110615442419	2.88598399960648	-0.162141429177616
0.143186539392016	0.492148564113899	0.339261521854873	1.96989827173373	0.18309372310654
0.570387367229597	-0.165580552410156	0.0756427268572952	1.44240233029859	-0.332259825922666
0.692656924676273	-0.41447530819946	-0.628304901686761	0.13795473115543	-0.544908021052299
-0.364021471366088	-0.725232835171486	-0.667992937664877	0.536919440461905	-0.588203998234962
0.493013119175561	-0.0343335858085145	0.817082129872534	-0.504984490446079	0.214642035477662
-0.233561584342811	0.361072894543369	0.0026251998144732	0.0957558956044999	-0.745755848489824
0.30292268306907	0.716223725925193	1.02996048849704	0.753428457848858	-0.434194779087213
-0.083302013866192	0.828760991076114	0.587988880938631	-1.53147038054898	-1.00530401104413
0.45991614237788	0.247337101444293	0.575410533750731	-0.805814694533154	-1.19306236447923
-0.065620106483555	-0.680193927742819	-0.456762177274838	0.669954986500475	-0.935036353659927
-0.588627843844629	-0.271858470680465	-0.0327076321312951	-1.41413818775056	-0.687033955824151
0.144541926521635	-0.794362787050973	-0.780479813674401	0.983904821190289	-0.539301440917535
-0.525753753680362	-1.03713702193531	-0.109875669156251	-2.19022849227235	-0.792884625551634
-0.0976773722401196	-0.887578287530987	-0.0859195411465274	-2.29389955568965	-1.11054436576897
-0.0885166149990572	-0.424312909824645	-0.425093165359536	-1.25372198767929	-0.843574898079779
-0.323504647600524	-1.36273143553167	0.0316607928762312	-0.185214482185862	-0.603501196310191
-0.165659204821392	-1.2607820654519	-0.233497082651302	-1.01166342138366	-0.416155586117211
-0.27899977135573	-0.878324364242409	-0.237630090032555	-0.98231278967086	-0.393811340862742
-0.419191706140523	-0.202601624561142	0.324896437976206	-0.30302564812404	-0.366518864885545
0.246712156197853	-0.0337029424547953	-0.319693420555867	-0.909013621723427	-0.1851803308828
-0.229818458106049	-0.456222868669538	0.379925997595829	0.0261306646456413	-0.412670219698742
0.0605779682514889	-0.404782060600529	0.174793466014398	-0.387489814437211	0.543888477558209
-0.051891274051541	0.153344436454421	0.555219060412096	-0.461334543429446	0.0294826187868048
-0.59128138718857	-0.29390763853532	0.784139681199064	0.181654118966266	-0.121017128424707
0.606398825524445	0.500888928717786	0.144928432299712	-1.87524004728746	-0.473566980292148
-0.610238140726422	1.2922330145	0.983928139587425	0.319762412041674	0.183715269740115
0.0835905508318588	0.0313208757054534	0.792838042016817	0.33234302867479	0.430852446352052
0.017932782614091	0.230704573205467	-0.0361107651790068	0.566880837784448	0.226026279563477
-0.0373892629669908	0.24742680157599	0.710815373208813	-1.41196848899367	-0.62227569724744
-0.0465914956150716	0.555380604648344	-0.291822707755371	0.574754898626698	0.204226770997507
-0.231792991630521	0.112701077854177	0.124485974968822	-0.0713711518223598	-0.0445606083879188
0.247390070935238	0.198013075650549	0.188909827692035	0.128832770231636	0.244804092027569
-0.065731043633879	-0.230611946698134	0.589023218089446	-1.10504679292881	0.0939404085044828
0.244020284819376	0.637322656333307	0.322762176489631	0.843448318615969	0.237284246267006
0.0158083874578387	0.834519542010918	1.29608740721387	-0.388974035145688	0.455701314025377
0.0676730009980484	0.997300158940404	-0.0408158899488416	-1.04606024912807	0.524841716950829
0.204102592096488	0.405989518207137	0.775217454455907	-0.947250662349927	-0.327689635414785
0.320906912106576	0.686596261426144	0.264896759755706	-0.833158854113885	0.394785350848703
0.0538035245906994	0.874094659632459	0.724549289014455	-0.197160893349394	0.277146930400319
-0.234530542727261	0.3781398349585	-0.255065881898138	-0.528787171956482	0.601061229608201
-0.634706830429553	-0.0139155737531002	-0.286149601695109	0.290019840073506	0.369950790919756
-0.420819699947565	-0.347755395789659	-0.012257275922458	-0.744279068012072	-0.189799694719684
-0.139103306043358	0.403923774415132	0.164990730547724	0.452209168098773	0.233630146557679
0.205905814620275	0.77524621533623	0.292917148078566	-1.37907220828084	0.0590682372328697
0.400588934514614	0.632679782328085	0.895154930392116	1.61589146031386	0.519538542378532
0.0274688498348499	0.955009178345892	0.338578433512733	-0.603643585911236	0.203467733064653
0.0401497565286198	0.319183022023723	0.644832203580489	0.375811989469698	0.0582793988065464
0.116378138844038	1.36621241693914	0.12905181677544	0.881555328051911	-0.296993027943332
0.140486621567588	-0.0530010747468007	0.154076479189301	-1.12947458524641	0.170986786662889
-0.17805946185781	0.712432445234554	0.356865538559404	1.37026122315879	0.373488608326526
0.1219448833253	-0.064347783484928	1.09497852750352	-1.11345307747477	-0.0526495218712269
-0.156160970841567	0.759651280488048	0.479249646591339	0.151068433633723	0.14727676198184
0.265447280950861	0.521560904519255	-0.0430398440655668	-0.173482293109381	0.326585606333016
-0.281104869434773	0.173162247238422	-0.197886826720468	1.12975848333237	-0.00437389377472293
-0.13308880367736	0.197941066125295	-0.567777609013063	-1.7235785230272	0.285632807128754
-0.304583038500135	0.308263182671272	-0.955973905744898	0.687351890346206	0.351349074018176
-0.157564735142052	-0.958209764601783	-0.134107743663232	-0.214776113652875	-0.132598759896453
-0.358726387737156	-0.15389456261756	-1.34837592667824	0.378116389241076	-0.00371182333094708
0.282126669026397	0.823730066533735	0.449695405522026	1.78344978595744	0.418919634302509
-0.367197679914828	-0.19487492270814	0.361320924808113	1.16010173546664	0.832344466710557
0.130689489357358	-0.300577591162047	0.0994880431448259	2.76302054250247	0.466507340211413
-0.291314556560384	0.147358304109275	-0.00400403484170059	0.494158389808193	-0.0742322969832996
0.222634910433528	-0.552210481661542	-0.118961582159063	1.93148364915205	0.517395451905093
-0.0934883468905514	0.326999973896731	0.755280820998351	1.79457083773345	0.312106840671168
0.218675619010196	0.00842930272451653	-0.0128183080094954	1.45577399797622	0.485728310123883
-0.00786595008698476	0.169546912403328	0.434646379057058	0.10867367068248	0.131259020579571
0.908980809420489	-0.946543822298623	-0.386670301050523	1.69368674577161	-0.0258175686626685
-0.389530438867321	0.0987528125725774	0.0591551332290332	4.6307327033466	0.0902825807650535
0.300487339734726	-0.315461094025306	-0.37653041514844	0.554035545940208	-0.20245548862035
-0.066733792368368	-0.670341067573568	-1.17179293713996	1.76982229290704	0.110161138630868
0.550134998127488	-0.291966189118558	-0.504870198137871	0.538682911337035	0.0225245932089956
-0.400994823519567	-0.390939820450626	-0.851853993618507	0.681425739701581	-0.128538086862711
-0.339202843298367	-1.7045824132415	-0.121941137234188	-0.244174626044269	-0.149712932752188
0.253939108139102	-0.674264719894497	-1.4915882097955	0.263306022142749	0.00876238739261626
-0.718404839611287	-0.966981733493017	-1.47136795948481	-2.07102673924623	0.248413823471324
0.275135077971692	-0.734590862352576	-0.861827178958421	0.191725661042136	0.295787955823714
0.296213602838324	-0.629330446593869	-0.242158144512447	-0.137802154083109	0.0388679050571215
0.403993651272158	-0.251572359545785	0.216194662515445	-0.187004284443823	0.357803104734961
-0.0854556500259942	0.501367455340232	0.407431775459952	-1.64455540608035	0.319015664002924
0.00762678472913746	0.678450223427362	1.01290778328503	1.16394233406346	-0.0668411658896064
0.980955563846724	1.14402497309401	1.22669115001599	-0.790197804518072	-0.461864415362553
-0.129450368348504	-0.00146542363579113	1.25664071215264	-0.121089989767175	-0.536895112145127
-0.0608126335678664	0.675065289228853	0.3834843173772	-1.79700541830154	-0.152521694834007
0.365564989497969	0.0613499865787141	0.134204265357546	-0.00498711822049871	-0.232793311132719
-0.030998002635852	0.285030566758121	0.783210719108617	0.237670156293471	-0.043962796125746
0.407534870003894	0.0826869427303616	0.410710921044694	0.788472568881444	-0.429191794907911
0.152445863699378	-0.00772530309132473	0.00343707296889335	0.693825928736879	0.0498084072940259
-0.0390386992758694	0.0837422408345618	-0.136935808572985	0.296076412244949	-0.323223364166705
0.164615150634968	-0.124410053427879	0.0593159201664638	0.719794233867174	0.451254690055357
0.485970497621809	0.607273849449659	0.998597287691491	-0.102720024059969	-0.127661396418051
0.328426268873534	0.365304430596293	-0.1017777521841	0.015257060736079	-0.0148040779150289
0.0901842825377514	0.389291104525663	0.322893556620272	0.309660974298468	0.294285511569251
0.849891758069702	-0.292972312492706	0.587196107693252	0.168696881925839	0.152131136932528
0.104730523291773	0.551861597357364	-0.0866484887529123	-0.033434029239768	0.146551643230967
0.176502499236664	0.5978479360013	1.15769398423216	-0.0936399896747096	0.159565178901149
0.40744238993935	0.390080601405525	0.798316669921221	0.132405043778395	0.339472411653321
-1.94849302622377e-05	0.500085201276526	0.111083223061775	0.0976697870064145	0.242684258039553
0.221183923425287	-0.0271031736468043	0.246291300070118	-1.45671081091874	0.333314393676867
0.186517622336243	0.975889981311566	0.497451234759757	0.232567215093498	0.158090248775443
0.180042085689301	0.813904075519324	0.704639214447239	0.150177420809417	0.513941454295516
-0.312461297717053	-0.0510634738454142	-0.25987186397221	-1.54432483967187	0.248932530013211
0.350789304370086	0.496447019594128	-0.116809425059801	-0.684283805208212	0.115574173260921
-0.0279847586409501	-0.0435254235376425	-0.464398196795111	0.0792780152911921	0.277076406735056
0.246881229907786	0.362982447143684	0.667776670495401	0.738418040439391	0.536044407261955
0.210459567494296	0.832445775575509	0.994375542832177	1.96232474257763	0.308647719121868
0.574761954034835	0.742378572215925	1.09875175241401	-0.493767730289259	-0.250624070440099
0.103433884314091	0.875011472382324	1.5246882258314	-0.166775689665295	0.541935675670966
0.681529551349365	0.637165332144529	0.108018107051176	-0.557019333701335	0.336159839409486
0.281659300748132	0.149576145884462	0.703317955059548	0.51250785157001	0.0307343147721842
-0.151564498648487	0.509487724539998	0.756174277390475	-0.591970766937625	0.3329229569032
-0.341567940795793	-0.360353699878372	-0.490814600390066	-0.337262315202626	0.770829327034315
-0.0362413756522567	0.749139036337396	0.00371907520848285	-0.873102008272375	-0.242952106654549
0.157848244561813	0.127394680028769	0.276230652976147	-0.850410141664998	0.142194457106635
-0.493225108067501	-0.369161060938293	-0.188175349430769	-1.67880315682907	-0.235091757663589
0.314565083300113	-0.0713354023061173	-0.131244207854055	0.405760184875642	-0.312773425089021
-0.09486066625518	0.202124583042856	-0.0444708125966895	-0.291576266789968	-0.125732283763373
0.00863231556957722	0.425886896136195	0.29547616391529	-0.0187217292644615	0.245118041542616
-0.40467429494783	0.20318036950396	0.183612604346507	0.347344346206443	-0.0968989388759731
-0.123167893459495	0.198915985106485	0.274977235042813	0.547098112079066	-0.389393813284152
-0.182216920159671	0.241294748406341	0.759746390528801	0.979013571505046	-0.241287444029465
0.359750411816093	-0.0433583770412946	0.357206292444441	1.47678666004754	-0.394560728056405
-0.024824555551384	-0.170415104852256	-0.0103699656699664	-0.680932452397429	-0.39595428835924
-0.0975704572377345	0.0949645176263842	-0.162653868867462	0.448815427422433	-0.228239435322974
0.148097902389051	0.255959728733796	0.000523660193539972	0.208694401856928	-0.128555105324427
-0.101432085402544	0.294143162023604	0.068689678353519	-1.22154050706773	-0.512986256316802
0.204855915900526	-0.227199168109082	-0.359645338194424	-0.413476253900747	-0.293579345404235
-0.338875026054365	0.0156963162759734	-0.740912471084274	-0.151981545954891	0.363978131004487
0.162489082213765	0.278130810047172	-1.04461580557417	-0.274914922341734	0.122415778512734
-0.61474045384757	-0.677153799573603	-0.974586453824022	-0.095740455718734	-0.375618044196584
-0.478442785068728	-0.113717209247672	-1.22415741631378	-1.59586673615629	0.432425406363894
0.260737295996448	0.218079287567305	-0.312071482559779	1.84478699323223	0.111949490566025
-0.494574841483664	-2.05673126698943	-0.854142284523833	-2.83542144160845	-0.572387141487036
-0.289051424387037	-1.55452929642003	-1.37344130786466	-0.124881286178152	-0.402916969851395
-0.0402321321152968	-0.794464142283776	-0.32698531525522	-1.01215546933427	-0.384462220229719
0.0810267541220367	-0.386727739492191	-0.939675916439356	0.1761041775275	0.0368451110286139
-0.118218968026415	-0.20838614079238	-0.75363518132051	-0.714918888787172	0.0710019398687692
-0.0433122915770721	-0.393152963187661	-1.02007564198858	-1.65591620377157	0.0335036078427828
-0.10874317722894	-1.07830627247546	-0.807276504497874	-1.58121710747602	0.180881841596164
-0.0234574729437696	-0.606915021669844	-0.740048079534763	-1.30636907987434	-0.320200094908371
-0.0598788175966666	-0.922799168457358	-0.816730425909402	1.52327689679884	0.13674705766005
-0.00702097067289572	-0.612201329267993	-0.83739547339275	-0.618461590273893	0.136610236504548
-0.474225389525803	-0.741465438923773	-0.594799611190083	0.211322935098232	-0.516956306597716
0.0136022819319739	-0.0344761147784653	-0.597338143955732	-0.222898137073796	-0.457773991499365
-0.2958439089915	-0.319791143933215	-0.458739393843265	0.634333304876627	-0.364158864431582
-0.27960876830135	-1.2176027438614	-1.80697017070842	0.59492129128048	-0.315904490256027
