1.29915462084136	1.24924097398089	1.31956006706292	4.04936278337092	1.45876480864455
0.390305519588236	0.343257661549009	0.798079950715721	0.215316088390732	0.379924588815639
-0.159584378451322	0.0759524810566487	0.424061219904766	-0.942079527373893	-0.120082732903502
-0.102926809563169	0.0599049173029225	-0.080289876358782	1.00193438781457	0.0939876388843064
-0.294480745720241	-0.63568175387441	-0.284233549007665	0.370771776690364	0.0366509366874046
-0.514301205948063	-0.233119156377113	-0.781647151673882	-0.102782211888864	-0.411254318625922
-0.046990770869013	0.0640993181754998	0.154345469426711	-0.921241108996603	-0.450999420705238
-0.259968000696504	0.132928740190228	0.318509328837357	-0.274564589771691	-0.005332987673656
-0.147830434437765	0.0015868169449373	0.155174009440913	0.773076260197889	-0.122548332647276
-0.444498387600331	-0.688325614552362	0.0528463035687591	-0.335894216742018	-0.343379612638862
-0.357993176660379	0.589869584875818	-0.0717760395084589	-0.310056595404532	-0.713895971561593
-0.52676217272609	-0.348357255427284	-0.17069801528896	-0.673775824281461	-0.55504212404628
-0.770701153509439	-0.172606327685289	0.0647951128904404	-0.948756685211578	-0.626423464281014
-0.349670035812719	-0.527568450221721	-0.0109723630427687	-1.12847850258627	-0.611325667972094
-0.553741151611774	-0.509802170809958	-0.353389653485052	-0.691060261204872	-0.472030226274125
-0.104746440988585	-0.215612797923341	-0.0676451505083784	-0.85174412042904	-0.152742928439703
-0.0513131795879482	-0.1506049818009	-0.150470235417521	0.154268934667121	-0.00759860437048921
0.0707936660920312	0.204726618232312	0.170175423369537	0.557004236085226	0.00318206895627603
0.208535163799494	-0.204908559183047	0.447789234463878	0.270750969093322	-0.0542393829133694
0.704058151460061	0.471269982730583	0.728136816609504	1.3104421106741	0.8426694945251
-0.0890483494083013	-0.571408220387114	0.0383947043022603	-0.264184132022059	0.235107173380326
-0.24128164139554	-0.498816700140907	-0.428002649570175	-1.57605106374418	-0.697390820142495
0.0874270230815468	-0.569974287396591	0.114588030622469	0.957221608305837	-0.245771968651282
0.341463699108023	-0.265945498726355	-0.200369213539918	-0.562138073687763	0.246110921958587
0.0405753407703337	0.376156541760925	-0.104885933247135	0.315152409675288	0.104651088580815
0.166728246701129	0.160358380016748	-0.245681798493768	1.58809523127851	-0.0809896924275315
0.108240400111987	0.342692128521019	0.241578010082189	-0.176518120079953	0.52140046400696
0.301789567434721	0.165517496237244	-0.374995219618916	0.337160812221577	0.0137840096855229
0.0456771003674313	-0.478464910469039	-0.0231854980944508	1.31357691261138	-0.099085357844858
0.148723879300575	0.31247272344081	-0.177309599349668	1.51273779009502	0.0455929068254978
0.0552829329782539	0.15821427720438	0.00521341825814475	-0.0749172232035067	0.0550812765318048
0.0302709453873673	-0.27905530081312	-0.279345238174912	0.519210688149596	-0.386153252646084
0.117956012615092	-0.000373219364103395	-0.423919704939293	0.0319127920465101	-0.335692641833648
0.191061451776021	-0.192740801429255	-0.148111722784531	1.23355522991976	0.685164435712504
0.242123658629073	0.727220387855752	-0.104612741495189	0.157828005085556	0.0971041185720399
-0.0353376941292705	0.370701141013373	-0.467738272383717	1.95835154917631	0.0479676980264893
0.616202150912989	0.854624280832733	0.352097399986311	1.17578994278784	0.888614958626947
0.0277552225321066	0.481979954897999	0.0122809180726712	-0.443251907409515	0.270075062025742
0.418530615163391	0.196375545515931	0.247402681999996	1.11533534328453	0.635483603454892
0.142784280711027	0.496218657260379	0.171130678217147	0.860995195516391	0.485452472831661
0.708588206678008	1.15219589678922	0.442157592892718	0.554483207408415	0.831162205860285
0.176639224228941	0.748289110295539	1.08255665532675	0.908273360383752	0.766126630843498
0.0263178548643004	0.112349955004453	-0.0421813986128799	-0.308593234002451	0.374406661493763
0.379000855021594	0.36915781151371	0.749999159375161	0.391240548779024	0.472267985280277
0.934600542310373	0.775489980568444	0.878698788187048	1.50498413181031	1.10603127582136
0.22863441004105	1.41415837456529	1.21301316764876	1.39768976249122	1.00032927605052
0.758501587574763	0.345547679061085	0.364390223865844	0.596934045362419	0.592711638433479
0.224660991141955	0.0656381355726277	0.912337654924808	0.491884626423554	-0.0749618596477636
0.0201012559673021	0.504298562578877	0.567580156421603	0.297914996743224	0.438674197443889
0.254432587000413	0.372116604473864	0.0674482751546407	1.16163446531566	0.129774591199583
0.590879499799283	0.14969511922158	0.198989692520514	0.418690209231135	0.225387640628982
0.695771215151136	0.254027693785582	-0.0843179328070324	0.636116105186525	0.691929979920381
0.376148124288429	0.0422445043015955	0.745402854985543	1.76586455538655	0.396308428508226
0.297066406839985	-0.619352562629621	-0.257331418319093	0.601416911386677	0.228128300033937
-0.652028992341647	-0.202443843049019	-0.393991127064487	-1.11451048942543	-0.733955989804748
0.00241585289651157	-0.139656101161734	-0.357458050551637	0.674148032043954	-0.358487266276755
-0.651517401303552	-0.924998953466226	-0.956522034388557	-1.02671983142783	-0.400601898801224
-0.442604191910488	-0.850202565638191	-1.59025262216596	-1.54040240600254	-0.790901507010951
-0.442140717923294	-0.637905869247565	-1.09087939022054	-0.840812617138738	-0.346673502922413
-0.416664514745066	-0.354370399757327	-1.42169964736789	-1.14912650831137	-0.762112847764801
-0.318807614172859	-0.557784465822894	-1.19759426290992	-1.92825123587429	-0.460576654975587
-0.435782293580183	-0.80967079814207	-0.921464512449682	-0.716187867679447	-0.507250706430898
-0.310227834885975	-0.735057976178346	-1.34498983430737	-0.907557767042988	-0.353278981036061
0.0666723390369898	-0.335397109898073	-1.05036850457298	-2.29309313304691	-0.547463978453011
-0.312880280381434	-0.356248989575175	-0.499513660707787	-1.49806354952594	-0.181124815208177
-0.313316131902142	0.087833680245011	-0.00695481903383566	0.167841534198069	-0.229217746677948
-0.294955093328228	-0.611134993907386	-0.477015392656711	-0.97771940223555	-0.308662429762161
-0.496905718339046	-0.493831733622564	-0.561892330752853	-0.469306888957317	-1.15170139404249
-0.622818227105761	-1.38956659237198	-0.271927983537518	-0.729320594171353	-1.01685591997666
-0.577110080547633	-0.485085049440459	-0.684298361627234	-2.44460983900347	-0.845594302988554
-0.436755460679414	-1.19921091321613	-0.723070842499477	-1.22361174097225	-0.411699148309871
-0.38894785124204	-0.333347796837243	-0.644087906959111	-2.70612638390976	-0.960904852891789
0.210523646759988	-0.779287024253871	-0.502489094108355	-1.33342276025815	-0.382534898974382
-0.106344493042384	-0.32531901999428	-0.367954940866754	-0.839541561139718	-0.211426183337278
-0.247640040497383	0.0574885134849672	-0.520646085505327	-1.03451940233119	-0.385125080865304
0.0265122246012598	-0.204358946681734	-0.118628566682378	-1.07575961362208	-0.245436332257106
0.252323697575778	0.0523352633494549	0.155552748554278	-1.162815768165	0.34196676102277
-0.124791426559416	-0.274351715927638	0.0127920479917417	0.844660054095431	-0.650562835728307
0.421928356087079	0.142209290122181	0.138952403533526	-0.391536462381845	0.243690874002783
0.0890244779645038	-0.209565227589637	0.295829107357605	1.03006189287199	-0.19844725192109
0.0443356154153058	0.242859180470033	0.387600032279799	-0.144833096372626	-0.0593371854030673
-0.131696350290943	0.158664193450919	0.181385524592189	-1.55891113839198	-0.275481200067759
0.633680179806719	0.579258972483522	0.377531928501004	0.701961776053886	0.309385819437477
0.0411724495226585	0.555219048696241	0.913696126177783	0.758674241583844	0.0292348116820074
-0.0830667847272811	0.109630994812488	0.400350726573683	0.6647135769372	0.448035378063743
-0.0774337101875935	0.937939455368764	0.420022390953115	0.572556769051856	0.102537583458199
0.257591942743851	0.619917410337663	0.478276566607245	0.595712962235462	0.277653800432508
0.146731342197891	0.671876894325148	0.87740044516667	0.436147272091279	0.594290229179682
0.245225856790203	0.911545901575655	0.681503429937803	0.43126252243989	0.504831419313818
0.0746104437506581	0.726982707504935	0.49803241882796	1.30629758179791	0.092302269374549
0.36344247220141	0.691750553365458	1.09127535442256	0.612715447197554	0.758518337315696
0.307148778972781	1.26162645136438	1.07164099726326	1.51578614329034	0.643395340744707
0.424584555404454	0.324457213376686	1.27263065761738	1.04475368361067	0.395634661660513
0.330613620606526	0.623354789480338	0.832600501721708	0.959546325219149	0.571083805159039
0.439388600187501	0.764373313876195	1.41214779278809	1.3964833582719	0.363485654463861
-0.0107107594971456	0.725362453361252	1.16739555548298	0.874695059561045	0.512359472336008
0.25364135428385	0.116439506843437	1.12626162300724	-0.217039025941654	0.153542298878319
0.381346356478718	0.82416807040493	1.30826496385613	2.36094245302411	0.360309635780658
0.477179903954061	0.40073235348027	1.32452456322111	0.715564452018571	1.15328060112482
0.910426107730334	0.833878644936139	1.1724943377173	1.91308240026713	0.987133415081552
0.543773511144504	0.330404513567663	0.89747112724558	0.287879833905854	0.280178541086868
0.429551068262983	0.284046672637137	1.08923912038559	0.92381979512935	0.695923067967573
0.38065379510353	0.298998267569072	0.98411660943416	1.93017350335231	0.505138448657023
-0.16528530757306	0.83843361959361	-0.0239596581711402	-3.31420309213831	0.194224045887689
-0.291218640860801	0.185239885537884	-0.19323767003969	1.63589048697886	0.073209278172335
-0.546635274837522	-0.16823567864716	-0.384213006872327	0.1150572484713	-0.303416688196578
-0.644053859603538	-0.758978651163653	-0.417062883043976	-1.91378650595435	-0.10258821841187
-0.467442159345541	-0.689600088231204	-0.647602998582752	-0.296260927423163	-0.305109420219796
-0.609695952980747	-0.16211159618596	-0.496257697351333	-0.0907478480146103	-0.241693487128704
-0.138898641695503	-0.0696261800824663	-0.267626935497566	-0.237395242741572	0.0442522560550114
-0.37116250341171	-0.0606970987885042	-0.563126508396623	-0.545261573794762	-0.227046246810725
-0.403161702979717	-0.427782685785655	-0.653533799715326	1.45419817395847	-0.278393074218779
-0.662149011356376	-0.446221388696921	-0.487273679333213	-0.211186320749354	-0.457228778015389
-0.00489691245696171	-0.175997058208154	-0.365116697955511	-0.0315455307560442	-0.102348009652243
-0.714045404792663	-0.3807599509684	-0.652604560283191	-1.22028487434879	-0.233118024028825
-0.843803091023037	-0.745793373285628	-0.903391447515279	-0.0139599958791653	-0.62114361125581
-0.708652612399061	-0.924959392996833	-0.56427102842867	0.21475553399371	-0.832081457868848
-0.91422193624594	-0.957366121857289	-0.900496822625736	-2.22781897638578	-0.680129652991403
-0.467065719760016	-0.461168733628216	-1.55377976498131	-1.40633561430737	-0.804023482617853
-0.827879164040252	-0.854813820118303	-1.33602676345858	-2.43306654072679	-0.873137037061166
-0.753276801723289	-0.488251646426311	-1.4366493004142	-1.47596225660276	-0.840106660053404
-0.868364642701368	-0.613414955486078	-0.686074916110956	-1.65933175256223	-0.816215601120541
-0.605524031852823	-0.905170539306206	-1.01233754073295	-1.36002048977167	-0.78730023173279
-0.685546069767786	-1.1675987009665	-0.534054025471975	-2.46078211961742	-0.89597735536621
-0.0125827558622637	-0.124187636070659	-0.933862047207165	-0.301046146127081	-0.447767807682109
-0.779957515643613	-0.917166012992442	-0.704944350147457	-3.14718852087223	-0.33568144426859
-0.25078889055493	-0.995553259016756	-0.951815746126395	-1.54305044496683	-1.42930854296993
-0.391671335860669	-0.162598827658054	-1.25553556647139	-0.608591288976465	-0.371237678039875
-0.313319338032662	-0.647522135357912	-0.114608682155125	-2.4149921028847	0.0743409282492178
0.0289824642560581	-0.848994974255014	-0.631254251288191	0.140410534898319	-0.470688015084383
0.102720287002574	-0.107803961182811	-0.984754692791755	-0.0722006516130257	-0.116460087858531
0.569800864215352	0.137748526204616	0.413159467926167	0.600859371263114	0.458102168916001
0.33455852038445	0.410305018860241	0.433701363956331	1.47993259876414	0.708939817876374
0.675498215423856	0.286247091540745	0.365019124333334	0.985783059630757	0.5388335193637
0.519198547875642	0.0772481733012844	0.382459894668287	0.730607326246444	0.363347104337926
0.380930163525322	0.698431124123138	0.67911304886981	0.215605803730362	0.645920968881255
0.148160913266537	0.0948953995052093	0.511523060775081	-0.214157896620977	0.248101798330532
0.56989924935198	-0.105734784403763	0.139722201409391	2.3421005512554	-0.104202475986326
0.0175860299389023	0.154267584855675	0.417592515158753	-1.07258950236035	-0.302161467201585
0.361762330129094	0.42159831900477	0.221488436374325	0.8647800315879	0.665839150072963
0.383157712772707	0.194916505583218	0.18716846936048	0.307891948223623	0.312744837169707
0.521385966507115	1.27679868151142	0.23074379241817	1.07202736427473	0.387341911328402
0.105661799991661	0.734533565875292	0.403823502292788	-0.307204653247045	-0.182375333445999
0.939126880263618	1.06523688564103	0.375726703829381	0.91472622245726	1.18799025909244
0.23829489840441	0.724689727102451	0.126059323262509	1.33467785265696	0.550413631093823
0.192737431183352	0.378263550383737	0.315505926062045	0.627555067438311	0.0277289005282013
0.435531864833558	0.320253333664845	0.0710844848909038	0.404230896596705	0.630039457885585
0.242038516263401	0.450281636965199	0.892237389031081	1.97646842094468	0.725475329515816
0.846474755793341	0.672286551223569	1.07689820101466	0.266821681152963	0.845480063411168
0.371953553786837	0.0855614235279365	0.890414104160656	1.33592234709932	0.823421277986303
0.947002153734116	0.0764345693651859	1.56663516162433	1.19842842467242	1.17494147498894
0.795644677588545	-0.27603671704766	1.5096032229241	0.613952924537084	1.14161344181501
0.582574880269195	0.240320327116071	1.18826550286908	0.568395993227608	0.730338175968962
0.551692302269285	-0.60549881788245	0.528740130264826	-0.00839807783044727	0.449415199206151
0.591617433005323	0.00509080107044963	0.629851633726265	-0.143190048250493	0.360775032905949
0.18938186880606	-0.785511407282478	0.16515097477019	0.0135939929117488	0.110032113328587
-0.206561980941868	-0.975256657399406	-0.729558863201569	-1.84402549025712	-0.260967354654712
0.167104592672539	-0.860249707093992	-0.56219759793969	-0.901441924949329	-0.305493675298421
-0.0232162300298818	-0.594824573452697	-0.303866062151783	-0.760705435886473	0.2116181922773
-0.10367926496127	-0.0938231776027073	-0.0861096225291045	-0.226347725045246	-0.00403208192310921
-0.233407724253203	-0.351308405364615	-0.467157993681958	-0.536250286568268	-0.0933098812126418
0.1161240886383	-0.585356795756159	-0.359610169226748	-1.77743709590588	-0.300604091609031
-0.12801246146932	0.0435289707004713	-0.593176179741895	0.218477899465894	-0.437492758846866
0.00907806329510506	0.0530305928445641	-0.350656837233038	-0.657624356960357	-0.291703345560334
-0.353676618012201	-0.555482712879058	-0.639704576150513	0.207917799958188	-0.33596014564544
-0.507997022035119	0.43645402137065	-0.700146093260714	0.651523717870958	-1.22619946260051
-0.832967228517069	-0.677767706880862	-0.388315942600209	-1.98829709745065	-0.528178179573556
-0.968792559411272	-0.867146020496194	-1.12436925406814	-1.05953300327113	-1.34150342946094
-0.929383154724473	-0.877171656618541	-1.64163909893513	-1.3276035627991	-1.3272887547625
-0.851263234292414	-0.101263976332713	-1.47544685771132	-2.38773103901286	-0.540104700909464
-0.850807378218521	-0.751015510683559	-1.32116116204397	-1.5009243713468	-1.24054702460639
-0.901058837507709	-0.494562931500864	-1.56847569421626	-1.6580978454174	-1.10206526454539
-0.591251403961865	0.173467509531463	-1.05157899362379	-1.80074967104512	-1.0286938893062
-0.38825906366652	0.379225403334002	-1.02357093940138	-0.593338290302104	-0.2302316074968
-0.474442910336656	0.114741847199697	-0.580189187048178	0.566797844038566	-0.319709932745297
-0.366183789689966	-0.478218590737788	-0.248863890236496	-0.387922602730278	0.0267765591725288
-0.157502463898695	0.490394669632701	-0.352392232525646	-1.2164387933854	-0.466065865596852
0.122437755167306	0.566831981499445	0.178475467080181	0.808580774851813	0.457766543313786
-0.152034482565852	-0.653393947479578	-0.17328415760293	-0.221962234557928	-0.0710256211846875
-0.428323439228969	-0.347589752627815	-0.24960374928744	-1.12327120717731	-0.215631578233286
0.0538074833824149	-0.0132287966365943	-0.158910808825617	0.381208893370009	-0.076492503735098
0.305515401747144	0.254693669119443	-0.236164213026344	-0.942336417082086	-0.204845433423682
-0.370063429302462	0.182118429089487	0.50574408595237	-0.714593092219753	0.320425430924909
0.293282598586212	-0.495385568008596	-0.606258084442838	-1.03550203156888	-0.223951705848471
-0.0681210741443131	-0.126967089657821	-0.146140062150549	0.596098023248207	-0.0423887120073123
0.318963193043873	0.526605468566439	0.133291583257973	-0.843487135994482	0.334384553115974
0.122214221452281	0.222642947372922	0.261661648593217	-1.6200361704851	0.218984455204365
0.19265068811374	0.216641888205212	-0.150625142488703	0.222429320815028	0.281934844100306
0.420235894528331	0.0181311836120406	0.280597817786548	-0.551072912609015	0.125945216270159
0.312593298119606	0.790134506113266	0.55265889099415	1.56722599921202	0.574135300676193
0.619164943171444	0.766892695150833	0.620499458075073	-0.130173654927669	1.2606262263139
0.32623931652079	-0.17284808971482	0.296095799819666	0.223299587379054	0.184639294259258
0.519425881878197	0.766130906509303	0.686162608184303	-0.414126827723173	0.485447993995892
0.507022923094728	-0.0172555975835168	0.515101899291821	0.248826184051075	0.753739835970982
0.478767299130293	0.531144459136777	0.67424783443608	1.11074089050568	0.392641471762423
0.162122950642795	0.597428328742615	0.498750824438998	0.160992269135115	0.0993570482131117
0.613150708155158	0.139750415020575	0.596092609228897	0.222812162572136	0.271945491260804
0.476976020858002	0.410390397701327	0.771410338178135	0.587433071336319	0.8399323365918
0.489763884912277	0.944173685832576	1.26118148394379	0.194175785899418	0.572606928918852
0.683885702710424	0.0998756508555761	0.711854000571046	1.23866853425762	0.451476068657041
0.22542285626117	-0.197361168497225	0.98677851291747	0.748836947122015	0.356148163719365
0.703589596574463	0.722982578985567	1.29766288534675	0.0784212889180086	1.05569765205401
0.610630833629108	1.0249441562241	1.01674382932558	1.73250999050285	1.09436817750652
0.698568402363488	0.649086017089842	1.5050576756458	1.95316613190781	0.56767121507604
0.57446759544981	1.12417013450591	1.54800856725224	1.30890308240734	0.918356789731875
0.986715967975451	0.523560380591149	1.44532199509197	1.62163006942021	0.990187198166315
0.163901225094757	0.420751977042572	1.61452053433558	1.81837736395467	0.498076446075975
0.0840900663283482	0.278189803913258	0.591656166053278	0.0166405785284035	-0.371815271344976
-0.480871471106443	-0.232634675409879	0.498533736756143	0.152050947038284	-0.154814549566236
-0.39118815918056	-0.118147861089499	0.0262269586919447	-0.402813835806231	-0.444166831020021
-0.476144584220813	0.0239746711015966	-0.493736315824551	0.0630522732068313	-0.343814977845306
-0.907626509787437	-0.62627772175129	-0.496601678574639	-0.27154224416256	-0.856881508036195
-0.36865040082248	-0.0517578799228644	-0.89752093141303	-0.22386457572859	-0.261598951755756
-1.00550436073193	-0.0797223478437509	-0.674531379138897	-1.15361915567381	-0.630626887482056
-0.929849144722593	-0.758853875907857	-1.1131507012506	-0.096855938370929	-0.777489921702378
-0.68191854114829	-0.105285834920656	-1.13058001923085	0.388355977295456	-0.452810514053799
-0.874617061594846	-0.324239784197316	-0.72438099294696	-0.534513682998234	0.0312507904390353
-0.36715414614089	-0.205769047810779	-0.618910083115405	-0.144222479820818	-0.426873347138254
-0.533364817280007	0.388466977723621	-0.237952472266847	1.38044959816753	-0.111208341130511
-0.327264593424787	0.218658798612083	0.341675075580693	0.764458384091959	-0.141992694731999
-0.23828249774035	0.0983846543773507	-0.0314190559300063	0.734104772393638	-0.154401198388704
-0.865681204215056	-0.709494935319116	-0.461789621742501	-0.538121495405843	-0.696958865861049
-0.873278696563391	-1.04558572122935	-0.571419010672485	-0.747787122701528	-1.14993544664503
-0.623397090164953	-0.621867925818844	-0.958474328704118	-1.35426755745113	-0.881580251079835
-0.853590744735097	-0.868524535104128	-1.06075678726812	-0.951964259377456	-0.330169294963416
-0.508123576244221	-0.654927962658366	-0.873537318252083	0.442200505562079	-0.840739234884507
-0.24322799489589	-0.614188964631409	-0.73450615377252	-0.105620687953379	-0.542174746164776
-0.0477066545970462	-0.249656960298042	0.0155044861418958	0.0222171814992634	0.084492327851642
-0.115563147774046	-0.222099401590412	-0.189383263135099	0.3644365468726	-0.22845551976633
0.256130051397161	-0.130212116298373	0.364368010717175	0.375868916571042	-0.0705050210967561
0.013901700909227	0.0118700373338724	0.340480759615325	0.370486852849944	0.0052018254244706
-0.180797473753329	-0.727575617819268	0.0418412654788089	-1.17611128924579	-0.122779423443383
0.0185879012775127	-0.394183273473853	-0.171071400879591	-0.297881261384161	-0.712558579473845
-0.213869439248871	-0.416682382007926	-0.494508105147425	-0.699270325002358	-0.640066237947028
-0.165651238279626	-0.802473896418374	-0.0503263890748988	-2.47471340972873	-0.130070457606938
-0.390255796590095	-0.666166575858425	-0.451862603823298	-0.0101904320175683	-0.335183846100525
0.0560750740055154	-0.381139951389352	-0.561483864042022	-1.46982071469143	-0.221378162131898
-0.111274254097799	-0.271963870569928	-0.404000295027272	-0.353445646308957	-0.264246428560187
0.0937072204921419	-0.00340969068649138	0.00725929711682545	-0.0451891079124647	0.359715057411804
0.0227998009147313	-0.0790647249166792	0.0786008733006229	0.386795664626677	0.36369092889207
0.341070100668385	-0.476634364812075	0.101338762295157	-0.274756339677123	0.145979002704711
0.265838611306185	0.324383266332325	0.0115600832291706	1.16854273033828	0.0794788582243545
0.427278925517138	0.187672044369356	0.55476415247756	0.128666974926537	0.650808461809744
0.343834465913493	-0.17256724476216	1.12900746760204	2.11147442921385	0.262959073117379
0.415666108035125	0.962620391775043	0.416735169218208	0.0981578901390171	0.196985434335629
0.719563067601421	-0.249102342897894	0.451410036827348	1.90660160056861	0.277389427499953
0.464212973863231	1.06692125065024	0.844245917910242	-0.372015681115668	0.141913049505448
0.103996570784848	-0.32442182057085	0.514383675416552	1.35762184536617	-0.261657572476033
0.405826388762123	0.120609592285456	0.205954783957636	0.164992544848262	0.085722187487194
0.420239708127853	0.33327640855847	0.295575506146517	0.836557195580912	0.0525642633973807
0.427441475086479	0.780488508929382	0.523283587663924	0.320244701963002	0.323140637910693
0.0163322083025037	-0.308807597998932	0.17911083815204	-0.441472788294039	0.326545642850998
0.32406842677312	0.267336676635158	-0.0701889516934877	0.170430461323863	-0.0673347312170123
0.0834483445271029	0.39382678961813	-0.126370900463781	1.007467751786	-0.174238034443405
0.153737645698876	0.440941163284158	0.487694810423617	-1.25391022794414	0.0778308080676319
-0.125034117605536	0.113294437103073	0.127621171448984	0.399928559907634	0.041088994696672
0.171868264725418	0.577233330952263	-0.101248552605702	0.199263564802537	-0.0734808772580477
0.487719514557712	0.532623892737042	0.436853255934319	0.548671652990826	0.514332758327547
0.820209141913293	1.60833748504101	0.387566441121449	0.64507368088607	1.67616406130074
0.618217406643023	0.89806137721698	0.904142959372235	2.57618555027856	0.676181479206563
0.174872499673561	0.467329887921162	0.5076944502445	0.568097130532956	0.777391128817562
1.05397154229711	0.8320956053793	1.02867033122702	1.25964402138005	0.93839313074755
0.0825541860484454	0.0697018651428072	0.782078034923693	0.420720470461415	0.327951919453936
0.189807562369205	-0.270638552166587	-0.0945758143307279	0.161121155428979	0.34517804778621
0.376824259400851	-0.422330755560565	-0.200544386792683	0.470394993964854	-0.382721404030651
0.0850534846396176	-0.271941313126129	-0.573510119111453	0.0543307253215008	-0.238469544185059
-0.0110589678417201	-0.0130942573477971	-0.21192439129957	-0.531110101988151	-0.105196735730442
-0.00421601213458038	0.0218584074852063	-0.936595694526623	-0.0684365105960704	-0.16189144319131
0.0893143042146125	-0.388335728861677	-0.484098989026846	-0.0899704696634194	-0.122225064301527
-0.42562729800945	-0.497340350605991	-0.67677792612667	-0.554543723443296	-0.154492506369235
-0.157512821328032	0.258856309215967	-0.72131198522339	-0.255243792282786	-0.356506365036399
-0.579994926211063	-0.540699261550111	-0.702284648344032	0.261584984394058	-0.248461341302844
-0.424218218516167	-0.196400366552238	-0.400964411850346	-0.975332565747018	-0.354596679153975
-0.809017885838359	-0.311819208046854	-0.855309930129668	-0.736201843291043	-0.586057452784002
0.392824672542791	0.439775873004783	-0.128156452320555	1.85397567665447	0.413994872364096
-0.449132888214512	-0.453515932832142	-0.5737264606086	-0.447106849485687	-0.0994882736772904
-0.25437800381974	-0.206369447222577	-0.343531426757332	0.898438676909879	-0.106417698287848
-0.396001536852338	-0.410451603952643	-0.415523197147557	-0.968928808202115	-0.486394213846796
-0.438100745257028	-0.321220167015031	-0.325618814308097	-0.612301360965902	-0.113080334482099
-0.422649704042775	0.0317954480678197	-0.78949294686582	0.557817479548666	-0.135627485606615
-0.452630352017013	0.190536636048809	0.0917803930205771	-1.89438867314284	-0.401842314191081
-0.218624907664698	-0.459473750663486	-0.129531192720669	1.20248154926428	-0.161836995434966
-0.348696042971176	0.302660841092412	0.0258958405485624	0.00115201917007495	-0.441975194869978
0.125417141921262	-0.856258202690969	0.0785451478364006	-0.554456075902695	0.0296556352654502
0.0273664303983665	-0.421847074673679	-0.239413187660197	0.387659938782581	-0.226140976234362
-0.118742493831637	-0.153849453242184	-0.570103783849516	0.769250560971497	-0.382203561840015
0.185720786831143	0.263571603205342	-0.523122107589608	-0.682991148563197	-0.100878979819685
0.339556447342634	0.145708986108238	-0.456194263339408	0.716702780386381	0.0354626839831969
0.0989211621032401	-0.800323038479731	0.207398467492488	0.731635660726922	-0.0791230293921476
0.607999913362348	-0.233007907597303	-0.658524791653668	1.00940127679233	-0.318486468706081
0.346113446529212	0.295692059526562	0.247349439269546	0.157086588749504	0.654564732469405
0.818308233557259	-0.565858315244092	0.135084444512967	1.60084749364649	0.1470373650978
0.495609492738297	-0.215123342535368	-0.0141597224957834	0.941732964973725	0.200175935542691
0.199427343325693	-0.354550293444915	0.262157918111194	-1.24986159584266	0.116910587863255
0.362592959099894	-0.402715998690813	0.129994944086511	1.22183003155075	0.230157531733318
0.370273438541002	-0.0737481204183856	-0.113427102523287	-1.37003545622551	0.0850190987111635
0.0181639997704082	-0.38180988832252	0.272580611620832	0.183702164318621	0.0694999292221957
0.408330843623987	-0.221856066433305	-0.170306885486405	0.0510620736256253	0.250468489522011
0.171536117833408	-0.129429582467548	0.426859070219919	0.551958596734267	0.462778379994229
0.638569070818108	0.481740803156814	-0.0709798752186304	-1.18688098482163	0.055453620405852
-0.0277194236830773	0.148502795195105	0.239313668594565	0.155573270927656	0.0325186500147414
0.373528308244525	0.445940364892085	0.279822923225461	0.035768938797098	0.560252899572941
0.0593397041425531	0.171903991559239	0.0562239839784437	0.99252397026799	-0.00898810614204405
-0.0821425026195656	0.109236504048463	0.379547646830193	-0.607309311442814	0.0209440651037806
0.125925841478712	0.454266750364045	0.423485728436095	0.283307919072342	0.0448532438009785
0.385260546519561	0.518452749933462	0.673941159012469	1.09022512901412	0.559643801411675
-0.147199889067298	0.357285293764092	0.691843737189093	0.151065523219683	0.00146063077750513
0.448726572286806	0.962758957642012	0.693471204084511	-0.107533835495274	0.239624805549375
0.508042240939326	0.608571880220863	0.849633062204869	0.533370216283818	0.497093527590823
0.0835739793431735	0.295174369691289	0.750056439397974	0.296585059691875	0.372829981275261
-0.00892435712848307	0.336281249627968	0.0899561022716112	0.596556827292252	-0.566565452932005
-0.125278677623981	-0.463969360918949	0.108632046006312	-0.280250286099368	-0.46664345135951
0.219411001537984	0.523434588796777	-0.129231796151359	-0.789522249135122	0.149682522293936
0.0344353313458147	0.421918861400935	-0.147986199854911	0.175062692264837	0.0851427786152623
0.113057158179917	0.470513880946812	-0.234775616636217	-0.0164281119531953	0.0310830967689786
0.458915895127594	0.803062350824412	0.547539741565025	0.629247464385658	0.643934168898809
0.645244698690202	0.936230786156835	0.444443238063788	1.87187515372054	0.600192705675248
0.383240147361806	1.15479499403823	0.664384583687097	2.86239435671488	0.755443286505873
0.616443785349423	0.681143745357889	1.25086284368201	1.43683556628459	0.801624940141447
0.749498991279452	1.33692117934264	1.48659627539572	0.729297862741817	1.54882033783859
0.556853940751393	1.25927914700595	1.47195969914611	1.37490892181461	0.72747108635302
0.570040887427557	1.46245319932313	1.22624829151043	2.13440930010145	0.993565597978885
0.174491461398059	-0.0802928296378249	1.4692779001295	-0.307551009674263	0.605734979008645
-0.0718153665728373	0.751298914373461	0.777008759589582	-0.439211659118243	0.308651019822134
-0.558705886519588	-0.083792371563284	-0.293889452144316	-1.78387066343625	-0.787862708070768
-0.0340961815571918	-0.593879145996154	-0.894628274530808	-0.976738279529092	-0.655673811769893
-0.462094030685639	0.0545807689250726	-0.375171855739448	-0.9742012162087	-0.290149120148942
-0.809430145622769	-0.0362111368473794	-1.13092978527984	-0.609568445705528	-0.298251939615554
-0.616824233517857	0.06238044746959	-0.581092311589021	-0.512565699831455	-0.664920968276294
-0.11560637597551	0.190746074010845	-0.446263726687866	0.112632551459099	0.344596395328608
-0.591891053333988	-0.095952882778733	0.339049891039016	-0.735405417117481	-0.387919047102591
-0.394031384844415	0.208502460769505	-0.249571794740033	0.256457533275179	0.000694869951964192
-0.309019313942731	-0.644982184590533	0.00666794187403933	0.303149559040376	-0.0403418202542897
-0.514269775681029	0.346786869046054	-0.169795784864117	-1.43513200462728	-0.357098669606093
-0.363799617829924	-0.641246325084439	-0.325302856236569	-0.739447035261485	-0.372576661622302
-1.04017702947911	-1.21925777623373	-1.02272577530976	-0.549509012548129	-0.858255792398346
-0.987349980654585	-0.887095512188757	-1.23171042323387	-2.54499630711402	-1.06448408307983
-0.838642954075606	-0.592604045664696	-0.910262301141253	-1.49520616424978	-1.06655494873613
-0.929073977125889	-0.722410118685736	-1.27060251782844	-1.60206583508675	-0.924277590017748
-0.861293835807209	-0.731209625538682	-0.934807604608406	-0.456716279329699	-0.69409474244322
-0.882477612896493	-0.271413602806212	-0.958111438209009	-0.0588679286979153	-0.894572095613512
-0.75239334286826	-0.393448683233164	-0.854168038609552	-1.80662003584872	-0.756890692321692
-0.660824002262772	-0.430694569081026	-0.707447165843119	-1.41307791284487	-0.56823791124458
-0.332126199104837	-0.154761707653172	-0.405111181733328	0.334529467630401	-0.560757658152939
-0.362806952572639	0.20707795823815	-0.422814990133028	-0.354214315533375	-0.29099528498803
-0.301559235952752	-0.324903906063263	-0.0338631773567828	-0.359381831343603	-0.488727194485076
-0.263077606788336	-0.0702193437098414	0.0169805042223589	-0.912415868274307	-0.261123848684788
0.179563591394922	-0.129504551474144	-0.204317132876329	-0.392830646354516	-0.154186553764677
-0.319644624856628	-0.909352843495133	0.225524327886845	0.39959725462463	0.203618316693915
-0.24612498424197	0.164374883477831	-0.240304400930079	-1.06119010388777	-0.351173475661685
0.10582061068423	-0.55228318707816	-0.118053155363812	0.103612594074396	0.167301155077178
-0.094506132365377	0.373124808538726	0.229963728114464	-1.23467813139947	-0.170957549060707
0.250902534341407	-0.30232922515776	-0.00425453749697481	-0.277819167496326	-0.0750910646067927
-0.446385829746727	-0.732540990982396	-0.238694690174718	-0.505076773407472	-0.634234246617574
0.113057871043957	-0.142831027727753	-0.232167725887266	-1.13114829905076	0.320543837881793
-0.0240599583561519	-0.724983032664259	0.444968536701074	0.983638586467701	-0.277554242972216
0.0591994796980085	-0.286591773217931	-0.251556706328155	-0.571694693286176	-0.0370223671177249
0.159987413962577	0.259567752220283	0.444114110452665	0.173960791136613	-0.093470739695562
0.227791251881319	0.525232295142611	0.733517458299657	1.03951622183733	0.343017722920606
0.347018060227093	0.380663833084489	0.758681274089564	-0.640996710884007	0.207300024666463
0.326179714048386	0.422483701471675	0.515888065350083	2.15508183670013	-0.0719802635079654
0.242830730789513	0.895913008483142	0.590769012120182	0.43297884176411	0.0116369637138896
0.680720354854722	0.130114567751775	0.93545149211085	-0.00496129734621218	0.630477861499617
0.419929395116555	0.156124331113288	0.393196328476325	1.73318079960076	0.210378828084397
-0.0368162030517526	0.45472706446327	0.500442765959111	-1.02364304472345	-0.245241861240158
0.532429034780283	-0.0372975464918639	0.479094256202779	1.59600757468832	0.485598779656085
0.32709161805284	-0.351522472588672	0.445181204799075	0.560582494591027	0.108970659125323
0.215683310506074	0.74067862101627	0.072187440665704	0.138111576201631	-0.438683122844037
0.321215737092303	-0.35235974737617	0.542745245151647	0.85662521235168	0.380157309562977
0.215168587453903	0.0513992487085256	0.331924201396312	-0.439039384092415	0.0627251527767635
0.0775437744707504	-0.262778529559744	0.503344574068737	1.44232434153161	0.329743327573659
0.0540309093005785	0.331876473220026	0.279787552590496	0.273939832540383	0.172732421241757
0.395683711183074	-0.178173244788518	0.386416459135026	0.22569694641484	0.600030368352385
0.378417013116367	0.444911987152342	0.397967223780964	1.02821141576565	0.738662764786398
0.397738504948271	-0.426994201679467	0.082398205710375	0.269474639782099	0.293928691361928
0.431458633772855	0.167949602513952	-0.0693839897677114	1.00513478545096	0.605257608918117
0.636811537043705	-0.412966540588879	0.0822730976345927	0.87396730404198	0.937137113903719
0.548299012800142	-0.98776528691501	-0.59407725782718	-0.0231449141789218	0.737751382363935
0.00250055332083025	-0.0871958271509149	-0.420581741927528	0.80962230298822	0.225710755255877
0.344575076147776	-0.1017944274117	-0.471825431162775	-1.30320557906337	0.33363783736351
0.20793891402416	-0.340000177426064	-0.00832834172089685	0.791625433876235	0.328899545083572
0.0450547483386695	0.0324964269639049	-0.16257031179002	-0.0538677906454489	0.361061448250493
-0.0304374407134158	-0.0276329183809629	-0.277649342957708	-0.534529886588705	0.345394330519624
-0.0329304134949285	0.0703985121496083	-0.307506059184904	-0.412235122767666	0.123668406135594
-0.0305745212822289	-0.0502196021563975	-0.13018388200007	0.354063958372136	0.0649529210592831
-0.429728331859383	0.145069411740578	-0.350814934821238	-0.388035047426281	-0.0609414675765008
-0.137167497669393	0.0307541227832292	-0.142861848067809	0.137415975910978	-0.0587200106785512
-0.190026922328611	-0.49759321764247	-0.0980558237340326	-1.12457371800061	-0.103033119515711
0.0194532786563417	-0.200251073575719	-0.0918874607765181	-0.859917402385506	-0.321103257260643
-0.54216439858667	0.186699431315504	-0.720258823882787	0.821626491680798	-0.894306377345577
-0.753043214084606	-0.349748710171612	-0.566571752835679	-2.03622693040464	-0.418977470920291
-0.593355956420215	-0.294318638947016	-0.626786737850541	0.212226586676324	-0.954966911667736
-0.435041857855475	-0.430834022442105	-1.02847779714227	-0.147341662601983	-0.498293111138332
-0.719562797765743	-0.126832144441631	-1.44008920811675	-1.14017480974413	-0.601807036774168
-0.626508287707868	0.324934541446831	-1.32109598912585	-0.99724877028052	-0.781660928841082
-0.631783549804574	-0.0470482176923967	-1.01186178860486	-1.22181577721047	-0.456646183016413
-0.521378367566244	-0.132863556983378	-0.83673132646833	-0.746917553584058	-0.388732385460192
-0.597171460588984	0.281067904814559	-0.595704075641064	-1.43980071081426	-0.333857066951733
-0.0916121134774461	0.302855973872184	-0.388211845846739	1.09126162939843	-0.0745973623317775
-0.105755011728509	-0.414100028988811	-0.312062868272903	0.472425968941952	-0.0612187433281856
-0.0522652304170801	-0.183279827546729	-0.155990965385847	-0.504943465920779	-0.271371826748337
-0.311837576263977	-0.18295090479591	0.034505596212875	-1.10828678215936	-0.30999787647347
0.112551778479219	-0.157194296352106	0.0169326502458035	0.517892971618799	0.245687547320401
0.0405752453273219	-0.132647425668055	0.124511074373979	0.427111904804506	-0.268802223911231
0.026969677397017	-0.695192557829054	-0.374592198080604	-0.0381961642441575	0.0844573841676208
-0.169581588294475	-0.271070930924037	0.0138140102697753	-0.236685899005752	-0.0904048674729836
0.186343819251224	-0.521057703367832	0.275955355668172	0.435821813040573	0.116334182726454
0.117421139543113	-0.0534395925466188	0.267594205196135	-0.572038259685892	-0.140296230192159
-0.240968017688088	0.541677320120514	0.107350865491641	-0.0685915433398434	-0.0805808924003554
-0.143623201827173	-0.119490162653606	0.251807986047472	0.993255437906695	0.106331263213502
-0.0278985973536829	0.372460227655089	0.404532447095484	0.0428277677866254	0.420868300598084
0.0683466011678795	0.512738664874175	0.218061529422685	1.00039865634231	0.0570683981444514
-0.221114740637002	0.212413920271017	0.489831784121708	0.729128694236219	0.200104444059319
0.297498549246364	0.31516152872899	0.45756273104684	0.265419901506553	0.606613775735704
0.282216029831584	0.988633254501409	0.767241809128037	1.80095667349582	0.49726958373615
0.0152109729401613	0.151873988498438	0.605880187799009	0.660531007229085	0.531165279938155
0.265536012378774	0.955611327537238	0.449991436673749	1.4410757604476	0.680682738961717
0.125778896475743	0.554039215847257	0.532934029134491	0.18936994433111	0.720074239123169
0.12544483882822	0.320396183429615	0.556389041873347	0.961648235442244	0.42069665097312
0.332910313017167	0.306742763490673	0.573062356926147	1.62991278868352	0.311046672000363
0.624890458170025	0.826238148311133	0.476735284528669	-0.649524790430864	0.504065046466632
-0.0441740557129938	0.277002018268319	0.686482314797874	1.02423812877651	-0.14285173389987
-0.120744128036385	0.39616741713734	0.239449105523384	0.084073517354264	0.166929928290572
0.254796800319313	0.129190723500841	0.870470786558095	0.201413818110715	0.212311960698937
0.415337781684109	0.178064683652082	0.306010576283312	1.19601459176646	0.719585848271638
0.192171077712644	0.315250795111237	0.484260474402879	0.0463038848187339	0.674100442499012
0.572314997451921	0.48790216182878	0.357665422666748	1.30480759852067	0.408647925314613
0.746558950093978	0.809545299447325	0.427168149171582	1.00300851612545	0.778794819653438
0.504925128583694	0.302244546483379	0.381854129005802	1.00126452272285	0.92668529243749
0.631237373354768	0.0604824179273268	0.258315022720239	2.15796056578752	0.412140431614399
0.792817038832793	-0.310099721340017	-0.081119698467114	1.83553608769142	0.569526907325574
0.826872330682789	0.583776672552008	0.269930152728464	0.475725869212793	0.979635612175068
0.632354516021947	0.161550775018426	-0.236192240060802	1.32837370720767	0.744693036825177
0.0137000398232324	-0.222210629295232	-0.496209348269199	0.773223008384278	0.476614418862067
0.623715877446884	0.014408846657048	-0.522328130556614	1.08834019293475	0.228945832535216
0.46182575951352	0.18395492610376	-0.724059521948588	1.66318227847007	0.538426748936226
0.337231606991988	-0.561266594354063	-0.635449773737729	-0.224854963131972	-0.272621305613094
-0.25268960024938	-0.0890729829095807	-0.766841819849976	-0.269478962593595	0.118970087847999
0.490289347609743	-0.446167198221777	-0.571069325732529	0.0992690911251698	0.163534610251685
-0.0546967436511908	-0.534614103697349	-0.400955342438948	-0.771733459957832	0.446941300921982
0.0112452169785203	-1.41614379449895	-0.130219336427807	-1.60545516478131	0.156101753686263
0.125224700329188	0.515179667111642	-0.683315919541648	1.60634479639621	0.427083781582013
-0.721864237428086	-2.53845088997151	-0.12792990083582	-3.57590274757514	-1.63899805733628
-0.63095367099133	-4.22121698626474	0.0448482039782426	-7.45497388767683	-3.77132272525961
-0.24954023478796	-0.664731771917416	0.264175245592128	-4.4830586349673	-1.21413580708919
-0.195455895683205	0.311188664285955	-0.322110448409618	-2.45349801253991	-0.587436234803864
-0.246754483554207	0.20742738380234	-0.0226732011285242	-1.90358495122068	-0.0757683104790955
-0.301968318676068	-0.0364662644549631	-0.00899372830415375	-1.21115201325774	-0.459401958096671
-0.58626149118849	-0.306579145599027	-0.400377260907306	-1.02600935802554	-0.834232258440727
-0.173665275432922	-0.457827828529844	-0.651356454037543	-1.92892517172107	-0.508799714611636
-0.387846266166351	-0.696544794468206	-0.327116609581376	-0.671251164010133	-0.659912998837558
-0.281141697000199	-0.545621553393707	-0.434640532248864	-3.57961538239343	-0.978921828934782
-0.883158846358446	-1.38393986803102	-0.565602985649357	-1.55484632746064	-0.805232814794879
-0.507389688057675	-0.299991382900736	-0.79945492382728	-2.4025727411192	-1.15745690286964
-0.414385908694412	-0.986774343470985	-0.760585219600131	-1.27358805393264	-0.342122119567133
-0.619104561812516	-0.734514824701963	-0.43938357795533	-3.29087353758566	-0.935837655012337
-0.279210613338268	-0.303989560451285	-0.843788138161258	-0.215626985972922	-0.589004299298545
-0.451091989198287	0.105832049140903	-0.378731185846241	-1.76394215628974	-0.209078852675904
-0.00216906426026329	0.257796921441226	0.0766039937491512	0.148176995858868	-0.214125486959917
0.233222412818712	0.525109206912877	-0.0192081660767499	0.528810621814316	0.16743127808169
-0.306526682838708	-0.153821657840408	-0.0435818166044817	-0.760501202084867	-0.366139939320411
0.154802685895723	0.205851320512798	0.572796550758452	1.08142111789995	0.325010114712109
0.193692160653224	0.54298914781137	0.655564619757658	-0.165861289272028	0.412979157896944
0.213037942189512	0.238747110242333	0.579174174457567	-0.145587589386683	-0.0572985850502208
0.0560672068171533	-0.277452882996789	0.493283548674105	-0.857251219094684	-0.228647469419018
0.0406632710785066	-0.902621524195534	0.224061857453135	-0.881212334373296	-0.260180379280296
-0.0115821725293189	-0.187713794241832	0.457166245809584	-1.13965438823472	-0.382343922759057
-0.263492810541454	-0.567785460031241	-0.351670621783204	-0.749037133520761	-0.382132504538221
0.161597103404912	-0.174662791678868	0.682462566868693	-0.085752190330007	0.335396961879307
0.347967590410525	0.588751275932275	0.476353228866497	-0.125859936124013	0.520076493428018
0.289134637919495	0.397532743600449	1.08512283567743	2.38059625455897	0.85380324931619
0.792712897767037	1.13362965157354	1.4233075605964	0.930262850080866	0.639006755182628
0.274338744991638	-0.485217935009061	1.12479800498163	0.319603425291787	0.175548280095297
0.182740179634914	0.309874481611525	0.628468017797835	-0.917062770805172	-0.106242290598661
-0.150132379330442	-0.186961527704878	0.272817063567507	-0.809030565089024	-0.27663748842262
0.241553191328024	-0.121098561233818	0.329097192494082	0.150832539540324	-0.268232650792726
-0.191865370281452	-0.29317479337648	0.227896557314554	-1.0733263638759	0.125117875909072
0.33153161598607	0.869724315846158	0.382667878376241	0.313499438428657	0.300236968796311
0.373640035432342	0.790467922137403	1.03228653398975	1.37329018875072	0.728487423707088
0.210296679058315	1.61083349804497	0.341933654134312	1.07770760095967	0.607919064781043
0.327454408833489	0.403131220850937	0.475378981067683	1.13762957324704	0.32367328238375
0.18404629201628	1.45522540475852	0.992518181361388	-0.213217604775069	0.865307966764977
0.0934801679836541	0.819889859929199	0.270320910957498	1.2829945797019	0.262231032568377
-0.370086935901713	-0.513995147228384	-0.133125925160006	1.1312044956067	-0.180606402664664
-0.204582902530352	0.887406067178138	-0.302417258626214	0.454616111721327	-0.121749507231695
-0.255937664948861	0.297609690792163	-0.159931258695987	0.137304870960764	0.3035549601462
-0.221425508928516	0.514611972383698	-0.241902214734829	0.668367390548032	-0.0450444548584229
-0.0487629150273312	-0.0216463437613484	-0.482671490873224	-0.645171001150206	0.0237191919514785
0.043540236678153	0.572416332016664	0.0353631864499814	-0.775420601150597	0.354923361412599
-0.0688172246407988	-0.709605442608408	0.403534388174297	1.74031338462822	0.47586917597962
0.234859601843631	0.677494856078233	-0.10622890028595	-0.443597844105215	0.40755191348438
-0.409609136564264	-0.25464919863287	-0.806143552521307	0.213425048095114	-0.560967967676189
-0.689580733663779	-0.435275109690127	-0.343666489907224	-1.15181870281632	-0.416910545268263
-0.561554064211795	0.00846316506928973	-1.65766548591597	-1.17721018369385	-0.560476985086405
-0.298132691666252	-0.480537017706765	-0.813761010763063	-1.33320471581254	-0.912977372237521
-0.598591821086952	0.502234610815127	-0.892987969293915	-0.317258635164974	-0.0818278696042712
-0.339985084790459	-0.213551274290203	-0.337280939627226	-0.168589416456962	-0.269393420901345
-0.374161927196506	0.871824008498639	-0.466645478368156	-0.0447606651000947	-0.156551932037704
-0.60252879319241	0.277515560069441	-0.375262885372107	0.290135727565992	-0.401848763412951
-0.267794568801405	0.580133199909465	-0.0986312361732891	0.756972282416695	-0.00710814036515202
-0.706423456806528	-0.114682904644366	-0.808866853129993	-0.461346021068584	-0.327136477782835
-0.591559696759254	-0.319164622564501	-0.170635765362477	1.09804085814538	-0.501506529922739
-0.124663126976148	0.444352935754442	-0.329663388118974	-0.0958680363108042	0.194559079481945
-0.273557441715318	-0.118603193362141	0.0385812693571122	-0.23964417942006	-0.176308713821282
-0.0877148088764667	-0.606258959361698	0.163569825465084	0.396185032937107	-0.0647588807425563
-0.254786691407158	0.081029756306935	-0.012594744602169	-0.431715747757004	-0.209428226510988
-0.341942934071537	-0.709137426038249	-0.0304034206513148	-1.0464956474367	-0.304064369372469
-0.0205877935970494	-0.483468002688445	-0.0645201413124615	-0.761328128252721	-0.0383188908487544
-0.399253407563211	-0.386037422575292	-0.505835579112979	-1.14551154153736	-0.602979720929839
-0.148131440203761	-0.88980714320317	-0.162528846030857	-0.874874244992219	-0.300583388670833
0.17603153172527	-0.104228304844165	0.290703589751493	0.477613387816378	0.0699927252635429
0.245825857568059	-0.566373451507247	0.486577556613194	-0.795988429431787	-0.0136413949946568
0.243496404910576	0.164869346643854	0.212334386222829	0.499856112711737	0.215378288640396
0.407644361245294	-0.0223476779829109	0.594471391801957	0.99715516586433	-0.165530358913537
0.397922250619395	-0.133364774775115	0.841270871746632	0.823799417700874	0.793033438919505
0.644856866411825	1.38047410504364	1.47654172652564	1.16286188698178	0.575208781190839
-0.0294386428548401	-0.538946591565598	0.0461494899841509	0.0865180393843345	-0.685025435209972
-0.0939130220370025	0.115829660766161	0.243109632418729	0.318321400463727	-0.15446459558417
0.156730027142931	-0.219685490153805	-0.233577733313283	0.0296842391532517	-0.223527957689707
0.180070887166286	0.193762090537428	0.386311650632004	-0.553445940810539	-0.0161763864407525
0.220788723939945	0.280491260805298	-0.24686875520173	1.39526508849029	-0.193642241356413
0.0934775821765934	0.486078746652192	0.301852261000982	0.551244577069588	0.309087108158708
0.406072343077477	1.11693320453808	0.594190823289528	1.4223179735972	0.402521454882573
0.435214808600003	0.898374084149681	0.764666614860194	2.37464516313563	0.734268168262724
0.450997555264186	0.45366206138241	0.600583719985473	0.671630415569341	0.522510415063529
-0.0798107601624393	0.609966932820368	0.467293026942432	1.29342507596872	-0.0635457929590595
0.0961195771304939	0.405353451130709	0.256502507348652	0.380461304806997	0.00549583042682667
-0.113446827949317	-0.459586151227519	-0.0542072607189568	0.265109877392691	-0.180745948601478
-0.353471497609169	-0.00955817864740081	0.180954836001943	-0.455892529612973	-0.437976383496655
0.0844275810544382	0.672171476586863	-0.197243871635978	1.21236684261994	0.547876735785699
0.678725774639804	0.506330710620404	1.02853055024778	1.11331921794774	1.06505207398242
0.678770283659946	0.991427669247595	0.601887857907043	1.28965725515248	0.454816060581468
0.77718045945607	0.801876767125607	0.858491799629508	1.63390627507324	1.01685537763326
0.977239713377912	0.556103662602581	1.17705182602153	2.49964275778398	1.63334178210122
0.656432492147632	0.421490560526922	1.06675145827802	0.863189768512232	0.590884763053983
0.444928924023586	-0.556123128832521	-0.00764453421774673	1.39994669780553	0.154007121192151
0.0893760448095464	-1.10182271848461	-0.385352653262264	-0.656347064074351	-0.273779620627016
-0.183699910086219	-0.232259668614171	-0.48329910918738	-0.741223135593044	-0.0115996206256851
0.162499347977559	-0.40795976617342	-0.57262625194936	0.0433580350427734	-0.219684573080725
-0.200322380205007	-0.710954057248328	-0.818757451721859	-0.585677853496773	-0.432387240824896
-0.231283579871473	0.0579213500154719	-0.824120988474111	-0.333188251267551	-0.417374128911833
-0.426593107783928	-0.305701467392033	-0.114916326257044	-1.08768019011591	-0.115636249613075
-0.312321947148929	-0.760357534910362	-0.92057309467869	-0.957856943101748	-0.281211143301472
-0.502624641881421	0.034128969385736	-0.758977182859209	0.756556516687623	-0.735211714059722
-0.322083702641376	-0.650075418320114	-0.827117970102162	-0.471051006769839	0.0345692051457976
-0.147359023073088	0.0770007530902805	-0.693283135101024	-0.414340086410694	0.144943542276286
-0.165991274860187	-0.421546997411569	-1.03086193803571	1.37058987620094	-0.0765412965274944
0.270907959985207	-0.721101808239382	-1.07104201770807	0.667760369453083	0.0528940762925936
