1.15616673428333	2.28630328404655	1.16472604445678	-0.721683618163569	1.00712162276715
-0.351970529311707	0.349243608555825	1.40503303339231	0.271306994885422	0.150957531770061
0.430466971793956	0.263159878424669	0.00116102747033211	0.162195299922335	0.000891672135309912
-0.00528076792290064	-0.288532226309625	-0.684974600596585	-0.789370404967729	0.0889003093164259
0.139020124984572	-0.154080718578515	0.60404110354057	-0.972852820463184	0.250238125999945
0.294018105327794	0.907878697097615	0.087696600139953	0.667556889435269	0.485351761133789
1.05487267480937	-0.206914549138371	0.874800472585099	0.10165831110004	0.0702231277395482
0.450860099166685	1.37743202410433	0.780901914072222	0.776243141630292	0.645051535626041
0.644443901785146	1.07912543781064	0.212225783647744	1.28662251151951	0.804109100745876
0.387441781399046	1.4969670400052	0.797973351940207	1.27263866958411	0.92673332262433
0.784157160402096	0.168321703427515	1.62097448654098	0.727377522182424	0.406863928482974
0.619410572671947	0.220093117645226	1.92370541743638	-0.172747935671943	0.324751172690588
0.971779664758863	0.405222260594008	0.241662180906335	0.125777920017906	0.390460019489923
-0.124015865830276	0.341646873899159	0.649639109533239	-0.206077078442339	0.235268860445836
0.483557706420715	-0.278955206575409	0.391317424669719	0.0200685715325354	-0.123050767858882
0.0799629513131932	-0.437100382408647	0.461496038805491	-0.358718294426307	0.0207399489979266
0.180274931299923	0.555159046758255	0.011800049020088	-0.365194878940008	0.137120496414447
-0.00598829276034854	-0.528179598054601	0.270006395422978	-0.360425450592826	-0.172313792576127
0.0199592091427695	-0.39437759044356	0.146646726659565	-0.72828316373387	0.0834788360752133
-0.302312128443365	-0.695340150347359	-0.014703726519413	-0.0813282565244524	0.223667580000264
-0.274012256293867	-0.43525174359647	0.0630539696050434	0.113606298405368	0.199888425187895
-0.563191049538277	0.449017460722474	0.762070348332361	-0.460058933163686	0.192482834871677
0.125268924634522	0.769499049902686	0.498571994227395	0.289247294733099	0.0739373246629174
0.0839699082059053	-0.148947897258807	0.376826669260496	-0.765579930241705	0.178382999969265
0.245077539547208	0.420077203165692	0.573019747286453	0.357846208995165	0.404748029988856
0.216263228157625	0.0578369196656264	0.623693988881418	0.712745950368146	0.22198971608822
0.0775858620487998	-0.0557572951847672	0.609705212453013	0.508126961317556	-0.065672755384041
0.00783276103326932	-0.233117949407657	0.283723861175595	-0.117365503545365	-0.418505417365292
0.154697491631868	0.490053979460726	0.258348250020456	-1.19952967469293	0.166640824598814
0.240076806198577	-0.625764033620786	-0.281326472896612	0.29555912400206	0.247953646034788
-0.470562427220666	-0.292629478457705	0.475476499688015	0.440133539164182	-0.437894054019271
-0.00973983525505439	-0.205272154804884	-0.0530875169042845	-0.343218253714129	-0.0568410356242419
-0.0416800464208866	0.562342000947937	-0.305824443711175	-0.0618194471506189	-0.277628964653891
0.587218174731758	-0.0251635889207791	-0.127752637948369	0.622417634297603	0.37142911114787
0.10829227346886	0.324596517401041	-0.296681646197594	0.196250527095241	0.494699832745537
0.28272562107227	-0.43754085052649	-0.671245236669761	-0.09474292959838	0.0651444188816799
0.185341116345495	-0.373075999998315	0.031684101633849	1.02520304406094	-0.17189698135073
0.320777637731225	0.374188636853906	0.0957267931963035	-0.463745622400832	0.125783503426787
-0.480361002086603	0.0408812183589412	0.183039763097037	0.0128505087147182	-0.129804999633746
-0.183780042920302	-1.40676060898236	-0.707841273529654	0.111733737592046	-0.807749190578847
0.114191577449245	-0.121541594129922	-1.04100986905942	-1.00894725957771	-0.637473607352554
-0.769747348880089	0.621638902664134	-0.318185623232594	-0.845121624294117	-0.167519692411539
-0.433593117386947	-0.233869098305947	0.187317036570429	-0.293927744138272	-0.0970106787209568
0.256354033598408	-0.136910076944836	-0.201020017424974	-0.107393234715735	0.0195801531549307
-0.0899058474221905	0.291038830850003	0.0661989303476349	0.512703946878364	0.0531024615637132
-0.42150393534209	-0.103099312905867	-0.00585152619593638	-0.155525023786485	-0.0398713031758939
-0.143323862817976	-1.36224532178447	-0.000887283811480365	-0.289077594228568	-0.166081564130521
-0.835688976880302	-0.0550924480497998	-0.887663206038663	0.73284767842317	-0.230525547610901
-0.46395781352299	-0.532183811234522	-0.608811222372009	-0.247257504394252	-0.0449834804809552
-0.407432767221137	-0.938128560083178	-0.271863677978137	-0.18193493722186	-0.549735571085454
0.470040785390732	-0.383819798199281	-1.1625647829034	-0.253155103902165	-0.0252122309228309
-0.41733562541785	0.766918758711733	-0.634413426513391	-0.467267638444025	-0.159850330094267
0.244406157206929	-0.997393830611305	-0.706011210216236	0.1001057482874	-0.360279437895127
-0.68172598705056	0.457260690730131	-0.192767713455341	-0.96111012604652	-0.228559014029885
-0.0315709839421994	0.408696071294116	-0.409187971221914	1.20123012221174	-0.173698947830465
-0.345317170898865	0.179826639859488	-0.00938709226541009	0.354583019888656	-0.116863977171209
0.0277179291386349	-0.824943371020307	-0.657537924858058	-0.189259828542521	0.169951054929507
0.185160350559339	-0.0729823047426591	-0.357600662434235	-1.41025104007406	-0.302143874568708
-0.206279157881782	-0.137933244052219	-0.901858189570292	-1.07452547349542	-0.491153909038466
-0.499095684264617	-1.13887082588404	-0.887620713568351	0.00232732650695023	-0.759133414091431
-0.254129750830928	0.29507074491336	-0.776008278291887	0.528026026368157	-0.595467141139828
-0.118463761417596	0.0347682383768362	-0.894299435390795	-0.538911453827775	0.0626141594369613
0.398930581335504	-0.77553724489168	0.289478705703005	0.0885731311372108	-1.19321341621111
0.0726934191125833	0.678054094437335	-0.619710938903631	-0.986523763604296	-0.333041045118257
-0.535347240651024	0.101229709504543	-0.405011179990067	0.0129778144646564	-0.541831778657603
0.16208466371181	-0.917514206868973	-0.724154244861464	-0.130738927842049	-0.78234114563972
-0.980293972736145	-0.488634653742497	-0.136620332080388	-0.680206398655933	-0.40694820103223
-0.232639273817329	-0.332056156617801	-1.40051957520146	-0.000722340995308684	-0.1257716094563
0.230302344600673	-0.114281947358218	-0.620008171953151	-0.118276732165514	-0.133184846185124
-0.407878674215208	0.502149674222989	-0.790832939533601	-1.78572024151894	0.0395168102266662
0.317622704599953	-0.513867677627781	-1.08886571340874	-0.262874698979751	-0.611315495780594
-0.41828079313007	0.00102623145111845	-1.10401657741255	-0.643012018920088	-0.734798275132542
-0.202111690866974	0.479586876117483	-0.875791484593527	-0.243413799012404	-0.256612032589822
-0.0258946608376941	-0.310083271109129	-1.21730956204659	-0.228971890275953	0.209095608710383
-0.653196464776779	-0.296905906549453	-1.26291240536845	-0.174848015896183	-0.774337178199292
0.273960110094056	-0.0146837712600845	-1.0936305182702	-0.661304635498681	0.0314917614152447
-0.0444150488021137	0.0964905634757264	-0.762495495303211	0.722740051753527	-0.0261996682711827
0.20591000232258	0.49400513278084	-0.951083719663904	0.824442540595816	-0.046709007578761
-0.515997473012809	-0.622886086992624	0.674073013600741	-0.127596363296105	-0.355468484917571
0.826316024401812	0.426260259990459	0.180968718478237	0.881620788585234	0.254214851267146
0.464829880223981	0.0918246856625	0.539528655714379	0.378416159613043	0.00667030850951824
-0.290666703087357	0.86990477535721	0.192338382140459	0.326895144823714	-0.287166385202768
0.354880824265916	-0.035165800385714	0.129678433810063	0.794125114513748	0.223134211497638
-0.438086233858421	-0.579688052315407	0.682058904265721	0.281499296927493	0.300107177699076
0.673160356509089	-1.00875280221382	0.494412023924519	0.56456557411692	-0.0188964923158917
0.378485744283387	1.22107779041852	1.00136649262823	1.45077976729122	0.535450503702558
-0.148138468463862	-0.257624995278883	0.844379990397725	1.31472362844316	0.619845722312779
0.251521080378447	1.17769489602498	1.13471283159424	0.317164539386555	0.683733638578263
-0.00483766668278902	-0.301808305970021	1.40269435189648	1.89314595389111	0.38919538922689
0.145169666850411	0.404355848780447	1.31197183311205	0.153914748337743	0.507277689910323
-0.256221639565895	1.0892016129837	1.46259106411363	0.162655422778283	0.762037825464008
1.01444920406346	-0.785329247570667	1.46737762453859	0.700234650704159	-0.231456609724665
-0.309915701718383	-0.130558915572136	0.609209093363483	-0.377924279485175	-0.00940458068152693
0.0604054758914495	-0.132122063678868	0.170932045359281	0.500384961792257	0.266604748914465
-0.40574438154062	-0.123178531913961	-0.583190103551085	0.625170735086334	-0.0423387464398222
-0.889402229282166	0.107433031893657	0.137542106948136	0.472425119744037	0.058430147637353
-0.0768356783417706	-1.21452802035705	-0.770460826432006	-0.927295343409369	0.0926558778193161
-0.600413060091703	-1.4055819115029	0.669813704603855	0.140526356736102	-0.439971626205828
-0.869364248114179	0.0173743265825491	-0.404120564732571	0.118353369726069	0.507837028555733
-0.23979487501711	-0.072396946985964	0.0129068918593921	0.604590641964272	0.184661897301585
-0.707112186984985	-0.519948307640699	0.0132709572289315	-0.153232585985688	0.335856398715369
-0.365159470445598	1.01824800656888	1.10095226725618	-0.190692399652724	0.175350019328057
-0.25234356988808	0.212900476513685	0.804725370620817	0.199275229643266	0.615774194807642
-0.17246769305082	-0.0228961816437294	0.0651605444216777	-0.864289716781745	0.21650570115344
-0.0768846061469902	-0.731026278558311	-0.017908864676147	-0.559276114054127	0.0501218027202581
-0.649755721993062	0.10578543599001	0.406312627606348	0.0214809131191476	0.531332552458457
-0.12390874340015	-0.582772535821169	0.173508754355223	-0.106513994214769	0.57506828209948
0.484924137190856	-0.518844153149732	0.41723324175312	0.505653483390148	-0.121725935641409
0.442855532161297	0.318243567183343	0.046403303196813	-0.790908148433227	0.250529161186611
-0.22481332200987	-0.313441901592897	0.384374069981144	0.675093429844221	0.51626311142263
0.143770295115118	0.254222208679892	0.262301926745363	0.38510040513485	0.156452327278105
0.205956543214464	-0.265920813473067	0.283763225221541	0.359914883029055	0.232510867388035
0.971283203650175	0.542695935081159	0.0906824424984935	-0.289002258670156	0.244433878968091
0.513975240628323	0.167771056844649	0.42240307541139	0.0774729142417653	-0.0377109567564221
0.273020838924393	-0.854338085443589	-0.346808985382268	0.376765849660871	-0.230159080972828
0.00451571516433172	-0.244154848750733	-0.490948996452448	0.477134214038401	0.131311798391264
-0.742311574495246	-0.098657470857286	-0.822250892706307	-1.0234150587992	-0.206326893689455
-0.380071255370874	-0.793112939439425	-0.774040638570558	-0.221706622614423	-0.747661284935334
0.0516346022646924	0.171829653456045	-0.543267341855654	-1.10992513135007	-0.107898660165179
-0.0530724385547615	0.607396177067795	-0.686984882124889	0.0356254914598791	0.188449243785951
0.0546478608769404	-1.0942644700612	-0.655074560052064	-0.536872493832351	-0.145226150996292
0.556941308980142	0.314653201362592	-0.608079831779564	-0.0131382371250994	-0.0255659354982908
0.164021144168173	0.860612100692692	-0.624398543418753	0.0818939318388702	0.00109908781353184
-0.00751510669011755	-0.467090940060974	-0.172192389239464	0.257933269616357	-0.0374426217062712
1.19090226647756	1.10915634819618	-0.59930287062919	-1.21576103363046	0.062905148130429
0.164821843365576	0.622649372058973	-0.525029230391174	0.83205729811314	-0.514746510743338
0.22347297891569	1.44064638503363	-0.83170593852798	-0.108795790123816	-0.389011352309216
0.75822434525778	-0.505984987246403	-0.426564246329979	0.045103044632531	-0.845365414289001
0.82984686981076	0.882777622226924	-0.0250797148406549	0.0819391210237984	-0.557262533197664
0.0154689612350338	0.245757110970111	-1.00518559655806	-0.532583994275689	-0.573812069318386
0.0981850154221375	-1.27547549257535	-0.998875785256253	-0.381104618873705	-0.910698282674453
0.182010540666748	0.686434468534476	-1.35595791644704	-0.945544278809306	-0.65821839018939
-0.486350880859596	0.0934248369505765	-1.3373301345826	-0.766616539161791	-0.291954161160307
-0.0716324704751025	0.42465379515088	-0.71447432790837	-0.230896504537631	0.0386499798251097
0.289249801221008	0.535978528196385	-0.424583971426675	0.922984494007448	-0.00329132491110582
0.0305041611888193	1.38090110094142	0.232155575068418	0.00613240661830465	-0.149014520373041
-0.0465747384390246	0.232651406673195	-0.256789263631181	-1.14753083074724	0.181855471732084
-0.00752734835959937	-0.239944809823727	0.207197074582233	0.734200026422541	0.0999982863250407
0.114595273450798	0.344418940491979	0.00469046566459986	-0.584271302430831	0.0131905875154871
-0.405833814959398	-0.722906245558385	-0.417595924371714	-0.437946741614614	-0.0843314230083198
-0.0609745024615427	-0.862606021734718	0.338157675204499	1.16719347283598	0.0651453759200462
0.243948075349801	0.915458843250873	0.15404159551602	0.0869074638442349	0.153915700200024
0.131652503675764	-0.894485202480225	0.578333864676671	-0.812142362841383	0.578470622955827
-0.437647280855872	-0.737560814515298	-0.171287445002843	0.0457546951777866	0.192807550200958
0.360495433322789	-0.280580304809771	0.434380070807566	0.296541943913815	0.435890553300155
0.111878723317147	0.798263425711577	0.185890053739864	1.93508722211909	0.496091727159923
0.218535873258415	0.262289765331034	-0.416335158232855	-0.839876798406694	0.600538779489037
0.291871497395132	-0.248680605253246	0.984429422193909	-0.0787175763917964	-0.00375790913497875
-0.335943177771689	0.0833947945708883	-0.484606264941045	-0.397643746412347	0.0340354440777225
-0.575873007841595	0.00590917076061693	-0.295602317472032	0.49454051680332	-0.310202616117934
-0.324895295704665	-1.14602403065883	0.0111622065775527	-0.500843717515285	-0.0550886006710214
0.107621456310794	-0.191273717577729	0.187733997999852	0.195186688184601	0.358988410062356
-0.377337242117505	0.260006466965478	0.502242856193093	0.882474162690943	0.0272964393872353
-0.0411908537022535	0.20525083522355	-0.742344401537097	-0.00119670851129765	0.208542095000705
-0.906755427441549	-1.28059212755118	0.468190393012388	0.275156668427114	-0.274729405687351
-0.0941670051650826	-0.443384657218459	0.385793794357885	0.861844193429502	0.28522308722319
-0.236697326680761	-0.113121170654435	0.736988136509931	0.190060285278423	0.641420950078195
-0.27086825847109	0.398154047159138	0.687653930628447	-0.380423426127994	-0.0652291207805064
-0.387865631340838	-0.678653961685154	0.34534699603698	0.883405441688282	-0.151615082429272
-0.824857333424788	-1.02789111530507	-0.384810143181151	0.548996150889568	-0.296247197602312
-0.978116127842791	-0.65566351318472	-0.0302006757314201	-0.474848721747702	-0.701267759300171
-0.89498306934078	-0.652129914253102	-0.421357091453253	-0.573179916914326	-0.308114609690331
-0.569485979390419	-1.02284226417923	0.0602015380772133	0.136411835827815	-0.285914297698375
-0.599385057239919	-0.309491236359455	-0.303113472397602	-0.449659413624459	-0.112082640580364
-0.567552824366245	-0.0532090063986518	0.0293238373355577	-0.345717044823987	0.192093863178538
-0.574973791383444	-1.0824492172726	0.409997903057409	-0.119815136527336	-0.11247663007764
-0.277462570327283	0.0857555753194534	-0.139494271999987	0.626010834896675	0.669573607122673
-0.409671915181791	-0.195327209276262	0.119527963182511	0.856759347485863	0.448403220176242
0.226291410331516	-0.466401664324523	0.859912421103516	-0.20441783533352	0.0965397679603451
-0.0940971408016056	0.597282163408938	-0.0593830615785495	-0.76639203397909	0.0344357342485176
-0.668753715639887	-0.58540413144059	-0.393396293590006	-0.199545483567165	0.378862579475805
-0.358742412627284	-1.15150275217262	-0.144180182350613	-0.761536971867581	-0.210877664427501
0.122680981637318	-0.858270395749506	-0.0140932838145845	-0.127315879894178	-0.142418311759101
-0.142467081791837	0.612283384004292	0.132180039700573	-0.104495529517175	0.684945303263735
0.394295418644785	0.780827771513836	0.263489267732267	-0.184872112041911	0.361178725977254
-0.163928167686435	-0.52479082577277	-0.409111379818821	1.21725259983249	0.37990632057597
0.280317333960367	0.199118587936036	-0.16316469510748	-0.350583225267684	0.696733758646331
0.452642494390402	-0.348459712984089	0.213315967752806	0.58765695245589	0.576359892566629
0.727818399665304	0.901914742728457	0.492100268648029	1.84783853034737	0.0580832499042163
-0.272736971544448	0.568361963435565	0.564220225540072	-0.108923970360874	0.222041644656102
0.490241058171137	-0.220433584421773	-0.364224450648882	0.248731880800866	0.0297717223172223
0.146088944090781	0.127284447050676	-0.0994513848975306	0.0240280947037236	-0.454725274865884
-0.422232492005889	0.182892178033104	-0.815213716172595	0.43042542742635	-0.710287773069917
-0.409469911803961	-1.04365248187633	-0.408299541189554	-0.967051920669067	-0.250188159906169
-0.719222160503027	-0.654829632580762	-0.909787803953365	0.465072864078484	-0.271645851179004
-0.0830276001278726	0.439434300578706	-1.08983672302077	-0.581333994756185	-1.32433545890604
-0.173426663182371	-1.10034699158482	-0.383468570721258	-0.532154326945674	-0.462299001655212
0.0891876173256192	0.0246610942470507	-1.4584789108115	-0.364653186397041	-0.339918316402552
0.639478756297777	0.58453824242734	-0.347508096405595	0.204787420918189	-0.0790245991932135
-0.316698950662343	0.774696254054678	-0.230028861657912	0.541889107348173	-0.269776821061568
0.269345730025859	0.756239658628791	0.152264360007284	-0.633550890861472	-0.268935985832715
0.0191731809860971	1.01090711311778	0.287761277327641	0.480905313649073	-0.293961195176954
0.157176947180293	-0.0880374021607073	0.437139281779903	-0.344031853279983	-0.445640684911764
-0.242266066849386	-0.354525689115621	-0.235840332672459	0.503850060491598	-0.908854743706014
0.0726683150432702	-0.599908425657035	0.117489804090777	-1.01532883968889	-0.465438145673079
-0.360038115609978	0.320392117207574	-0.225120635017328	-0.167491018302654	-1.09293754096216
-0.204715759238236	-0.917474164757693	0.469035606061943	-0.560709136535694	-0.735226460196542
-0.374262776702696	-0.0390459573337229	-0.756142559120151	-0.697672717585384	-0.109570785197369
-0.562847871988146	-1.07478901872202	-0.255564886586248	-1.38080638847538	-0.546201166662368
0.0923225080456221	-0.597682669449034	-0.0524834982152181	0.815235854075433	-0.654405793091631
-0.29032197001181	0.777485412179104	0.897028140288284	-0.226485309941714	-0.221040726401557
0.600785617381647	-0.30179138666404	0.40724511019679	-0.302912315375832	0.102192496937515
0.913744083554184	1.1941033676545	0.975415899616554	-0.126917251698561	0.445508734904677
0.459506714594343	0.194149182902267	1.69083104851805	-0.317047277350124	0.112410059819061
1.00796076137354	1.3422567162624	1.05475534967036	0.565992396453108	0.203492522432394
0.0267403235569902	0.0504031163692415	0.921288488462059	0.199185614379759	-0.0377376705565629
0.542198056032373	0.895760492166808	1.19775359624177	-0.047486007754217	0.126867106768092
1.39932338395422	0.0220142587537635	0.508595693465688	1.46653079615565	0.07075075099882
0.037297781211317	0.052307386968221	0.211217470120637	0.488462891147605	-0.0751205011542089
0.368166993890853	0.542802257486858	1.57462064449052	-0.934786663383712	-0.61209773489101
-0.046145543806155	-0.795184936029882	-0.640780276687766	-0.217213652091286	-0.00266534746936905
-0.448664339435495	-0.247800231510034	-0.0597909914694918	-0.31968940427189	-0.120162667750004
0.377569580737591	0.0520383781925409	-0.132975477145803	1.07969419687598	0.349039364362462
0.131336502656868	-0.0217374280507663	0.422880716923728	-0.23951957153359	-0.13548221317846
0.0455843130584053	-0.471187420330322	1.07548307492579	0.522542556791143	0.277451165957833
0.00431027408833426	0.963774320910048	-0.207840724348787	-0.688748801078341	0.376114883539796
-0.0279109220050429	0.498407828649867	0.920899293448555	0.663876860190613	0.477759077368324
-0.603994090358903	0.13463272106819	1.19675344241047	0.59567236459961	0.267764442543284
0.448541417057487	0.879455868282324	0.634698046144848	1.54142016356786	0.859443123405567
-0.337860733271646	-0.581031285574243	0.770361978905401	0.450752717254475	0.149272565529829
-0.315659364625733	-0.313693485102285	0.201866891444064	-1.3637131553254	-0.182266491338299
-0.584627316334188	-0.311330735236262	-0.253566283240667	0.547299384311682	0.112607852439746
-0.456976401261175	-0.19861109165824	0.317463824051149	-0.597940823311222	0.0472006573413475
0.0478375004214285	-0.677647380696503	-0.162921885550096	-0.0260358288333693	0.0672559549524968
-0.373785310283955	0.165181115747945	0.0328831854950947	1.24067140414743	-0.113286989399467
-0.217150247215203	1.02958954018678	0.863321488422703	-0.435799519100138	0.866296436988775
-0.474550586431084	0.218102973055403	0.253470961973253	0.120949386797625	0.765311466608571
0.476612876605737	0.618773592607722	0.410481742414819	-0.0480247780393346	0.394980947599164
-0.465585335862307	0.341217319336776	0.946725379570941	0.376850584432317	1.06365538499498
0.365873318854939	0.721319761243744	0.411358147075786	0.675460421253947	0.261666956226426
-0.259497575806932	-0.31636331335744	-0.102772126532134	-0.703336536330342	0.141560935677727
0.0637043374286695	-0.380442809710818	0.137595672825152	-0.0786827093504844	0.0539592664879073
-0.237010385711935	-0.161047910476006	-0.295798004378598	0.0303926790104411	-0.167799802371615
0.186462741644429	-0.656616698616334	-0.647631308253572	-1.20833087144157	-0.307641381929761
-0.523037484844351	-1.18469215272726	-0.508604468725063	1.01492521600626	-0.415545966885638
0.229916110053816	1.94177868963515	-0.516771361914883	0.293099735588875	0.328821060896402
0.585231409413554	0.297635593326702	-0.461822615337191	0.718290285054633	-0.233597427653791
0.623740950780171	0.729774518460209	0.70469223215147	-0.399372807924449	0.483029186437047
0.82720504534312	0.700896543555933	0.833064147149064	0.660740387961455	0.275531645874476
0.404076178294914	0.894736159331398	-0.0922533891280164	0.231379601890783	0.162429836387654
0.263688119773029	-0.222990074071335	0.553982210779775	-0.434577237937856	0.133588207129906
0.904153958962276	1.4647463876468	0.572856674017284	0.0942129862125529	0.440847097372019
0.353729680180829	1.27110471964495	0.184111480340933	2.35837986812894	-0.0628925038703771
0.211568515147289	0.082909562454834	-0.73050101351982	-1.10841083062751	-0.175024893564293
-0.145556172651835	0.114580041735669	-1.25915806373964	-0.853403658591707	-0.168190983518043
0.130398602484655	-0.0024467622475387	-0.99872564985716	-0.357781258940908	-0.443490513942858
-0.0649256078153318	-1.03197019620515	-0.627649796940127	0.0852329546238836	-0.115683264964838
-0.145134321996419	0.502557277501605	-0.365313014470599	-1.15124570048402	-0.00349545159817701
0.413512619593866	0.165006352427075	-0.0568328330368621	-0.967367533178205	0.572674430113167
0.33833734530221	0.606051787691796	-0.543685603730326	-0.178573464735788	-0.0602642366234664
0.355997006104448	-1.57810192371195	-0.653805819510825	-0.95999345797746	0.0714612485470005
0.0241676976747766	-0.0144120517830326	-0.940763532600503	0.130461120842285	-0.36841571532042
-0.389224217860456	-0.40822389898942	-0.335501461539941	-0.274683764691895	0.00103358373899114
0.706025543211319	2.73619803015745	1.38228869454529	1.15570179057506	0.859878491536322
1.29207294436174	2.01552888980921	1.04576898063452	1.48128791357747	0.408122934856427
0.542473325030548	2.10042363245999	0.631948998318126	0.836886813860838	-0.0474926036868968
1.42187437197117	1.58051224249406	-0.05083988561824	0.429816496810633	0.167839600855619
0.887204132312366	0.74516423675726	0.92223125224505	-0.882935248666162	-0.209864780432688
0.249968315991071	0.684030094193104	0.874646460136376	0.239865967105485	-0.332646521497703
1.04184156500975	1.70525466911183	0.386463500338725	0.643728353465165	0.140365409752798
0.63457698544561	0.571062653053595	1.22819082906706	0.530940589618397	0.342529665805252
0.213058768898462	0.59583797045121	0.984362011661074	-0.617663111715365	0.179921208955469
0.886061902120003	0.328598860629142	0.788879512009107	-0.956955937484184	0.0469488293976422
-0.0158766645232734	-0.0621519043442802	0.0481311684152125	-0.691858048195152	-0.0728597731852759
-0.176748820028247	0.342703598660354	0.54119108699217	-1.48456662715579	-0.978834169514714
-0.586222824136113	0.0521768746411665	-0.173239066090693	-0.197463089791367	-1.03050594346008
-0.223966823237677	0.0566778344495311	-0.391048178218241	-0.794247046564185	-0.2987216971162
-0.215531208414908	-0.937134391882998	-0.331668911560649	-2.00611960667825	-0.462653550447487
-0.0510329089947028	0.102313022501961	-0.856240334805159	0.525777784764151	-0.178803856483553
-0.166989698334819	-0.473513935671311	-0.163868086231362	-0.520157594493475	0.0580261710281992
0.0415241718227702	-0.176037397943259	0.540963320642469	-1.1323709878652	0.166574743294824
-0.181606245674983	-0.0913407327089273	0.54173943011221	-0.953308397049801	0.0560808418721204
-0.663288308195595	-0.479633816243121	0.462187626424727	-0.033348270073082	-0.0745239128600451
0.156308542517214	-0.226420221250966	0.592225491585516	1.28348316768787	0.235016778562425
0.210296689569199	0.280952765554353	0.680501360069862	-0.400247678542827	0.456991407668791
-0.417290743408267	-0.256333055123184	0.141607118506177	-0.501819202390856	0.0181554225094304
-0.453047123710789	-0.00284704197125343	0.58371256766094	-0.690733927327542	0.317775255225702
-0.348766634458489	0.425157042091261	0.217478534931137	0.958181304890527	0.0572645387998102
-0.674074415962431	-0.709579550327606	0.600709587776644	-1.37750897776105	0.00588974328258304
-0.330985155180574	-0.320000104062999	0.0868733770697378	0.503488863379293	0.0211052314955815
0.174209826586291	-0.309277300914483	-0.0763285197982219	-0.333959215970299	-0.0405786211655923
-0.291892220772919	-0.606393164272108	-0.106456153058927	-0.846874447477127	-0.0143908166321657
-0.41348542166505	-0.0351126480525287	-0.0392470764436408	0.363779387983842	0.278516579617288
-0.395539713997615	0.191884661519833	-0.301919658284914	0.121884715367967	0.184035882766377
0.0294101032242315	-0.0927773629046132	0.0632081618889583	0.392564256408819	0.356775830695655
0.0155412089186137	-0.736555282060807	-0.308857582448581	-0.404070563855374	0.0336186158256121
0.116155567899986	-0.540609729362252	0.000831309298225155	-0.425802848570612	0.0432955123097011
-0.914560472256377	-1.16365209242522	-0.77802171507896	0.0544091445872417	0.129119404028013
-0.402703646604629	-0.290106992818831	-0.230493363332914	-0.21663141238171	0.234406544238388
-0.415685755063195	-0.34595398074159	-0.23604210199905	1.05491392066313	0.41387491953542
-0.214284946371156	0.105269495044312	-0.128738722094222	-0.0320997644085176	0.524247293341978
-0.677126183050178	0.0725566520670239	-0.242473717712005	0.396915355876209	-0.0165645817225103
-0.415462779549843	-0.217521908256965	0.0244584839234089	0.586107785628655	0.0590243152828471
-0.0572756415321691	-0.707314404482518	-0.287673040454021	-0.106019493822629	0.249036640321937
-0.122669325778988	-0.130238572074896	-0.0765539072046591	0.597112593595189	-0.0199000888377274
-0.047638855482815	-0.701099171654553	-0.237913451459493	-0.00926841674694884	-0.179575828445313
-0.407596603590501	-0.229512156691865	-1.32884560745755	0.830585858109557	0.00171410979342179
-0.402840901216239	-1.04538857360862	-1.3145336545926	0.228831332907389	-0.372607326032328
-0.582729534070761	-0.546660847702855	-1.62340593917801	-0.128973521279264	0.100642245347271
-0.285635105988154	-0.499840552927238	-0.831860621089989	-0.0147144141779362	-0.302706531277471
-0.395530970075262	-0.383217254881228	-0.938305099759449	0.239059608060996	0.084803582106491
-0.287768573558598	-0.493171265670397	-0.888418884804538	0.092265470265256	0.181008922918393
-0.0734415195497767	-0.047615225175822	-0.830961767253941	0.0443668203961255	0.412651375072579
-0.269268878047279	0.0847564241753005	-0.177930588547301	1.18087849036101	0.189955741726305
-0.292777070867264	-0.634192506053603	0.429755917535287	0.0615082450145341	0.159440502653009
0.350355420336105	0.156606916471963	0.0562178886480659	-0.0606037615719869	-0.218122625210683
-0.133274073365172	-0.179916473535107	-0.243400105198087	0.95628154533773	-0.462112596429514
-0.00647187131654368	-0.117075283845086	-0.741282379829915	0.0647596326651782	0.0376202815299117
0.0812027296917735	-0.366034799720024	-0.371418004879621	0.445040277982347	-0.308682272040112
-0.191935241267502	-1.30771706715414	-0.672450565742441	1.17287505704082	-0.205936302452386
-0.599020523558408	0.0186112982231982	-1.11918464305267	-0.813923751626608	-0.646453435515144
-0.0124120826000784	-0.392759869629063	-0.817665344410494	-1.29578816490662	-0.658515681182199
-0.589875114717599	-0.236379196787586	-0.333777716459837	1.30539754919127	-0.0919583615079996
0.219653766878704	0.0704747923081201	-0.0290707860469398	0.0651181852665697	-0.0354266811453519
0.222079677328321	-0.692237871147884	0.46651348498928	0.330793438626739	0.0903211347220705
-0.0629582266306604	0.841276661497089	0.151935495987884	-0.2508380835078	0.525000342986304
-0.514141726975179	-0.668260232179103	0.215374341165921	0.478898244288513	-0.167140713675602
0.250548255081548	-0.451846617429883	0.453874792904125	-1.6592848504712	0.0317658319429218
0.207756919974397	-0.866891628933661	0.181690571601071	0.0874326194572844	-0.0540102091089887
-0.567866730237298	-0.295278417432861	-0.071453315768035	-0.594551878947019	-0.413369826704325
-0.0280509250794429	0.568794562655656	-0.253151143125465	0.0247255128900037	-0.0500100208804844
0.0582200120008117	0.296981913825018	-0.422371580844462	-0.730344120278231	-0.00377474801677114
0.585640397063236	0.819684584072157	-0.6205790118603	-0.162845831279847	-0.0874579876936444
-0.075941105937343	0.334852039358839	-0.82387920571374	-0.00880850998162129	-0.540109073353191
0.262268993257877	-0.195323905008655	-0.00653700189030942	0.907556563377685	-0.463514897428498
0.51133439172293	0.335053791494899	-0.905984066217687	-1.82277951893461	-0.405834540563738
0.0943834915818629	0.432879539578141	-0.258885061107423	-0.484901774992687	-0.151660752198386
0.155692877619527	0.0143538744170404	-1.36095323800428	-0.507873206539716	-0.116757191682913
0.453020451177144	-0.10614339860686	-0.276003038389225	-0.0526812201851861	-0.308724226464352
0.645488591592272	0.927612315450353	-0.135138334003221	-0.0112280833679792	-0.128344493488118
0.727293399262209	-0.0773602492954587	0.22146364648624	0.417378406745369	-0.0401958280281319
0.641552744216664	0.64133301422371	0.507647548126025	-0.447201926374588	0.0269663722971489
0.0967508778870418	0.573918229178172	-0.280997957943885	-0.805741705458249	0.390332144859165
0.334130875822581	-0.0156632049572459	1.0461988931316	0.336354244475946	0.426291638512949
0.30110800429584	0.563615178199638	0.856854963162636	0.618660042102744	0.258245333796662
-0.212099365102111	0.367490254940487	0.722984711173658	-0.15831164890009	0.546082004632611
0.518294833988646	0.361489220831302	0.928757923830172	-0.757108494005518	-0.00262606833764279
0.17256311608495	0.104505857870982	0.148062387364734	0.804076019950051	0.106338804912059
0.175738089752348	-0.461954504636153	0.810744459628309	-0.922969149574002	0.0149221253171224
0.0258742221999611	0.844755528416006	-0.503474865390581	1.55343180482488	0.135652291902742
0.0455464752457346	-0.425130192926872	0.357119030852402	0.529465753613668	0.038783759382117
-0.164597713490923	-0.700273664183263	0.0713697628262605	-1.12476390044651	0.188660932506336
-0.227462359445506	0.701373720685885	0.313050744750159	0.996738294538168	-0.0317857422654881
0.278826849459006	-0.777075394999741	0.835787599192631	-1.40709105675883	0.379668809475825
-0.496382441989244	-0.203754876254856	0.617789791182701	1.13688258272507	0.646215137339373
0.574393248485193	-0.252972494815599	0.84438032678647	0.194162265659796	0.824786991098842
0.00311305114776504	0.648346904756464	1.44315237703239	1.65779382510823	0.21986104084729
0.183310243908647	0.564326014215392	0.380191939306117	1.26866378234045	0.332977190709158
0.354907607217224	-0.0663679895342431	1.0092113239186	0.568734422904268	0.202529032866035
0.00184203400516979	0.00939858860462965	0.415978948794741	-0.341848943512983	0.181090511469953
-0.262614556374671	-0.18561287210692	-0.0460086954079183	0.823182511869481	-0.08972638613378
-0.113974975897423	-0.597820051929519	0.121273031355359	0.01384889225602	0.222300576611428
0.0645779734365639	0.102210868728237	0.175378670169761	-0.355113260663724	-0.46604758167764
-0.430622171494116	0.110076539630755	-0.203118370717942	0.3543061787536	0.409942262750221
0.399059012513345	0.0962559336950875	-0.0826288926999287	-0.64787945885473	-0.0163021505684837
0.361772160061112	-0.150243466033421	0.289578411774656	0.599705267397252	0.0914181729740587
-0.487888937501599	-0.331500449781852	0.317432234317952	0.073070662639288	0.523058331421092
0.384216525604313	-0.15717988446957	1.11974151622331	0.385450875260967	0.636293868774275
0.12374843308648	0.406046208514652	0.315807802725807	0.649364763512118	0.186406724232536
-0.524452560796592	-0.217072338334884	0.387097581462123	0.95520739400353	0.219933284650931
0.0536219795993838	-0.198682069102432	0.204120162553722	-0.994271573968328	0.333017379502196
0.329834101860125	-0.456005025682714	-0.158241744317724	0.650805326189267	-0.0909044772629528
-0.1927678706437	-0.787633424930423	0.0743591257536752	-1.25646866744146	0.0230172338818774
-0.226033589059177	-0.296774261182285	-0.284821892268259	0.105459163734876	-0.236025464693456
0.263878792127864	0.200230855417544	-0.855483175215191	1.18457846181164	0.117999405457552
-0.172551576318314	-0.465294335625282	-0.0176776117474376	-0.138507476775914	-0.0709390710365516
-0.163469582319022	-0.051240880995843	-0.0682795058387644	0.286869092655651	-0.098513304719429
-0.0984022660333747	0.24421059296691	0.195348581703807	1.802968416562	0.2457253138257
0.279810793031021	-0.67034200771858	-0.315892177950757	-1.45664697688931	-0.0940272143958698
0.0447788331095127	-0.126837920463582	0.545917385446194	-0.567722558903705	-0.863108510753198
-0.297427462488681	-0.136947208556144	-0.652298902828051	-0.385267779646133	0.0649680943371786
0.179941296877496	-0.755985393309123	-0.136424559884202	0.610258074005995	-0.48096275690342
-0.277151036471989	-0.0252259310415437	0.173733972191082	0.814516990279428	-0.16432154730799
0.0575149967068617	-0.27768677695066	-0.0583359596080326	-0.259459159628062	0.138140977157746
0.291560344266792	0.142937097693058	0.341176320613523	-0.146241612905231	0.0715820327498248
0.0813749605056168	-0.0370870801008477	-0.0567055782176033	-0.0412723516388315	-0.388636173876833
0.0180726037963041	0.306899076730903	0.807539282738815	-0.155367334853899	-0.47775328339578
0.343408949083389	0.0889161341734123	0.0733460933193308	-0.408835371789494	0.519841609582194
0.403400967188643	0.295163468570676	-0.226565941470259	-0.123177814912468	-0.163809055539821
-0.650545754630977	-0.181237775516867	-0.293116877881018	-0.0722689638433046	-0.214113602142456
0.197854496399776	-0.62612267976063	-1.03706717332798	-0.899391759516621	-0.272879756450599
0.146811345749638	-0.272545078139598	-1.28216965516019	-0.680880025937094	-0.656902699244753
-0.264777176463878	-0.550192245483197	-0.939957838891302	-0.818195943098802	-0.636420457420103
-0.177933662513332	-1.52748306712546	-1.15718541305021	-0.00926942671324246	-0.107041417817096
-0.1838966580143	0.326960524910996	-1.49564209813857	-0.291672413193115	-0.0485656198919611
0.0208232045067333	0.154438526255759	-1.15059782081327	-0.764997454985701	-0.170401342684541
0.189099274476031	-0.172101457237872	-0.995104662078635	-0.055708749904257	-0.448516772528438
0.126010245911477	0.0320678537536935	-0.541915811973707	-0.589090213374855	-0.0182856844629967
0.0643189317832959	1.10256248976208	-0.802075741162528	0.541264312709146	-0.636226563400397
0.142318095180591	0.0208209372740135	-0.584447158219835	0.67006226642634	-0.409969198686972
0.218382631588215	0.245347691003895	-0.848458487100086	-1.0020424426964	-0.173560453193406
0.553471484066396	-0.644025706782381	-1.06170412549159	-0.421417163957545	-0.764222599427234
-0.42164487870659	-0.799595158525697	-0.398850560917594	0.231824048006371	-0.192635398574164
-0.62329406311101	0.0648006134625355	-0.46651505024949	-0.326141962085935	-0.696146646251358
-0.104932631362993	-0.427480037647618	-1.04097125618291	0.0359052109597894	-0.164963867351562
0.472824695707696	-0.0129602746982665	-0.155878284968689	0.134812423671348	-0.24800179190177
0.832206946312334	0.483422559045077	-0.218694566968162	0.531011193061697	-0.0650617178417094
-0.176944944526842	-0.502480806296823	0.13195138408135	-0.235858288986203	0.128002231712967
0.869885407291853	1.23036038146566	0.508617742985421	0.677913645574818	0.471201517360649
0.218968244007983	0.221402382434638	0.0302327999503553	0.425704311660128	0.702920139642944
-0.0880281248743779	0.895597410709808	0.57646984376662	0.812005279803783	0.249561921136553
0.440250127259287	-0.0637658776967456	0.0252939168203027	0.0732026160455016	0.385525424519655
0.0762734586983735	-0.0120707851492197	0.0655363842673321	0.955431574653385	0.0151310603028372
-0.189029151535925	0.029693347242402	-0.479381891625953	-0.205880364054592	0.162890011423714
-0.535629310948514	-0.82726316437808	-0.522314866226411	0.491632000157504	-0.0303553469551112
-0.482944471774864	-0.42767015602448	-0.162229267284332	-0.930278974655072	-0.384373638112819
-0.111486284422016	0.00340042880104032	-0.352637307928001	0.819235753647264	-0.048946126771752
-0.187316783511688	0.185469425728035	0.629033345702126	-0.957747971887685	0.163268379659812
0.492621381182352	0.291786931784782	-0.261707625892395	1.33446901379841	0.332573219151719
-0.188918957748992	0.160645096000602	0.620450177993323	1.03072965589926	0.475612026990558
0.209073537878695	-0.66191320505606	0.543585058278505	-1.88240343898314	0.189339983757292
-0.479225830412046	-0.177539547569513	0.180442421774378	0.326863581663912	-0.0204999916180136
-0.106065668470757	-0.549577345692326	-0.107117433213689	-0.4962297541498	0.229664226813258
-0.443071464599756	-0.768192345171774	0.126333847059562	0.619009571218436	-0.407256266870582
-0.51607649283228	-0.631215131866124	-0.663178068081215	0.237249800418484	0.0679774201336687
-0.20141006950538	-0.160125093837241	-0.154815870330585	-0.760890971225519	-0.0404850130619317
-0.556441841357798	-0.00306427828960358	-0.502603120947384	0.720242856798613	-0.289616662777244
-0.315091978351248	0.0318755204593051	0.53506385679739	-0.73993727364824	0.0533971845429382
-0.311737268117697	-0.345458390886667	-0.538470099806838	-0.199719472351338	0.745083530274486
-0.469853894619217	0.583966805776421	0.388743836136372	-0.790832435955051	0.228778979394341
0.48280718158638	-0.513391638424982	0.35769002549093	0.790887240254424	0.512567512128628
-0.0659732860160876	0.105557875504622	-0.0181175963337853	-0.333693133866678	0.392924671173451
0.0760956244464117	-0.00538274386104173	0.647372100646212	-0.519386325420172	-0.189044159178014
0.236535851057563	-0.765593798537102	0.493568992976647	0.271048691228474	0.211257093474325
-0.333279732934409	0.353542689030875	0.111383190773245	-0.378891940964199	0.230356165922833
-0.206022419222447	-0.552588522518883	-0.0727360210124366	-0.709266519385474	-0.0731729708731022
-0.365129072106673	-0.253198646865586	-0.312202400080057	-0.412381099925517	0.340054304432066
-0.257777107818378	-0.823307683791346	-0.369943079239582	-1.13070758727514	-0.52862020777066
-1.04089288302667	-0.895771135604552	-0.462109185645	0.438835837268516	0.187180782288073
0.307825166855774	-0.560839381762306	-0.302305701554679	0.0109340114000573	0.179010197764015
-0.249354702813383	-0.0875017336829041	0.295973797091971	0.79844115857261	0.146092604144705
-0.386949437456772	-0.0279058220095802	-0.327674070483812	0.314657297802198	0.243575526526746
0.272914491475617	0.607088881526414	-0.0670922233331765	-0.66181774853079	-0.13923127427789
0.12524911622187	-0.252689886442926	0.850663360660814	0.776439401067146	0.379927301558029
0.233487945249255	0.513786891780433	0.579366232041145	0.625291079352413	0.10559548442482
0.0742436629173717	1.00231362731864	0.639980151723115	-1.15532963101075	-0.341554821331539
0.62539969005035	-0.715601005789547	0.977014012482794	0.564861244530297	-0.276927399813397
0.13673877174333	0.651691627643065	-0.676445683385159	-1.10214861124787	-0.266588258357215
0.311623115539309	-0.000440239965240628	0.187394687111475	-0.661259789083311	-0.87032390962399
-0.338460861388101	-0.579489482304338	-0.854303981669852	0.228988442571234	-0.443918384126037
-0.685182280387748	0.512975927815623	-0.590738575099357	-2.28535679111961	-0.79766123064697
-0.244532273350885	-0.43024817742421	-0.479517947844481	0.186937784116195	-1.22970926073929
0.133915669949459	0.195153380911067	-0.552881677626662	-1.35586261495348	-0.655540592889945
0.0637599786907523	0.260863749293053	-0.515674111951054	-0.462624983659398	-0.692129868661126
-0.00755734867933823	-0.210716650286884	0.432598994898528	0.321124179513036	-0.247274877479031
-0.145307244371566	0.331956955530219	-0.168631319605962	-0.0146132426884381	-0.657218750975511
0.243199736150196	-0.10285914773976	0.0788141918240213	0.122314622163359	-0.0411052421353249
0.256893598843547	0.171903404478779	0.0477530996591575	-1.67078877349043	-0.6102867398963
0.151477769579905	0.21780147036823	0.538373397776088	-0.274252313452031	-0.511844169700537
-0.212044519596461	-0.4151276238819	-0.336253078902915	-0.550863159942785	-0.797393570190989
0.0334329172173885	0.449685539954222	-0.459160020126233	0.324785814019135	-0.816574522970855
0.312255949050071	0.436908358283773	-0.134182699687766	0.129760475795702	-0.345934560964862
0.476782101430917	0.00227149131227705	-0.510331487904703	0.108838235746345	-0.549085222323441
-0.139524955377101	0.240887510325573	0.0829325626930445	-0.420019891113828	0.105059024437844
0.324878764107322	0.953229161179608	0.44956017234974	1.04936252433901	0.193282677839947
0.196548580356111	0.762344657343659	0.790090564119667	0.669946427903209	0.35779034676826
-0.0353807587583224	0.13693162219519	2.12126841969388	2.67855408067303	0.513670606981823
0.45113733893248	0.0147530844289381	1.52256893817407	0.00632085277403239	1.28266727491229
-0.192356522365456	0.901184020038721	1.5345598465727	1.14605046095516	0.635368597990812
0.0331039376736592	-1.14169762453214	1.11722179070986	-1.3348720116262	0.191764602236917
0.158389681492682	-0.432776374482555	0.91091809801059	0.85617352875164	0.148893637182776
-0.177619117050754	0.208923100447515	0.858407369521836	0.741536064635391	-0.0622274055824761
-0.676060027896851	0.67960650266097	0.154794108638268	-0.0490961511789332	0.384175419886109
0.109142483248292	0.0385652798352876	0.400877599751325	-0.473085127175656	0.230354013114452
0.00036078408172764	-0.63450070000701	0.0814047646167629	0.530270463319695	0.548683420386896
-0.0345299486490522	0.358168532793993	0.127581263446676	-0.0165914825058007	0.259879786789386
-0.548605788169405	0.0564026740556213	0.303290061542326	0.63691566748234	0.00606287437097278
-0.147600368755079	-0.470757708631104	0.213492270976336	0.533597844293118	0.169576796193697
-0.309318388866875	-0.480530498841229	0.145393548965436	-0.722300650320548	0.257319020046871
0.002410745285423	0.485689711283723	0.252758794653146	0.77210501028386	-0.0551399456175247
0.000810374754790045	0.224590689051619	-0.40990981772349	-0.0123680213467261	0.293252321011707
-0.0909113155956857	0.0240604829527358	-0.268872977797059	-0.706893601593897	-0.245880899411645
-0.157232001793595	0.33870060282875	0.534403468874274	1.3389531660791	0.142139762770701
0.591698285484971	0.0328874615736095	0.0814248822522489	0.894595545539545	0.120826809960158
-0.444958807083689	-0.0867143164400766	0.255725669764459	-0.426684043482278	0.632769507214531
0.177776636457307	0.118172559004794	0.392569935156474	0.230895678402615	0.0430038676065009
-0.0708101371197837	-0.586927692204605	-0.327303013084414	-0.00929510721410994	0.164488845056624
-0.125909982901478	-0.0144442115700465	0.166759271829383	-0.91460411293176	0.100352791620918
-0.497799397875947	0.14283449269861	-0.310091393747834	1.18950314055215	0.211269042039905
-0.448319367364579	-0.834350885020205	0.221053658069288	-1.12152270082763	0.102581002926815
-0.332264148305785	0.523947744081074	-0.430000161431218	1.33277819756182	0.380052436637264
0.0972361619962369	-0.292963355019903	0.329836614006484	-1.07433439158289	0.184968770862457
0.263832305251302	-0.11696642070277	-0.0258454116997894	-0.22821963766618	0.138142335839456
-0.14180282422628	-0.0845950785298182	0.57401963276282	0.688794401238997	-0.0391266685593067
0.480526892602951	0.444039331710059	0.434361025302673	-0.109265882507809	0.380911615275625
-0.371654950716719	0.139335298320044	1.03349411711474	0.421755979857401	0.160901241274796
0.42307597847201	-0.212317827717203	0.594452632698121	0.103707822008885	0.61749280673903
-0.219461755992544	0.262684696893367	0.823693697537694	0.268344051979115	0.509761125994387
0.17036397658792	-0.0799358759523444	0.348603215781767	-0.388721563974548	0.271577193607176
0.0202717685090632	0.771344640849171	1.20954017140987	1.47081783021693	0.270742771687968
-0.0225438625424909	-0.131927539335037	0.265887310305891	-0.472333721673642	0.0550883873775723
-0.265939196519375	-0.132356710549637	0.705861940735627	-0.718259097584593	0.0637109842715712
0.690940229952116	0.589764162431633	-0.0726279004456699	0.421570962901885	0.289443332106249
0.0139681717671435	0.119294972479322	-0.277538372606427	0.0913788867783572	0.0486825480049482
-0.0631379099058594	0.0298753554553293	-0.552366601107801	0.281979022890675	-0.0997962358431297
0.235423952077175	0.0792750687825823	-0.705897826612072	-0.539418464482714	0.26576830972864
0.10741607707988	0.0760003317813051	-0.753181060801464	-0.569483416635225	0.0668931076626648
0.501294389180805	0.969902543016611	-0.53139734833647	1.07268074705099	0.0886770861282788
-0.0907065850189883	0.0201911609848076	-0.245008068951237	0.163275812325544	0.12648139129093
0.0933851901238448	0.410240328618297	-0.710009062200344	-0.766418937384791	-0.806926248669562
-0.0847708399795206	0.785768970863449	-0.19361545295325	0.191180168235656	-0.504636364512559
0.278997653589702	-0.135010861435546	-0.89371153356776	-0.0483611101083023	-0.0647398623298883
-0.042888026987052	0.362849118633137	-0.644444312730547	-1.31658232479381	-0.668651541863037
0.474476404728942	0.0876608897788593	-1.21541753244697	-1.39499249621852	-0.26734907016236
0.245776548085096	-0.0450541748403077	-1.03153426043489	1.05555950199412	-0.0411144209927769
-0.0209347238496795	0.586105473393771	-0.57478051644114	-0.164813507870419	-0.282167591707907
