2.49505041325448	0.763304056095337	1.12247609273193	1.50141335217597	1.50753249789944
1.13070543000853	-0.000953106309648692	-0.017938806943095	-0.286921500370028	0.813904105957551
0.832682019867223	-0.0751521064120722	0.157437457408978	0.36872111817248	-0.102323259715187
0.339346171625077	-0.890742348192256	-0.530813660717453	-0.0282444946263729	-0.899246666747819
-0.482333349814457	-0.855999625195987	-0.356051909857792	-2.07119407140455	-0.92271560537415
-0.728614895896819	-0.854205561760213	-0.288888657856602	-0.914261044102467	-1.15102338014851
-1.20919684607829	0.171599588006307	-0.622817724052969	1.31015079869755	-1.22778242584249
-1.06658247309115	-0.26324468528306	-0.273681128994811	0.152879067461069	-0.792368648531049
-0.837124047235811	-0.691189796454517	-0.376580147001837	-0.416125011490574	-1.24625967123304
-0.722920623685252	-0.442332246804784	-0.341621243891519	-0.353278299069659	-1.54324448162684
-0.718447709325707	-0.841378573047598	-0.233597728491829	-1.0031814297305	-0.91218861631126
-0.45402281792843	-0.657744543474845	-0.050427465873457	-0.664700063484135	-1.31005320615768
-0.818172775763238	-0.477023725040599	-0.227800228085227	-0.69919281694172	-1.41707530912825
-0.661007855091835	-0.791127414632203	-0.323198453470506	0.1198302782061	-0.980139275293131
-0.725460273619422	-0.420923420854566	-0.433045080698511	-0.530431233119767	-1.00371414544088
-0.870312674544859	-0.179535266142529	-0.283430929096736	-0.24288520497756	-0.815989055485635
-1.01157732836448	-0.342602054049491	-0.119821269233899	-1.49791647740873	-0.375004450771868
-0.562498591095061	-0.162922888157599	-0.615365466699214	0.148233394154046	-0.538387023480469
-0.840320665188668	-0.0181274337376112	-0.272069927465407	-0.687847562277552	-0.480387450349084
-0.791322994028365	0.0577050488956797	-0.45815674940781	-1.34263725780018	0.332646529857787
-0.265533727721457	0.219983224504862	-0.134216373662691	0.163250358652486	0.328511051206654
-0.60678655515149	0.161226678038367	0.0517441356929188	0.0908701662738991	0.489132508847892
-0.377627739258374	-0.000245401493017218	-0.0590528761685162	0.229763135000554	0.921616400635466
-0.618724600701192	-0.142751979839351	-0.107571793170645	0.12159206882391	0.294283430633431
-0.0733204673815687	-0.0258523385951836	0.191911632057698	-0.114483834886619	0.452825091879754
-0.46977405857166	0.317868769973442	0.370065084745856	-0.274761763297369	0.968504371660442
-0.756815468347315	0.155069787994035	0.216159407639773	1.25740330061989	0.668109221476636
-0.0939158654062683	-0.264662380095013	0.6227057832253	-0.172228513451151	0.0651831446503363
-0.678289418134498	0.0248867059295959	0.10798197296629	-1.85146937090894	-0.0958678081551878
-0.35302687313857	-0.407871693112663	0.705664402821611	-0.45010764553384	0.0231616218789344
0.126836436554605	0.488451242932497	0.368523455534784	-0.894098325224081	0.613254260247098
0.340580035569035	-0.0280700916220116	0.756082414013466	0.0324597628354692	0.889796467106396
0.32209044464505	0.660042904541357	1.0615159620644	0.297203287205543	1.11428160747529
0.442043127401474	-0.428279554728283	0.618876525406573	0.417475735363286	0.200687345321241
-0.0751742748486914	0.0382976659406319	0.787002255583385	0.813673013355814	0.462818738377305
0.445258049775123	0.0518703136546443	0.952019061367249	0.160098141632793	0.304588524371281
0.490706567170243	0.0150822655122057	0.321134708203331	-1.8068038170998	0.2870389020155
-0.0851040685652758	0.0971178224914915	0.477669235936015	1.7823050373981	-0.0715820885230729
0.159632284810389	0.103650404567071	0.119857834066675	0.0694978532466409	0.179370109117407
0.100980857830218	-0.13503760116188	0.364426033812048	0.837648369368496	0.392297819319587
0.167734863665335	0.00412000349750697	0.532934303670123	-1.30868254078643	0.309376872772454
0.0871597880429817	0.524727433238349	0.540698574793391	1.28205434614266	0.419225001016685
-0.0679602637448549	0.648969253576159	0.690583789957601	-0.326691110312929	0.784192468588046
-0.291146774137638	0.218868830958362	0.637466156676585	-0.109434830215245	0.223482066434921
0.55088392615716	0.00756619397313796	0.443085850182543	-1.07317196061711	0.175823576485504
0.50727443736641	0.749821930067641	0.73583309995014	1.62444737804257	0.683456114682054
0.62386975094584	0.52561992313694	0.520275570000738	1.03817260798062	1.01470005795719
1.35506756372608	0.755759089463274	0.301640119788741	1.36737984159879	0.902705861209983
1.18672359269641	0.343231331397861	0.470623858152602	0.622065677311002	1.24776802000537
0.987164507054745	0.729365176564931	0.0473631879810328	0.26435252512102	1.38942365539202
1.40149729001018	0.421869259915282	-0.671334022318387	0.704691516068958	0.494778145366034
1.23841774315979	-0.285291981697433	-0.537171075409667	0.148999191834696	0.496965990783586
1.36963203027654	0.0502111568889424	-0.806157589260291	-0.0771344373294063	-0.0344113716366313
1.43886890816181	-0.174772596679526	-1.10484906001151	0.595982101190998	0.270862811310351
1.30708138517001	0.365924697426312	-1.16198562160511	0.126099517133572	0.0590310616527263
0.813025643180814	-0.191146105096207	-0.955650055206442	-0.748068774063274	-0.557838385468522
0.690210225740244	-0.674701745584645	-1.16489194922714	-0.634226725189735	-0.938587887531722
0.273204872868781	-0.497239102913753	-1.05074684444959	0.336954555231255	-0.962897345299281
-0.383821233046771	0.123298769565115	-1.01710357925672	-0.293400448277561	-0.880824028757837
-0.345763115317681	0.277177802409842	-0.794235653655015	1.32572425425505	-1.0119112412074
-0.926961666574845	-0.246217839049684	-0.784184696337089	-2.27387208101649	-1.13035931795863
-0.675617315163953	0.0775293715964856	-0.784295219123463	0.666103984882528	-0.838290851515816
-0.678655360198922	0.048859709839916	-0.732123906857348	-0.922673788165288	-0.484361529332915
-0.888352154708869	-0.0642058900290985	-0.640445320279286	-0.254404777513035	-0.284677018270057
-0.717450877475434	0.284513678892547	-0.982308152586828	0.0208734579293553	-0.556921739644228
-0.0996097507414976	-0.496077088019583	-0.722599874517643	0.291597350649234	-0.712796728175379
-0.215775606159807	-0.00802802447239248	-0.770607848989659	0.182982464485657	0.000906414852934142
-0.699838628925269	0.0546364853620302	-1.28006727870203	-0.207447627112005	-0.39910110690376
-0.522097310459792	0.0458523210688669	-0.926822888636892	0.387634907666427	-0.195273043864681
-0.545032547283905	-0.227182913693789	-0.927527258307229	-0.272534080741384	0.0365873385190988
-0.565941404175954	0.0485606969626677	-0.350542218710585	-0.791327487056896	0.0424764150861729
-0.88023679068823	0.171594679423947	-0.0913015046761719	0.535184686769154	0.467779719541023
-0.288679605582	0.360193536842091	0.180568913072638	-0.104776300099979	0.544353160110612
-0.688266024561134	0.0707711333103814	-0.0209404413748437	-0.601264446920527	-0.000796975498446414
-0.985078915204616	-0.732578761241148	0.218619912147248	-1.0101332005064	0.506537879962964
-0.538938985983783	0.355169010776007	0.587859106486018	0.621723637440395	0.951916468611197
-0.667132664797826	-0.123431243100876	0.545778213501989	0.324395792212261	0.834950527304518
-0.27712243536549	-0.109467671878586	0.718183502821908	-0.659464584114241	0.126259461428036
-0.751639068132021	-0.0956150798475566	0.946115728740528	-0.183749653083296	0.940983649771408
-0.558057625486168	0.290252398405071	0.710900949950436	0.601034607461261	0.413057943291162
-0.115330936039645	0.0100255186243616	0.955839499550567	0.133371922734679	0.903278967994687
-0.370212743407366	0.328076625125843	1.2425033060137	0.240289003993876	0.02157318793829
-0.251357380593288	-0.708212006387577	1.18567755202663	-0.480453835932314	0.836529400690156
-0.427570194398483	0.663531604709435	1.5034433378177	0.80532787518471	0.788816665657244
0.155553162745943	-0.0472074213120719	1.2543136876013	1.35404891981777	0.479777859543645
-0.263632562134688	0.57122329638467	1.4187769278104	-0.899643250656364	0.510835191269198
0.117108138075405	-0.230640066245655	1.19281283824602	1.04856048778936	0.562826867450562
-0.0812668933644903	0.410639673250353	1.42028188716069	1.23798483196386	0.100065507397048
0.494701665243051	0.689907828088408	1.0985631297933	0.766069534269657	1.16966152221653
0.0177742822589636	0.957687097126552	1.22739424068818	0.536711058655236	0.225409835339547
-0.356041329531228	-0.0296330412988763	0.82322285995113	1.16526708174984	0.379373668242149
0.0979394621874985	0.804374736347538	1.28527237496881	0.515066109627772	0.00199678263560153
-0.0757586003828309	0.579273868542838	1.16133283003904	0.495401308165208	0.304694473194552
-0.284688260663585	0.695130553080384	0.667250472375827	1.54612441672581	0.545110791504213
-0.439058188345821	0.171238798385614	0.916384860526872	-0.82135362014702	0.094607787094874
-0.0666170616727485	0.150456957633369	0.490912860704304	0.350782159290458	0.145191151643926
0.719509719639541	0.250215167532226	0.510209701241941	0.521486885614351	0.180993369141187
0.558800717234723	0.354554490705695	0.203181987120672	0.477431216311633	0.928929447973314
0.7471403019013	0.127950504950827	-0.360165088706732	0.453869385732806	0.131546009481378
0.545067620154802	-0.186279492475046	-0.325677369919032	1.10562327820681	0.0108711239506485
0.84505644029886	-0.351274890751578	-0.507826429758309	0.0453251020882431	-0.260636572130923
0.372240453227299	0.697546608269831	-0.536851174349925	-1.0682161451821	-0.488479329782712
0.248978290652234	0.465858797208487	-0.883712519926047	-1.9905520309358	-0.572034004092623
0.0614087383633541	-0.153883825666046	-1.12877491240669	0.703568880713874	-0.788795847134461
0.0311057180596233	0.0613120299177679	-1.12243741552825	0.149446670065723	-0.939539470040584
0.199721651535775	-0.806265321571402	-1.02826424156913	-1.51660909947879	-0.965990871044795
0.348483365811578	0.566531370483256	-1.16330716801971	0.645861078827521	-0.564577952163751
-0.114115843081543	-0.404008783498491	-0.970915396573338	-0.021659425446185	-0.617234462424749
0.242666021965387	-0.198787175651605	-1.07994165609984	-0.888245485741607	-0.356572732169848
0.221425556693135	-0.0653793895210809	-0.665903154560076	0.279863387184816	-0.186257735927891
0.29870461858604	0.595906376628178	-1.04639043641154	-0.189192558567836	-0.809385566186566
0.158143798918567	-0.302973880581108	-0.527872229649532	-0.260488178239838	-0.86998589411571
0.146923673112684	0.428314391819647	-1.03530143365309	-0.534072681990272	-0.902064421365144
0.139012308060124	-0.77137445695997	-0.565936009819056	0.586973969026545	-0.554959327615843
0.183490352177133	-0.105139456373631	-0.691358771061303	0.271662705340417	-1.17830859792735
0.128214889366724	0.150175547552349	-0.581415218032026	0.356153972525531	-0.519904973641636
-0.0381339317289985	-0.284983886925884	-0.634810041443994	-0.592525225636793	-0.627035027390593
-0.132899487674012	-0.0388497275849712	-0.72031382847864	0.22984510508316	-0.484011089011356
0.140722667485136	-0.0817440617368975	-0.584104597375263	-0.85936620822728	-0.606534069835482
0.216140492637692	-0.0561996416311749	-0.498028535912933	0.584553198260813	-0.371627526718096
0.0395860630035352	-0.309544570563182	-0.515576785225711	0.401100306865422	-0.117472501016677
0.317062447833807	0.161902245459991	-0.752574292579389	0.717596040738594	-0.393107231137736
-0.0452964040713863	-1.27058145130541	-0.485297642634837	0.477084418246518	0.44607315608631
0.282215068589475	0.147752838538174	-0.357289093668916	-0.531106536111825	0.237294165589683
0.072317904475228	0.516501200045319	-0.160583578191744	0.0829165699377859	0.395138995230224
-0.375352075615026	0.0674569402484982	-0.0724245857628015	0.0337687924644278	0.101006216984304
0.347376162624222	-0.110037971596531	0.167485842024674	0.387484039731898	0.707935274273366
-0.379682811438403	-0.220170030200479	0.259210298112661	-0.933847698993705	0.133131002775619
0.244219947226663	-0.331084583122967	0.367424909424902	0.272084886077553	0.686810793302731
0.330895996815323	0.558738699637957	0.483831937615824	0.0192660415511791	0.260746088146543
0.0790487933530501	0.0988524566512154	0.401892623485017	-0.739413976410038	0.254710562262134
0.669645320419664	-0.253967500307678	0.679436003610793	0.528984800656535	0.548207776704961
0.751790771482461	-0.250620228450803	0.916488818013528	-1.125776303647	0.924788174432742
0.568278448779406	0.71315765818272	1.17067726840267	0.918935643000543	0.928718320260254
0.810039153364884	0.37072762455981	0.747975674315405	0.681981437062722	0.718426864636993
0.980229435421826	0.0121979017943122	0.531036115546029	0.0156723397819392	0.440803775711202
0.844171356974101	0.267548283864939	0.937085143957896	0.883821752303751	0.0362741109573801
1.01381642820321	0.118700977455665	0.702317645211405	-0.289247658064151	0.64437946774558
0.998909341431483	0.126186206039198	0.743660877151407	0.77096473254724	0.521297541257926
0.99222995624266	0.0378317339740646	0.757480006206269	-0.742466146713023	0.368613876772968
0.625447729407562	0.132498785376133	0.187960022600789	1.09471297116369	-0.191169949489479
0.941564641112398	-0.238926948463681	0.565765036779173	0.00304206017418331	-0.104599492127631
0.964169450354314	0.0925404428094988	0.379284857427746	-0.478092787620158	0.186280263322254
0.825610915421296	0.45283737089628	0.748608517569234	-0.894076516742577	0.0805237578128567
1.06009192159213	0.505383494362728	0.81237729473171	-0.100437724383665	0.382670431218161
0.860382639305051	-0.698719289101047	0.783037943535519	-0.681696633281064	0.195237204619909
0.825799643204758	-0.273239416917053	0.618453829248525	0.325049527691951	0.0671978757910433
1.250344324834	-0.244445821842442	0.864110117491421	0.206594300463636	0.351202998614772
1.17478641108974	0.212966396862058	0.900945560827848	-0.480458793644045	0.925916949531773
1.3841058256054	0.339953135974129	1.07335581371957	0.548581729613878	0.635523411071993
1.268707366758	0.301303531151111	0.811959228742314	1.29088575449396	1.02199535185654
1.69171538006729	0.379582180971069	0.773066903768651	-0.594584725452676	0.572760504967797
1.9038025280862	-0.0422356580423132	1.01672524455893	1.79390639074886	1.066667852724
2.09283446557265	0.43468819714031	0.486566213808143	1.80120905092872	0.959826759161872
1.95736216408782	0.240949141982064	0.48449210102543	-0.393088396249941	0.550458902433721
1.84740233745088	0.0295649688471791	-0.507386492591918	1.30243639420839	0.00929564642016609
1.23219456280134	-0.486040416015096	-0.44375626359322	0.290683185310943	-0.413179048383051
0.519159171943495	-0.186676905810643	-0.852795429033229	-0.765843809191725	-0.414781281554077
0.471261957734735	-0.113540468421595	-1.06462512297232	-0.212843752952479	-0.643636437267416
-0.353505533565581	-0.265317481956476	-1.07925716405151	-0.196385386380258	-0.847810118324782
-0.598474533398477	-0.389635136179858	-1.46044399991416	-0.368229424079243	-1.00138143983309
-0.234756122928418	-0.804234405154195	-1.33635250936645	-1.54125174134577	-1.31224201414027
-0.478623299795019	-0.31841817922005	-1.01777092640946	0.369324831311223	-1.19058090236465
-0.176427407547231	-0.360438345551822	-1.52389666639188	-1.60733617666547	-1.65959048851466
-0.121594708179587	-0.867869132077992	-1.52279590120866	-0.0841958279851886	-1.63067369435157
-0.0284909605550582	-0.29631683852475	-1.59653800408345	-0.239669139431925	-0.957747883687248
-0.356580129857745	-0.356212425550866	-1.18577395686043	-1.26139879241546	-1.13013415256365
-0.563382065891589	-0.423602030837454	-1.13083583139975	-0.493232441115612	-0.612014063335735
-0.829530608117732	-1.17405470882066	-0.973750677005786	-0.0102060624844615	-1.3235035149146
-1.2424895063052	-0.672605325092963	-1.41112470651267	-1.67338221706584	-1.69692410021007
-1.79209527382172	-1.08672129232881	-1.50710336462258	-0.700536287929485	-0.7856652626605
-1.48725376977747	-0.437521143018076	-1.37337234695592	-0.717142001438658	-0.971464081741563
-1.40765914194691	-0.933845005093331	-1.89089274744794	-0.757747703936339	-0.48537386569843
-1.6795937033706	-0.274735216727395	-1.78930786696379	-0.174072234581021	-1.02520014286757
-1.63837300247836	-0.90374655310923	-1.51896890947254	-1.00883507918735	-0.440937318922417
-1.76673643623012	-0.36162667274574	-0.699039933480771	-0.4384139970514	-0.374716784871184
-1.30251727661433	-0.674413982431886	-0.734253728787072	-0.603434864184044	-0.348462076321188
-1.300901430355	-0.442037721067048	-0.360130115315064	-1.33490043560746	-0.206549712313976
-1.32946800001044	0.0432218101438377	-0.177997453831549	-0.802216563093214	-0.209234729091038
-1.28131929206798	-0.0715518854507539	-0.312168599674355	0.574207546009852	0.129878894875808
-1.27409027944974	0.152282118786739	-0.0603636398619643	-0.0850030780717949	0.0244367686658229
-1.31402689681108	0.0209814724525289	-0.167119107384926	-0.806092975082914	-0.246889170010545
-0.965458705205465	-0.567108566496536	0.0871014567644563	0.259955453447599	0.0123540340690211
-0.884617922461859	0.739827838428692	0.09638179680435	-0.145583182556713	0.198472001759399
-1.40001090647242	-0.185059628732165	-0.0438853438877425	-0.107223565928423	0.460377151739828
-0.867945673001059	0.381771857721027	0.384988467971519	-0.301993548039794	0.177649421150644
-1.09682640989435	0.236865643166027	0.041813643408533	0.188469189865569	0.175534829841255
-0.952990531779067	0.154054398548024	0.745192717393917	0.817108344315084	0.887109964219257
-1.264388911797	0.270971973531291	0.418977895821751	-0.0152105060820383	0.284359316500142
-0.809751284109159	0.0477928963661962	0.659580671955414	0.0385415121582215	0.819450722782362
-1.08635203170676	0.381692987170466	0.514414655570915	1.66476257200626	1.14424674936199
-0.670258123142667	0.37129619761897	0.772292097345182	-0.0882507568983047	0.528404315661601
-1.11062636186576	0.703752533785605	0.669759651259255	-0.514219371063035	0.394198735629252
-1.18943055656556	0.134721838078575	0.766779748489648	1.75147547133564	0.66186850013581
-0.908491901036429	0.125391898119164	0.895825280225094	-0.545007479243822	0.371242043146264
-0.99529363747067	0.162567727386378	0.764836482119791	2.13733384296121	0.995823448145128
-1.0335290004701	0.345618135522197	1.20698419115092	1.28070336017184	1.08469553546517
-0.799482574236599	0.502229259591592	1.19381312500135	0.152826088809371	0.713213406670348
-0.781989829773526	0.224268754785818	1.14130933219534	1.63542691285512	0.896787335644518
-0.104031028295987	0.0892484186564981	1.43127037018231	0.26455862496964	0.814190470855047
-0.531894249330913	0.235760273513995	1.13435400043509	1.45819614302136	0.706563740629909
-0.276961162290039	0.415765109047114	1.58369202725307	0.00569998495674219	0.780343625995147
0.404621558211433	0.00664800001847238	0.979132777850498	1.50924391212847	1.03773087793344
0.00341742767182397	0.953359454752545	1.6892943462401	0.433004809146712	0.878981653294627
0.0703620677016499	0.836427576938984	1.48444459642492	0.0113018656974358	0.921234849980034
0.677349224576703	0.788566016252445	1.16357940862378	0.682359461803607	0.975400527522893
0.519007593830806	0.453338844295427	0.859182767019024	-0.197058770530102	0.0523095367705818
0.337110404468645	0.51319191032305	0.535020030251657	-0.0207144312544069	-0.208645085429929
0.223036150127356	0.131794251619819	0.0131644099543356	-0.117841930666057	0.126886567589855
0.137921763570747	0.622940187872794	-0.300254687499281	0.77104064597223	-0.0477441396919585
-0.231571823142545	0.562445367441574	-0.497929010037514	0.900527552599007	-0.101578352007064
-0.457163712736179	0.18743701222138	-0.879028183765972	-0.0203377723102059	-0.720190773716435
-0.362307939292072	0.343000461921518	-0.755133467197472	-0.273344489853994	-0.603746950628151
0.0165878273617584	-0.345321169972707	-0.750086487810445	0.921223363659256	-0.816264515809715
0.212368032040453	0.947623952929919	-0.544043691095061	0.365579731620968	-0.360754447262992
0.162820934443265	0.27296523273071	-0.691081573428912	-0.0485979578620778	-0.428202479810363
0.196660693865951	0.224728574352784	-0.872090683654125	-0.246736300311744	-0.822257051767416
0.135883343445748	-0.478107409175206	-0.929727216426809	0.279595768018269	-0.659309591524341
-0.118646190147656	-0.323064499246383	-0.78066611870305	0.132282921722969	-0.68915730320099
0.753570220975341	0.476018359637967	-0.858437154864105	-2.07570761030499	-0.707318338610245
0.430695601348178	0.222265067187522	-0.673983569917177	1.36492240352432	-0.182077186901621
0.63144811326007	0.505038697173271	-0.849834445455142	-0.772560211535789	-0.640818484703361
0.738075925309555	-0.13797300212842	-0.656805886787022	-1.94595054989291	-0.346307850810884
1.01430995961126	0.0929811504312171	-0.237355668231051	-1.85465008673431	-0.538695078602355
0.855087558590276	0.477734443019964	0.00316564049404112	-0.328339504430428	0.227799040128812
0.90225099610877	0.214311887281912	-0.0216975740273865	-1.23595832456944	-0.32742179296762
0.766786369063536	0.0267659673468783	0.0635320075393111	-0.669283875014134	-0.931280020526748
0.623137970037718	-0.18511306590262	0.176674016951758	-0.174906762227514	-0.416740914345352
0.245636870899052	0.188565227306434	0.447300813133313	0.685556008401341	0.255299742805915
0.792880690603375	-0.280636536090537	0.436830642968599	-1.72548795376038	0.22101144456523
0.23569692431484	0.298908834452636	0.338960837602104	-0.265050506554706	-0.346673029179692
0.298310598731244	0.0425433690445932	0.169442861565526	-0.757896299465133	-0.275740197320578
0.52537821958006	-0.14630154683268	0.390466527703612	-1.07867887362841	-0.188849657457522
0.462260105666404	0.190360074268709	0.79477414829358	0.166651272227253	0.464698811140395
0.39927426309781	0.404637892067677	0.607549834007014	0.07661262566024	0.337094138270765
0.441843080458157	0.101302448970578	0.588238155614156	-0.394965457501859	-0.0973590393060926
0.197220633106821	-0.536557091746931	0.239651333243054	-0.138082464165076	0.0875755133818104
0.781050756939239	-0.100686001480698	0.230015317596026	-0.533745016123998	0.263380358135116
0.963259972851093	0.216997804933131	0.653720367634159	0.250030303951835	0.46872573994759
1.18180400782768	1.13754178626571	0.609256659118355	-1.27875339292319	0.411288106199494
2.03665569087443	-0.824076257894256	0.617916909684718	-0.177935103455474	0.874270541867626
1.85427316873116	-0.326196325233903	1.19469041292478	4.19677748598049	1.49782132385099
1.86953249317089	0.613468129628715	1.64133375515716	0.609000559989266	1.30461212669041
2.2988363291115	0.290435223524521	2.15171856380755	1.82170989911269	1.52302181408552
1.1718002577073	0.222613976217049	1.22702224854757	1.34904150737166	0.817089417378749
1.84444360458522	-0.537166393709387	0.915572735828306	0.218715909835339	-0.0233678680673517
0.995579577368362	-0.303296521961373	0.725221371202766	-0.566126815179308	0.294372550444676
1.30302136249849	0.275886414967599	0.121632176315693	1.04157252798245	0.055038288204798
0.740519388093962	0.0490797622070683	0.41696724079927	-1.73499825772824	0.609332281260113
0.399802966656498	-0.0813603909761432	0.321187498138949	0.960548981665363	-0.0257279781061182
0.0403247380832501	-0.354878839240376	0.297622519814899	-1.73486789264374	-0.161030396194115
-0.753928877009241	-0.454706267739155	0.508213024033025	-0.79386925559093	0.791683941753729
-0.762381718446854	-0.295438842108037	0.62679148354492	0.136446735495666	0.0852991353240608
-1.83881846933385	-0.439075423296596	0.355093225935526	-1.11451422513383	0.90025662075223
-0.729643776515096	-0.297748763471983	0.487582745462163	0.299809463580405	0.275549253018845
-0.514625721357615	-0.17411248690448	0.45825611931909	-0.340126341518291	0.374124589191069
0.285082796093146	0.226486250627851	0.756543724986952	0.63179171351489	1.11438938561882
0.48675739183426	-0.408660990810972	0.324081125357228	-1.35518248534887	0.453758593554585
0.178363167192843	-0.159371499946016	0.46571049340377	1.18900087121244	0.22156311767117
-0.0155505027004349	-0.0732888967095423	0.269557745318014	0.236819732778112	0.258266315064064
0.131002787613931	-0.0396650217074889	-0.166795472938805	-0.544948968756613	-0.308488151521089
-0.518385491033651	0.35636750755647	-0.525707364884857	1.50289729398218	-0.456809011271886
-0.829048086136836	-0.0857491240151427	-0.918108671732759	1.76309097049223	-0.425501260750215
-1.20283357622225	0.144715006271454	-0.973157332930487	-0.79532444188645	-1.03271949474659
-1.14239391611543	-0.578426596542404	-1.06960845193094	0.656239074228298	-0.825017721889319
-1.05637169836645	0.0735609155494003	-1.30172171630643	-0.502896116503224	-0.8583813639204
-1.01220314870098	-0.0451565275256535	-1.02757954042962	0.683774522993667	-0.924319405554293
-1.44127628806455	-0.603286625498703	-1.23453421677375	0.336205725780322	-0.817159693596983
-0.832768037369354	-0.149546668279143	-1.53194793443896	-0.658083165301727	-0.552967678260345
-0.766090094165206	-0.353115060839426	-0.935073443974997	-2.04844823666635	-0.539310486397997
-0.492726061025432	-0.265402071904639	-1.4480637511006	1.63496549073695	-0.415881966195931
-1.12646931773205	-0.495512205139127	-1.07588344239843	-1.97555647095512	-0.733883787209342
-1.10183294022544	-0.157588711505047	-1.41673140936764	0.631485327580528	-0.455963798469544
-1.35286261848794	-1.06040109644352	-1.69185305724903	-1.25192070249675	-1.40205373552042
0.0857767572326151	0.167881975597591	-0.166370638434905	-0.703915562266365	-0.082282993292325
-0.401476853309123	-1.55996584896501	-0.79540219715956	0.374759608156441	-1.13986444037587
-0.76392191368413	-0.00561132467446546	-0.803988647610341	-1.42515521056095	-0.675918766106883
-0.401271571113041	-1.88614775148379	-1.25550996976499	0.708577498250284	-0.367791003663726
-0.375640766243424	-0.37309888684778	-0.567817583875362	-0.904436850444561	-0.492676232128249
-0.457183344620896	-0.349530728126422	-0.661452129541052	-0.520273616742822	-0.350953892954
-0.243793878305596	-0.826198024257403	-0.622407479846672	-0.630227696961298	-0.450576132834972
-0.880327898149109	-0.48522897852152	-0.594456530494758	0.115683584354955	-0.512088586673534
-0.397120126247281	-1.09590372705332	-0.526283809538226	-0.944448605983675	-0.52115801881079
-0.428240915916595	-0.390347569850256	-0.353582355676078	-0.399558049256347	-0.530099894078811
-0.332170481757123	-0.665964581591973	-0.390539680440937	-0.907131712758063	-0.791037070509646
-0.52554881619702	-0.805605598043448	-0.421521859433063	0.533339591554625	-1.13311965120102
-0.341791281971414	-0.415127319596059	-0.855027747641587	-1.55996339760115	-0.817108062250081
0.118268061896995	-0.454764673941309	-0.498599190023572	0.00160011731167877	-0.650833105716625
0.0993119670141411	-0.0978574745016514	-0.536429740622599	-1.37624466122813	-1.43120963768289
0.135580301626974	-0.573485816671186	-0.02110650205516	0.419625895169005	-0.656537980999621
-0.0773867266066588	-0.0365992797033018	-0.608085943534564	-0.247392575976706	-0.405784702937757
0.165946252046449	-1.27363266427148	-0.0217754685333535	-1.23926458837873	-0.0429971413711116
0.485357771490466	-0.00633114369794978	-0.330331003167964	0.739086391959179	0.291460955510785
-0.0306075937058034	-0.449146844455473	0.086509324330089	-1.26909516045209	-0.326716383616239
0.26337859396172	0.159187196507689	-0.000703658040700135	0.165540408753779	0.301628078387001
-0.554465078894035	-0.108028078228706	0.257524405745436	-0.779152684194755	0.0598377782810034
-0.144619976331593	0.174639940494083	0.0403914817960109	-0.352495641134601	0.706532205071059
-0.570806262001706	0.688988997027934	0.469893757662707	0.353567841490571	0.123185366923231
-0.46792500886493	-0.252570065896157	0.457837295609948	0.815213080028848	0.558648331909093
-0.27032648134343	0.801176256077104	0.551073524908455	-0.324320764591671	0.816126742320584
-0.43336547003052	0.172356299210107	0.535834899257862	1.91637014866701	0.691875876616433
-0.537820769141037	-0.071634154624279	0.7664791968785	-0.00531458760597063	0.570107293398514
-0.426591139239805	0.669579074374383	0.690447616251031	1.24630854136126	0.434256993396168
-0.271772914534371	0.052547982040552	0.467941629248493	-0.0732006280460576	0.943030167269209
0.0630390691090772	0.282236701703836	0.634032408004657	0.191302187442725	1.00473980956739
-0.0799961606556791	0.0920379421577468	0.699211782845422	1.18398275254258	0.489638876381222
0.209125551076129	0.253509664317761	0.596568980358043	-0.01593914103824	0.484424337949892
0.440697802078245	0.394614716560835	0.853996675053129	1.04660911584643	-0.0906058351995217
0.00499925247673273	0.473433298020522	0.692426258484297	-0.81016249615499	0.345962864129672
0.399216533644585	0.586909475179163	0.736186678506131	0.974656070695177	0.550453487054966
0.345516212539391	0.197117978147984	0.63724551904152	0.533983610235076	0.364133575954342
-0.110524118734141	0.0284512412437028	0.840016578100269	-0.527196271768452	0.128280047806252
0.157575369316373	0.861291546426556	0.595987077979079	-0.751697327681406	0.334135168220353
-0.468707533628392	0.212439050378279	0.695987348859151	0.309819417795103	0.221498519876801
-0.608359793528174	0.149001041157465	0.705470223252691	0.528061881328521	0.63088672254212
-0.404570475884551	0.348271747043782	0.691045148298227	-0.389502011911022	0.209588988178508
-0.0666397837208838	0.801227743340608	0.463474949982472	-0.430934564267696	0.495146837510214
-0.39281619547528	0.381684875871852	0.759526125428713	0.0449369564092156	0.529287280008384
0.117143276732019	1.08693792373576	0.907948012240356	0.907390677460907	0.570824092039665
0.367420305756941	0.677910740954	0.825976384950466	0.904485972019469	0.413872125888585
0.523033633968891	0.976567198431187	0.689628282260324	-0.298729715700435	0.600702557667563
0.702620338269571	0.513099516565107	0.829756090725249	2.43582069666487	0.33681537022679
0.492891128069399	-0.159352128807858	0.433449312463611	-0.0409277464579864	0.439803497755506
0.945465180888864	0.794670209732042	-0.267440194859877	-0.537453023216756	0.173389941056107
1.01253431920747	-0.0378349958988414	-0.357736799004334	2.07217805138101	0.0978269566168889
0.561127639367868	1.18253496855257	-0.802231154074435	-1.45271699216941	-0.771251169404935
0.329539152648932	0.0385131965183882	-1.34421681235334	0.685661255020291	-0.316694601341883
0.482785250103923	0.191756966191992	-0.702744765486768	-0.110041400481462	-0.485816600826454
-0.0943735659562381	-0.132358718910696	-0.892691722999265	-0.303439286970208	-0.657949462285602
-0.106466790516451	0.0519188123141261	-0.512234124419588	-0.0523878179564295	-0.278767107856995
-0.089544657151015	-0.162919043187153	-0.792657020946954	-0.331421601205046	0.0368861692063512
-0.0400499119813028	-0.248195963900716	-0.494888710042319	0.106932316714962	0.0812528092458433
0.386258248318219	0.0825119481791488	-0.633778663823395	-0.47847810203857	-0.0196876167345027
0.0281581183491115	-0.265866630384448	-0.526280568969136	0.704805145293371	0.256904439526154
0.257097502877576	-0.261526112446003	-0.528100907302479	-0.0611941107992732	-0.0631368580537634
0.35951899192352	-0.0111594131746769	-0.547485936028342	-0.246743371852027	0.0187752961709097
0.514976829002183	-0.280079145652963	-0.653171292530766	1.92703185197164	-0.0575746514313207
0.418932765289594	0.184802516549145	-0.584548978935427	-1.53558968568176	-0.217604151753806
0.801983077439198	-1.01671450566724	-0.541629062548479	-0.261513668983266	-0.388859633819304
-0.0551143466840598	-0.0305625586621607	-0.92999306851193	0.0840145197728046	-0.790617559325719
0.421243972366683	-0.312414506170463	-0.895754539192965	-0.315236539532615	-0.141089276048289
0.18164911872338	-0.14902725694753	-0.986098261800364	-0.148743748519069	-0.322090686034751
0.114808725689293	0.117505573233541	-0.847324205382558	-0.765108784430797	-0.148131575734164
0.414084535551433	-0.725918833646651	-0.435726757169452	0.0429691029369945	0.0456636435750679
-0.620092435200738	1.09095513790167	-0.311902222234917	-1.06161854932707	-0.120663210083788
-0.320373530239923	-0.136666238724755	0.141225601539052	0.376317565137185	0.502479830809832
-0.291952116218017	-0.19091891133287	-0.071152727919686	-0.506265498355908	-0.319667110943144
-0.487797430549653	0.440895991620569	0.156067340296212	0.869899806169338	0.0663435772964502
-0.624680855826453	-0.490669125479848	0.223749214150651	0.0909883439859288	0.13409663760749
-0.57257117832673	0.39081073845582	0.218454069918113	0.0747606964915213	0.160475537453206
-0.495321873809492	0.0499283634477031	0.179880037936115	0.820744234048923	0.347149669393966
-0.216114927019853	0.573072648138518	0.672633376618499	0.206187857868802	0.495577221843322
-0.699618018207069	0.403329975248984	0.502186787715633	0.167813274827275	0.348885336126755
-0.441617371490697	-0.158104398548793	0.531064195237711	0.454344883668899	0.984681205224688
-0.561983310346392	0.0668728476375719	0.514260709896505	-0.0586173900332535	0.163944805151152
-0.536501539783366	-0.0277829685300822	0.615104932886917	0.473842237392096	0.521481547905407
-0.667508016269365	0.267960603359098	0.531412348221611	-0.486823409965933	0.675023847639371
-0.412108448558725	0.0638469273540008	0.761687675201406	0.623683597656296	0.0967746656875333
-0.478809681662805	0.0258104558414164	0.666004317503992	-0.0281121281344248	0.453707777476304
-0.385292317583791	0.247037999747936	0.600259986514273	-0.163905247894782	0.701401850159534
-0.0614815142795584	0.463576453350363	0.590480061656111	0.466694678631966	0.380326071174355
-0.249126605443715	0.286469555043463	0.538687442202217	-0.337218120431249	0.349018740668472
-0.0229011501049215	-0.13035790062005	0.642893746517158	1.0701500664647	0.444066169833528
-0.288370719453673	0.464723612812748	0.35674763537949	-1.12567478473064	0.44658750498948
-0.350284812981867	0.217028790407481	0.452371269687022	0.456538607922299	0.0448346013630366
-0.285792013744212	-0.111685462069771	0.652891282487217	0.390799060475284	0.461585781363061
0.378329201164917	0.436728151474525	0.4388167420177	0.938547446836446	0.692171251558894
0.0133539048987542	0.159499208328113	0.712185661521173	-0.19244685674391	0.422062205455716
0.237023315598207	0.638496893726377	1.02786970150032	0.724196995698998	0.656257945313725
0.301004176155455	0.132417540445498	0.916338198672078	1.21298981598134	0.684050364140148
0.887627056007472	0.118373347802707	0.291044056241646	0.618987759031809	0.404509412372715
1.10892987646176	0.435833608154144	0.68473395811849	-0.286675782910656	0.0639058244425
1.06584626457417	0.534476856193526	0.635867826850068	0.515322281326156	0.644612132611175
1.03362225085683	1.26572489981492	0.290862830904903	-0.992001679201988	0.93490904069103
0.501301093010792	-1.94876629694416	-0.173578547617397	2.1996155058414	-1.55230779999802
0.933535324825803	0.0655017344672333	0.0211580255945008	2.33910059896707	0.280492529324202
1.18707026210675	0.873498318877104	-0.164164201753222	1.44638278895858	0.314120053423112
0.916757667828877	0.55491812876609	-0.463326551651072	0.231386336585018	0.486019539957619
0.644595689319885	0.894907350581116	-0.374783819229571	0.60626963655516	0.048371235693414
0.189771748335101	-0.27058025260419	-0.0721699840163501	-0.787626068153233	-0.0237219422014976
0.373261156071192	0.0675878782494569	-0.37628222741598	1.30646452547153	-0.341312782266697
0.188329732064309	-0.111982861282067	-0.691739307207943	-1.28951252557457	-0.660896087019945
-0.0104547234817244	-0.228557144881005	-0.590341277625965	-0.457685205561488	-1.14895425109161
-0.0880306552688878	-0.324514623387257	-1.19948319344068	-0.863529124104892	-1.07854746785532
0.213250035164349	-0.495150146614672	-1.04463534298386	-0.262631964091721	-0.798620476563346
-0.0220480081709111	-0.0687819110049634	-0.965659158359481	-0.558528940122048	-0.970273544719692
-0.000722123095122587	0.0682987109693401	-0.963202266319026	0.340885277423632	-1.01464579052538
0.185215934799371	-0.327353206376078	-0.760694338022025	-0.388195378003981	-0.869075842771113
-0.245838826259725	0.0427546167791731	-1.28714139689103	-1.36914131165186	-1.11884231213966
-0.122848626363076	0.376998507475077	-0.956172844080061	0.656772164561356	-0.966194176089247
-0.626328433308629	-0.302838996849232	-0.884143246178106	-0.473697486325169	-0.727764218629944
-0.265150591884986	0.49527081279055	-1.11775131419983	-1.22809376818037	-1.23391825950121
-0.38822682432834	-0.240860681475633	-0.442016926731962	0.19553214380273	-1.24030948210117
-0.111549648312923	-0.0163456390317638	-0.995069460096666	-1.25551226443663	-1.52351843015842
-0.689039261232952	-0.61010051753076	-0.466109980636904	-0.830829370279011	-0.919134403225707
0.0696924669321383	-0.0555531236840771	-0.546738846916806	0.201399233095644	-1.47349006895974
-0.444794260587313	-0.111025127355165	-0.404713140328221	-1.88274204353219	-0.885264095719192
0.0763387580347919	0.0481359501608294	0.0254587640808936	0.127010877959273	-0.36539945690733
-0.00477259799294443	-0.0977154223550702	-0.0396304675540917	0.718657919955395	-0.19891182200359
0.0296757179860422	0.0343931133056275	-0.361619529720479	-1.12282447577557	0.221587755707018
0.0203555038670225	-0.590433327285953	0.420752224745363	-0.0717830378546122	-0.165154100388203
0.010056475956499	0.0154332219615011	0.289989206326381	-0.585059524684032	-0.0452695055861588
0.14205921111292	-0.242629769154705	0.151455220825987	-0.506334988093032	0.100626825190158
0.0694225807378011	0.373343926158723	0.434640554237058	-0.131207496971726	0.339952062770073
0.07674321934914	-0.913766331961402	0.547568914080604	-0.00681439226057056	0.117597730173893
-0.448398741963044	0.173957947770708	0.285014985085262	-0.696802552480547	0.68279796339046
-0.0115957893295955	0.231768447220249	0.636437374796361	-0.264173813452125	0.553282020773875
0.0363252239122191	0.27643734793619	0.399282272821134	0.191338937592242	0.569745437756895
0.401371635995757	-0.030840491644928	0.692055736967781	-0.434554401732223	0.522393420278382
0.0466429308658767	0.312766154808609	0.616078084874324	-0.0131488648275338	0.425474083367938
0.292445463313374	-0.177505053731596	0.500441804309367	-0.024731290107462	-0.20580806935164
0.174599794954341	-0.214871917578251	0.718026553296449	0.0819643690752468	0.520796404773704
0.456614291862655	0.104857758101982	0.839948834067117	1.52679580035531	0.523757007409874
0.523964349895226	0.237057923863751	0.614523632477414	0.0760254937459243	0.897577858730246
0.71325377118217	0.0472309349526211	0.719043156018619	-0.0253410171968573	0.457471445004082
0.635411888173607	-0.280310449074568	0.80101247779919	-0.73796650546808	0.418825950525261
0.43319306124482	0.38124494919151	0.764856644390342	1.09118716609777	0.722839745010646
0.893727702889234	0.0736590030655402	0.515807233671987	1.07655685798083	0.847842563482698
1.12968757999261	0.0704719507894672	0.907078646989665	-1.06221178463617	0.272896364141461
0.601378370457398	-0.51063453259591	0.617727998039985	-0.0546825233176357	0.758400489381187
0.711837954540343	0.473176241680849	0.755284360496181	0.701799534124769	0.221745462801942
0.817677843422101	-0.840134823039445	0.670545213239728	-0.0166790883807487	0.283298581405551
1.01211513602206	0.159960878039905	0.331351699478646	0.382677410395072	0.210832112687272
0.612261458564866	-0.0829469605634832	0.286336103943922	-0.732332718434413	-0.0615950933731914
0.79392490002821	-0.963877829195596	0.332412103573016	-0.571527445349206	0.178845873693317
1.108322998435	0.232131539600773	0.189463356903123	-0.108193290916024	0.924952783934952
1.29035952461744	-0.549457285726748	0.476549646407745	1.04863882151742	0.85677931375233
1.33288364155705	0.140623221287942	0.305797870216785	-0.379864634740887	1.05908329566395
1.08029118091741	0.0173590268371073	-0.279857733424965	0.906891877399486	0.405660250051994
0.87087438569469	-0.389517658374034	-0.00959728088858385	0.688563198627159	0.226492225533326
0.528569740544785	-0.262688465371167	-0.650444030184281	-0.927178276739922	-0.0278462037947946
-0.139318944345761	-0.962252895260074	-0.392694166137047	1.02666645480577	-0.691730091971487
-0.304272017780241	-0.114253552934516	-0.483764050778894	-0.991593564526542	-0.712276184597732
-0.242504595498577	-0.229928305962692	-0.597178168571332	-0.331199579165025	-0.762302346947076
-0.625108031860892	-0.773783314312667	-0.944693892587873	-0.480931444890786	-1.04796955965221
-0.612626730674847	-0.133506591310345	-1.05671670720141	-0.473822685345375	-0.22731856686975
-0.371457794032791	-0.0815702983753547	-0.705941224328589	-0.238291849657358	-1.15621551135856
-0.535763360869187	-1.18496075989367	-1.11240089624522	-0.0293051851809778	-0.996083458923429
-0.717939133612731	0.144583098850798	-0.729822874511094	0.232318445330288	-0.729868808300288
-0.707934275719313	-0.540348546520511	-0.803055701949207	-0.050791403160712	-0.640432607093758
-0.554772947633941	-0.0433333746538041	-0.447746653174619	-0.776559602018968	-0.448922718820398
-0.807126184538601	-0.871137126857658	-0.782287952518663	-1.51948155457993	-1.09097491967497
-0.541747602234756	-0.378030368049806	-0.990141929018663	1.26320151356797	-0.608952828409925
-1.18480968116829	-0.160681787371013	-0.952730440943025	-0.596253470572905	-0.0641405452640827
-0.670299705453643	-0.366536868229685	-0.80429356336005	-0.498549072831446	-0.557554743336571
-0.728177517437135	-0.54703459560196	-0.910090421042123	-0.603193053258519	-0.567073174392207
-0.828091731602969	-0.7805566099273	-0.953230170152639	-1.94296940095488	-0.4230581802836
-0.324981915264185	-0.0781272994687059	-0.801545987297333	-0.621488697695224	-0.88528298689516
-1.02020248165513	-0.757392114602399	-0.503125605658727	-0.432584928911431	-0.435238896143977
-0.480972810318509	-0.733707456525367	-0.0295387361902691	-0.608287450934871	-0.504528548621166
-0.98029503951035	0.241147099899667	0.204021845864047	-0.911275599028541	-0.059419864092946
-1.00339503025145	-0.966696112361884	-0.304022260893839	0.446916960388881	-0.21054866930002
-1.06836922027346	-0.43297095951975	0.217849447078142	-0.304034983297461	0.0853640418800132
-0.666182822263341	-0.116210370939814	0.259619803482282	-0.595647987656715	0.100109885994148
-1.03538007389438	-0.31128563815709	0.403937138662295	-0.582337798413743	0.323758032595134
-0.773762190785381	0.614176046823819	0.339403722031123	0.360860805443387	0.476678062598342
-0.47383799523155	-0.25531508998334	0.397512352286839	0.330281207432924	0.341000312657784
-0.467410756055602	-0.0517053191545343	0.480351283592526	-0.323486696850117	0.155171526649763
-0.70094808520543	0.485435216437617	0.33050834604005	-0.491905350737179	0.399585471489341
-0.35333784780293	0.159414800401255	0.453779946458444	0.967426725486268	0.319818970688719
-0.45768600824146	-0.0851746198563175	0.581373638479215	-0.0826876823327991	0.683172061200031
-0.266351953052345	0.832350257895094	0.380773937428436	1.6476617182546	0.207186587557943
-0.333458508233613	0.542255804154162	0.47159154081211	0.800031576161908	0.0396365858920576
-0.462241432841796	-0.2793385502865	0.641059853842274	-0.500009025330772	0.0799908385797488
-0.679798639182315	0.251045478561748	0.491098091495236	0.306255548622918	0.416089882412801
-0.150715686938735	0.571141758316382	0.630925962391929	0.220512547542494	0.670861802672067
-0.388134742980041	0.447556327865844	0.46461572981066	-0.17032817879714	0.548614282831809
-0.259529268916926	0.695508355609144	0.649763267258669	1.49902771642856	0.514376415558986
-0.500835921807493	0.329312705752452	0.553462650549922	0.785384700254775	0.737995426690842
-0.497270547449056	0.0441825361488548	0.545962513769974	0.191893671512844	0.745307456965729
-0.274790907551987	0.487570115515825	1.02840612734741	0.219590258540897	0.447071490253621
0.253989210531214	0.875588234401918	1.0783864389427	0.250260093003952	1.33419272393842
0.266803019840675	0.368684969479943	0.642319420187222	1.85157991172025	0.641333356420341
-0.0160552732159305	-0.132050188040711	0.786401449642597	-0.526759112126412	0.727613998677115
0.156212550902101	1.27944388775817	0.970822491597951	0.399406967969883	0.732651047916661
0.333242941819799	0.635647812143415	1.01830742864721	0.806081975015234	0.732421539461363
1.20614043653537	0.815971458020425	0.76233619008483	0.488599347113764	0.943450097520705
0.458885861081401	1.16508191592659	1.20224851533208	1.28508270430396	0.60723654165304
0.800032410591452	0.457925076133962	0.719117420330096	-0.699930307456992	0.756281216083242
0.780503355857854	0.803342739058904	0.615408672604291	0.816615522746806	0.49342116138034
0.698600707641821	0.864772398356945	0.122538000018001	0.53529902010767	0.560405617708139
0.874180870971883	0.00187921224408572	-0.237579824305228	-0.0674613765893573	0.138628936443118
0.306107695643694	0.257266146228027	-0.52661063254563	0.552446124870869	0.0522580826971621
1.02374979158587	0.0827678807991439	-0.471727559588766	-0.185303819442887	-0.26201525914943
0.814342581993003	0.0471498393735084	-0.462237590545489	0.14164786500258	-0.154446319705412
0.166290494775683	0.277027305505898	-0.555000379995226	0.409445087591466	0.0885629097384812
0.49741602838588	0.0499589284914583	-0.560354456779282	-0.284405823781577	-0.549713950124209
0.555044907955229	0.418229034855591	-0.779623846232401	0.0278467123973306	-0.382771493678685
0.066136893014863	-0.247953269413734	-0.578122125466595	1.3364092795372	-0.22808025596113
-0.100891573381937	0.40820923419625	-0.756216770664875	-1.22742933511187	-0.608217113385538
-0.0194918512756424	-0.403381082273991	-0.982432079573677	-0.579465399185936	-0.517761119904775
-0.325884623339692	0.221249035388735	-0.525007389248386	0.865738887209298	-0.403327172237626
-0.227900310825172	-0.61813776543642	-1.18465908729821	-0.164482492908375	-0.280908631517967
-0.0485929111946431	0.281777079051415	-0.983064347820101	0.211573306266143	-0.418918039383429
0.0630309149985338	-0.111281244413072	-0.91544463831918	-1.98048238359255	-0.81727141129001
-0.143382859780368	0.00191818063885699	-0.865817714246385	-0.449782490300651	-0.738040673934634
-0.235790450223547	-0.142813439828231	-0.917918533230773	0.191339703142489	-0.810944750701886
-0.199311885453865	-0.727905364674236	-1.05915525475325	-1.84486783890731	-0.828626979685697
-0.128561931545752	-0.0840992611086748	-1.02220003369045	-0.00366060493288255	-1.18505353516578
-0.302701353643347	-0.392259070458429	-0.590403576084731	-0.663929720309824	-0.820193130028908
-0.019637490597429	-0.712194379193165	-0.480214947840861	-0.0935348569934218	-0.712829772657127
-0.316108362702045	0.105674584954247	-0.392889467230264	-0.416355826279956	-0.406081755990005
-0.206032026949257	-0.761831299500637	-0.279520668025536	-0.499911539073943	-0.41841456772297
-0.525685869438524	-0.369575704082864	0.00252114384858178	-0.172676781248189	-0.655265546126927
-0.359411553768472	-0.583128083065887	0.218882741128837	-0.29591938058583	-0.0615754097997781
-0.574411758197611	-0.588217357453949	-0.273488865075752	-0.391932114905118	-0.0266149927036848
-0.135256372096439	-0.0648439283902001	0.200880495832486	0.0573975409220329	-0.184527120896679
-0.097289995040067	0.155901347396668	0.146614205919235	0.353139543354908	0.387583278329014
-0.519929126615963	0.220719608073793	0.0916807383111766	-2.38805400645761	-0.0734950237062829
-0.163405842774548	-0.0710672153261817	0.283966759453662	0.578351842558507	0.228092185106992
-0.267246151560968	0.0164487402380578	0.234232717425405	0.394512464630362	0.35601376268898
0.334242108826033	-0.269004036190668	0.237828474525422	0.457338254961345	0.0343535911156348
0.0368220432183628	0.148837386939267	0.313631641858403	0.796006290604279	0.128262902840884
-0.0211158509776739	-0.798649917092254	0.572780472832797	-1.68283563601352	0.90219938926808
0.202706986024283	0.189491434679859	0.657929516479907	0.658890759561619	0.200533977259165
0.238358880897582	-0.552211654833431	0.296857433282645	-0.0936842755808274	0.147363712013156
-0.103541800706552	-0.464227011462392	0.68091394009345	-0.269548583036369	0.465707109294126
0.119417425578494	-0.0819909030577812	0.654947288607799	0.750972019918818	0.491462842219144
-0.131555790929791	-0.329954425754813	0.931641333813777	-0.509175325988108	0.523328574134509
0.505708883244673	-0.124472999553432	0.863818629808804	0.731323033390169	1.01512912166717
0.383941898079402	-0.264980388049598	0.703859153931909	-0.191130578862793	1.07857576171391
0.69385411665435	0.191722835965368	1.03980018215031	-0.286987616345107	1.00800188052926
0.20766759996239	0.132876788313091	1.12333933895165	-0.175942597137719	0.401048236378782
0.552166329830479	0.0849881296444595	0.972680013085075	1.56082280300501	0.705270974232806
0.562319494651108	0.206991868992744	0.92661188676432	-0.171469668129842	0.570159936840162
0.422990461306132	-0.108941357057777	1.04269828924445	1.14234652390141	0.882112969946915
0.384963618597825	0.71271908802397	1.20291817419359	-0.198661470862856	0.271742556557858
0.54777010421314	-0.933968028538032	0.864122082727969	-0.156217193649542	0.360124091310673
0.0815211660316209	0.244118516974454	0.863444496599899	-0.149601143737783	0.415359531231205
0.972519647667074	0.309036497330435	1.21145904733333	1.01534218960284	0.711279380777528
0.55348276567832	0.415864687674503	0.658978015374152	-0.45871904167483	0.646995633137087
0.852345470651394	0.320743821462713	0.713104770050949	-0.493474612110877	0.158716626790108
0.316268486836014	0.183872428480748	0.517218049816834	-0.106118059930543	0.575502861394774
0.848804384542726	0.0355348814632621	0.345871608418303	1.71933055044905	0.0726238302732982
0.479804150176988	0.598325231827501	0.161738433543114	0.688521396148311	0.292752149923016
-0.161332647559294	0.281486137060458	-0.319913226520197	-0.46271291539882	-0.309893835134561
-0.146111005048256	-0.394504626108496	-0.678852678911381	0.674159766584079	0.0289751054516429
-0.509705893872516	0.28548894067244	-0.682727412100996	0.341088336303596	-0.63526222059804
-0.41269277756156	0.0958708230841218	-0.592250386715567	0.0940020998840779	-0.506496580968378
-0.815875968680474	0.478102619510447	-0.742930095422725	-0.993763203207393	-0.558300758630453
-0.89951239996814	-0.544066800492404	-0.994187054001763	0.33683096236549	-0.813720190374876
-0.825728502833761	0.11116151942359	-1.27385782440858	0.770079547796457	-0.746942309146933
-0.625767111335856	-0.0313627134403634	-1.18022703983543	-0.653654366765349	-1.39892703052104
-0.424520422923622	0.371337596243132	-0.96746502562649	0.932692394321078	-0.726277745115578
-0.598779208088856	-0.307439787880444	-1.32211151846097	-0.0959434806933953	-1.08470021013783
-0.301360325285936	0.378626639901555	-1.39999760831106	-1.30591548833375	-0.604153320331654
-0.383190122424747	-0.895044309337269	-1.15400450391138	-0.35780979873297	-0.983031404632097
0.0414639956309091	0.43595549839953	-1.39052857935336	-0.546974052366253	-0.614088924586853
