0.653101878661468	1.60353071708514	-0.354088441226858	2.98606171516398	0.592965658407268
0.184521035685796	0.754929138350361	-0.936050708226766	0.131079533462541	-0.15395423945038
0.0634038646632438	0.797151835660543	0.0133140504857832	0.622735690747861	-1.37641231067109
0.35437100396416	0.101896516600812	-1.82035660494217	-0.884419756343885	-1.11725142621107
0.752050631305763	0.253938006099263	0.192107279192226	1.26869467088464	1.22001915858006
0.00337571285254778	-0.144867860305433	0.11622313347644	2.605942582138	1.7381152749429
0.427045394713777	0.787537672373334	0.385576535589026	0.197549308319053	0.246645305032148
0.790250097717076	1.1088697606497	0.938090348609311	-0.33206613926807	0.607202193449236
0.901719844007611	0.543466553474759	-0.208662712229335	0.180983133101507	0.409029356073401
0.441866525974855	1.17992834609629	0.784068438245022	-0.474989775958164	0.234565745940501
1.47338987718117	0.595389529412806	0.561531708737486	-0.787864484369313	-0.61537116770219
0.570885678817387	0.268811762935081	-0.028282988763072	-0.169883757581041	-0.22338473893506
-0.117245196183194	0.536467685593752	-0.0239904583370325	0.175944377410352	-0.64628961604742
0.30051399940134	0.256694146453589	-0.748651423148355	-1.01671303768495	0.749618445552841
0.152367710356109	0.554618877519804	-0.0248672729654511	-0.232032244846607	-0.369081987449118
0.0535403565275228	-0.0233943157284498	-0.389396107534202	-0.36357014588638	0.148757668128472
0.387764323288415	0.192601891646323	-0.940763620026701	-0.387823459842064	0.115431872241846
-0.408310003391705	0.155621508057249	-0.779873304155451	0.219398772217936	0.407581747810883
0.410463988274035	0.353637657187547	-0.215441441435905	0.088956403650095	0.442095256750276
0.0698329922578772	0.167150226729938	-0.0430249505619619	0.757868996279143	-0.138234365029105
-0.0975626723498935	0.189359903857433	-0.285672493872772	0.735320548365004	0.632660388839392
0.318661339490821	0.437416824281056	-0.20813468726458	0.650947462021067	0.281447054424644
-0.110467172392779	0.277594943143644	-0.108288961170088	-0.436466566811357	1.42844404047474
-0.0859907816291124	0.614428879407127	0.263473818634724	0.131872674757698	0.228462576446567
0.229513368745947	-0.167125568108938	0.0125080029829078	0.639727867385087	0.637781315529721
-0.297475467906711	-0.143207911198304	0.1516089433213	0.250515811918711	0.553924430693047
0.226487025319804	0.401300274602767	0.549332161161603	-0.377435553767323	1.51662282760507
-0.0410071253111618	0.138440942150605	0.34287047142333	1.75185387160012	0.630224884015114
-0.257874544869589	-0.295904521594884	-0.219673815074275	0.633290161541527	0.256122250647416
0.066764475053236	-0.181425833354659	0.07435838595824	0.324447276055151	0.856914956462072
-0.0694246581681337	-0.0540494862137972	0.222952065349122	-0.0338889647893396	0.502745805253483
0.174572752734832	0.527579664821743	0.362587271707611	-0.331504448713967	0.965052794452942
-0.213721630647287	-0.265679893719712	0.661210954607868	0.523505365017322	-0.24526397584613
0.285850995884887	-0.56048373218578	0.103928214204038	0.151981518600024	-0.583113970012515
-0.0874863997497915	0.245094792600459	1.00440913007507	-1.26505733652881	0.495783839613654
0.0320468803874788	-0.13438726512668	0.0907984618159154	-0.40885791531228	0.379750002363037
0.185880091281253	-0.195393279185185	1.24117991425442	0.2738849667963	0.150606462247027
-0.0684309972785289	-0.0974638268631655	1.30940827533388	-0.805898624050764	-0.102823378297468
-0.0915875567028862	-0.221376887051922	0.685594610440594	-0.209924335393743	0.433827654836843
-0.0339279094993275	-0.184596647898483	0.952932005407133	0.594958785656483	0.517271929791107
-0.119127613748332	0.0922141421727605	0.695608356829379	-1.58924516903508	0.640411706876239
0.525041650181973	-0.205622239019478	0.73505199983876	0.730216161019697	1.11883070562414
-0.392923574569741	-0.92444138617449	0.0720143535649121	-0.185610224355307	-0.389759432770608
-0.00582036604890648	-0.0832797692376982	0.295146898870836	-0.842577371669788	-0.0910433536185624
-0.193207681955977	0.0207520702495866	0.686642660817498	-0.0549733627483227	0.501384588858
-0.323143683070443	-0.298334034560957	0.49667633607302	-0.130867073510369	0.395286891670617
0.08467649327603	-0.502614489380514	0.916226255838285	0.325880193882058	-0.0114838630654668
0.3667661740871	0.217201720356123	1.35073740496535	0.756615281276371	1.53907074978499
1.11723418800093	0.10389992582937	1.08748303233809	0.475188656181682	0.840769211740784
0.369877483596151	0.290870046071645	1.72456023647947	-0.488180521723416	-0.323628948444018
-0.084726760880722	-0.242349169245335	1.32181575142281	-0.0121295392710074	0.527045858157065
0.325208279545268	0.215597462437684	0.668530628459696	0.595931390677646	0.270808277720606
0.235983966289748	0.0720768603156629	1.02031264369911	-0.609339339092292	0.402409047319749
0.812950948850978	-0.330927250634117	-0.24632165147955	-1.02911972500315	0.11077363811078
0.23432307986789	0.100645240908737	0.334619322384284	1.13897986234367	-0.131991323469834
0.200330353721809	-0.345707973033112	-1.20960711673705	-0.241688792028162	-0.801801402438819
-0.00786170690496384	-0.106210622426581	-1.13270908587078	0.191927088189295	-0.225710120037167
-0.459832614828049	-0.0248005851675785	-1.44213943207774	-0.438733968216238	-0.299629366631406
0.202154248976314	-0.00311505887329479	-1.15899080861203	-1.21328321077572	0.20495204517622
-0.131651534374442	-0.248504441737872	-0.964900430854194	0.0819694161618552	-0.282564976804388
0.11009660386287	-0.151709113717328	-1.52763022555329	-0.24423767637291	-0.701858711235067
0.0567575532760909	-0.0977490253969803	-1.12015306981562	-1.24970483524873	-0.810476088146315
-0.182190351771366	-0.325603642561199	-1.45027213140248	0.927271141201274	-0.80744946672539
-0.353785584998916	0.0261486516284851	-0.722420830226273	-0.00595690092068269	-0.772418290806861
-0.351820513177656	-0.43375080492699	-0.865964492734521	-1.09213848987409	-1.16537315305929
-0.246748190409847	-0.453541734880383	-1.28156264067162	0.118201056017856	-0.452188862797731
0.231483981488916	0.0323685144931315	-1.34470494017141	-0.285867134752884	0.229812406122122
-0.446754797629398	-0.140340967588058	-0.946246973013956	0.20206458685325	-0.372392566892643
-0.153695509975876	-0.367806291547585	-0.853500458454097	0.532063067433729	-0.0276021919741592
-0.346190295826206	-0.246427535884564	-0.664608069036051	0.556768553110838	0.173242158250788
-0.452012839929431	-0.410429710944221	-0.41838325568247	-0.105054638805692	-0.294101944827803
-0.792345133007753	-0.072004570871384	-1.02412095411256	0.807449040990538	-0.191556602503856
-0.523399014015804	-0.431859124358624	0.113956133293552	-0.554026472399003	0.528107662283074
-0.439549915198024	-0.719078976833413	-0.0091269582712796	-0.315559491138955	-0.750853821213165
-0.4393064633224	-0.675510414041151	-0.00726010713905953	-1.12558261734345	-0.0744717213503364
-0.40984411972703	-0.903777226841586	-0.134484768436879	-0.744169474514972	-0.140507323726978
-0.278871846521808	0.647840034162072	0.441703930203013	0.681488335529849	0.0195670930737327
-0.57002104161282	0.0751998699290715	0.816187371464557	-0.559502678442984	-0.775096197187903
-0.363552217486082	-0.441459837146229	0.83727365484345	0.100464734536812	-0.672178127065994
-0.817100666013634	-0.3824004746254	0.392820278465139	0.286301197102389	-0.507276202389734
-0.397690538493351	0.0295110510192901	1.19949342783088	-0.453192036818955	-0.0322844358999728
0.0364285984526194	-0.175664187468113	0.670461213219164	0.832351261646597	-0.146194571462287
-0.532430043383658	-0.519043231839339	1.1841813072613	0.925630917818412	0.16606321506151
-0.0284558377126797	-0.141126181739754	0.794452552988799	-0.772629383126444	-0.200733232068319
-0.147686464426557	-0.179446256748055	1.07134511370056	-0.0488699455807674	-0.125151483227181
-0.0911860400323187	0.143700530133521	-0.0642221309937406	0.550406336127875	-0.280989839923949
-0.194240011471506	-0.0122804472578698	0.498002022100758	0.173392679496529	-0.363590239911123
-0.350671948419446	-0.584119603083694	0.616129889650927	-0.375056604620694	-0.250483437006516
-0.0866812980565831	-0.415117690172058	-0.113700930589038	0.428920934343289	0.33847673220047
-0.292685120128309	-0.063372760433265	-0.0653756772258344	-0.640589573200059	-0.424006135582944
-0.268330015671646	-0.138271625959427	0.0911185823710221	0.576353171037282	-0.145725360780298
-0.438329824731427	-0.375475893622172	0.338122918855478	-0.374248056731821	-0.961598462654439
-0.836972570226728	-1.01017393116654	-0.148812158021552	-1.12358021602231	-0.626159150082888
-0.194652072114605	-0.196499837925146	0.224135774203745	-0.201565766986973	0.0150796108717179
-0.286907668944293	-0.0848318116851268	-0.444107696508055	0.519783943421586	-0.125452918794191
0.0481185860584973	0.0472460736985292	-0.193524850836912	-0.348465176439619	0.0949508609261357
-0.0275646705699845	-0.182723047664798	0.284380557209782	-0.719032652523622	0.103453334240699
-0.140266381866766	-0.184629083767918	0.308271372883819	0.0394141265072059	-0.262030681376325
-0.00636997645678567	-0.161790715231123	0.770495388739714	-0.00296392786220004	0.713272517595103
0.747638230888993	1.10124786847687	0.991346176278152	-0.241917696591632	0.0579575922722296
0.455467242365289	0.266888137607422	0.572057154633818	-0.343282497159185	0.0314663527938694
0.101405592474791	0.135922778235926	1.74277766158257	-0.316709137835571	0.664170072845375
0.17544986180133	0.080372578477254	1.03283878435695	-0.214148789976617	0.573942370503458
0.424009890541554	0.256496266280129	0.942345323359793	0.282463895459721	0.396381779669107
-0.135168956440316	0.408400721364821	0.823758589272718	0.563768673601514	1.14898140923116
-0.00545421061363695	0.0109870338396068	0.724890867678254	0.187536015374297	-0.374229546830997
-0.826680958364832	-0.0155132757420193	-0.690549307161055	-0.955605862702524	0.237534490583598
-0.11901978669768	0.130293603051542	-0.822480233379452	-0.32026729087992	0.180193186422071
0.0912312227765603	-0.194630456528694	-1.41042818330348	-0.775137321915131	0.525549407656541
-0.505573839865086	0.477811983654032	-0.672927426045577	-0.909073118848162	-0.245382459977669
0.241848809402379	-0.0575291743447596	-1.18275307381526	-0.313692089667438	-0.166444492579413
-0.224206455699265	0.0392884345409242	-1.03390880641201	-1.04975473194183	0.252575289700937
0.548505814633662	-0.123790437003669	-1.21888482050927	0.34837782083504	-1.00984250224486
-0.173768296994102	-0.173826163741053	-1.17252592505566	-0.0626555625591989	-1.19542575549921
0.160747207183054	-0.47856465245389	-0.626727825850051	-0.363495358058374	-0.489859220279347
-0.549103022291451	0.224424328071733	-1.17191074220332	0.424457443036406	-1.02552146584293
-0.25872216773567	0.0926399483047332	-1.03332122611538	-0.070336564930024	-1.03318726154367
0.116437081734868	-0.208613468071781	-0.936417067705196	0.584010330189071	-0.585260774624448
-0.1523101953903	-0.656540463178864	-0.177632981467461	-0.934401895643096	-1.38259166870746
-0.453558058890092	-0.808708660986157	-0.915920676207815	-0.37862356808741	-0.556623106138955
0.0378515462738716	-0.221585697612759	-0.922979220171669	-0.734289888537039	-0.480030713818691
-0.174078938750927	-0.157865901797277	-1.23343079246737	-0.235637969819406	-1.17241806138186
0.0201856050481966	-0.095852554881219	-0.447070437983756	-0.918198102697154	-0.272351513096357
-0.86811390224489	-0.571411485599362	-0.953494272595717	-0.791195941276256	-0.501792087910355
-0.274710114954335	-0.0610098657497476	-0.32837223621776	-1.50860927672209	-0.908620469834205
-0.274700061478932	-0.547912187994292	-0.522003777910775	-0.166829222267435	-0.557055553348052
-0.661591128107679	-0.227674961029121	-0.0475158652917392	0.677912262287294	-0.201144591406838
-0.649025072235218	-0.831170187639114	0.0692294361164188	-0.293999218511937	-0.930487982025672
-0.232962904839032	-0.176886599622558	-0.567263862630265	-0.0256747178575695	0.200865243046781
-0.0643443289556409	-0.0994325606286658	0.550583584869695	0.36856898179012	-0.238911010315653
-0.268215477896184	0.206405328220494	-0.278647124996264	-1.26460903194329	0.0331310134000664
-0.237660536999829	-0.266009701685881	1.18949040986275	1.95487771330596	-0.086965830681046
-0.152390359204516	-0.323123411232193	0.430358684437211	-0.70034617395544	-0.300070271875734
-0.0245474640023944	0.178237684674705	0.64765054497912	0.734415213315012	1.32811190070417
0.0668105055594506	0.540786809361599	0.934797806797998	0.917344353179553	0.562807209520594
0.424325512533408	-0.0382896897952408	0.605202678174665	0.560115515837234	1.60534591258812
-0.19476352066763	-0.270375932126461	0.624704335521056	-0.216855630027198	-0.419237447355789
-0.219498338818218	-0.0965468136139701	0.567074028845822	-0.321835361469684	-0.47512062063097
-0.0792410678755022	-0.993503454915595	0.271785499689436	-0.376536687981898	-0.26303140964978
-0.535765730105085	-0.289624662326757	-0.39577061445339	-0.0675621198386475	-0.809257899795831
0.101347867849588	0.0324765985570691	0.360767085095844	-0.90157241698953	-1.20129055218911
0.115663718336872	-0.541062671659077	-0.575515821450269	0.485428400795309	-0.994517977259091
0.181815276629802	-0.467352680086489	-0.643666169332835	-0.0531216820989052	-0.943275732560339
-0.168710379902773	-0.0596521367081897	-0.0634893545234709	-0.529125421866624	-1.02102716518086
-0.0989958775192439	-0.437262387221343	0.0377737902210418	-0.196641693645629	-0.953828972766057
-0.338537642576919	0.20311231757801	0.200315673522936	-0.452489664962926	-1.26906160984007
-0.412604937795462	-0.524240155756782	-0.630181566868407	-0.535089437887092	-0.988568399884451
0.0769822878521586	0.22926952547728	-0.461522575600528	0.15117637446909	-1.81980510950932
0.0424083418441409	0.18546838304637	-0.357984610154594	-0.140898784009642	-1.28719171176636
-0.103862307796732	0.0254517554784661	0.0111429248324204	-0.220714555953055	-1.14334499964283
0.204447090639359	-0.323331539478346	-0.592187532022048	0.679519793748718	-0.861075595296508
-0.139378056089877	-0.0122568532257558	-0.00675307915678609	-0.0777377847038952	-0.183275234341649
-0.0562232270874831	0.466540786161313	0.298563946272384	0.295172318864975	-0.807208929847538
0.196139728047646	0.263079079983589	0.801519684444871	0.544590866938381	-0.373256277216786
0.0334336541383835	0.0678765373795003	0.767453672496637	0.0225033298724002	-0.709552398969195
-0.284620181381795	-0.112209850006881	0.409403765791411	-0.346552220896713	-0.87834340500079
-0.200862172844838	0.0920971700292754	-0.132355169829389	1.05645202739281	-0.713476879945521
-0.37570138463991	0.359886241955839	-0.412629594779468	-1.014167035416	-0.180213537519093
0.447457133811473	-0.0645439361462099	-0.726054979110558	-0.469859054267308	-0.823620848801095
0.127768621756889	-0.418196395097928	-1.13672886097642	0.506851762107004	-0.197182575414402
0.10879353123248	0.144884775391101	-1.37255395129636	0.309871891321152	-0.168669965068478
0.406243163664978	0.176712976816877	-0.946800134520254	-0.337588046302925	-0.391446295161109
0.0605622474919072	0.875391061622585	-0.782431021474079	2.12723861112047	-0.332202622461022
-0.118575411088892	-0.00982556468046771	-0.707766315964553	0.182183540256275	-0.535799934987846
0.139574087916231	0.0989934884954918	-0.516170765840034	0.519877059431838	0.543630358440333
0.456678626811054	0.55444233100039	-1.07748678126442	0.00573921807399978	0.0611130288938843
0.390995711280175	0.167296185326406	-0.528854721197307	0.357223533686591	0.307361640953194
-0.368475370393468	0.228410770978238	-0.366298135036034	-0.919288993076713	-0.0723784019998438
0.416610865475926	-0.593934037279833	-0.657994597947049	1.21281959718009	0.33016258982308
0.251366348452452	-0.497090311750896	-0.887367258992862	1.10237690029733	0.864611959312582
0.139670655584326	0.552661648560995	-0.893322614570347	-0.474082879462468	0.90584790196144
0.303083622527073	0.0800468701221945	-0.525863271127716	1.64589759326404	0.0323605213769186
0.00371608623517694	0.512353827648071	-1.1478161584855	-0.216354710362415	0.225776224312782
0.590132551238378	-0.0888725137271824	-0.455682030090822	0.876772452069775	0.0464833158032021
0.399244842943852	0.230318430682725	-0.40990662489231	-0.744664263067587	-0.0515769077727361
-0.223848983592059	0.389816776624783	-0.327907048074603	-0.529435752480077	0.326026434975633
0.127853843276985	-0.151842909315554	0.225496921879919	1.04251942471071	0.135537559155025
-0.27108413567793	-0.322812678246826	-0.330443835371394	0.921286504280824	0.166410171527428
0.100189121523439	-0.419139242979505	0.346558250339428	-0.891063366931577	0.117336479573139
-0.297191645027092	-0.0480515815431276	-0.621709110295282	0.439499502785608	0.385300348268515
-0.234954504391691	-0.313100701764969	0.307504427843388	0.42755601620425	-0.19362892540181
-0.333573165786087	-0.0113324760938381	0.297791500656364	-0.618312044849603	0.1693875053819
-0.116443384063045	-0.59917396432392	0.344090237805051	0.211529549489668	0.39103610385201
0.0751773958845897	0.778077766300681	0.357514703396537	-0.55527371152002	0.389232454272854
-0.257985659527608	-0.148863420196135	0.479917221408424	0.634996829717337	-0.168427844523169
0.125480552648491	0.0484886288827445	0.270501792526569	-0.226509618323046	0.269897081073498
0.211166471912771	0.337350619036245	0.0883551072190382	0.494130208471347	1.32161670495422
-0.159163758379858	0.641852369477288	0.814098528753087	1.22416243925506	1.31626822435682
0.578233548777618	0.488946575359102	1.29217602126975	0.00659300301638393	0.917885785545883
-0.185596862151558	-0.235786215226246	-0.0527320673871211	-0.0915626859475187	-0.223748768462194
0.0106756987211242	-0.293056239071246	0.219362041440802	0.526457602911298	0.955844069649843
0.114001600559146	-0.223055239730136	1.21774043340875	0.135557846251081	1.22245232522099
-0.0323177985186547	0.664050797225611	0.962102172665277	0.398624121144385	1.10889054008912
0.0199867102196593	-0.111988243935995	0.45691372605489	1.27049603716015	0.92248849278425
-0.290824511518293	-0.20883192366244	0.216928369234769	-0.222772897410021	0.437696330808604
0.173235165206965	-0.1406087819775	0.448062695837573	-0.29837787945908	1.43450536775621
0.337688449161168	0.400361551028067	0.701549730554844	0.0120000019666248	0.763573913891634
0.163949234356739	0.40584165269696	1.76455141695572	0.254217291713238	0.541523997342954
0.320708676538779	0.0259862271864927	1.16840905820899	-0.285734220783897	0.252684086728209
0.768582782556849	-0.160339744427522	1.82779428887065	0.457421193203387	0.843222068226765
-0.00512282387048994	-0.207588059838759	1.19531519287721	0.473414654367762	1.12345149974539
0.408181832708401	0.431977816038261	1.17412819888643	-0.926404331697485	1.12925324261598
0.556253441246778	0.600825706311708	1.94858865784524	-0.526990800967417	0.743629428122793
0.871784697840122	0.146151555257178	1.68549371768534	-0.392006968079493	0.667908418611549
0.484495146183564	0.0738440923856869	1.56339014546835	0.425070700007987	0.433635578478018
0.785164350176502	0.2652270603776	2.12256668144818	0.156346998509174	0.202418721111499
0.41897991203427	1.04328817138556	2.07362128773467	0.810082647948739	0.380502490150228
0.499801942783457	-0.00571079899080351	1.8450934520915	0.209196953546372	0.461375780733837
0.182378335946708	0.141825293011725	1.45482149230075	-0.562377287943605	0.985175306056752
-0.0927044586881189	0.531453905795878	1.20916251000353	0.161470062312894	1.11559492833113
0.335780429631782	0.548985131526921	0.348890583402792	-0.562200703537971	0.756979611734975
0.226865779289669	0.104879476016297	0.418244278218932	0.382183524843737	0.881191123133548
-0.382314484807841	0.32475522015702	-0.808487329511121	-0.399669451204536	0.758603356991763
-0.289597445361487	0.220377629089819	-0.984013456039745	0.550576685535067	0.845163463558839
0.164145485047906	0.0423386470024045	-0.932944608156146	-0.902335712956369	0.149890215071357
-0.0135943603690316	0.272562879832907	-0.868173899566344	-0.636459539775886	-0.274169852251174
-0.269349801408423	-0.452108180467214	-0.791817756353	1.10441750217937	-0.35118036782984
-0.232622180206535	0.0143774483102083	-1.51558967894698	-0.842545089322495	0.0839542736684971
-0.329572931672303	0.161456735463742	-1.31773272530249	-0.43676983140839	0.566497353530931
-0.269704674464434	0.307020880840666	-0.769030206200776	-0.716868366242033	-0.329677272510843
0.0557705237599691	-0.268906880576869	-1.48863009933428	1.41606964624314	-0.262725213331622
-0.596281844336584	0.143126108704361	-1.31594618749426	-0.13368990136031	0.105300323522867
-0.548490919724554	0.444671968641942	-1.47851664749453	0.0354365646591393	0.207996093195071
-0.337758589148208	0.15485197620935	-1.72759110129805	0.0711531240154508	1.16659564722352
-0.110123715238365	-0.250406131414419	-0.860697416883483	-0.342437078602511	-0.0694910025529401
-0.222263587091279	-0.0066181899254592	-1.09792895380963	0.0934475316487958	-0.267621405164892
0.399388522649032	0.54672248363933	-0.613959835217835	-0.679504140312455	-0.839868909697774
-0.261943226643511	-0.511420249674758	-1.18857659002001	-0.205541318331965	-0.465098448680611
-0.596210862735853	0.211594638581116	-0.652820242232379	-1.10420279006276	-0.923446801363219
0.360514189119761	-0.617353639963342	-0.15649866507246	-0.259498015475514	-0.163362454893408
-0.301017873995158	-0.152013630874112	-0.608393936266561	-0.506814611276373	-0.403324766954638
0.181518598283986	-0.211691525885479	-0.17590156925958	-0.0663727542196135	-0.176320420512271
-0.273003879450709	-0.0548222913283326	-0.580562128109751	-0.627627096293298	0.122147643913595
-0.175712197594565	0.0671849963119795	0.648644984860881	0.783081296535548	-0.715300355275114
-0.194443857444102	-0.161129888156049	0.0486283450844406	-0.84976105033969	-0.772186727233268
-0.280315787331714	-0.200208353244722	-0.366767603965494	-0.45784201409077	-0.672284522033614
-0.137495101786597	0.0167877721212787	-0.123923442430437	0.18436930484111	-0.360164726590406
0.286419466624621	-0.120851467027628	-0.363978375653254	-0.573564152436668	-0.844576992620758
-0.376428398230283	-0.5274720073693	-0.202050125646301	-0.323682185280912	-0.469821355527913
0.0708232115754508	-0.352126244867556	-0.193932298086105	-0.602543364768841	-0.112322127806644
0.164821481136856	-0.192119912333269	-0.697725519929696	0.858375318736522	-0.0415919641930379
0.164975460728665	0.362171658026036	0.163275199759182	-0.747258757541866	-0.234921871805432
-0.514131508905665	-0.169737764232407	0.0641865107097824	-0.359126315001463	0.381989621991055
-0.0457653731501958	-0.204189576778426	-0.196414561663728	-0.828455570030797	-0.0194182688693087
0.0993572092333304	-0.229664139256315	0.274711502657761	-0.696776861294648	0.230447634086346
0.175896396706586	0.230694531386564	-0.355590610181217	0.193538983633589	0.696875865697302
-0.303500409563282	-0.215356872726261	0.792244237566672	-0.793101486109491	0.409211216678298
0.237125449023733	-0.581625365692913	-0.110934913024101	0.396365326273805	0.215145452684369
0.324125389167002	-0.337733854122233	-0.205052838919815	0.311909707381123	0.552678491597233
0.337504294096955	-0.476772745737512	0.0730588742478993	0.536890394332675	1.13229576598722
0.29677914491291	0.240841097315222	0.712958377601208	0.0556202769814445	1.0598517961947
0.482141919828658	-0.159770806274074	0.85347963533895	0.544642991058164	0.437549562748497
0.906357548466751	0.15092446997908	1.01808791773069	1.43182401869479	1.0311421766676
0.395460881748537	0.520963398436129	1.31237413431108	-0.528917223689683	-0.0235870982988495
0.356508472721628	0.553523707268085	0.925343631341547	1.30699390774547	0.904728778152048
0.852346920370312	0.794788702692367	2.04120453498671	0.0454492183466774	-0.250363441301219
0.141660919292977	0.424304833492078	1.27154425096821	0.967618770190978	0.083174821350045
0.704019101889511	0.350875131870625	1.6231133767923	0.160313675711842	0.614494490698213
-0.195820616227463	0.358133689787222	1.67872213299819	-0.222077208634408	0.404893457406904
0.576612788031869	0.536652613476572	1.67759076920018	0.738136433134939	0.116073234084689
0.173350159001606	-0.0833913870075646	1.48200655318275	-0.66248060711759	-0.292051073808748
-0.260070264991355	-0.549139130201791	1.36852064965571	1.15255408483881	0.501525399313101
-0.635523118346958	-0.0589127223401299	-0.0331107057513821	-1.09913974971244	0.294507133931635
-0.123159178139446	0.467808901141989	-0.168006928808042	1.53472311900123	0.396899219579631
-0.825525454736128	-0.170620380174114	-0.486466119692402	-0.261000754467701	-0.200196603337916
0.346918224483475	-0.453322279255482	-0.887358034992481	-0.0629366774001917	-0.0376582149272796
-0.010141832581415	-0.321273322360561	-1.0569078958464	0.993085985381022	-0.67475543959203
-0.168448185349727	-0.171391087058453	-1.03682009876866	-0.579866732815669	-0.920008839382973
-0.243245359357416	0.162195660456215	-1.29662115794534	-1.11155290270507	-1.19001478781699
-0.450049674892412	-0.595349673729771	-0.988680662528583	0.0571896782092426	-1.5955165403695
-0.384445328554822	-0.233276286736811	-1.1202372268074	0.678735641383126	-1.26788667461899
-0.264948807547731	-0.3132839655239	-1.05784958610149	-0.511937139303357	-0.765842572103291
-0.00236131994723333	0.256258732746392	-1.15586437241585	0.358887240152822	-0.851512563264237
-0.054700263389218	0.427521418451044	-1.18286724268709	-0.755829240608249	-1.21003571991395
0.840538176911886	1.15558696315586	0.245826825138518	1.6443465153587	1.12093355044839
0.623681776869775	0.0643566688445567	-0.343291994296314	0.410855203417206	0.302978773361643
0.707292736616358	0.589920198155314	-0.144276936346612	-0.37158859817346	-0.564189915339372
0.244429759148652	0.189564980734279	0.229640883817809	0.858030451415671	-0.879388578075665
0.436068706121159	0.535729049432259	-0.157920002111398	-0.614632990992899	-0.394137278552587
0.349984434428924	0.393187655620014	-0.0748293229981451	-0.898991755127012	-1.21307978389675
-0.0416896018752517	-0.621681459179295	0.213907876082425	-0.274131339701034	-0.896896087067772
0.112181182669792	0.344900194891099	-0.241240273969291	0.471671924247692	-1.1175969854845
-0.0336845352901424	-0.144238494015707	-0.666760303504698	-0.285620449740347	-1.46052013212518
-0.23287723568099	0.315189499071503	-0.697126257568035	-0.647843193048631	-0.193642961140826
-0.22748344360057	0.120742055809762	-0.7028300114323	-1.15338967970642	0.0610474266974831
0.0230474513690878	-0.0953952035863329	-1.06616522623937	0.562414221713595	-0.82921085106679
-0.187108290609091	0.424971218248027	-0.986070076280216	-0.609743538831753	-1.03588458050603
-0.528930229887993	0.0578725616033364	-0.990789140585057	-0.00958997465616513	-0.641181885225496
0.294609906632653	0.0977893294814265	-1.09478594214879	0.214285210194002	-1.58038480310939
0.0746391270524892	0.0183125356263459	-1.05671751672679	-1.1885934696846	-0.777801421913331
0.111960403525663	-0.358457471562726	-0.608443876999321	0.285325536995545	0.314051233798868
-0.254952094562594	0.0717057109374885	-0.405403886966504	0.00691361631177779	-0.751783580581685
-0.330379489968457	-0.159763997105237	0.171315873734031	0.878474303157145	0.334187438619093
-0.184158866640126	-0.460992767118491	-0.311272969521407	-0.314903770591687	0.778233001870197
-0.461143876546284	-0.626545314131664	0.334342667718734	1.42659335266731	0.67958141456151
-0.671824092306018	-0.350964398790618	0.32559323166813	0.914291806896676	0.969712544509
-0.340595627345389	-0.182550416715181	0.066741205682932	-0.251302533597346	1.34364969278735
-0.480527705945403	-0.236614701270328	0.269062194194856	-0.28619076194717	0.811262214732926
-0.377700719572819	0.618427369397401	0.0911528853406794	-0.392941917404884	0.954153727474306
-0.351333866653839	0.36900237718705	0.462869392586335	1.53341521558442	1.0569553710978
0.00573958750272972	0.105980459298434	0.0407411577646088	-1.3299536885786	1.19104827366534
-0.607312517394298	-0.171753565123473	0.415611750238411	-0.0522618333417712	0.779012122654658
-0.0567318064179297	-0.504858046453769	-0.285809108801148	0.720887414995476	0.84177995001591
0.23679131335283	0.175165655139072	0.626579151629023	-0.16666862448896	1.09101467083003
0.319538734184892	0.0317322776694539	0.67972143887516	-0.653711522588562	0.746959978032109
0.0479237138221158	0.0283602294226227	0.788428693608419	0.487521003078443	0.748710680844993
0.376782223664222	0.16813037392663	1.24401451733264	0.108755524907178	1.39838799392119
0.443114562113494	-0.0952663178816388	1.00033186250216	1.03629466912823	0.449332916389937
0.522554340691768	0.0242249421041088	0.907766287590653	-0.130912265290958	1.17352679582994
0.252500215815024	1.10444510889251	1.03818559449064	-0.00659317430114387	0.637652962121372
-0.0595731487069176	0.367382434407772	1.22891247505584	-0.889112082869345	0.301475465992637
0.208345763499714	0.200485908808929	0.534648438298599	-1.25620132111779	0.676700692950119
0.29982200189982	0.0676158896337198	1.04250789530583	1.10249718126266	0.417355542183474
0.143550191442044	-0.0668347127978694	0.575294501317092	0.990256889915629	0.923179390738389
-0.571283718843534	-0.0727750931828447	0.50376857427886	-0.220911522316745	0.510837589807949
-0.400637617213141	-0.534475024104479	0.441415236352501	0.345710153939949	0.307847593317522
0.699914547933934	-0.183696590372101	0.826228093486593	-1.2842121569015	0.205619591011698
0.129839862496578	-0.423743037689495	0.393817760381429	0.771878607650825	0.69565402765091
0.15029167542474	-0.549940348392495	0.927042069190069	-0.205147408137484	0.725912594486402
0.12996382003827	0.240027601727457	0.949342727813318	-0.438020947848637	0.269627466015661
-0.07007722996434	0.39226578917535	1.00492001945371	0.186495850386908	0.5891542252137
0.525042375735636	0.621158445192235	1.33658772321654	-0.533564798677145	1.40491210864658
0.0572450023519733	0.806465893672324	1.7134640397527	1.282599033455	1.59118250390798
0.162591443487315	0.0607899450816192	1.19760439157407	0.916872114900794	0.977632462865412
0.476155492070473	0.74272338635247	1.98960913985864	-0.242211897389149	1.08372485570884
0.970630338795207	0.453814918467566	1.67944230766752	1.77195010362721	0.711989907769081
0.237305776959221	0.154655399549367	0.90501630946167	-0.11655570995066	0.262774763542048
0.400933805359283	0.569505864771015	0.0188109376084688	-0.402588235266008	0.112213996032893
-0.0608698229788978	0.502163700868634	-0.271169800638374	-0.0369183342596694	0.127119005938233
0.067561371489141	0.232832278470741	0.0537765657506683	-0.936655981711535	0.303695027734967
0.119013879224999	-0.0543492768546199	-1.05394861089762	-0.0366207272011481	-1.02520058082106
0.438273996630342	-0.0425099176828556	-0.415013480560748	0.349919639424701	0.170535586231831
0.167197944353951	0.442511596909185	-0.511591340451514	-0.466577432402085	-1.00159301441425
-0.222420791446146	0.226256032552115	-0.0577827492608806	-0.763914905228709	-1.33512570881563
0.22765215372373	-0.489306601733045	-0.41537401030637	-1.12670320019507	-1.19631252252384
0.422354276797831	-0.482952391683696	-1.26454383068473	0.349691232137566	-2.35305774617456
-0.41346826511154	-0.16138558793186	-0.999870292206309	0.503290078102002	-1.00904386200888
0.338065127802077	0.414960678793403	-0.937591970233507	1.3446747648892	-1.490637974218
-0.0165111831541375	-0.187118437736312	-1.01953086403055	-1.61244012414591	-1.11357220273449
0.509479086776381	0.0499063895928181	-0.840441839569075	0.759369171152339	-1.25339000878962
-0.142911194157974	-0.34551548619881	-1.46402302986458	-0.556964317546436	-1.57371686021091
0.0469489707006752	-0.371975961827721	-1.1997735737874	-0.0705102260447777	-1.45594429439481
-0.64545663795779	-0.463280563424659	-1.02071388951886	-1.23037627334577	-1.87338198281647
-0.362270037972061	-0.578741635712279	-0.888480506431765	-0.842511478771881	-0.991145468930409
-0.11522747503319	-0.538228793906035	-1.07222089517542	-0.605521779688185	-1.33420609850229
-0.0864747711521491	0.0342559394251363	-0.414943604765755	-0.577840465049221	-0.541194329563612
-0.584573593682231	-0.483459143912867	-0.609886297645508	0.663136243509117	0.0814006176794113
-0.74594109477744	-1.04847128840106	-0.856497727464598	-1.04062384976131	-0.860352023320658
-0.193918865584617	-0.379402479782958	-0.84951021078939	1.41789744002791	-0.150915801127802
-0.414184220269858	-0.126931802049569	-0.799497424449868	0.425999033342929	-0.174721507064127
-0.0686717008092176	0.261149018905354	-1.02373359734678	-0.492357038846379	0.584880590902941
-0.61267308878927	-0.0192475551544703	-0.771375210729113	0.15159442530493	0.29757330227503
-0.176227870153977	-0.45077321167028	-0.95993954875254	0.620703896535578	0.185566197563877
-0.0955054103521868	0.129579533660034	-0.607469133300729	0.637881737085843	0.947000161801769
-0.171687569435039	0.0379129765257533	-0.586687972946141	0.530752899386344	1.30375598042235
-0.382306752906653	-0.5300721059402	-0.00545225789369869	1.6864241440086	0.317847176806169
-0.832033153958926	-0.375123073232545	-0.189631127601299	-1.22169025297319	0.864386104963248
-0.0545502264949985	-0.291812215006006	-0.156079007925849	0.419063539334034	0.804808016647914
-0.000442273627066488	0.383658065898818	-0.21578137161166	-1.16852313765257	0.102142467960929
-0.173176537434953	-0.33063291581721	0.102584112973852	-0.844400856306256	0.279747290713377
0.339112843223743	-0.157647858029185	0.392353686648452	0.46467774764689	0.14825649391494
0.0254574282135229	-0.177266497639233	0.558907869724859	-0.343490282633508	0.137957592113855
0.32984272103875	-0.286799674154196	-0.410312313256612	1.00948416900997	-0.299424363389036
-0.299537813773042	-0.497968952034107	0.760551067945038	-0.496310614638762	-0.0929685955981296
-0.473613434071688	-0.193690336131096	0.0873142449785452	1.95130780122612	0.0883678004667659
-0.0615905255573421	-0.344065828224741	0.9241927410277	1.5083634843418	-0.317017062269131
0.35738932479798	-0.221088476451319	0.459790007172848	0.173221079941427	-0.374447502844319
-0.0352206265594083	0.324372540243654	0.40984792682046	-0.271975322527497	0.432626904972614
0.172774798630025	0.211146837117926	0.282402588988351	0.262321589834818	0.168560793918124
-0.201991253802456	-0.423823630645769	0.131553533035091	-1.76645028425048	0.314317844093955
-0.137390348553	-0.742944072499909	0.656074283196029	-0.703643944309874	0.278857193194839
0.625063821067839	0.712671496883116	0.344036782566791	0.0609552782025515	0.589700471776281
-0.165360976852313	0.115123787574219	0.474773377395804	0.949000280438779	0.503346761979909
0.0584699255258517	0.289527313918138	1.37560699089256	-0.127411134462316	0.815662284728027
-0.132118324973595	0.257025342535139	1.16319207650451	0.207523526948416	0.727567950702895
0.0682265722640298	0.434496721066305	1.17438383439245	0.0764948442819437	0.514039990666518
-0.165474321414287	-0.0946735491255121	0.949267599090081	-0.472934558788376	0.271214430896462
-0.117163817675405	-0.00274994186742328	1.21313764858367	-0.368080758937956	0.222581066188753
-0.0187950296193195	0.456465400916321	0.716904339378673	-1.01071494251625	-0.128348548050403
0.179271846083657	0.393553461610514	0.48942712369415	0.424260339064935	-1.18954029384664
0.275005641925045	0.377121366087885	-0.0548765436025026	-1.20916010070052	-0.42716414997223
0.290572307065236	-0.0644854330501897	-0.596069407665958	-0.220067941986625	-0.956209565560003
-0.595725744825456	-0.477911950715907	-0.883725950016051	-0.842399488022639	-1.34790416758631
-0.648997475985919	-0.385376621253144	-0.479858508762423	0.516557935791047	-1.22975123415466
0.415678468495782	-0.296867906265282	-0.948040287789739	0.385964678778914	-0.318820922879806
0.0805766260688692	-0.322863899823335	-0.811038609825433	1.20425686590666	-0.788818065012555
-0.0321388219553199	0.13099460903893	-0.986036920261803	-0.311560633266574	-0.814544400699862
-0.0678213471507745	-0.195970350796263	-1.26420668323632	-0.783742537765078	-0.760864566360292
0.0749224735685815	-0.276578064291121	-0.284926939781346	1.00755751654769	-0.713708480844909
0.205334636250187	-0.361367949800906	-1.37932293604914	-0.78876131381625	-0.576303724063212
-0.123741915286368	-0.222452998940772	-0.395037875120484	0.0877409226243566	-0.8341620904417
0.0779019818496558	-0.47169439006537	-0.70372836537681	-1.71974759208998	-0.762102318351424
-0.312376350590303	-0.852749869782845	-0.703000205984997	-0.262440700222091	-1.13438356624861
-0.334107517921266	-0.587237475021867	-1.46390043342381	0.0416220509475534	-0.76039421988553
-0.0350313314527169	-0.876343905390426	-1.43676372241956	-1.92793560151032	-0.972804125669752
-0.084331756090103	0.128001075270264	-0.674426841809338	0.0529583350690787	-1.14289005893935
-0.598886693386676	-0.819189003864077	-1.06495234703323	0.081589872253648	-0.315057813310424
-0.704158359822944	0.112460768267056	-0.866423926423887	0.111477786660555	-1.10701744197613
0.213262039445084	-0.518714531686947	-0.62261114080468	-0.696118804572359	-0.633202183579506
-0.171570512944214	-0.0572863982286073	-0.197292113631532	-0.232361850261916	-0.234529159932681
-0.339729989645295	-0.588343666000948	0.0125554833267734	-0.426863504384093	-0.139585640459933
-0.364482265469561	-0.300243031587807	0.155397965539507	0.496142737039233	0.307113640853615
0.409317950166033	-0.0624862342758088	0.178417728898623	0.673896603889899	-0.0111718026448196
0.171791815324136	-0.341750989780011	0.275881050816066	-0.40042482271561	-0.395894591391399
0.240982833322656	-0.335417569555881	0.338999041851258	0.158663262452884	-0.341822669805174
-0.554865631679889	-0.547748438813821	0.565433330241789	-0.708302190976019	0.650347041436876
0.00941676202126915	-0.27763157520139	0.433262650889675	-0.37417815221108	0.0955464071119366
0.208059486612565	0.0386047439483567	-0.226389822920576	0.818135725868304	-0.188630401258579
0.644656909906108	0.403125258340471	0.208111440986561	0.691304251797339	0.778755351676776
0.000856392455200104	1.0492853488107	0.365903954261993	0.395238138384567	0.885096334662074
-0.432634067775946	0.127933310424799	-0.1040088011666	0.363101877209501	0.419898063436228
0.0999507983055788	0.689313172012233	0.0264945202402427	-0.800799704515723	0.358897547645405
0.276791825665614	0.433221005621136	0.100935750864679	0.0839200025376067	-0.145845152241106
0.124632384770015	0.116778696265164	0.570731277281721	-0.985102758988257	-0.118750315364551
0.219801120584691	-0.429089650357334	0.119893158088521	0.567107643550299	0.108758602570278
-0.365144715470082	-0.538960056883062	0.362082127201566	-1.06593907255824	-0.56194505623609
0.0189380635445321	-0.394387259276684	0.256895949930344	-0.468070300816462	-0.751292274656919
-0.430136389040979	-0.201366405114556	0.0787008850453191	0.270305889235995	0.3423547380415
0.0101314020184539	-0.611244753001423	0.0821036756240398	-0.989955325630742	-0.419622978082225
0.0791480327794625	-0.514892787363008	0.599994571161557	1.08937085761674	0.361851680586296
-0.0858996548098877	0.326177000400957	0.33748554603207	-0.515617689282526	-0.040998325012119
0.193495957996359	0.261714557728439	0.426727052304925	0.536334673317555	-0.10066041960228
-0.155262264129093	-0.483912197708381	0.430868161120696	0.286468183555886	0.27291624839068
-0.220782336705921	-0.122577572634791	0.150389937506684	0.548871994562965	-0.305280706662921
0.395736619623679	-0.439437872103843	0.317783865486606	-0.691692488605321	-0.0370414932986795
0.457116140604593	0.237303853380445	1.11871928713245	0.496718526213843	0.586829178589183
-0.102538816403985	0.709714965376076	0.945024685468971	-0.753003809378402	0.18010434827935
0.427015884584935	-0.126465515694443	0.942739002661437	0.05884143586527	0.678544833652884
0.13419384968142	1.0085579328665	0.807508467427329	0.303598032702162	1.0122053227817
0.664328334675919	1.08244413289905	1.48205313907241	0.616114445804584	1.10100216914473
0.442151288029918	0.602164952558483	0.851681900015973	-0.176038779899251	1.46194821355092
0.127055855465442	1.18855900193146	0.722579774086233	1.14773802988311	1.47551157264704
-0.118352042376926	0.323794269232832	0.144186301966342	1.88299504890422	1.02399050181435
0.753154390304495	-0.0887574154567014	0.410699290414715	-0.345352713522875	0.618974893529181
0.375355933153294	0.169436462299891	-0.105397835548504	0.0211645027395575	0.337098347163
-0.01137007036292	0.786507735623455	-0.46275340324891	0.285396093770973	-0.138357532212173
0.0364990558554368	0.527670239997884	-0.686751709551661	0.784591300396901	-0.228397472348101
-0.270239066787565	0.124048315399835	-0.693614105357733	0.69937184145436	-1.20244335625818
-0.301999333262904	0.268503173405266	-1.17551484110315	-2.03793606030951	-0.53706932936117
-0.245144451752402	0.00663704883637745	-1.06499980973296	0.103853602723373	-0.79429809471643
-0.424383428404622	-0.763207217439552	-0.905879660822838	0.441599608281597	-0.63374982648733
-0.212511707737484	0.137123630896563	-0.837138452241338	-1.17861645540079	-0.0295270268080111
-0.389551919810653	-0.203948128073857	-0.862154222806954	0.581215965640098	-0.936148773094043
0.0993915949824047	0.291306650905792	-1.00180404300646	0.313775759282423	-0.792794989636047
-0.110193032106442	-0.0600629868337742	-0.849251770788463	-0.961100030409916	-1.03187430469685
0.13141358578093	0.321575480015255	-0.998821003292562	0.214763864107714	-0.840845007410043
-0.58610939971172	-0.296397771082805	-0.739253398184037	-0.786939281789387	-0.676573487508337
0.0432464575789666	0.431701975636528	-0.700073834639209	0.611065499627608	-1.81548089112785
-0.022194705786428	0.0904151526171065	-0.85625729667008	0.994398868241894	-0.524378034144263
-0.387108370103483	0.214581014231393	-1.02388077241686	-1.11589699971986	-0.405047545991719
-0.794033302474495	-0.52179268503772	-0.513870761787315	0.109375371264774	0.156605017088435
0.0850778267048081	-0.264479298736767	-0.0457165487218133	-0.5267229915313	-0.773171261657964
0.00841118397007908	0.0992517119392191	-0.757476151391249	-1.58974765113863	-0.674592922914383
-0.490153192622456	0.0890231329898174	-0.32234611904176	-0.0593555134400002	0.109503969305099
-0.0489483734555849	-0.178477399181077	-0.0311785225287737	-0.039094150914437	0.0791797317302549
-0.480236270215843	0.122349348947467	0.117240544833482	0.449344225913059	-0.188569957344978
-0.0339751233324382	-0.181446354530406	0.326427983479515	0.14551594321815	-0.0188467569132535
-0.0409707450131241	0.355860544456721	0.175925603891761	-1.77823180598855	-0.277234586898322
-0.443940315486238	-0.355260498834379	0.361629879469969	0.0327697906589094	0.869900157735617
-0.812141162681624	-0.0607063623339363	0.324634323272096	0.688930328586522	0.23468009376868
0.282961349758117	0.198518593338532	0.274314006001957	0.304417472032148	0.837454578671286
0.3682317521128	0.323077040375615	0.815217157724087	0.906170965681977	0.155488614859721
-0.131478459599516	0.667753227575509	0.578225906819832	0.524895099620403	0.452825293041467
0.317960572939324	-0.0435643242091053	0.798847134161143	0.250919144567111	0.650163478390305
-0.307220059821283	-0.282563777636064	0.886131704525735	-0.615085410151702	0.351214351447022
0.0925378191095527	-0.362691061815971	0.773170875460036	0.687000823572702	0.339675748393759
-0.212942100973128	-0.0984859350683263	0.962836620188341	1.39158673629757	1.10006682925649
-0.128319265125695	0.392027599704908	0.517425641283603	0.467490298116898	0.915784049936793
0.207713587415204	-0.625814774286233	0.466671099752185	0.756910766716163	1.37055843544371
-0.289302552245303	0.723641491688528	0.751407307879925	0.734671972340569	0.693309958302115
-0.134607553056696	0.064403777112609	0.708340598645857	-0.192977399981153	0.974781826536791
0.512492677239567	0.671765657478808	0.616321363776205	0.757659428026744	1.28721733149636
-0.178898577335609	0.564561182036657	0.0863014390902433	1.04986914598066	0.803876104467509
-0.231349502978744	-0.0511344444541025	0.403138360324265	-0.549355599226356	1.35065029789615
0.606436522043126	0.930948258588605	0.969484712034507	0.142082866436067	1.44361107763161
-0.00985113520509712	-0.101179743048373	-0.441350468470307	-0.771896521486419	1.4737471860926
-0.642398365068772	0.244263183528719	0.428618449840924	0.505399332722628	0.640775209655352
-0.00990309884568679	-0.0731436212387654	0.781452291760335	0.132642655584529	0.979111070559038
0.475799881300339	0.279016057906669	0.226584260561476	-0.340437584926715	1.44302487740166
0.660750317869394	1.04759347135862	1.37432371784929	0.668370988952456	1.60599627685925
0.552231054061849	0.767360483345637	0.962288857158307	0.611649564754109	0.75457382758749
-0.101527935392593	0.110439395909871	1.01073258798488	0.82498542306016	1.80279547122275
0.214855191514141	0.836330632124187	1.09010033743404	0.251763763746843	0.402354425370255
0.0389507331864864	0.385707953500793	1.16921364957084	0.591761534038565	1.47319096522056
0.432102553843921	1.28743947703291	1.37145787056005	-0.0859391590168386	0.88728792637628
-0.167866696898473	-0.388499866264412	0.844888973148619	0.480024995540728	1.19455772188512
-0.139777203960246	0.50688588450572	-0.035845706500908	0.395735735545458	1.09018956622687
0.000595275436097134	0.227018824512369	-0.0184356887408579	1.0431888562287	0.252084211756097
0.738816273130716	0.242506360419257	-0.529697867141576	0.769134517733426	0.748529376684964
0.814933424132902	0.641707584428783	-0.119215373041815	0.290142061998199	1.0238650806646
0.493954965339342	0.700369087698956	-0.576235702872925	-0.349543014106727	0.611598016922252
0.524604361897017	-0.52789612345946	-0.62731220872568	0.843736284945836	-0.747893712100472
-0.300081707133697	0.157759877919332	-0.688266519457882	-0.491682007989752	-0.608619449622964
0.56769204838862	-0.227164189542683	-0.806321008649236	-0.55896137315881	-0.138370760023638
0.335543708830727	0.109397455045066	-1.07538059440497	-1.47449435920512	-0.529261368947325
0.455335779553277	0.150933379454961	-1.23429941969112	1.32688011145395	-0.976167474477613
0.126028212004692	-0.636899040969639	-1.58225212305357	-1.10594614110819	-0.0844936250220414
-0.0176249946133539	0.0350440712042647	-0.722931649712207	0.28370157727967	-1.19541146265998
-0.21699788257074	-0.580518758594192	-0.604308628604937	0.641658024672627	-1.34315731327758
0.553638839245032	-0.599831932168621	-1.0117886329149	-1.6794512050016	-1.78592664177522
0.191907686272812	-0.58537179024101	-1.2284696885438	0.192396358163991	-1.79311953380352
-0.924989866363766	-0.619118795693658	-0.958646779931403	-0.571330290720997	-2.24626189802706
-0.00935234450984423	-0.113466386379715	-0.85175471051116	-0.694004472549701	-2.27435348757558
-0.669970479776982	-0.944555423318952	-0.664372366742836	-1.02520219173915	-1.01014488166299
-0.578212115840287	-0.42554376899009	-0.377077730044551	-1.17754963737702	-1.18665218144185
-0.55021790782595	-0.91503476831694	-0.826982471170543	-0.408016330726967	-1.27858105725316
-0.648319537066644	-0.522433727610899	-0.139942066510194	-1.83470484862968	-1.19826181548925
0.0574932605261259	-0.517196996516785	-0.818952085964997	0.729811905808416	-0.596496048860193
-0.221213256496535	-0.357805496086265	0.155797627420345	0.159004074253097	-0.615675126519817
-0.573964159031321	0.0366984710052818	-0.383213291970959	0.17432908569175	0.293902067121735
-0.582891258194961	-0.303685369111614	0.126947858787559	-1.40615377901804	-0.0889203751367676
-0.212456098410881	0.408585475660371	0.269561312502159	0.169986747980203	-0.68485508966412
0.147463630371772	0.504325395376828	-0.0448697256292776	0.561717409751877	0.784166909613219
-0.198569954902656	0.0661304267112204	0.168703910455944	-0.693999612302137	0.671627457721616
0.228513932519622	1.05904381760757	0.55377475771856	-0.49438095186356	0.669367287293374
0.128752763235928	-0.00771377034836173	0.625043197112386	-1.28472091081801	0.598565350087658
0.374422136080832	0.404195364234519	0.645551094788062	0.440307192744133	0.718412802676938
0.129196728534405	-0.216340405817086	0.405684003355518	0.727326340175657	0.818794770426822
-0.489610993841226	-0.482990700397321	0.720098198525297	-0.0777088009933427	0.241673882904175
-0.370366053141147	-0.736590032173392	0.827956833967337	1.31581481333858	0.046645879309297
0.347024639303369	-0.654488213268832	0.861467201182563	-0.477410483567046	0.412044009815918
0.531135290467687	0.573170475287214	0.513351535318337	0.293053928184171	0.939236125009162
-0.299576894042189	-0.40472263611294	0.409933009868063	0.290132569459285	0.923896305236916
-0.105187270679619	-0.594862568730415	0.492491005316555	0.429417484003517	-0.440229692435252
0.27413186356895	-0.605449368812311	0.37505010614529	-1.9496111853032	0.409898405817638
0.0780692791016038	0.253551150429304	0.911485343247249	1.91498564466271	0.954837842843222
-0.330678949581621	-0.193493031133563	0.162238916407902	-0.0178579385272696	0.262209547806619
0.145597144373271	-0.140922754541271	-0.104611867928623	0.115234977463004	-0.334518144194597
-0.351692443415334	-0.31908123480469	0.322310536275535	-0.91444073908228	-0.627067360079781
0.153579262741219	-0.204593735883353	0.524421238037851	-0.307564777795179	-0.139462785302884
0.160566142077844	-0.00311718223794406	0.568937134439631	-0.265003150352941	0.00812596075182275
0.0881437311507556	0.472601967666063	0.467714033216397	-0.524730916545934	0.635292970077562
0.0465227101955407	0.126484667417596	0.204897780448359	0.0603703023559375	0.245692335441106
0.490948677621926	-0.281864340903837	1.06880114627929	0.437662051204338	0.861208375252838
0.308081611318453	0.176589814251477	0.764066656837501	-0.0985282244130878	0.32300494461729
0.705213970639203	1.05942197669985	0.690751211952672	-0.0476836675424836	-0.0809211728911208
-0.0863799265999137	0.105282723510338	0.209160030974857	-0.10208584515405	0.928021975522682
-0.158769163707757	-0.610882273349355	0.113899064409156	-0.934198251231285	-0.10204639105473
-0.0137697255471852	-0.40445782544374	-0.373832363778139	0.142639438795124	-0.251689749600153
-0.0595837919688219	-0.277454122030796	-0.393525102822879	1.07986423458827	-0.61253999572049
0.447649553983802	-0.208333652931516	-0.829968700073124	-0.148705053548846	-0.213590584701816
0.117055353203629	0.476248752155237	-0.465185492414759	0.125448126174988	-0.607326490820883
-0.0671399901452739	-0.353822294041575	-1.10542953259632	-0.157760858042055	-1.13613789234221
0.0342348389571624	0.345369352730764	-0.608710312944107	-0.0277702242548402	-1.2338490062305
0.260930923036614	0.760025922169767	-1.10626978510733	-0.636869615464356	-0.539284901230329
0.102279762244857	0.0056162436024914	-0.838579125415417	1.01525471091467	-0.649089458785929
-0.0515882886798848	-0.498809160543181	-0.817375113688412	1.17119057979279	-0.958511754964543
-0.103155375884957	-0.252716493516486	-0.911695280031871	-0.251693016484265	-1.0893879281603
