0.581736971928752	1.19647052394685	0.414129458843613	0.606701156059719	0.870690229980835
-0.0534501168049884	0.373974142149997	-0.344476774307092	-0.157767327286012	-0.258749526614878
-0.644707925121966	-0.460194061316424	-0.494766457595005	-1.70814583109793	-0.510645360097736
-0.836791439754201	-0.526583747462237	-0.555885803772134	0.118588768617159	-1.07796725491381
-0.781189035557242	-0.713157145833196	-0.530729012719717	-2.17435846783451	-1.20629136761737
-0.719629122330604	-0.330140371618448	-1.0556965968717	-2.57329415715531	-0.870756834338856
-0.108916664745778	-1.61801769196695	-1.36572927963934	-1.55255440344183	-0.233332780564128
-0.248816990601011	-1.1369983595196	-0.781150084634876	-1.3686231538727	-0.529257553856242
-0.532253971913484	-1.80956897797606	-1.6012619653405	-1.18046200845518	-0.332975250032733
-0.387446029245322	-1.46911798747764	-1.26029844158132	-2.35069243663152	-0.876643532577526
-0.0998425613975619	-0.658098926594866	-1.38346327326616	-0.140867129170981	-0.764299659810272
0.0790896000931245	-0.379136991065244	-1.2411085493322	-1.37698493454993	-0.501177353053407
0.167847056910446	-1.01297462454848	-1.25935130404843	-0.162680224203082	0.18781426454264
-0.393005495214455	-0.76305355496108	-0.727463639557267	0.431009462712985	0.58279997545547
-0.365535712651836	-0.66227815082265	-1.02423626271889	-0.25119286925245	0.235834648495404
0.209254120384668	-0.604540423718266	-0.492016828438256	-0.619355743282275	0.381395326530677
0.485310847663369	-0.0350684143525453	-0.553201267047227	1.06254452749384	0.857789251108116
0.262101767394965	-0.185758578485856	-0.0477330594265554	-0.0364074787208685	0.884821349559776
-0.437320577803129	-0.591339674506598	-0.151032290618024	-0.731969198441939	0.314488996353369
0.0983589399074284	-0.307023009582521	-0.0687701724113787	-0.113545333484113	-0.416113177154098
-0.161166366050104	0.198283924947479	-0.0329404699671038	-0.234128619779851	-0.23076619509816
0.616258957849327	1.0333113097071	0.692390292412844	-0.0789430397164151	-0.283216529506327
0.547702496377605	0.865884669696158	-0.37323542734492	1.38878920176675	0.13134845125075
-0.0574010835659825	-0.0100082646831914	0.574378218721949	-0.600297683800241	0.836891515994121
-0.017044375052496	0.0596923670995095	0.277178361746797	0.685559678952346	0.305205389142295
-0.0735602776270248	0.555968076187512	0.520388366453057	-1.2279689972156	0.0531701732280385
0.52164764782319	0.399513044955527	0.930236056978578	1.65358954019271	0.463034415357428
0.303708977070531	0.490095119110725	0.529521570968152	-0.00182237769648386	0.170180607155266
0.0436182455228401	0.073912259187827	0.608775619519163	0.444909549183784	0.649895478579631
0.212171585261687	0.48845046509669	0.72424568255529	-0.306302690269654	0.579591111778164
0.0475487630010073	0.397434953632196	0.298746822394218	0.970037320078175	0.536996177343164
-0.186006640470223	0.517652082788979	1.00075350300806	-0.502976825108066	0.301934607096941
-0.396637516051481	0.260512875348344	0.817830047695585	-0.569494035771792	0.275613628731556
-0.287790223958583	-0.00726608523343952	1.59375744739989	0.902790250706046	-0.0621979832790815
-0.535710705148378	0.380307742479692	1.12808781416213	-0.423379007489497	0.0589573783786054
-0.153100500224277	0.648059874041882	0.979333571400123	-0.360680674128747	-0.840835267084519
-0.849727248577128	0.21257623378205	0.555877917234905	-0.747820638262586	-0.724362895293884
-0.372723150886181	-0.151468121967202	1.06392486837008	-1.15435616400743	0.649408790754483
0.214271840837987	0.383653291771493	0.93500229906062	1.38298328420892	0.00112917368630912
-0.713596836626218	0.701056556884488	0.461995602008086	-1.14407570327993	-0.447165744264055
0.390133862226771	0.199746226453873	1.0021763415376	-1.44329966442225	0.0345626707509593
0.197798741218932	0.52927176677528	0.640394921443065	1.94606060527527	0.369347100961064
-0.568774084660622	0.348168775318582	1.35167181184555	-0.442645059077497	0.142867089137241
0.00431363905186855	0.783963882373941	0.451207414015487	0.770640883739283	0.450056920296035
0.0378464419872026	0.486536699670015	0.93958835060919	-0.499964711088015	-0.323228152950757
-0.525611659794956	0.451434262023831	0.334871172343587	-0.157732362731142	0.467790633743868
-0.00377334803172562	0.202563294037958	0.200987706708953	0.263304208817871	0.00741363205368991
0.181853851176811	0.457271357195817	0.551883402233985	-0.47403106884656	-0.0422069152317654
-0.502019564874271	-0.0831829119256441	0.568953890866554	1.32142602108459	-0.543751270304566
0.353091802035865	0.641886559778058	0.479575600930411	-0.170552420471782	-0.571772478735465
-0.0895064933437124	0.691978041464325	0.533168805431064	0.0811705920752519	0.301697389263317
0.0446664835492862	0.0668421397901617	0.709223632801271	-0.449949998273328	-0.611509395359718
0.180861788359219	0.40974659484156	1.17117840645343	0.382088359030054	0.0261867565621264
0.200289893490531	0.649059239237112	0.851765141838664	-0.121103848836465	-0.519613701666079
0.0537596738341222	0.329260046961473	0.391023829218077	0.938573617121795	-0.120187881095261
0.184145422880267	-0.0776260519381499	0.485795996586931	0.622064932083397	0.117061210590677
0.120389758701613	-0.0250396900282127	0.356286874708867	-0.26996379266421	-0.132077594634594
0.0291398074425249	-0.413843586781089	0.0395042739538357	0.904909043231558	0.192431214829107
0.229288421491775	0.102971771164788	0.303829857708534	-0.2750518455596	0.116709892624009
-0.172697919212682	-0.877266108390326	-0.301631545819104	-0.129696922515909	0.395320296297089
-0.298245246520576	-0.105480788518601	0.0387643178467606	1.01195641977149	0.178365891767722
-0.0184100166113049	0.228504121538873	-0.231883184548593	1.41804060695585	-0.763255996361524
0.320175821144015	0.164757467837811	0.24729807213312	-0.210062324658054	0.23102632886371
0.22750795668089	0.423068043768421	-0.240800553954643	0.0378234529459644	-0.882171912951993
-0.0610667366831987	-0.30128194333961	0.185601450651622	0.243388815874827	-0.526610367505021
-0.136336827692194	0.00275243312395494	0.195075766265235	-0.878273036728298	-0.113273785283263
0.232574125284209	0.109782511874395	0.101835618106128	0.268160389021084	-0.521924139639229
0.156521089027199	0.302446771926446	0.529643509527222	1.21818655447274	0.392559793839267
0.328942728913528	-0.160979441055652	-0.243953126370902	0.320964895858287	0.370233910505525
-0.714921835035664	-0.696655939318612	-0.533177717236398	0.999212975515248	0.552386781614353
0.248739788516159	-1.58515200601122	-0.567024463026127	-1.15752779666367	0.187268678991504
0.113032510988002	-1.26473857499683	-1.70297988491141	-0.601787826645673	0.32180779175639
0.229447415823681	-1.22888358592685	-1.55081199722653	0.543776429590912	0.268524900637917
0.622348570675181	-0.386952361907768	-1.41374816711727	-0.557653231086365	-0.18775998166114
0.574966266868346	-0.390324924459273	-1.86914534658303	-0.144817442863385	-0.39704788949795
0.11636600183491	-0.695312541308085	-1.3107747649639	-0.134256697325661	0.21038290756895
0.0713605855016812	-1.05203110489509	-1.48006560095835	-0.0856001573286979	-0.0286531947633418
0.466905806775682	-0.484210711930439	-1.18350328078406	-0.0944123948255157	0.306133129674129
0.92026156079756	-0.188959500297939	-1.5705701843413	-1.12651856753826	-0.647792290281918
-0.827789690548596	-0.571012327510793	-1.369921702741	4.02303601979519	1.19134691966133
-1.62635182435968	-1.48184553026861	-0.788602333716435	-0.0861950933430147	0.499740788288961
-2.22818854335728	-0.584406683672129	-1.6834302873418	2.73397164576954	-0.433805448649107
0.181127361764889	-1.94083991328076	-2.36159764906893	-0.0619281150591298	-0.418038342928094
-0.187062044517817	-1.01031356907429	-1.76571121246918	-0.367668472774761	-0.000825860844585999
0.036504538246827	-0.688177338325621	-1.63515547043382	1.04644154737785	0.514163108532731
0.521325325607009	-0.407328142313341	-1.13463671278551	1.02952542559319	-0.0777616485731165
0.324166447764167	0.248031548973201	-1.41927137771234	-0.689093571629966	0.206668893273849
0.719093745940439	-0.0636881669792522	-1.10171775770479	0.799930241254857	0.579037315783897
0.405542356799812	-0.408857500406409	-1.60792033996686	0.243531207032523	0.390513419630967
-0.147336389348592	0.0210062641735826	-0.983239334269052	0.462204602929001	0.368300345138559
0.345159938230787	-0.374468708081155	-0.520124297674014	-1.33300836880425	0.395891873927573
-0.0431188288036931	0.408605600210284	-0.283679646235888	0.784257985808935	-0.131312217418022
0.68529400872787	0.184436168271907	-0.30763617487406	-1.64150488258734	-0.558320141589128
-0.0768186748529484	0.258476460252531	-0.375279829678855	-1.6441251162932	-1.06057525503589
-0.00450307938665733	0.0217592900606264	-0.0600195314573754	0.00236808373946249	-1.16294967384654
-0.0234112195633611	1.06182350333276	0.843242825680793	-1.31998448433595	-0.625400152998896
0.195497155042054	-0.19089353682819	0.130519526693901	-0.550288551235901	-0.945403972202298
-0.453952497647143	-0.463820848203805	0.279416926612584	-1.20874475155109	-0.188060567713558
-0.298930957539238	-0.153149865933918	0.285296301260454	0.423632877446045	0.202702528770209
-0.268549030126048	-0.899703313995225	0.251830756242649	-0.869626624837461	-0.780987872318301
-0.528877209759141	0.549349060189223	0.32803405982624	0.0867047732881975	-0.0750575720118947
0.077292969220751	-0.246701581979611	0.140530285373773	0.620535540145843	0.672389596185911
-0.229480536008713	-0.199377242386668	0.551276199962185	-1.44496313993539	-0.202901674182452
-0.249242496218817	0.874498910677145	0.560784716571245	1.7620189405417	0.270063109490831
0.361640686422843	0.0179483054963575	0.704073237141611	0.317213545530525	-0.0601831588208415
0.110305998082658	1.46972117157823	0.914154852836365	-1.18723534608857	0.0245507915818834
0.859305339295987	1.44554239072793	0.884385398316701	-0.575848557575863	0.167033547381161
0.374481939452957	0.993839768897228	0.968588965699881	1.03754854821564	0.175759224558408
0.176037640656917	0.868104524036762	1.31583229463574	-0.0510591672029377	0.644014626516163
-0.128810458730961	0.280356239255343	1.5019174835097	1.12772148426744	1.12567511553417
-0.331227229732314	1.0652337426713	1.30634543082937	1.62164562097957	0.544878641783457
0.584580500916897	1.37127005168617	1.25542917014679	0.544645756285741	0.793264650112756
0.434700488481662	1.17598361511508	2.14806272120326	1.82096254449458	1.35331608094928
-0.617393790191976	-0.0247195559603791	1.3881762224389	1.33544890571844	0.668838560218029
0.796515592464274	0.307020991010471	1.80935820005504	0.104636616938718	0.078782702793389
0.523672928396558	1.17935495008679	1.22431928623761	1.16180244007398	0.466463947305548
0.685170385066387	0.804900813836586	1.15730477932349	0.615918134538688	-0.04870918799327
0.382526941666037	0.111971308569742	1.2049456659386	1.09805999273718	0.400383637671591
0.173455913930295	0.254683230366803	0.555666065215128	-0.364608632584565	1.04858084305423
0.430406307270767	0.375624138958968	0.869838176954582	2.53905803393939	0.297874464610413
0.326004049730415	0.619247490741243	1.12332463057956	-0.0774309191305517	0.705451056007283
0.687050170870277	1.73652681249235	1.22994130069883	1.23332124047776	0.952203700395979
0.431010819245334	0.431951817297441	0.778155250528864	1.65551964183972	0.136844023197773
0.465049099512889	-0.446759295147874	0.49790667694159	0.144317328369898	0.492659840093233
0.772615499303825	0.56998002089931	0.89293894887487	2.35465536949397	0.460631904313126
0.142624253569399	-0.0851045877286381	0.436529625615265	0.029233105721103	0.415837392453701
0.275269847679776	1.47031712728864	0.618659137053791	-1.91410500884042	-0.820834381111848
1.03560379233518	0.777692868587682	0.936180080330939	1.50847968515958	-0.0147911459129567
1.07211410114335	0.383896506214279	0.400089410312701	-0.95275910805577	-0.223779256299799
0.743417374037368	0.477403624233887	0.652243116166413	0.940349152802089	0.116729172034534
0.225260241165457	0.166047582337635	0.864133639069791	0.93926834841072	0.167065612141119
0.1567612284401	0.772108080269801	0.799433086971124	0.888277495474915	-0.959194068687913
1.31226805077381	0.644526554744753	1.10937127371218	-0.466450869304451	0.0150956434653383
0.70380542044746	1.46663625722077	0.897056591540526	-1.14183810810638	-0.626836237279981
0.760213417064859	1.26886004346869	1.36812861459632	1.30597168132729	0.139271324768644
0.900777847820464	1.63705313210587	1.05923626145724	1.33909350912566	-0.518559678799858
0.279422843412594	0.558079922390502	0.889058121645564	0.573828849302777	0.304771927058288
-0.101898207625467	0.358755743549895	1.17908801718598	0.249823012213353	0.181232712892784
-0.35510626481158	0.978258012058876	1.46525203567526	2.44605658529713	0.533257612764097
-0.609919984740233	1.44104989213458	1.18050682929511	0.298447400984672	0.98170543763481
0.192194571876164	0.29921141154625	1.20666501437384	1.60192044396931	-0.38491775551745
0.297254057092907	0.690832374578408	0.96181708047075	-1.00130604190846	0.177257914673167
0.16977310707706	0.0490842878040091	0.424115167641229	0.436708142435026	-0.518859451796527
0.172437549881354	-0.370668424732399	0.536772499141471	0.746934171838794	0.145951889649846
-0.188818922135229	-0.370070970025702	-0.134856959429701	0.185087691014786	0.152477329876699
-0.644529819368448	-0.628042099831562	-0.843157641094492	1.58245331134375	-0.0632601823063892
0.168271516421036	-0.634171427625432	-1.21440239575249	0.861288215064297	0.110010684788605
-0.0225969311052021	-0.644552616105751	-1.41063396488946	0.655152325929656	-0.108531269503082
0.270444134061593	-1.50311003689121	-1.56842989557401	0.530586477134285	0.205666728550076
-0.0354540058107372	0.77884092378932	-1.70109573710866	-0.673449343494039	-0.192315731747518
0.0116228784114795	0.131580124542702	-1.52765980343372	-0.897996359381824	0.399702674783487
0.620575769344472	-0.551759480462988	-1.56682777733664	-1.14883150224902	-0.631221090155937
-0.278466882353963	-0.42453834984318	-0.9579081905123	2.24767781706414	0.256316558833627
-0.840488750317521	-1.06018570655224	-1.24791172475977	0.983065298053775	-0.222729458369269
0.101195260127574	-0.661344684698367	-1.51821768032099	-1.89173690881324	-0.213189893659192
0.944236442288882	-0.319615624269482	-1.30014508898349	2.51491810636646	-0.12018944267788
-1.88529716982508	-0.0912051683575272	-1.34515613350327	3.03181570591551	2.0662492583243
-2.48040795496485	-3.9314254816984	-2.76040924451598	2.73613938711592	0.943022673247877
-0.997327006062736	-3.57295710140183	-3.10366263355819	-0.586581337275619	-0.668541117312253
-3.74455992066201	-1.85402203953902	-0.155295789730261	5.07190776007018	2.13120679438075
-6.04303878282468	-2.6224328822282	-7.17787327458052	-21.337467673829	-9.4770542238086
0.194257217892912	0.608774440480641	0.359391516618194	4.68997870579676	3.90119724613155
-0.367627853449841	-0.191564308385846	-1.77541673041124	-1.83595348043023	-0.549550982636052
-0.361896620431889	-0.626433189257907	-1.52905843368417	-2.23073808535511	-0.293810752905336
0.444416602167597	-1.57131185305503	-1.73492706512451	-0.850735217678136	0.71707647207755
1.15358048696297	-0.353726346494143	-1.15873220236545	-1.2341567622994	0.253147232944548
0.994026136095284	0.036669419964322	-0.297251337167429	0.899391872120992	0.581243091472116
1.59506258357004	-0.016433856926695	0.143527106246857	-2.45410192811435	-0.539633219836632
1.48794622023062	3.47635879299575	0.106108542021511	2.05454394670313	0.636207058095755
2.12475187138382	1.0776861360027	2.24128429157529	0.119249897550157	0.345421965672139
1.34136606448141	1.40141598879539	1.56646333025709	0.392130150533209	-1.15583115818036
-0.200089728770631	1.15106607982621	2.55845111359825	0.128933174036854	-0.310651278330426
0.811453183246797	0.542831735190183	2.14936308275405	-4.28972223780656	-2.01395370354171
-0.738423121357737	0.329939000095972	2.90418286887791	-0.153615558456666	-1.71319427535918
-0.415873631847956	-0.448256651559848	1.39930169632993	-2.57031598158892	-1.41090767040981
-1.7660018369617	-0.57555164921985	1.54154988320453	0.792215411606886	-0.804078112499729
-0.676397593150548	-1.47531190366272	0.675720902609333	-4.09467032166322	-1.46939380100931
-0.501532104525326	0.402962414513388	-0.0526276770232207	-0.733567080969083	-1.06402483368958
-0.562195358834828	-1.2544872204402	-0.301233306770484	0.19867874930961	-0.745760579418669
-1.36257859947295	-0.740250968912108	-1.1968929279923	0.683281150502969	0.308687412509717
-0.277332694424798	-1.0169887364758	-0.998935370301795	-1.90687777589129	-0.182787418999063
-0.727491327518164	-0.404734671804343	-0.406688079309423	-0.910847426232193	-0.847666005953375
0.563095650943119	0.212338765642072	-0.853241965601795	-1.68455104186852	-0.711420622831465
0.595713944749526	0.782225190740051	-0.772385640524452	-1.27354187316107	-1.11070892387248
0.739430246575137	-1.49059718250257	-0.581382085277665	0.498528294880212	-0.911580531197302
0.549038141596977	0.365242490204333	-0.375806148383562	-0.035666236128058	-0.114423574400697
0.220186718951652	-0.584752857157525	-0.15131520280911	-0.0294989555616659	-0.61005077651321
-0.0969982645954392	0.30113671198816	-0.092570264632763	0.328776605732572	-0.24189973785889
0.455616036753347	0.147925373501205	0.226390664605817	-1.1066131904835	-1.1283917245627
0.21820254814314	0.72834111582669	-0.044853220900065	0.239056867572273	0.66492434660516
-0.353779322365297	-0.785853457049622	0.606418441614965	0.368698082142451	0.801133897621409
-0.600985813849519	-0.700409841210512	-0.165264853309902	-0.473390664683572	-0.138216399482732
-0.51441846580156	-0.552767256377149	-0.878938048570509	-0.612030139243456	-1.00245322379901
0.394767183485538	1.25034469407594	-0.410141128250963	-1.36471014479726	-0.0289608102826528
0.378177122894017	0.24920871775983	-0.0563439995335421	0.853238467269167	-0.0900577965823162
-0.731508530626094	-0.0121813602480776	-0.396711065738287	0.0191243094303228	0.275086608696852
-0.123332389988457	-1.16330729616441	0.215295734612724	-0.390684843536487	0.616923382798422
-0.749341822069238	0.441627122680542	-0.0785938775257367	-0.258827642569437	-0.191112991425454
0.462115883318901	-0.542271770023522	0.230643206329953	-0.394456163458104	-0.525249711810719
1.26253150628964	1.61558132825843	0.457256975871293	0.769436512654029	0.272635296595268
0.749966822965227	1.43108336218968	1.20572018615626	-1.33372623358362	0.185075682200101
1.01471333890712	1.14682390059994	0.753455948211193	1.70613555898758	0.098508915409166
-0.374819383261699	0.677580751436906	1.38049804822929	1.42875851668666	1.41198929812389
0.80573888619459	0.722092743526569	1.23825732448328	0.563536329928341	0.470088077114198
0.872052435626658	0.443256865645732	1.72557176143573	1.12804661212377	0.405413588093941
0.919256950999661	1.49362672916519	2.37978068712177	-0.618914062829192	0.345202455628339
1.23691702368209	1.52299199703701	2.27599007052892	1.89811630734074	1.03589763732106
0.558975985491597	1.79754108512136	1.95766147092778	-0.848794687282041	0.779972463866038
0.0759463537463597	0.814761789228581	1.36523031511458	0.367255861236623	-0.0718957245273202
-0.19580575410913	0.772345134558392	1.80322564686758	0.0337869691341619	0.525707375727554
0.211973629244244	0.109890884092826	1.6791085879443	-0.291630948245463	0.373488683277115
-0.134154347194399	0.811873340624401	1.01089147305707	0.296830026713326	0.0333653685945793
0.710361802223028	1.77386009649656	1.50228494369658	-0.439735185069198	-0.301489641648508
0.609886675566672	0.531911253572685	1.10939217662343	-0.783196891540303	0.279876993234363
0.234301357168914	1.16813955254604	0.298023184415172	0.353627101802928	0.389428791015655
-0.443668444884758	-0.507281443297388	0.626329892168081	1.41093876719265	0.314835315466315
-1.47334318992308	-1.73733030843838	-0.782753911299876	-0.530934500017546	0.172679408104556
-1.18045977985093	-0.350393771582583	-0.475642676380529	1.24528939411561	1.06477713626286
0.366765283645754	-0.884376605476671	-1.45532815944019	-0.867690083663967	0.147502159434676
-0.181514191943944	0.340181602736102	-0.957355228220173	0.737760973878798	0.470207987136636
0.0609515757940392	-0.473575535945109	-0.974298445799603	1.59653762505299	0.616882811422601
-0.950852236168443	-1.14484370070697	-1.47800486368457	-0.686688491250038	0.943934984662239
-0.823558675378892	-2.21580381698162	-1.81903203430997	-0.629571636682467	0.0888370120819813
-0.423252553962442	-1.00436291018217	-1.6631105425204	0.572371494123228	0.766887551550582
-0.190137747826166	-0.355789103353294	-1.91153347923142	0.213838904412681	0.0734404010157059
-0.0227647498815354	-0.192678076603088	-1.47944811428544	0.640106770912196	-0.235756626290876
-1.38784767381391	-1.04617094833726	-1.32366001680286	-0.102204436546379	-0.0391476933405319
-0.355862918601032	-1.57812852650394	-1.9971504335868	-0.468376358133226	-0.903423598203168
0.206018151091304	-0.514783728634575	-1.209162491604	-0.0869624112311347	-0.0956894122579938
-0.503095195878509	-0.309495539239611	-1.26167610138464	0.504433270223635	-0.144371310187455
-0.341699920394754	-0.655171487860291	-1.10341877428782	-0.562898141975463	-0.181791114579616
0.272091283123954	-0.316399404575264	-0.517852804217387	0.414818125393414	0.509683173901331
-0.396501244991725	0.0170708396943555	-2.11414476849582	-0.225533178960213	-0.0200403985812192
-0.056732720529464	-0.908462690367033	-1.98359145178144	1.32310737343884	0.358536890646116
-0.187375715319447	-0.63110281819221	-1.56456508806613	-0.459783021296116	0.0739150753734253
-0.11678926730566	-0.355465635613227	-2.11091524982131	0.0393772845333121	-0.617473077286097
-0.14652494888084	-0.496025392401708	-1.74467410245931	1.98263772146545	0.235889769910794
0.498280668819697	-0.215486295613695	-1.50727668544139	-0.686277691415682	0.496804880730601
0.100688778059026	-0.731837657653837	-1.72828341852508	-1.01623804837854	-0.42291537550739
0.00125866046203473	-1.29326176108283	-1.07223115968633	-0.695552776238481	-0.0315547152161631
-0.481477319395928	-0.633755630333687	-1.80819945342452	1.4024625611247	-0.510234341835743
-0.350066951631573	-0.988130641903027	-1.72176202700083	-1.8808313475095	0.11930341294966
-0.156888613039494	-0.304404079415064	-1.36187879900182	-0.534224249990602	-0.212941933619886
-0.231955425510072	-0.814904510816321	-1.57954241849046	-1.14464497398947	-0.661314463696434
-0.206173044523988	-0.385383774610179	-1.07582898658089	-0.870129535385879	-0.863431106584804
-0.718529826548406	-1.13301532174011	-0.824029807570256	0.370977979881467	-0.342616281563288
0.244293185850541	-0.0532516813842905	-1.12114371781434	1.19163831014785	-0.191637958944368
-0.339019389468993	-0.781907485304388	-0.459440253441038	-1.22573832173396	-0.0591076802512406
0.389423255204942	-0.539512372275049	-0.514149791826896	-1.04425964566911	-0.235548989492345
-0.365759524828121	-0.364438405858155	-0.587547064824727	1.75796810266745	0.141867605640361
0.202090382097873	-0.466101880668804	-0.284408450443054	-1.27183678432911	-0.349344767720118
0.148117289370586	0.498750605240029	0.225993825249815	0.799699096688302	0.620637414609991
0.530654522879969	1.04721854487647	0.480800874290274	-0.370940852973282	0.248472757916576
0.2348151966584	0.489384206838286	0.704350077844715	0.960595213411621	0.412111670950584
0.338219180141633	1.85671557656235	1.04637881268303	2.33267062091366	-0.05743386028563
0.869326296535614	1.4627954924961	1.09955639147722	0.816780326665632	0.790621798375534
0.832466805646864	1.23318047755198	1.18633409509149	-0.200806230132437	0.132878771233849
0.457511352775299	1.39260588638454	1.37252949648607	3.19023430416193	0.484137846776896
-0.361600596267867	0.822876693523284	1.43605816525328	-0.822061690046392	0.399106893597756
0.711861986868311	0.670344202924173	2.16427139231061	1.40075210556087	0.460436744927054
0.296694954847286	1.36222802061338	2.12080696378579	-2.24609313349715	0.485736124736141
-0.0833848113207755	0.0575332961510855	1.56841048938125	0.219776597907136	0.197919454588554
-0.643335900797295	0.693070025088044	1.9531920374656	-0.203840393519015	0.228478687391479
-0.651479124128448	0.00235902765884286	1.53857672733681	0.161887206680989	0.0978577894862742
-0.672127928945098	0.374070287616416	1.55775736497599	0.0651196607146348	0.293608884707503
-0.150402417707014	0.842546698808094	1.5959438751745	-1.08848264989214	0.568814990352091
-0.581088690825781	0.702060327221013	1.20783291247044	0.177172604031361	-0.0621399009777946
-0.125096941334627	1.34017602908452	1.07994358785635	0.737057222361833	0.606981880221013
0.238612142003201	1.19184331614317	1.52286332965248	0.308285041527758	0.336107295893425
-0.198953198532341	0.983764439847759	1.44434338916922	-0.866500490785157	0.0870954880038859
0.154376874199082	1.2811542135412	1.26288633612525	-0.486780788132351	0.43416977523849
-0.200974460447239	0.857041203974836	1.45789456920076	0.448738473814131	-0.419865230876371
0.0295708998176593	0.876103891595481	1.52552606790347	-0.712077066984525	0.265402155544117
-0.193111598596134	0.28580883032194	0.656422256712445	-1.27304079932764	-0.0223515392466273
-0.16751250545959	0.364576846444706	0.991575890848756	-0.376923011793286	-0.333821886415198
-0.303299101341959	-0.374992115256361	0.0118529700910209	0.0199413745649752	-0.873398991418361
-0.333798804767497	0.256445531798646	0.146809446170765	0.91701467316193	-0.489350875602812
-0.0461833572962134	-0.281197309355981	0.415447716219225	-1.05324599249885	-0.127234692535717
-0.195639903130507	0.0532756705159766	0.662695279814268	0.121726556965274	-0.575757005849095
-0.603897177349975	-0.223798944416747	0.155364815228032	0.705845796923828	-0.0702576439045338
-0.41790093580756	0.244794587171623	-0.160505443571744	0.620061767492577	0.100615333290022
0.138827907657973	0.455162325028851	0.449068638197634	-0.336581924813467	0.224479625546736
0.14712731101101	0.420614515292563	0.815100304555641	-0.141068421923184	-0.0435194958160396
-0.0766936491502812	0.934709247952771	0.401062252403638	0.567647504306596	0.447121001861881
-0.26194876342115	0.225673919250602	0.943294245461971	0.74297225117278	-0.0733607013395915
0.311247779666667	0.763091396622456	0.578363302552422	-0.434001416224654	0.320276524086643
0.28486067310484	0.33558597728373	0.836461060928592	-0.824154694360751	0.675893509503726
0.148266448490543	0.246374408395794	1.74022328182787	0.567345928024986	0.63442008304238
0.172368035050588	1.51031835786127	1.20456974067825	0.380027420093569	-0.143433964832787
0.215685566487802	-0.0726744676192958	1.04275931303393	-0.707233591899388	0.00379420713247392
0.290981172806817	0.349048829312479	1.20699115949993	0.488320732091099	0.366261350241088
-0.130563080355951	0.172828983552112	1.9782513338207	-0.993187943765339	0.361278517115749
-0.0584288569919529	0.540772063337281	1.49012311958709	0.409111240281101	-0.0654313469487677
0.185302720074614	-0.169334074737427	0.594118527932819	-0.140591552867507	-0.261968983886006
-0.0172914624391514	0.386664342592316	0.584286653665554	0.691205980604793	0.133098071330821
-0.0416645158032406	-1.08976631692535	0.0980164670247978	-1.36885113957492	-0.0178361172945205
-0.270019607846273	0.0343054935743027	-0.326935556900859	0.66514232432629	-0.217625649704118
0.158130489133575	-0.448389273931341	-0.18513931882018	0.244252033668122	-0.48948510273967
-0.101044716637724	-0.176828742774076	-0.748267178721753	-1.36907468468031	-0.0906223489012433
0.255487309210641	-0.731226666063012	-0.40309697502005	-1.91381341952104	0.627575319576781
-0.577883595863222	-0.489919400071885	-1.1112952393901	0.0570317020479171	0.339725335310781
-0.348452809639936	-1.07711502453048	-1.20629264619722	1.07335999412325	-0.536699625281762
-0.052397755745764	-1.37422213635757	-1.02754552231913	-0.347208302762331	0.11542069171692
-0.00889022086220788	-1.34588075384741	-0.953302537031863	0.0898558328665991	0.199592685171379
-0.445044656215105	-1.39792491657724	-1.33707907389816	-1.85868244727046	0.361824976551572
0.081514896588285	-0.737415661539097	-1.86392816874783	-0.356412446080252	0.180057321045822
-0.421563638693019	-0.88298138503436	-1.57353302653928	-0.421446924686969	-0.414372330326612
-0.184638245492941	-1.46453456012866	-1.43234336149864	0.00108027197271813	0.0826946079798782
-0.127739750338523	-0.869256329863759	-2.05745409156038	-0.196916496551847	0.297009130550654
-0.180710586813456	-1.58520620567889	-1.34210080474206	-2.32192797619429	0.21527328581359
0.00554500423516984	-1.14920595082721	-1.85468190760929	-0.644511752619494	-0.366046193816628
0.00623920842271528	-1.35406771742097	-1.94610920073512	0.745983922865079	-0.409772063385572
0.150877754705682	-1.07851497020122	-2.26231839218835	0.136930565800671	-0.720424815637279
0.163067590431825	-0.617167009065293	-1.6346367741504	-0.439544956391297	0.198929089080248
0.0775369361479895	-0.823886757332037	-2.07502530352962	-0.123355028166248	-0.191471650260202
0.0474022071992138	-0.718282119688093	-1.79853690935157	-0.731048667628902	-0.01119022123229
0.0251595845415488	-1.33351293817742	-1.45216450519114	0.977859766419978	-0.110944437212437
0.295294037952069	-0.041255421938945	-1.7018939165897	0.344637750804036	-0.113192888781513
-0.0334549011525268	-0.281058532953355	-0.904487306771975	-1.16105924765353	0.406799904946762
0.226061226447675	-0.420879201106089	-0.700293104209659	0.508730734108131	0.361667370202886
0.506265999387288	-0.589098910828615	-0.827502931312305	0.33282981385124	0.460928757130082
0.251857763530598	0.149716249994891	-1.23075146616579	0.369388907458553	-0.123145741613242
0.506524000347	-0.398290084531627	-0.951800961066771	-1.8297711476221	0.334298983696103
0.303930529007729	-0.0780828159065502	-0.793797838073674	0.143734043817196	0.391473886982213
0.243747515608086	-0.493460210430546	-0.853258198885704	0.952942737833446	-0.881842209120552
0.271618778958753	0.177923879611056	-0.19174632225123	-0.252386455238498	-0.14820391305432
0.128048705966775	0.0250582190597733	-0.15283382624391	0.549797311780287	-0.179129751631226
0.278151053535625	0.567687164951208	0.709155219642079	0.949682785029005	-0.292512305983557
0.55722548994208	0.671427194561062	0.163553752822559	-0.768225863058823	-0.0975039092719581
1.06788947130515	0.737028346875822	1.1248934480827	1.3165458571655	0.0716097086992063
0.570090050642349	0.972287486594651	1.3253517707815	0.496537776042572	-0.22464899098962
0.563351137917595	1.10491137925904	1.46360596568571	0.733989950925578	-0.281357438356176
0.713107715394082	0.606041210344249	1.60925046557576	0.0908509680083714	0.198636822455119
0.172938458830792	0.518725259823551	1.64712581085465	-1.37501271034593	0.528767223535808
0.668306125549025	0.207014638343359	1.88651226909798	1.58400326959384	0.143963931145486
0.04334545860678	-0.180534364851653	1.47966150075501	0.307429913935387	-0.361201479763254
0.126750609235937	0.226282117088474	1.61026299650991	1.10674476370856	-0.190011476241979
-0.156984503539198	-0.414331445273128	0.944403762068571	-0.333560744434988	-0.321500513355086
-0.00472475455392972	-0.752713297403086	0.923274530432237	-1.01192371747829	-0.821795473245007
-0.650021378357222	-0.641142701052977	0.469043951117375	0.00794476598918434	-0.59981985883056
-0.187705994710552	-0.203109791712721	0.840831630035658	-0.602368204553555	-0.3525097715664
-0.261665075512374	0.291854665066127	-0.0505465844537292	0.857975088248796	-0.535798332608244
-0.108983586815184	-0.403097529299812	-0.41944964726682	-0.286317331179281	-0.565848217273926
-0.245363805349256	-0.832907275642896	-0.408010711289461	-0.417571458286385	-0.906736461807186
-0.378200923542709	0.251153442943336	-0.272748877073375	-0.129770749763276	-1.05436092146023
-0.0912395812212784	-0.109217242611053	-0.147622345707091	0.305388023024292	-0.392702536864495
-0.0722693500951547	-0.0189729144363556	-0.134933537526111	-0.0679653980674703	0.361358995108657
-0.369801548077103	-0.631456417322319	-0.379854674292093	0.408782851625831	-0.427809826420241
-0.224300636769328	-0.143007726351773	-1.05922885748708	0.675911335460554	-0.507816385450662
-0.274817945702565	-1.07153407927572	-0.36694371004831	0.611469136232667	-0.763118189812803
-0.391321371632625	-0.131086381689558	-0.965518634133173	-0.470641045723912	0.0487345364117811
-0.12938931621945	-0.30765891419105	-0.326448414523006	1.03150354124549	-0.0468799650564741
-0.320933766619004	-0.613492757192972	-0.463536652559823	0.363584206508602	-0.119550716192699
-0.00889159697743421	0.82712292502137	0.248050029701711	0.342670470537163	0.0906988752468382
0.134799286417458	-0.187829691794392	0.723424336400961	1.46383830426185	0.440920039648247
0.203271909558869	0.691353410665567	-0.0534395548786464	0.223310701155816	0.231895178632472
0.14324717701324	0.698656228398609	1.13555264251213	0.587998901777831	0.00845489566585709
-0.216556818772448	0.228506476081617	0.476309727691967	1.24706476197056	0.0850793134083449
0.115971632484267	1.28904012052769	0.676419949226469	0.431636699483499	0.203219625115164
0.186302477181031	0.690533302449727	0.989057928142074	0.112211711445237	0.483369136350432
0.32415364080224	0.287773403098034	0.653399154673042	0.248063226329935	0.202197945974165
-0.240039802622045	0.421853418689664	1.0475673483096	0.831220177129123	0.466733506665374
0.0852283799686228	0.00537974984282724	0.535355116241369	1.9959061142732	-0.362285196963071
0.0409887282562246	0.519285387736036	0.666121578107786	-0.226990758399444	0.319382752133178
-0.111325428972104	0.0577922219216139	1.79368424787809	-0.20108884576055	0.431863166789415
0.588973923964823	0.0652194015029305	0.478057860986411	-0.087762562034673	0.204116093633979
-0.00415903918515028	0.47529191072064	0.848711036534446	-0.0347796258952721	0.147574195118863
0.372133091830619	-0.199017915490513	0.49423797147946	0.508941649151082	0.122211996224855
-0.455311261284955	0.647364995737725	0.520473756317356	-0.115841749214338	0.197866923921405
-0.00983068511458243	-0.448063275722091	0.375222072666757	-0.757354366823308	-0.0379279258011238
-0.0714572111043514	-0.351559768843935	0.854974503174683	1.12098444613136	-0.118302227949452
-0.379820874052492	1.07509622381053	0.792167684851674	1.31077732131575	0.507593545336938
0.317655597381759	0.279039904883703	1.06381562019245	-0.541684928240888	0.398882212541718
0.211754548702427	0.81400123370673	0.990788054190301	-0.866947481221374	0.188497700391049
-0.0104837312591337	-0.314462128739365	0.914152870744442	0.853263483117178	0.868257879748988
0.0832899360271657	0.0627381104162167	0.301311002837341	0.281446538795148	-0.280630053081249
-0.086925533629925	0.156017299864604	-0.0305557076405069	-1.28897671335731	0.345487173768497
0.277134221068478	-0.393377982275428	0.162180597434923	-0.829011328023642	0.601695667992908
0.190153859689311	-0.818142159930293	-0.729923708527179	0.453445832926888	-0.311420346886001
-0.398130461593236	-1.16772151212661	-0.651600482150972	-0.426452136666148	0.00759978814566897
-0.140387159791765	-1.12719168044016	-1.67341747284126	0.534476379811041	-0.529913200827926
0.0610676384823296	-0.577362323307693	-1.39617656333945	-0.40805456533741	-0.118936146101195
-0.157123572490845	-0.971887416194574	-1.09727852036804	0.348228377984476	0.129039005893639
-0.188703992916813	-1.52420271320861	-1.45980979421133	-1.12023616719206	0.0490797991680395
-0.296359383752211	-1.00957678544105	-0.648816967960693	0.44783217997139	0.244445033744128
-0.276836795797931	-0.796462694123061	-1.87007198192649	0.37042379851251	-0.70174890784092
-0.257343183705373	-0.583954232744616	-1.11229324970611	-0.526295111798191	0.0731414386828349
-0.304019996153623	-0.934107242700535	-1.18840969658749	-0.156229659204028	0.116069629572912
-0.468719444542071	-0.58797325863481	-1.243992416197	-1.99428193300819	0.157253614572247
-0.276658917895447	-0.775133250060919	-1.33939625219205	0.0749384624857895	-0.0669207780255534
-0.427429097101999	-1.03312279401141	-1.219553485099	-0.76685697755667	-0.264629523418425
-0.0129338754813989	-0.956204911191604	-1.33779411003966	-0.427027994740549	-0.58162994790173
-0.147778500144264	-0.526460599553229	-1.88390698983833	-0.169324916209347	-0.475566511119902
0.353984923323858	-0.782193625488818	-1.60381466164583	-0.962337261292895	0.169347227104664
-0.056960032334727	-1.23429488492252	-1.39399805292707	1.3994713766543	-0.24836156387373
0.146439592113399	-0.220142227541134	-1.34572966461223	-0.575772524423929	-0.498168681613366
0.293464007048467	0.0277192362357492	-0.643788307753087	0.011377113809848	0.260482882687256
0.168138046236042	-0.0574611284361748	-0.585055032824423	0.780364560458131	0.822787838608438
0.398057906956887	0.181079756281425	-0.434984887612644	-0.00206993611114798	-0.0507746638426015
0.399524554473847	0.394249844110104	-0.270288072884227	2.26788554711604	-0.356785184448537
-0.0268633858840164	0.529789161083136	-0.0768565260754563	-0.759328911913197	-0.0466096290717864
0.831683894904524	1.05515751852138	0.293828325094073	1.16343163719228	0.404355228412009
0.403768508677313	1.00576047258706	0.605157402093368	-0.771814423508241	-0.095371658604071
0.645496695924403	0.843388373138505	0.514524450213211	-0.832613930892629	0.126029403642418
0.557700437786832	1.603647469638	0.903608062584226	1.07306470151142	-0.392633668564911
0.648282687889986	0.705379194723249	1.03039361171531	-0.0297954757092498	-0.366754084772638
0.416297996373319	1.03251441176939	1.11326481725092	-1.52216141358704	0.0441247165924251
0.316909480323842	2.09122371551285	0.9530335243299	-0.843713935113372	0.239223327094447
0.106205866793247	0.160545130100583	1.175689161851	-0.799578545892742	-0.183267080856595
0.035767827091968	1.70799482855302	1.85589209449169	2.36114040122607	0.138424687612616
0.240140012660315	1.12318645200734	1.97123994993044	-1.14875853206353	0.756289019111741
-0.202178678811616	1.30969304029017	1.72670923360047	-0.49307470704863	0.427978930086924
-0.00257862209957351	0.830358568046412	1.9892560248109	0.129231580393725	0.412581565362225
0.00714317910550251	0.700270051762317	1.61349219877389	0.147559952121066	-0.385218135049461
0.00777598835573783	1.08175649388866	2.15683546205121	0.0431297389519111	0.112962482544187
0.210867761019884	0.203577983908702	1.86590986967671	-0.2470912370798	0.456932678927601
-0.15340769062835	0.186763453244439	1.39689529845434	-3.02021481661288	-0.0767055241565967
-0.464494736962587	-0.435437711904312	1.54573518957758	0.15870638004715	-0.0956823797886343
-0.0798918373561373	0.606206573571352	0.69599060705798	-0.763744500957297	0.0789372789460666
0.451240611381322	0.264562536422545	1.24535908555087	0.0793986785131084	-0.329918173298077
-0.347932637206177	0.219128746347573	0.52732842308323	-0.142866256029537	-0.978336087998773
0.0205299618429057	0.961063939995097	0.787805074657436	-0.818047140032769	-1.06195028233697
-0.0812029363324651	1.39474797206103	0.232288834791414	0.206031260209143	-0.54067417023476
-0.188074914643953	-0.26077824718646	-0.0037922751771153	0.428745580910023	-0.540010255942972
0.285327878646612	0.275196761948539	0.463860900757087	-1.07617675211378	-0.478306149883457
-0.317630746050715	-0.23236774250327	-0.156552875212246	-0.241589776266985	-0.303467162037879
-0.326581043415547	-0.268166026083281	0.1716458608371	-0.806750722349574	-0.331850209322111
0.270104816128124	1.11639971885015	0.20286387273939	-0.0422782651246599	-0.717376452706235
0.461185966759707	-0.410613706195565	-0.252427601868593	0.536727563698202	0.0769022381503159
0.29349538088934	-0.0612863417665187	0.262852122233127	-0.783993703482082	-0.295084197220278
0.336387124689777	0.150662074736893	-0.354713554106719	0.303350918922928	0.17057070387008
-0.196661886630457	0.0354610051502736	0.151682137408148	1.59856865124551	0.081852013930661
0.050960805824211	0.310417138259721	0.548533138042471	0.117543267674531	0.161551517079221
0.573401794021627	-0.10179674224836	0.104555122380714	0.854108970652499	0.699903383885094
0.165404528034699	1.20142383382576	0.74176132393376	-0.0455191150002349	0.394573170912273
0.157275227718566	0.0230161445322933	0.492401985930865	-0.147615902654696	-0.195489466514538
-0.12716324260072	1.17347963984348	0.662550076536099	1.24536033410192	-0.066326580642283
0.194293317085737	0.644746888772478	0.780844243661102	0.313196730664261	0.420364266049874
0.35794615690825	1.03405545124549	1.0698006977362	0.259486990681552	-0.138508561651942
0.311129555862058	0.916928117138631	0.541972248411483	0.626675118780685	-0.23972874372378
-0.261760046275159	0.543630872180534	0.391144284895362	1.37830414641817	-0.294238419003097
-0.0213975133639056	0.0998148372846537	0.241772045825877	1.04318679633289	-0.204976941833006
-0.467424422310521	0.564386372946553	0.499681052421315	1.21911002373187	0.0484345121445814
0.015199768791364	0.503417327188301	0.712668444739877	-0.144824875378174	0.509595788969777
-0.0425200547708573	0.127907541499168	0.628460005578406	1.06302661601844	0.00931123535707983
-0.0820370770243273	0.581057961433171	0.463200577432459	-0.525078307107745	0.333011785103637
0.18597243301705	0.698281204996085	1.02812425904615	1.21115817979749	0.68620747148837
0.333797838164137	0.064961548667428	0.50246953360238	0.724131308151671	0.332219036355267
0.00417681901485283	-0.0634525136217107	-0.286930839043619	-1.11079805111589	0.205021538498529
0.143475644190919	-0.909729823233664	-0.0977571773438413	0.875543667967218	0.468089372467992
-0.198366860929167	0.0317214898200012	-0.466764751826119	0.235347796019105	-0.339475850694029
-0.303409239318847	-1.36993735631146	-0.857609387962533	0.177986100965985	0.111715638281619
-0.406024191481391	-1.18811960829917	-0.65444459037025	-1.64605766110566	0.00458332178841546
-0.362686757226659	-1.32398889675408	-1.19970398331465	-0.475517257421849	0.184140388136176
-0.415765187791406	-1.47548136731934	-1.44305754997059	0.662538935838312	-0.217567958199426
-0.636888300209473	-0.298623386028632	-1.46328236543346	-1.40319773314806	-0.130031416201619
-0.213775998819888	-0.830656215440368	-1.22810035975373	-0.313533876614879	0.09525650534986
-0.427567985503173	-0.556190569516399	-1.66740994042692	-0.0741727049784776	0.508715154136083
-0.429525714895343	-0.906583661649477	-2.0028339254115	0.0521596436693471	0.00132048460507263
-0.152597483199351	-1.26653801406392	-1.26134339510775	0.00163182553397005	0.242138379129668
-0.585965940141661	0.0376231489239464	-3.28194393852348	-1.44210037665728	0.00592780124251972
-0.169184210112846	-0.680655869296231	-1.62808291687483	0.284466416671212	0.361656186340343
-0.572419179119633	-0.230896591553659	-1.56539436336798	-1.00297818121388	-0.119279739603569
-0.307937546031973	-1.40123707845688	-2.7660548477197	-1.17497594994228	0.583245754704596
