-0.407149409872543	-1.15869922544518	-1.19010485314365	2.25542475409417	0.353307748358297
-0.0074508239796478	-0.737673821315194	-0.537437121048172	0.876676369239195	-0.000465212689087786
-0.165261918237992	-0.708447735211927	-0.795129773582247	0.820593372961241	0.116058187888055
-0.70141955107333	-0.627866337116911	-1.1348341796909	0.0768226943415251	0.325731340256327
0.468343937953759	-0.281845807649644	-1.14794050368693	-0.297482966665952	1.12359767249987
0.16341159252176	-0.235566816890328	-1.32363078694419	-0.775501145355531	0.345177003124752
0.0738294520483154	-0.838857146672228	-0.185622062522279	-1.06649504358673	0.395211851966755
0.37537809545192	0.434629238706832	0.802472918031687	1.03237179639848	0.795068062689726
0.22973386944305	-0.388015251950234	1.38356059333533	-0.0859237932378041	-0.2405617162959
-0.0356099310869571	0.538750691581044	-0.0321333939602084	0.215440157116581	0.384717600623815
0.425735336683013	-0.215556862080832	-0.212003632173586	0.0159990420121994	0.133530497644457
0.581659812890635	-0.0729937653224905	0.69129913887826	0.294013050909486	0.127477122625208
0.00781214742609613	0.469502537280282	0.0408268717700793	-0.256509348450876	0.092244874551051
0.388231025983193	0.244895629456367	0.258320269392848	0.731949176656948	0.0243323411835249
0.927434977982104	0.266381352342918	0.0152178334177398	-0.0295526482924921	0.098332871036696
0.144558021244657	0.115801959949565	-0.531658102806249	0.429657729646673	0.229684210180346
0.157573078424647	-0.569643109854085	0.560398700069784	-0.491671230247227	-0.238798979168688
0.129708061654739	-0.462825273712872	-0.409258915704206	-0.340949987570563	-0.16778738432044
-0.568917488410771	-0.627622526740669	-0.656818678060072	-1.39236764348952	-0.541225861578396
-0.405596256653142	-0.547621994307926	-0.0500574886184706	0.949356876946159	-0.121723523129879
-0.713702381607063	-0.630382364954309	-0.875432504125961	-1.80059899827113	-0.424507672043346
-0.527588124895922	-0.566208863960286	0.562478597312574	-0.0757788493316695	-0.467466315690627
-0.0544135262437423	-0.552223339430717	-0.312612056355352	-0.522212992486159	-0.413003284588593
-1.07660106836066	-0.366733042793349	0.4744898589788	-0.0879660600093453	0.118040168784745
-0.703563206451409	-0.16946277306296	-0.923778626648075	0.303565987830811	-0.194549954899459
-0.595778653000565	-0.323029055555392	-0.592344893818673	-1.09102872905944	-0.357701986760299
-0.766543898490224	-0.673742747519534	-0.130104821046354	0.889134649234492	-0.5308635562081
-0.343774599891166	0.0823088636253924	0.412223347072197	-0.526484893291888	-0.48813999335545
-0.517259289790761	-0.568417185787743	0.329309212088097	-0.591252777851812	-0.39534512666794
-0.524503232937593	0.229850546515899	-0.1632499393194	0.363404720938693	-0.0322033884707443
0.218524078173829	0.0691332541716827	0.299134375126855	0.213111204960432	-0.281364583675937
-0.589715642291523	0.0155479679023126	0.209044579272023	-0.696773441651588	-0.39287366722673
-0.542030567964681	0.038902396870237	0.752665762514815	-0.205545782120334	-0.108519492224211
0.452434571065174	0.571500139534429	0.395815253095075	1.00207406431932	-0.0883925830546459
-0.648492235073278	0.100812413102631	-0.459516529317802	0.22293254269938	0.0744700581555651
-0.207124917697014	-0.168696582706552	1.10904958358559	0.476205156312107	0.438880940395287
-0.169575379280398	0.304993644433789	0.437871452272694	0.124729857533369	0.104993291421271
-0.53082607244301	0.419055087141897	-0.227266803294625	-0.0824068150430778	-0.0186029449994266
0.366994049336683	0.699137886992398	0.0544748685363184	0.748228902580756	0.461069232495863
-0.14379878027952	0.400896421649693	0.642677657454168	0.0258361256959637	-0.00642954494109708
-0.347285915853573	0.181256003247912	0.510192294675037	0.269024561159797	0.307176999029617
-0.00373178192965603	1.11166734400027	0.461582242007333	0.75570579799498	0.461794083706818
0.0577457511239577	0.365374469608849	-0.00702378647291042	0.494565706832661	0.797750089363368
-0.26456277548289	0.408221289307314	0.0398665815755902	0.875880376340107	0.382700996951152
0.202226096605819	0.330996550572777	0.795853435465758	0.1257879650221	0.633757060470176
0.165714519096693	0.544443770810494	0.000540712710379942	-0.896760151913174	-0.00504311002204677
0.205590079143211	0.803927602701084	-0.255219938037674	0.338654069029256	0.337093386374749
0.214440749560534	0.399046867638469	0.397919822849925	0.765387498062762	0.419273371057201
0.368594714789068	0.759350333210504	-0.0412634853517595	-0.244934715101217	0.189881842560668
0.0723844578375293	0.682872555148672	0.314253626936323	-0.528129475086418	0.326425990866937
0.425501361965825	0.651974227129946	-0.171388890934801	-0.342980395475598	0.179027768364929
0.406731612641073	0.703349003971327	0.662837705858381	0.59370644274588	0.456453481110609
0.262958035867957	0.605402543022061	0.43873015021652	-0.344552328784213	0.323874286004658
0.161854688380049	1.29565709110896	0.135671603822669	-0.010275120431225	0.234523574946433
0.483563885319077	0.601048844845508	0.22748096437909	1.06214948777275	-0.0106734513523634
0.252969458907939	0.191994351757106	0.16198077969241	-0.294541877861502	0.00332219841177735
0.249052147360476	0.352245828723259	1.18542241940041	0.992002943044202	0.398184063934052
0.985679969911155	0.0173533439090406	0.782023987919153	-0.243437269413388	-0.224894582020177
-0.433195574482589	0.348312590613733	0.348309101620381	-0.304556883823497	-0.357484717888196
0.758310376337856	0.162686167881687	1.18522019073605	-0.415223607088727	0.438723723818823
0.462745790500406	0.894976027742471	0.77489724498812	0.372566360678176	-0.363442035843315
0.321863383824496	0.0628604121757737	1.01352696073748	0.883346536968687	0.132900277371129
0.701685979857648	0.401915802218334	0.344708559433249	-0.673953855031148	0.183033060085807
-0.121250097969522	0.564313132517588	0.0211844826559794	-0.994636544357028	-0.839323733172174
0.495774688343	0.536621691495532	0.34658767755943	-0.864351196143641	-0.138499439327173
0.618671139504999	0.244272831084664	0.413224198300094	0.437846431142749	-0.283678340237192
0.180350493201385	1.05827370391342	0.812354190981357	0.746091939684044	-0.536578049621448
-0.544292895965933	0.34493367714615	-0.328716781702822	-1.25084163206521	0.0574419578385992
0.164222154300271	0.195755157906688	-0.31437354951088	-0.101889703371909	-0.187369971515865
0.364144043061006	-0.141356468297357	-0.404047173438843	0.180029137417534	0.277021380763436
-0.540908504451001	0.113500649986389	-0.533527657582015	-0.886037151613621	-0.00761101052750675
-0.547768204721336	0.0533762620452551	-0.742055475610521	-0.263139078002748	-0.180395131534021
0.0622163772194172	0.276677305338201	-0.644292276861172	-0.542134845115526	0.0121648907839676
-0.407859620132493	-0.720829696602603	-0.572295814604413	-0.728372183799299	0.2891250926003
-0.781599129062348	0.283509734646749	-1.0541513139723	0.442035765484228	-0.0354847005067853
-0.0833848086861729	-0.633409832340705	-0.428630504600628	-0.198827153023849	0.379950716271141
-0.0389438379724459	0.796450667658685	-1.24389689118175	0.692008160454488	0.084696483493433
-0.578636190523725	-0.262480127261423	-1.01402880673778	-0.665983666306809	0.272134064384073
0.0936526717855793	-0.70910260377772	-0.568026918018772	-0.852485907402089	-0.430315277189519
0.0995687495491644	-0.700634086429714	-0.596164355237491	-0.28257448482036	-0.0546785414903701
0.0327128077623224	-0.525854356620613	-0.609433251335184	-0.302386528398839	-0.370928292541855
0.270655880693703	-0.140279478156787	-0.592295579163423	0.946301567214361	-0.101560053007913
0.892951282270127	-0.679041726605935	-0.148874168557923	-1.50447402913339	-0.263003729306889
-0.37841445949106	-1.26328745036108	-0.358791698710626	0.755202568977082	-0.687917456665373
0.880478921500073	-0.635027786875684	-0.751130570217164	-1.32168237117945	-0.942262795383211
0.977125053741634	-1.09668762267608	-0.0912052514234373	0.364586362791	-0.751853262509034
0.0958800433115611	-0.00803423404980521	-0.961814220801316	0.180366806972778	-0.6085887100948
-0.263892243515883	-0.745580509920335	-0.0629460972634222	-0.115080038376142	-0.717976214949853
0.224555636194183	-1.04239188158747	-0.175657252742845	-0.153911940842892	-0.400543193109708
-0.109396923778168	-0.561979056266002	-0.212525906221931	-0.816060517762089	-0.926196188516114
-0.259816919745042	-0.81851812118692	0.0504436826997201	0.641344575746138	-0.614583133210025
-0.282236247673253	-0.405438676605527	-0.496773549406103	-1.95770085088757	-0.49627022721851
-0.387312018826564	-0.911009414255745	-0.263373523471283	-1.4329311252997	-0.849806523272478
0.0199361851863516	-0.615551688765503	-0.514696633829084	-0.413730568147331	-0.506714781551478
0.175019177688687	-0.0759001893194399	-0.581808444978697	0.174338047882873	-0.122041229422515
0.337247279885662	-0.276446433380837	-0.130642609323322	-2.29907420065315	-0.431497089777547
0.154613339314498	-0.557788278987717	-0.192227026767898	-0.193156885581907	-0.280300721255496
0.345497999289371	-0.0266914662191738	-0.283650250482661	1.19230813288195	-0.0306705436446191
-0.455280062619521	0.00423729315896258	-0.035329755670823	-2.92726143011007	-0.606328157177329
-0.345941846213032	-0.330344834851251	-0.337140132272648	1.51809879158187	0.154553599717672
-0.716782110906327	0.0363375841384972	0.35603341456318	0.785343742537356	-0.556058594750101
-0.63739657594176	-0.0635525891789418	-0.354720888535794	-0.360131639628606	0.159416908885847
-0.76101717299277	0.315119542943367	-0.302899860882377	1.48893366664857	0.0798254702243753
0.245885239825995	0.206316227043201	0.258462371652205	-1.39803060677639	-0.435720767924499
-0.914580957450016	-0.175182235948133	0.431413750252808	1.03805480279663	0.138472827033704
-0.493578244708767	0.437413478172495	-0.0448878889809536	0.967430836643262	0.435581374970452
-0.442429207121535	0.359869445049518	0.503245803718771	-0.00677766549033428	0.0645744034078245
-0.768425182103254	0.399275404250088	0.766025424079061	-0.360606011892332	-0.0956525166836852
-0.457488029256987	0.317960785518417	1.29124817874077	1.49493780992452	0.243414389412611
-0.368605934819345	0.653654040864008	0.222258226316142	-0.451047891473606	0.652259641579328
-0.498215525776188	-0.039840756595609	1.00838935256881	0.813758462016667	0.446515087954764
-0.364083718805126	0.444413475304487	0.974808447262252	0.482362194908674	0.744849552060947
-0.290129939101263	0.594677024363459	0.664863836678459	0.145069690645589	0.473190851616491
-0.349701553417685	0.414836184918837	0.491588695908909	-0.0864944777211744	0.321748571465563
-0.414397253107144	0.539368067059159	1.52265654025617	0.913257476155469	0.717769376125258
-0.259204495314921	0.0258469327351086	0.743126736975281	0.0218620200860013	0.302495977543214
-0.285068461074905	1.03787073357891	0.339829996151231	1.0431778161872	0.284309193010334
-0.446035975882761	0.259351843414671	0.789974181325721	0.598327060578794	1.17206964289557
0.150823015508156	0.680414367105312	0.34720614932029	-2.06045643031055	0.680376368796176
-0.137358470738931	0.274748650809626	0.23941062637898	1.00446966684025	0.0666916862345
0.250962708021517	0.899537112806891	-0.0560956293749178	0.828027202627091	0.626075584189109
-0.205457128675859	-0.0834140223136686	0.0892446684352117	-0.523455316422616	-0.106376749271526
-0.484590043308188	-0.119091901660709	0.382543779421402	0.494731492498267	0.85314137079364
0.730578637990045	0.0893520795387942	0.35977623705746	-1.01546014220547	1.14530464923926
0.444412041548942	0.463537666005315	-0.0820204562037747	-0.55156091385273	0.277049069279795
-0.103521099389946	0.315809148276315	0.220710765658189	-0.129397106603627	-0.00479165546897639
-0.0289227312337655	-0.0206312935247165	0.438186780023637	0.717515725826017	0.815193386039089
-0.12175915537705	0.912913520055363	-0.553325428897267	-0.858119261871085	-0.270752590956641
-0.104154764089708	-0.329084160498615	-0.125571972344275	0.3346108771839	0.0923500980753664
0.308073435009924	-0.0752033334376919	0.466273080642139	-0.0206854716181354	-0.194732935914721
-0.0170987283093408	0.278869867489607	0.28470065691273	0.727481941491012	-0.138412294573094
0.719012778511997	0.450269265881038	-0.206901476388509	0.362412295073457	0.48194765583824
-0.434621172762699	0.412307766868664	0.0718074430050209	1.14135821516689	-0.0777573038655165
0.0498499635466687	-0.00412003112958415	0.459904571519681	-0.926998287100506	-0.056530142926068
-0.240248510050725	0.0663200970922818	0.202358225071149	1.38327605544315	0.0552088891226336
0.485133444667253	0.618016397756966	0.15381183018656	0.0332985782344086	-0.0139464875524879
0.338901965499772	0.505210167763368	0.181278401554844	0.314481094498926	0.290103184323035
-0.216133775324999	0.449897423275366	0.535060945443726	0.692137832142337	-0.231831786245836
0.546469154358791	0.671696039673926	0.284768438363126	0.125799097305178	-0.556214309591894
0.222925079081527	-0.152845823728293	0.861432412209702	0.74317751569508	0.586722758995978
0.461509944569678	0.593945374123147	0.376799036713364	0.701758899214165	0.376212151281341
0.553722868787838	1.13862350746021	0.700318127180889	-1.34735900269403	0.908075157833915
0.578102297603044	0.553154701380179	0.248763073300123	1.25879050620777	0.828656105278986
0.858173366196061	0.630370326427727	-0.131654455459419	0.496690678116842	1.04770307430683
0.289994179986259	-0.0557338924805758	0.469195389023127	-0.165933663716342	0.131373814093583
0.235507966325957	-0.639599998547419	0.166890057484449	0.92960495293601	0.0771820681999296
0.806313474824636	0.194859791127583	0.874074798045035	-0.0961448289707127	0.0833197617854572
0.306067953806544	-0.413649543496501	0.0310008055510616	-0.421081935540615	0.106251857746289
0.0668573993031042	-0.696498487063641	-0.452252088130097	0.14256437583819	-0.226922180687356
0.31218415086332	-1.29344844933211	-0.19876573478536	-0.784599232591397	-0.410467891366705
0.433001815108266	-1.27434176903975	-1.10585755184412	-1.18619358343918	-0.77287147901121
0.451795342287436	-0.519893071217979	-0.818542017359047	0.813553287591066	-0.304680437096394
0.630082054539801	-0.481401816261993	-0.774568055846707	-0.415365792794478	-0.267023155415086
-0.14066780142336	-1.23349932220791	-1.09440815923117	-0.601751715730512	-0.512308678157405
-0.519357236728976	-1.23216231459046	-0.621472904000175	-0.918087803274654	-0.176026310141546
0.110800055121048	-0.582372412848133	-0.520976820887719	-0.741885897417403	-0.271041686615904
-0.445589200620056	-1.47052155633624	-1.28879498576996	-0.907497730138473	-0.517595086119784
-0.392003062990391	-0.726377206308063	-1.10304356254702	0.300459241509144	-0.0575821051779129
-0.210674140948715	-1.3798875949696	-0.66529652661703	-0.120498803858661	-0.373980442034348
-0.213075972838602	-1.03535269524083	-0.965709968590645	-0.456281722421658	-0.301371574245519
-0.641395515173587	-1.32158455673354	-1.32359230831055	0.739057732199637	-0.453579663169545
0.443763544604815	-1.06686333557094	-1.02855583679414	-0.490397903494205	-0.112014069102973
-0.487125027576838	-1.46274052363469	-0.83294584480452	-0.766805612343211	-0.487601814197427
-0.846006474614913	-1.33221113216513	-1.30065026433618	0.146873504059571	-0.450734919550863
0.43697083463942	-1.1485688546314	-1.014292057854	-0.704967013645074	-1.09453357406118
-0.368497751090957	-0.85063440661437	-1.50450984769078	-0.519763463063662	-0.578960272347487
-0.0108069551701239	-0.297205120329583	-1.24850367351419	0.65110420748955	-0.447609887940636
0.551238033944303	-0.722667696146439	-0.431532768603518	0.152557990256091	-0.660361077372199
0.0116057831087833	-0.290567250679845	-0.949458137937281	-0.417743007032101	-0.282550648961545
0.184342321212434	-0.23823837406996	0.173683967890714	0.578959307641121	-0.0890926459158333
0.76533830252287	0.105936045063795	-0.486264950320812	0.0501798616188104	-0.474230095158436
0.156099156486967	-0.0157279738310084	-0.19390451156903	0.0120814396915758	0.0793908213875379
0.832499040445842	0.0961213815955738	0.825606683495317	-0.708042790750313	-0.37793776489711
0.652440279572598	0.689560462344144	0.797184114183118	-0.030586538453824	-0.0867993866373901
0.548316466332885	-0.00033230438208702	0.28213336278967	0.642659872237113	-0.490002089118383
0.52883298475359	0.35710752808569	0.35593474624348	1.08840574428614	0.093728359022815
0.648070995495859	0.37177692808528	1.11091604604557	-0.335678445871611	-0.262319776238162
0.48915939591183	0.30369942984104	0.53361752874733	0.884656832084328	-0.471068849567719
0.958552489168955	0.0693308740006813	1.06088793336668	1.14642695811736	-0.0984512882078858
0.344229005207509	0.276813887375438	0.11937596937611	-0.446828062238875	-0.520769954345779
0.751551074640852	0.309543109321416	0.13359482830449	-0.0581977857846965	-0.164608555710291
0.233879161432312	0.196029932546299	0.543097009295796	-0.785313218782864	-0.27280452335762
0.436471452818838	0.621269665627	1.01897580070957	-0.13038409151895	-0.339764700061648
0.322474020775925	0.503745065213982	-0.180509495285158	1.28006632583309	-0.214602376881276
-0.00644096081307038	0.308046135091332	0.485825242790726	0.330070937444606	-0.252583935574174
0.0986349653027974	0.480660467223803	0.722738716145825	0.29654741567595	-0.809685397207145
0.103198629338938	0.379459838646726	0.472155635924693	-0.388938116991404	-0.497449189854638
0.966383189627998	0.478385467951048	0.396577449284792	1.07718777720322	0.0404094270529211
0.319796320053615	0.226690126472097	0.431602107115067	-0.161210972181901	-1.30891203608565
-0.123386474904712	0.827327311833853	-0.380111160341444	0.0966706721082398	-0.410140151002954
0.152715159552169	0.340947867165354	0.127519888408699	1.39097879602668	-0.0753724857510957
0.0660515725850612	0.519821775157749	-0.848984606089968	-0.423036207910935	-0.272792395874271
-0.148647730521325	0.0977161709687966	-0.656809610605459	-0.72829321480208	-0.0968924205030037
-0.142357294403955	0.270762319140336	0.569759718474076	1.07532569812752	0.323997129778525
-0.349018004367632	-0.124509551946655	-0.309412265125089	-1.00927614943145	-0.0716591472184201
0.257273175871805	0.0632193510134503	-0.165087197685748	-0.285645902668115	0.367887427498764
0.0473209295034194	0.338759817440154	-0.221483364175532	-0.321354031663518	-0.217047432290417
0.0505721600960479	0.147154613453394	0.223493606914319	0.325149033553107	-0.269291371979956
-0.671943000917556	0.0975271533690923	-0.00483650993256755	0.0898913652946224	-0.0643717168935857
0.284446930925617	0.318609702939064	0.104396723152685	-0.042240910458743	0.566204296470049
-0.210374601052351	0.146927134153422	-0.0431224228378673	0.644465595019519	0.00163369829843242
0.0711264367678777	0.20283609889931	0.590227136078724	-0.712909173689065	0.437249470268488
-0.500743769598336	0.464669249783427	0.583141803977296	0.0769860357497736	0.777318052389773
0.191765256907408	0.669754760994432	-0.153707556871783	1.58510978023837	0.310387280972005
-0.438398329185926	0.574702631643764	0.728645222688516	-0.480005104524189	0.809451313843675
-0.391057295532661	0.395760589729483	0.888831501807307	0.488779723475099	0.263855488261582
-0.256705328554917	0.759862350355668	0.439191614290584	1.53663717043178	0.650779389185261
0.224091468186253	0.344064458860564	0.420028206398848	-0.169556031245649	0.746025488360534
-0.29024146008495	0.557562459828877	0.580310078217615	0.33673488358887	0.822739649066787
-0.585166095248479	0.384141905662986	0.633765240721228	1.33048284495655	0.855364352919283
0.0296936805594325	0.353835652477468	0.790505328049104	0.686360465902287	0.586944457166026
-0.288440620450324	0.509342734215322	0.181896262413483	-0.287961998717237	0.058425595925671
-0.291901435247993	0.340900018218709	0.846868446970309	1.27314697915305	0.626491165678418
-0.0885770017547253	0.736155612138676	1.10609614810302	0.0865976507984053	0.778854069680191
0.148608532533464	0.574501655524215	0.534459761979356	-0.744701496753097	0.480614953075125
0.662692795943939	0.29499607274164	-0.317860543632761	0.913420299740426	0.146277260148202
-0.504860230061069	0.130480225841622	-0.53441536375183	-1.80856974838357	0.112827536429424
-0.463322816246158	1.10734105336852	-1.5524270074382	-1.16526226493853	0.215696080806093
-0.546319355494089	-0.0907166807831589	-0.668429004090254	-2.62673564143454	-0.088590422264871
0.402900716137311	1.04422559409291	1.28024205690528	1.22800313234938	0.903172086547431
0.333470375302713	0.167043784231407	0.891748184502664	0.805730943917914	0.184821774915486
0.12158545415822	-0.716799458040135	0.141585846126988	-0.592210269443622	-0.270827878649127
0.0450397364651868	-0.10746541336815	-0.0132615453595267	1.01792437571229	0.43585904688376
0.396912193022199	0.302782048529389	-0.0546747554388467	-0.97687472397547	0.207183856326834
0.292859585971245	-0.21872053180079	-0.507192056291103	0.391544132824476	0.380737119855498
0.225804653984889	-0.322880374449204	-0.0358276472785921	0.413245565105153	0.355422866908484
0.60983122570486	-0.273854324978513	0.274122719956108	0.198810140140425	0.158051041781075
-0.283829964285133	-0.518477110185519	-0.326250552468485	-1.04011379148425	-0.253630797193348
-0.667336340136756	-0.725211313987753	-0.30824618760551	-0.121859607234051	-0.266288457744829
-0.731951292032514	-1.37861406216165	-0.221958821992041	-1.14663036360969	-0.317297131195703
-1.26783405262466	-1.04380246731491	-1.41726473476039	-1.01023342378548	-0.635682066162824
-1.55776823475959	-2.03582706899688	-1.97677220976865	-1.60159805962864	-1.04417520845232
0.842701717039656	0.241648681369893	0.74469678449841	1.83542013445273	1.87805823745794
0.323570238458664	-0.205888923766666	0.269037717256312	-0.542969664163475	0.827621211040864
-0.209515056828261	-0.262925464591474	-0.547850771499641	-0.492328147020858	0.707890671502324
-0.466686459695914	-0.521166414522691	-0.364038852112346	1.04687187058523	0.26323366696912
-0.227368611156234	0.0405502890409801	-0.486299061930444	-0.248169009833792	0.525333116749738
0.205813978048257	-0.58682205754102	-0.676979034502172	-0.248680851110612	0.165029597291539
-0.235852573657728	-0.529230799642849	-1.47875914711274	0.297890024696758	-0.239166688823098
-0.348738241017888	-0.569302147363906	-1.09814717638098	-1.29486866602331	-0.886257140934381
0.486715499000356	-0.0998118872473004	-1.43346828988375	0.692127852275808	0.1264651664184
0.585132788034175	0.12773439040398	-1.12904850393403	0.471769204578449	-0.565414435983404
-0.172721030721323	-0.757148573268419	-1.08096701605383	-0.150528605983347	-0.444369517068329
0.384704762971304	-0.0177486551529446	-1.14526982422468	-1.008195755356	-0.44933054997216
0.504017011488762	0.270231662575819	-0.509862309271633	-0.205343113740351	0.196043071698569
1.18810908430314	-0.494130891499409	-0.871386650779967	-0.294032633981117	0.0595086576731437
-0.0179352187595344	-0.478985090421325	-0.343891893378349	-0.782075866568152	-0.892036234982935
0.571610212947374	-0.209149494361087	-0.886449905766939	0.648983055071743	-0.391539826702049
0.52182104428782	0.397130667225552	-0.133579687947885	0.497805572893325	-0.437472120400351
0.584494557533171	0.169426993621388	-1.00251591979423	-0.296513551516598	0.0215825302886809
0.553163086313884	-0.360061498895888	-0.138649508922572	0.515503387256693	-0.713754693322106
0.893106062401602	0.085145480218993	-0.61201409969384	-0.699467048203208	-0.0875018917441799
0.373225144708943	0.428858252954421	-0.14312926671958	0.197643804672886	0.034836698526157
0.505720481216915	0.159929490155819	0.185390786111451	-1.53121565509167	-0.848588992958469
0.214905672159093	-0.445834904342535	0.0759468718690733	-1.21733991015271	-0.416891472263453
0.788327389341279	-0.054240786733545	0.108866097528783	-0.571754847981514	-0.463149378529858
0.604700493973893	0.106212034677056	-0.156144698475561	-0.696436100021887	-0.0382437081288461
0.344358797753791	-0.175933766455626	0.546537748841453	-1.60624350231398	-0.858017256652663
-0.0125635947510149	-0.167940811960922	-0.344377649123077	-0.262884914904933	-0.799114908889972
-0.226130713846153	0.0554582492036931	0.339354902276005	-0.090575266217535	0.0285605736014542
0.666852639005653	0.606775195608107	0.703836909376777	0.520762091117377	-0.00208622146252847
-0.240432383803767	-0.309793694531208	0.191416152288098	-1.80447220845629	-0.278504635427557
0.00848987853970605	0.159385172712367	0.566622852256539	-0.0501163229873364	-0.55700007158002
0.298537869494168	0.131654698584411	1.24492959489366	0.0690456617226292	0.323933704407963
-0.00808888845908115	0.281530532061474	0.794314125907587	-0.393503736040198	-0.0422536900072303
-0.168676518746902	-0.317944549421043	1.20381794233692	0.222179416013649	-0.103033339088361
-0.197194468358268	0.263423706116484	0.871112547928666	0.898150643244574	0.037080855405066
-0.192654876569241	-0.297079197465096	1.01152507553113	1.09329805666	0.195635031127637
0.320397483900853	0.511712789260747	0.94734709832807	-0.940295698732236	0.319054068565982
-0.576728440597268	0.076123915193716	0.963425744990234	-0.224257901210063	-0.133634470575894
-0.487370053012345	0.0579362422564256	1.16424689226135	1.99925798884235	-0.165088168526543
-0.201887021252092	0.53496341561532	0.957783294763358	-0.53205331350189	0.384316211796598
-0.678963132182871	0.0654829080666672	1.1545897163107	0.0861624345334287	0.162185024396063
-1.11491090839667	-0.132801990365101	0.801148789069862	0.608878975146607	0.0364875285491643
-0.153489983083529	0.215151285814759	1.21622833676959	2.22150428445601	0.137847912918312
-0.186624164401682	-0.0795049957998051	0.869978471819419	-0.439143466117382	0.393652767201348
-0.204236995629101	0.0557125555221776	0.585423618842969	-0.335217724811242	0.286923623116774
-0.775691039355949	-0.0561035217925723	1.09635505873537	0.539726752054831	-0.178776107190799
-0.49136839802488	-0.175923068543211	0.299587217642039	0.117782057045405	-0.429187350090845
0.261151709013566	-0.120451093432826	0.185346770898372	0.75263031291577	0.784667890702233
-0.179322168898977	0.105235902512257	0.772715069664605	-1.27619483404045	0.104911660588791
-0.494084503375783	-0.478017785741594	-0.0309517383750389	-0.148464810591972	-0.159129532043565
-0.258021585904896	0.245266904926549	-0.0593529241732233	0.478840729431128	-0.0860217661274366
-0.271288112870541	-0.0168435093857452	1.10830812081754	0.849700011090006	0.123683790880038
-0.512719682371245	-0.426119932490209	0.692167686812862	-0.632979820723209	0.269442360296144
-0.563903439581414	-0.262950583159386	0.166439794189601	0.37428477098472	-0.28241368411312
-0.476665861333236	0.515961221085238	0.62198040190153	-0.165751283825121	0.451983039693913
-0.0193680051142803	0.0847924929011537	0.375286456299333	-0.157672219201365	0.502935362461386
-0.196885171989722	0.298113905485845	0.357965334857555	-0.079066807326256	0.366074474755465
-0.353755616975054	0.0348069348254954	0.594773056501528	-0.50470938909365	-0.119987600466317
-0.273191635514478	0.482015891846534	0.19408320838587	0.46015488933813	0.102520839997901
-0.125738445946212	0.32246584410872	0.79302065693085	0.0504956360199701	0.170452857772933
0.0287217057459317	0.0209391188888632	0.557563347691929	0.331685626938251	-0.386698250391018
-0.398204514860415	0.427349239152457	0.56371630804661	0.302511103873661	-0.0461977519637185
0.0863780215340695	0.231350642981069	0.518235821614265	-0.318147855558688	0.0384245191599595
-0.0722682349372746	0.103024740845323	1.0584955961383	-0.429413783192639	-0.0876367194024736
-0.4824409235784	0.285173897449178	0.751206023031527	2.06654118575621	-0.362345605965647
0.323706863768219	0.731143981373372	1.3293159689164	0.66919345230053	0.368177294313221
0.494049086565162	0.133676971432839	0.856152542788955	0.163993114011552	0.267590639395777
0.0936891901318469	-0.225953201963545	0.0629635189793168	-0.508739584456411	-0.0148158838346725
0.256152337901247	0.758073920262833	0.0664921274179854	1.04339523077318	0.0147296708329734
0.392978627003788	0.129146352381536	0.221374020609012	-0.642618848731639	0.832233216978886
0.0144672178066217	0.0898494953162938	-0.529629780945268	-0.662322358915072	-0.405391779214637
-0.246510745368082	-0.518725644079946	-1.08226330576786	1.10896542876812	-0.136149708616997
0.0558426078063011	-0.00311191759256608	-1.43253734649453	0.122236777707923	0.187371882669
-0.419535039698363	-0.168375693027155	-1.49893976399656	-0.557069641789771	-0.155378940891412
-0.869986806778037	-0.859631823279783	-1.95746201916563	0.178400878182185	-0.0698302883315634
-0.656400320490973	0.245072341953835	-1.6276161194627	0.045697135897108	0.245540507908052
-0.728645870330996	-0.276787597513825	-1.12317869569307	-0.933212630382048	-0.276602017307339
-0.0463683531640713	-0.600044942915302	-1.44454088113399	0.389481176829879	-0.370305677364991
-0.716344146633158	-0.463757996577186	-1.01171752663953	0.449987232901237	-0.464645466115439
-0.591359082682422	-0.515617284497091	-0.942805713303233	-1.49530834876421	-0.298628256753711
-0.625171981173545	-0.0234306141443795	-1.24698088388664	-0.647105391040868	-0.245702218512844
-0.56870463590616	-0.617475205444918	-0.886138660846891	-1.00711162729436	-0.0675110790856255
-0.0868806041000052	-0.393525793718075	-0.798724820238117	-0.11951319624262	-0.786312243513642
-1.22367902784947	-0.473291582928701	-1.67250748655721	-1.11400716807253	-0.235997671445318
0.192007360386993	-0.306265256780932	-0.916353338451934	-0.0745192400837878	-0.0567060308405038
-0.32668241845155	-0.240139585934013	-0.675506345975365	-0.826050904206508	-0.0925043389429357
-0.610845908146316	-0.243547114629772	-1.05575553480309	-0.249073229663572	-0.0132153585618368
0.0267801922170209	0.410874567272959	-1.25913514306804	0.339286464363829	0.279346327198208
-0.394271957222951	-0.209665564181147	0.0454494262619411	0.838974929177095	0.231761093557637
0.0572715876505742	-0.306254524202223	-0.777751826130302	-1.10677378491139	-0.121551147953322
-0.192776504689973	0.156576522478617	-0.740008932368553	0.301751799534707	-0.0313400143792805
0.275608226519452	-0.432553937874162	-0.0870312450788796	0.22572000439188	0.51938744971447
0.0356631437882109	-0.0184071888157399	-0.838223813551543	-1.01218322609017	0.120869700900828
-0.267902309050679	-0.123234358963598	-0.408033552842583	-0.653234287463968	-0.0437099817061399
-0.0712421308919963	-0.155712289960616	-0.348405630444166	0.193919787328147	0.176763498718702
0.13388724777456	0.0733210847252255	-0.172958844183319	-1.32123892910626	0.475593071979972
0.352071531115505	0.158174109982322	-0.257150187841694	1.33010477885803	0.19913307951736
-0.39819242125067	-0.494538850195418	-0.510002293058715	-0.19431411969778	-0.359667378382189
0.188666895227649	0.285413435522598	0.094016489979457	-1.06298937778664	0.328110741949329
0.427790864086323	0.250866383319573	-0.163598835844424	0.960442069726475	0.3074163801626
-0.169074337641272	0.327393646639182	0.686853515488103	0.114377468435695	0.260665233097404
-0.0421575254843528	0.325933775636469	0.537357493470574	1.41363980430461	-0.0619548391348919
0.294666094785777	0.544497798513472	0.715985358679879	0.279234566135658	0.365635052536588
0.36623295805942	0.407038696293594	1.10911528036878	1.19247828966971	0.955488263097733
0.102792055571884	0.053470513741324	0.86441551632205	0.257762330127043	0.36594708693918
-0.167979915459738	0.380204321426369	0.548268052967931	0.567034426528207	0.263931646976752
0.3570248736031	0.555355867734335	1.24134249427151	-0.293435365903391	0.557284825014814
-0.267023899960649	0.884243236623409	1.35981859798744	1.12439108634433	0.851996995103483
0.307883372466854	-0.111926600306248	0.468064630046008	0.31235889912222	-0.243199301704575
-0.0532480137911206	0.81200155571015	0.991057064693903	-0.24805647748295	0.335835183459711
0.675791262933093	0.991519189057623	0.810341333897549	0.210890634008455	0.278212444185247
0.437370783330925	-0.261491680411394	0.35639872545207	0.360399677768708	-0.346628894654657
0.0470992561051357	0.232610812030879	0.640197470848952	-1.00822190931877	-0.392099354066519
0.676599800195716	0.860272721239559	0.56670331685141	0.846296113387613	0.0272431852996982
0.174125339124311	0.576633386098439	0.593544948586727	-0.296176549543405	-0.330783702842653
0.149623517353669	-0.347372269046687	-0.245239083892153	-1.50612523027841	-0.242302859570142
0.117169845006758	0.497469059360499	-0.279653138783624	0.225623077848643	-0.0960903715861303
-0.176073478639928	0.361107875133574	-0.255534070812695	-0.225794821500955	-0.187134406403836
-0.128240222764188	-0.103712423196877	-0.681216502513806	0.31795338622404	-0.363787168328419
-0.203535272229042	-0.198879841996235	-0.519490595679661	-0.0711495871533157	-0.39008699059172
-0.543839095397704	-0.144952162522194	-0.572498666060994	-0.108161949764265	-0.463872812710191
0.122613012859458	0.243921725229363	-0.430392302318708	-0.0159330461154612	-0.274620950619637
-0.00424241660206774	-0.158083657551868	-0.492250811957005	-0.427084152078449	0.46641020490174
-0.559524744085967	-0.259227069043608	0.482903932389016	-0.075491804646693	-1.17009957119127
-0.342897910943932	-0.0691384362124111	-0.183233319617974	-0.0359448915111804	-0.163316724265057
0.239569092219627	0.502304191885815	0.101297210960258	-0.840023472125373	0.171829951621155
-0.297192616287065	-0.192393797953011	0.429342805047977	-0.318052677871015	-0.344816837693069
0.0895310761665007	-0.527358930749184	0.0945227333613687	0.885075412409934	-0.35591162890323
0.0380653372476882	0.0323066770531906	-0.206298922837475	-0.122681637589863	0.0762453944662898
0.0920642098538916	0.208101104126726	0.421928029385989	0.000514113114823389	-0.0653398666519238
-0.0716092270731595	-0.212167226942893	0.0876164268606028	-0.543445858442246	0.205192672447086
-0.0951882963843494	-0.258716332508448	0.557564576221118	0.335317187244404	-0.0819831603280286
0.0264317103048554	0.269085889744507	0.217911721081102	1.45273029204933	0.149107261245067
0.285393367772419	0.391410131020619	0.44316274043086	0.225083302469071	0.103937161523325
-0.432615622604719	-0.550026380720495	0.72125159990138	0.7390579753218	0.405847073620907
-0.134831906929123	0.596036885264117	0.883354963361705	0.245285657838699	0.0631941227944674
0.0451960086618435	0.0153298283505587	0.529518012963181	0.424010628372893	0.0324755261176159
0.131396837504962	0.53667614284755	0.535272177923898	0.582378912726344	0.684853353084104
-0.300995765185524	-0.349118847182015	0.670622872182226	2.06836915560402	-0.175600603507827
-0.456091253401358	0.214371332227715	0.731561316261495	-0.336663268226204	0.221401842898648
-0.0817628943234935	0.395746080476995	1.42977792796675	1.90216732050745	0.40826054854539
0.0295562220366824	0.0528729876417699	1.06495357546558	-0.359834855846363	0.122375834367484
-0.537109836217854	0.0454632063703728	0.511864266066165	1.50116043954591	0.166042580347022
0.272606511657132	0.258744058983999	0.871469586884796	1.13252182026909	0.676361518482313
-0.131893551179202	0.434165092752526	0.789907597224085	0.237686585402874	1.0987512754058
-0.102788141263149	-0.309556375901198	0.0507273073403589	-1.23610734652205	0.172357883591633
-0.275080385106836	0.0691250314379162	-0.122465147153567	1.23882217037452	0.139159079192628
-0.408009019871833	-0.0121695173530166	-0.787484817223047	-0.0292726984142144	0.929397721908513
-0.0593855365864951	0.192580727052103	-0.304583465710273	0.276235230256483	0.536623452412131
-0.304435117530005	-0.294103812758573	-1.75595684531926	0.809502721610582	0.140446252508463
-0.536054869643445	-0.198393168889223	-1.23358121801598	0.832719037545699	0.210773223860489
-0.35981533541701	-0.756214051745939	-1.03231272113516	-0.452012217425126	0.435500073483081
-0.191269978616775	0.115834245025877	-1.55202868282988	-0.25875029938236	0.334761248207167
-0.613223983254114	-0.694333702209208	-1.24792210344977	-0.515931083264642	-0.411302827819714
0.263206455579363	0.10230378381313	-1.07079713602741	-0.8391056284692	-0.0180446338436854
-0.0487429665736138	-0.542113905048723	-0.857715120641544	-0.308538149901724	-0.0333293346293316
0.206675742912619	-0.280170005194451	-1.44772982878216	-0.952890861684711	0.0591496390632171
-0.441662245757154	-0.0959362212652868	-1.51725041978571	0.413921360693863	0.154255868377449
0.174786796443505	-0.124965832287182	-1.12059530578424	-1.58217790679324	0.133112497356923
-0.341047211272004	0.00740261385185256	-1.47305365146254	0.344272129765442	-0.2630708731313
0.310980612855928	-0.342153413331834	-1.02490219600873	1.20407151858665	0.183922860739283
0.0296333766709003	-0.231886153353306	-1.37702321828598	-0.660144945324641	-0.102306211596348
-0.0144497729844785	-0.140685291402693	-2.12915999137416	-1.19850236140341	0.0229689049425854
0.0129371205056623	-0.063185722154741	-1.11787296077134	0.106673679830369	0.281555801140646
0.359804169234699	-0.313874719474396	-1.34392459468022	-0.5993857222248	-0.389529837864539
0.653222699890932	0.0347157663536266	-1.77533267046427	-0.795861384906528	0.106071279755534
0.839631273824675	0.00293483549466346	-0.769175050970223	0.380472909897841	0.339798927565716
0.547433906151316	0.405223636472337	0.11877830909047	-0.0857434523569751	0.354411069282529
0.808426795642746	-0.0533793352239651	-0.450820471582549	-1.55198941541032	-0.469302823090121
0.600382546936379	-0.131937469946034	-0.0948758373074439	-0.244986965598222	0.188009167414953
0.540712605714396	0.133510638926502	0.116102298654036	-0.498144874898749	0.162105202452187
0.287892653440015	-0.415963713102311	-0.108907661782568	-0.430025514507652	-0.542894120857198
0.68765644314372	0.19230407810163	0.108681364999212	0.0447726266907312	-0.261198699094873
0.690203317469057	0.133722725120035	0.535269406759908	-0.118385271229341	0.00101880069652307
0.467359587830198	0.278755927502412	0.659179924058919	-0.134006828345334	-0.0193119040474588
-0.324876015492456	-0.169271015731076	0.223291090766917	0.439922821443442	-0.668780431605752
0.627045890936632	0.215996112624297	1.13140765982777	0.203813647375551	0.116057984582689
0.833382486999346	0.748310946712581	1.2129988506384	0.192969640899563	0.51648992760873
0.200717739474755	-0.112488142127732	0.911397219998883	-0.0202979615881358	-0.688271094787074
0.352648179488093	0.382444268348828	0.566058631571446	0.14017678314559	-0.27694206011915
0.107687252518226	0.430197276074846	0.937762190410885	0.204114946145789	0.285474176076392
0.634031231175314	0.750451449821709	1.31533442223723	0.742143259139429	-0.180752099166152
0.00735028212800004	-0.216714226529988	1.33639732993354	0.069462902033205	-0.149863698171604
0.867698623170117	0.476291564340055	1.20812596811004	-0.395868140168496	0.282757101970394
0.525362763242904	0.515378160171518	1.50571022957995	0.387873495676191	0.31926783165452
0.377187724734299	0.122859516684041	1.12131176818011	0.574844411058447	-0.601432904369072
0.462337149255904	-0.210236441879087	0.450659141490214	-0.515357614365027	-0.0955442131763802
0.344180570114704	0.814369135239056	1.51276742829178	0.572799970068053	0.255309232910469
0.0745608521116536	0.607287968169058	0.853660766248892	0.827627054433373	0.0571978254591613
0.56307586922743	0.141803297235384	0.727975944877776	-1.40517571154401	-0.42928208537879
-0.0887559680143637	0.021748189873304	0.59557799886016	1.78545386240115	-0.0888826433879913
0.120832577377673	0.242325166820668	0.117328197392982	0.31632369519642	-0.0266361871168406
0.197696925692081	0.0221675664699851	-0.0618424182517579	-0.0368721406257803	-0.444960480863648
-0.516939274664206	-0.422520712084619	0.268407413349708	1.09016582155435	-0.753666143258754
-0.146940578621744	0.0288347613669186	0.139182052778409	0.756999948851598	-0.0680332199450808
0.0632225452156644	-0.216262988352005	0.393695372122378	-0.353675478661802	-0.0968090815442535
-0.527867350173259	0.0377711223941687	0.618810666920584	0.403325162811989	-0.320576330461579
-0.520765661912649	-0.312823364834956	-0.61212040393039	0.611000437242329	-0.738678527642783
-0.34657101922954	-0.0824790920282568	-0.063942724343073	-0.137862377447008	-0.21474348953823
-0.546162318836872	0.132820756266178	0.789751192467933	-0.292827307151352	-0.181656903019389
-0.430263400653119	0.0372039694186928	-0.591826678006152	0.986702431508797	-0.411160203265945
-0.503597240476872	0.188124693081726	0.22408573193324	0.131426762882602	0.441856074956328
0.0259714649687054	-0.194854105610558	0.452901459643973	-1.17338932066052	0.103891464379605
-0.624268731773728	-0.282138036541016	-0.281567455820092	1.21708789147415	-0.290630043681383
-0.854486260053576	-0.628032677986921	-0.418851243007949	0.0193102976109874	-0.348203864914004
-0.110325515619999	0.23110287142814	0.146038194805955	0.198491524089413	0.698723210359673
-0.672574616088201	-0.185728478133104	0.176887062269938	0.20378401931291	-0.0810281099120909
-0.664312322823666	-0.368388759356276	-0.120975912160008	0.969373103521033	0.242343396891035
-0.164189075104546	0.425598863082042	1.12976307546027	-0.506996595097119	0.414360842535321
-0.12026283409231	0.141632898022945	0.0833161544820829	-0.753262725765795	0.313497543206156
-0.617809953374942	0.283626696854154	-0.191705217635445	0.108656099950571	0.361191026606036
-0.299947787223489	0.0032464624402657	0.896087490607113	1.72711143233559	0.00376528081208721
0.132730729315885	-0.0313066052080269	0.552150180089477	-0.190259461204738	0.452090378035812
0.0975193167358312	0.322540900859209	0.623064888728959	-0.549847960727169	0.992664581132279
0.299278500844886	0.0584877275750044	1.02296283949081	0.47571165004187	0.147468491771134
-0.182286590715778	0.358029134195882	1.2160622918279	0.121745701106238	0.0975467895399389
0.481056727317978	0.331173451600653	0.826916463169737	0.427924589840184	0.823317687048138
0.135336207226245	-0.044337539134648	0.651446166320981	-0.278113015548	0.228674472030704
0.116709905494611	-0.0106428684108822	-0.395378745771181	-0.217811290908172	-0.012266085654852
0.108299367066043	0.19847893359682	-0.860341284559618	-0.0353726883999363	0.293418485884349
0.335410530418715	-0.0842039927296229	-0.344101986205167	-1.37379958735095	0.0495526388582741
-0.191714484083492	-0.699199242246708	-1.11737680742757	-0.192240793249329	-0.0345679100092225
0.297631342136915	-0.536417775121731	-0.757181514179503	-2.24560037719418	-0.269783719075609
0.240042598991463	-0.14827332821881	0.305869400883954	-0.799701526284971	-0.255685716213933
-0.248401656399581	-0.79536238411776	-0.674448329224764	0.232873928000597	-0.595836497222703
0.147542854509927	-0.917197835909938	-0.824857174203896	-0.257582121367015	-0.632688130260468
0.0754242007471335	-0.40426297974847	-0.3310507356758	0.373125310985883	-0.494868051118941
0.514902314069581	-0.287015850010764	-1.33118995335258	-0.448499033703968	-0.396936555654723
0.239478942014785	-0.57245998326849	-0.759994804493213	-1.87929201254533	-0.818499756967469
0.216670160564379	-0.630566572570934	-0.422990176686412	-0.241582059640099	0.0847623702162968
0.15721757900466	-0.462646202964739	-1.11662847414079	-0.974205868300954	-1.11212399366514
0.337535259302922	0.0100310492301187	-1.17761213278225	-0.837052375876329	-0.630407331543983
