0.147285645500528	0.771933898766741	-0.131113500931757	0.905004729547624	1.91550336183856
0.439629191064197	0.485140215687828	-0.271512125862819	0.593915531302597	0.772129373688369
0.120823212763348	0.0346272849887133	0.146151521373266	1.00312231394289	0.352856674204983
-0.025722293713884	0.756536948066083	0.416313007838967	0.106071864495742	0.421471133393262
0.0782474349653675	1.69999006922081	0.271835221751386	-0.635427994288089	-0.440345576927329
-0.13551437870708	0.355457519775069	-1.23497115634242	-2.20793569765584	-0.387924281629985
-0.0133713761003662	1.03756391487083	-0.691251175562712	-1.63546830481651	0.179428536375868
-0.0388417799507264	0.449410695277399	0.134137334422775	-0.732936137503962	0.675316911709507
0.297786679099629	-0.257527637617214	-0.0858489328365661	-0.364008172664249	-0.133018168888577
0.312332251148326	-0.296201268201957	-0.324728006617733	-0.82934759147413	0.85280736036868
0.356709622795501	0.00332955800235727	-0.0386078846839239	0.238297987838464	0.347051988598162
0.332067715699702	-0.0419124693455795	-0.332064110213682	0.074436810087406	0.762365067891208
0.44532680668403	-0.243144154939864	-0.13299375552668	0.746065912170315	0.399114818140122
0.481464429755244	0.956582220414409	-0.213270942472359	-0.873537424845849	1.25894029971453
0.464990887486111	-0.44036526418774	0.0395032473229823	0.610689832270646	0.0421094571009773
-0.267652592918132	0.0451646459123517	-0.732300450419661	-1.14541279998931	0.11851186441393
-0.052705696182444	-0.646513213844566	-0.239024865522457	-0.256217042033047	0.0704193583812729
-0.518967586300555	0.00530980995614503	0.295787459740203	-0.956335381495656	-0.797876232445172
-0.580838079404476	-1.2494017591006	-0.30974488644355	-0.281412634433224	-0.0968826683191011
-0.410001118092614	-0.491570831567	-0.272920699552652	-0.0339171286073097	-0.961437246748897
-0.314569895134979	-0.37304626416326	-0.354772007912857	-0.108135372287131	-0.430505055916722
-0.219182164874161	-0.424813552848075	-0.405105674564842	-0.240045108615696	-0.619354673921963
-0.451202048781142	-0.785917969746328	-0.368915019634607	1.04822845732551	-0.448157723957589
-0.318894551028315	-0.548637788708099	-0.181914330843994	-1.54799771532771	-0.217688280508714
-0.232156430747887	-0.170222894883079	0.0847850402849231	-0.0227941674733861	-0.181062873039635
-0.44576538945953	-0.282964152885748	-0.454688689275325	-0.264722706197012	-1.14787582903309
-0.321215278846316	-0.295498408755731	-0.197298056406308	-0.610782495031038	-0.259486688345655
-0.418505763082392	-0.800281225962763	-0.313917348194641	1.27999249794814	-0.0626922825382395
0.0113157946787832	-0.715497541846821	-0.286738938589378	-0.326014549564277	-0.352362248084557
-0.311616829211029	-0.0217162126072357	-0.339876952906644	0.243340674175093	-0.255343483910531
-0.0353738867468904	0.137880275379192	0.0523960717583992	0.341124019526938	-0.00480508750455964
-0.613500222879162	-0.605276524543057	0.322568384346985	1.14884747470081	-0.213430336708842
-0.184272575372741	-0.719305193798072	-0.624692238499042	-0.0991150904878012	-0.148438911402661
0.0270187720010717	-0.0765291962062997	0.286202470945195	0.670641446687352	0.370671828048227
0.585351215709128	0.433329983727599	-0.00367759303053705	1.02180837882244	0.357575909755695
0.105430385159235	0.863912156532624	0.0991175537679279	0.472908250113206	0.280301364571857
0.0788507020363121	-0.563433487543017	0.145100748169911	0.958747018315988	0.453526279319825
0.555476916569466	-0.159403304640311	-0.116580826245286	1.50772006379602	0.407698619264359
0.211324254169275	0.112512796192133	0.259214748759097	-0.104816459803042	0.483011263270905
1.16036340727749	0.107612758546862	0.424232855688553	0.728948249358904	0.815102898759242
0.620270366869761	0.742818594827456	0.181079719254888	0.39378089538221	0.359632487693702
0.602716153990028	0.137183108049037	0.0460811641309186	0.367100570179317	0.18571447476862
0.886744509482617	0.221376803314803	1.00971595211779	-0.280291109724744	0.65647746467866
0.405022740427944	-0.16066530721545	0.274292034367712	1.21704208338701	0.72299560731181
0.94057428438134	-0.605252942335216	0.245246661537086	0.90650067516673	1.19257544108207
0.616588651949064	0.333535470145175	0.300908339906422	0.45242169276553	0.683626028732927
0.272339315462344	0.368412128830728	1.01231418916489	-0.228339672641256	1.33489875096532
0.433200748581554	-0.237970559889268	0.408258826763258	-0.157070011858753	0.00972794077362649
0.569338072153533	-0.350998471945475	0.205356923809069	0.996328844014753	0.761991342484327
-0.0494764266955458	0.408928695934145	0.184302257674478	0.661515228766776	0.608095357566707
0.413023827344775	-0.625853254008993	0.950414514199427	-0.817212697616453	0.709240201207781
-0.0229806461553615	0.710942770094581	-0.141419415300445	-0.00834937318734523	0.616411109240332
0.0854119467671581	0.172280122037402	0.584275838868363	-0.466443901735698	0.341208418276442
0.377385084542586	-0.332791092925938	0.293567899866951	-0.494415321327685	-0.0770648702721055
-0.0389096739649396	-0.456723810937304	0.0180739192276365	-0.269413249007416	0.395396181389458
-0.226514265495013	-0.453180510957966	0.181766875190688	1.046615973165	0.584635194131756
-0.0563557422656833	-0.176446977012424	0.305391772849817	-0.513468904550468	0.574516426100123
0.30771557040749	0.193896997321363	0.978604422409585	-0.554205872937141	0.579705327388264
0.268352173841246	-0.294545609091161	0.578131095734422	-0.833784846082073	0.148154268304094
0.069420442438908	-0.723771214140835	0.120064075805024	0.328245697374156	0.297657785911359
0.132169448016337	-0.4225841421561	0.709431640116273	0.599482782932672	0.0558269328735687
0.147705463343261	-0.370749009179822	0.0685639567065952	-1.51051525543399	0.207024251248334
0.266255936448854	0.468216246235818	0.0927291508741429	0.244769997534527	0.780098416208199
-0.273313183319863	-0.184413708488574	0.379621425486986	-0.346817154627789	-0.653251648852576
-0.428077673781451	-0.920504155845576	0.0914966562536435	0.391704603678383	-0.506402777822525
0.109578642754184	-0.330687645841173	0.140001141130681	-0.631037905330862	-0.0875320778378964
0.275496875676449	0.413990257433882	0.145048372244232	-0.102148621339134	0.258608761053704
0.293527303690407	0.559845522352503	0.302765762682394	-0.479219074464144	0.526950827197853
0.0704411415476265	0.557194658246868	0.143982731317106	0.419550633825541	-0.0839158067224648
0.675748192886035	0.0928271576215699	0.0253032852818925	-0.298703935237377	-0.0453711552024831
0.637101007534211	-0.485872891721831	0.246420951811549	0.964025009478079	0.374452738131654
0.528465061515772	0.155458707434753	0.233720691126273	-0.255864853350507	-0.134430108460915
0.23591628832813	0.654067199637579	0.501298686615089	0.602834529702607	0.521176796534859
0.59225704690115	0.965589320090147	0.628022065984568	-0.257909102468582	-0.0487957390218531
0.503299507632755	-0.00540397387921284	0.14108051714727	0.345545430031111	-0.623270697219935
0.468696904802778	-0.085892367673173	0.455084291003691	-0.150906105689815	0.00465633447851616
0.356942471310365	-0.348106734228466	0.0658572962854141	-0.404252359659303	-0.565855108779574
0.416846545895772	0.310905424200195	0.21561164586436	-0.0303553707375975	-0.152976418475674
0.344597584758929	0.873445015982015	0.816345278346542	-0.710397825439375	-0.790691733952683
0.0615045242091792	-0.569254735370517	-0.406544377184963	-1.81437636031461	-0.537189334888907
-0.0605811799686765	-0.609475418503342	0.308947702226608	-0.923185971114268	-0.642558061133547
-0.129172684300271	-0.583853429801125	-0.257242246717002	-0.754650887292899	-0.25565843691562
-0.257645155323701	-0.0548971446887601	-0.117121514604774	0.0896489323426733	-0.414619486881769
-0.0865167188661542	0.306382479403877	0.273874073648924	-1.44112564001855	-0.546405458430129
-0.0977060468456851	-1.02745133588492	-0.29232953370422	-0.897953366704236	-0.891083140224194
-0.14862002852149	-0.251343827520221	-0.267819380557992	0.233464412873286	-0.691992733629948
0.251184291345651	-1.2816004969668	-0.45501581678403	0.336680405840976	-0.596313630003982
0.0799619876780204	-0.310055293579966	-0.159295456055438	-0.870846630544351	-0.621308008732577
-0.187308849265516	0.616668155630064	-0.0563059159538026	-1.02955412730452	-0.768660425977203
-0.0769903120172696	0.25188898758106	0.0578882489855554	-0.867129099757371	-1.20705708371345
-0.630623821470093	-0.872729091210181	-0.682006623410051	-1.18276645349702	-1.04950401739228
-0.430710293979724	-0.332670109296261	-0.384761691922202	-0.886406120669385	-0.993184941654851
-0.325538047006861	-0.477329887409703	-0.42064864810954	-0.0204157841285617	-0.573229808355714
-0.457304737408175	0.554628509512837	0.143553833977654	-1.1631273222017	-0.314814164242819
-0.653717605610291	0.753421804138941	-0.0721112338084048	-0.124431771343077	-0.776458455405216
-0.781947367240326	-0.119745684460263	-0.631443678883448	-0.983556867150111	-0.637271245511199
-0.700987937375791	-0.487047513176845	-0.361425191692015	-0.966891093388007	-0.359245606391714
-0.583700490935812	-0.458547717551258	-0.363565488908939	1.74212233165548	-0.54028182739013
-0.341181122650511	-0.253762047797712	-0.478404693819627	-0.649319790219059	-0.390137084661667
-0.649546651156579	0.833873310177565	-0.259298894871061	-1.58502619085693	-0.432825227612857
-0.550115566458369	1.10087501748423	0.145330859980006	0.959758021878891	-0.609232600519413
-0.809123837220182	-0.381339878868279	-0.479508464538437	-0.899579557100724	-0.951020489555478
-0.242780932694248	0.428350598819121	-0.216007663269089	1.33276870286346	-0.220007469856454
-0.644128487922535	0.0571135608599282	-0.279364456166716	-0.503776329738776	-0.492912975099867
-0.0878244361892776	0.477018791129524	-0.208038875003113	0.115753215777297	0.369090208770405
-0.454407943552993	0.757219256872484	-0.361399513812543	-0.124662317771351	-0.415950099709685
-0.382916325258071	0.240386257491151	-0.64378218078119	-0.0671661712207604	-0.892241040458452
-0.482025896614819	0.123919519033078	-0.546332789795443	0.577035651181266	-0.591649051741359
0.0160651895895889	-0.0615302875609891	-0.613292258304051	0.726371283126676	-0.231723569896567
-0.287467300855652	0.194103364947718	-0.534264639360169	1.25627390487823	-0.341451905939188
-0.0823101692027752	0.460578548229987	-0.525595552086662	-0.178936496077345	-0.459498595357615
0.00537795994821224	0.63564998433938	-0.202326402788543	-1.05561378485647	-0.230635377980909
-0.226056233121798	0.645274208328443	-0.137601716443875	0.93395749840051	-0.640073182716607
-0.472853984891258	-0.00407864667965378	-0.303331275353386	-0.3341219541503	-0.295536704473027
-0.597230762929856	-0.0630808573408626	-0.858673435645983	-0.367407283657541	-0.192662855742034
-0.0494711563036075	1.14260720969775	-0.186370512401092	0.119178151897384	-0.221941575536639
-0.629399611190449	0.478813530238983	0.0709555932244531	-0.112630633273228	-0.504289152762094
-0.668919895506064	-0.636958594220929	-0.432197987978305	-1.36782388981606	-0.617631029831167
-0.133596392480905	-0.0352641774199444	-0.462634540756747	0.305880771546499	-0.313025886936293
0.205848663185512	0.0457004749818365	0.149355530574595	1.01329700993772	0.155408850458357
0.486335224499365	0.517973527979186	0.0287538681811124	0.103261635840202	-0.157243189430696
-0.0446037964447249	0.00600486690194188	0.0731598981886152	-0.281157149301907	0.751837699987282
-0.018058077085813	0.628647676358816	0.48528661010009	0.293272068033471	0.184637440883034
-0.00275248588198675	-0.360063602350967	0.304084890979815	-0.295123378729264	-0.0601276187383924
-0.0145518443298576	-0.12631471620342	-0.286693031060797	0.496484475492952	0.485049231058909
0.0744576656816767	0.275927433205367	0.262427497897231	-0.0709700224051047	0.169630724842321
-0.183461192874597	0.301181732018169	-0.213661332708438	-0.400273781797347	0.687632202698679
-0.0925126738965972	0.220019739798803	0.337874209401816	0.0247490563809235	-0.142484095520172
-0.0527340168026521	-0.406275460312544	-0.111747465319857	0.867001778471422	0.0742833678793868
0.120897137398759	-0.442014764242687	-0.106455734499947	0.200388402631699	-0.128961292189857
-0.459683483718084	-0.448151925222622	-0.0951331755322351	0.56913422385363	-0.117024069217523
0.0401285090918615	0.722707489932555	0.447420252042371	0.283961047228564	0.347523258009256
-0.525730456650715	0.123384297602487	0.204455829321732	1.1890726196581	-0.559339260103989
-0.17292945805896	0.00656162405589175	-0.0381670471556227	-0.0157153055989479	0.183562050426534
0.0894284662407371	-0.39017121885366	-0.105233262492828	1.14324870460131	0.132525474557796
0.0841268048256589	0.55245160531852	0.202896082628635	0.083781463378473	0.320494861947979
-0.100257795622368	0.242118194473819	0.185803371016122	1.64907331943323	0.136024598252004
-0.186151389585672	0.356612690441113	-0.0553165892122468	-0.507947198470692	-0.186861255726774
-0.328026761099157	-0.488713275561424	0.0421047637211239	-0.167481447056275	-0.0514044218702167
0.0642821891693535	-0.605108111861317	0.249048971127888	0.559567759758512	0.33575604694006
-0.108031163486161	0.31303989905256	0.216065446344853	-0.12726403383337	0.477499698087933
-0.226122750639176	0.0697894711698972	0.411356841297033	0.046852924581113	0.323593354735861
-0.165596201060955	-0.266802349835733	-0.109990567676087	0.124321454255694	-0.566255760813629
-0.293339413115185	-0.0499027001613996	0.0941930124548878	0.0650604793511109	-0.0443311894096494
0.112505490321734	-0.180941575735539	-0.201243540704569	0.640613156728997	0.0912961502345902
-0.212053603551432	0.163700657322172	0.190646650155284	0.878927037417305	0.38703735454139
-0.256610879017522	0.402380201910299	0.184096148987041	0.606585808747828	0.0667619165367429
-0.0578456642240466	-0.257200257002021	-0.0328069337909654	0.0899908483342422	0.240070625773529
-0.173894405995142	-0.480363511525566	0.50417187702792	-0.377231355548798	-0.238713443156853
-0.0892689868751931	-0.160598518076106	0.323661536082609	0.626858779273187	-0.0572897845395975
-0.440354846122958	0.153919389077406	-0.11450454198986	-0.200430147754999	0.294238362207282
-0.0495005230092797	0.139121739794819	0.123760547061106	0.494614364378633	0.44918467157335
0.129183785418573	1.25143012466875	0.535721062844068	0.264706668098725	-0.153540504061824
0.00276713010583756	-0.0244189861529895	-0.337258850928883	-0.590873923307064	-0.355096817654566
-0.214623336152348	-0.143458719284098	-0.0886988629173311	1.06092918056856	-0.269817414293507
-0.0233308257484316	0.644784813489414	0.288105577846688	0.0155300522671261	0.389041937986207
-0.215935531918627	0.853756602063734	-0.06764859065668	0.404521079738642	-0.418962030347035
-0.195202339405598	-0.408558562229897	0.137631864275205	0.419450657970862	-0.452933057343738
0.00461801685201263	0.358734614527918	0.376629641021211	1.16674971431882	0.107639478026246
-0.0401793167569139	-0.348413753950885	0.197130124327315	0.801350468473513	0.182796338233989
0.419317705541941	0.662340942382425	0.669064544289591	0.394199508330551	0.387778578451583
0.11204751073073	0.496678397160803	0.467549270507027	1.07299744567773	0.69008115404052
0.317344671071356	0.0802507699488618	0.648623483762729	-0.0265550471366296	0.251069410885535
0.327898972660085	0.233849035060455	0.0399934648833587	0.476222921182966	0.317339959640607
0.391167004690893	-0.372143456503965	0.460811858472861	0.624141531168056	0.0479052592465382
1.00738081037836	0.0982667941764925	0.233247100058345	0.783397659321408	0.170412196956775
0.20213856977631	0.150192729443885	0.320378718584066	1.04640163866378	0.474888705242867
0.0401173585921999	-0.0900219295255623	-0.107048418982488	0.198115694496724	-0.320442910629725
-0.0700676764260744	-0.154884912154969	0.114302830195446	0.152364739820065	-0.146817587621171
-0.743504939189332	-0.588749517090525	-0.314010031949214	0.45649951910262	0.271728951601955
-0.0407461153186816	0.460923001914072	0.277773241841859	0.227822871140353	0.105685491833952
-0.396281825815231	0.751047924999842	0.564367550242076	-0.356337280409404	0.214169900914518
-0.145872266632946	0.0549513088748358	-0.00685934073300997	-0.386468881379244	-0.228132244054737
-0.0656582627155319	-0.263607083744581	-0.103353518959736	-0.89199273022428	-0.143406656085043
-0.56039640097092	-0.954322859293253	0.23538184860204	0.135088947608253	0.0862211589636754
-0.342734732733784	-0.85472488987304	-0.211517517652315	0.558214600808419	0.0400483954128507
0.0324882245641999	0.144464771193919	-0.262410126649769	1.04668386571066	0.357427655943408
-0.263453998808903	1.2820280058693	0.0395619110394586	-0.784630354631297	0.222688341247828
-0.233153688214667	-0.0793799211559341	-0.143558299552741	-0.599258092617629	-0.388799439318874
0.24564767025646	0.055096948615185	-0.0753762271815911	1.40206024273781	-0.122812622512474
-0.159077336095155	-0.257213164680131	0.000170350243267326	0.660901143956246	-0.114653884961062
-0.335618512631723	0.103326482945577	-0.0515439591614704	0.462792489024697	0.210918479600197
-0.412266540523393	-0.188239936895124	0.16729368473464	0.800103126439725	-0.472534750863808
-0.455764587020728	0.038139648235226	-0.112088314107504	-0.554618195177304	-0.837491157015255
-0.218549301385112	-0.357363430683985	-0.306075812338875	0.288177715267334	-0.668820440687107
0.0558057991820948	0.423859372082717	-0.0406034223287211	-0.0854041917937974	-0.613436645663735
0.244589629774832	-0.74180494901108	-0.258466312610547	1.14245538954986	-0.242959478236939
0.12363845068851	1.01330518874232	0.136078929520237	-0.284224628377931	0.262319060324642
0.175652403483085	-0.274175469229562	0.0273757179023717	0.661388387923708	-0.276273187638591
0.170563869492219	-0.334811488248593	-0.217164730033539	1.89545301828687	-0.435479854764606
0.339999333191643	0.187870037542489	-0.0271285937423728	-0.0953068962515995	-0.0758914943193772
0.204160685230269	0.734048106281295	0.156579865457002	0.75460482484036	-0.00546770494566017
0.119934323470952	0.739287024580764	0.348498346528981	-0.538600218062213	0.160252780064464
0.0428169096815876	-0.277455962269582	-0.111662918408552	2.16551899893974	-0.470780082271042
0.053447218630325	0.440158426502375	-0.0516737126035043	0.422607207127894	-0.06847710718121
0.13804070209796	0.213920415983014	-0.0740469208627623	0.521666574207277	-0.590377026005859
-0.353141120411155	0.0144319436110395	-0.49100968269136	0.972179222410344	-0.278749742129397
-0.082671775672828	0.890904242372866	0.483997028163915	-0.162154032649334	-0.185062612413638
-0.55112727964031	0.029766531614132	-0.0480552211452968	-2.7092500897703	-2.03769832277806
-0.0992831161031683	-1.27889918511144	-0.33994390672182	-1.18581988412485	0.28477517655126
-0.480130784528109	-0.645548385189256	-0.711709704445207	-1.64948671253415	-0.607164588281604
-0.732928681740117	-0.372368026693913	-1.05335838485704	-0.181554541807855	-0.357200159327225
-0.468490292310305	-0.456489892902562	-0.658500551488181	-1.1120806824347	0.0867964525293404
-0.597065618255797	-0.226675205570502	-0.428269834703256	-0.518953000301816	-0.47308971629339
-0.491293631116828	-0.732149341055154	-0.655738084425352	-0.28036033472628	-0.565868054622705
-0.0655846026194086	-0.796255077814744	-0.947092384283829	-0.541589512832371	0.186542831853606
-0.321036623116449	0.0282235100956046	-0.569290213247352	0.104491958730658	-0.0493505433695223
-0.149767798660825	-1.01515692422519	-0.815634194621152	-1.84344924559575	-0.316347905626871
-0.773348345124631	-0.549059004712034	-0.329675697997804	-0.218635894151073	-0.217111367970723
-0.101522085682056	-0.571555019122468	-0.639601246650441	-0.959708725998626	-0.397109333282736
-0.435130535058314	-0.302716497151252	-0.91531653902157	-0.646091798579627	-0.681883673127904
-0.494046363143566	-0.172598293375529	-0.385192894948039	-0.287533979495217	-0.3498761173448
-0.279218691239687	-0.88790740838849	-0.667638805356562	-1.31849573233137	-0.153215176718523
-0.298489725270484	-0.672866152340652	-0.817514910796761	-0.124208382018276	0.0597051794491613
-0.301155176756892	-0.547277240729322	-0.359512060252071	-1.0366365587548	-0.126649302550046
-0.0754556406921043	-0.563641788998234	-0.479193287664059	-0.486728459574314	-0.225397941460771
0.200044534727101	0.164060276023281	-0.226610175845804	-0.796841049294464	0.264578619490981
0.311518350040532	-0.643620332436927	0.241227782633038	-0.454561582954003	0.544220349973566
0.0379786769202527	-1.32734581241921	-0.26759870646162	0.240050110991115	0.670153458810794
0.822756567025164	1.37698759140415	0.333396554362058	1.73590750354321	0.304325663185657
0.543102184113973	0.134760485591933	0.211806792851193	1.22716079817847	1.06774057551356
1.15013984675948	0.293198604181759	0.150727874106226	1.27579912283932	1.37463360695622
0.724775084323134	0.322138356809318	1.01117408323514	0.315798480031972	1.54831866052835
0.650858621032403	0.00935929152838783	0.288170762082658	-0.0276462384672855	1.00687791449015
0.725740614501305	0.11959889089748	0.51694428731037	0.882473895198994	1.32575275039492
0.767165552509735	0.113285800508631	0.486138677807323	1.19962617826686	0.876432990351285
0.974475211868471	-0.188459630468252	0.494037247398248	-0.220983477909049	0.703344421585005
0.842680460845377	0.304888540574007	0.331928919881125	-0.291767090716671	1.0000374665758
0.648633959177037	1.11573822292277	0.579365827334094	-0.0636701124881047	0.310518430254078
0.297975232327522	-0.217161022933282	0.00409550753742253	-1.02235023860038	0.0593917141718615
0.301087412468459	-0.198671288281505	0.546488247262675	0.295734665164801	0.0814802442366028
0.0989965340782741	0.35186546847737	-0.168520342133382	0.0802948560640791	0.327902430170662
0.844386279433779	-0.17420354762974	-0.367461885320108	0.416781282400464	0.616273167571872
0.287955963468969	-0.0745592437125567	-0.134744633754177	0.803231776637218	0.600725632835767
0.393084746720466	0.785252842740558	0.76522409598382	0.345732095274728	0.537028167453788
-0.143044980088102	-0.34387013274559	-0.231851927807603	0.407630754060893	0.622096090348334
0.234855834202571	0.143849578144885	0.224900991536083	0.151814669372963	0.573059955608408
0.955027515291416	0.889799788369951	1.02081110325195	1.84348327507322	0.926088281180452
0.462393391402118	0.111355364701495	0.552734758370783	0.901490881577536	1.34036796681398
-0.0758658614498441	0.437471996930661	0.222564291928954	-0.69851361283983	0.354696895987567
0.138881657912057	-0.484641362591807	0.32765252294446	-0.411062046335428	-0.000456704068233846
0.41872243145279	-0.0682152626078558	0.235653650401817	-0.341739300119838	-0.207415750146275
0.767304388115595	0.0684309345524659	-0.222318991964195	-0.479032720010544	-0.114698532255166
0.416109168226162	-0.387715068572183	-0.44533947952324	-0.601432955968446	-0.159823193759065
0.473661548888795	-0.0133518949597727	-0.128045844321604	0.25722123381739	0.116988122207944
0.400405977883885	0.880118950379818	0.294987999242581	-1.14084933418937	0.146043201019555
-0.35732562032568	-0.851439287550443	-0.0324071542656406	-0.876561683424636	-0.595127344782689
0.105240586484153	-0.115885484765266	0.287535260651838	-0.197934921892876	0.0370850057351124
0.0149697102389463	-0.205132098766125	0.00970028733127108	-0.955408783196171	-0.269914920061144
-0.425188331110551	-0.58765164315215	-0.481098811265492	-0.66971286052277	0.113338282938843
-0.391618888480069	-0.000480054600606443	0.133808961275847	0.230594999669777	0.120933022603738
-0.298763707615276	-0.121986326122724	-0.40775578673955	-2.1506395475098	-0.393053587049368
-0.243842878670449	-1.09151279438531	0.0908528521497498	-0.632711312030219	-0.199874785256016
-0.43152739892428	-0.0572984204283534	-0.395546041096324	-0.4619347306782	-0.373433389404355
-0.418387947474813	-0.0797821497429439	-0.124125691766321	-0.525251504154021	-0.102448125392536
-0.476000186358	0.250869026249025	-0.0746486387993503	0.0859830860384229	-0.242392412166571
-0.329952063226822	0.266522832301518	-0.20146079757957	-0.800469211510373	-0.470306339683695
-0.108386711153866	-0.434711110922203	0.0444795500457518	0.396939806387854	0.047579481596707
-0.140963222918841	-0.334849454406271	0.216246545157174	0.314577866065559	0.167133262493323
-0.245316403355754	0.184601057658886	0.162161465185521	0.205687637448075	0.479911232812482
0.19269707577006	0.711871737959981	0.508320451381694	1.12508187209454	0.273652121370483
-0.16665481023916	-0.0601504869414895	0.019144428681616	-0.551828487676888	0.0762226262994827
-0.217315665284912	0.159590413227293	-0.414397434408938	-0.37112262233111	-0.121031294533468
0.0759143047648523	0.427623148374497	0.818974013539753	0.86786350901372	0.770182165468434
0.0506663572236398	0.126732119472142	0.0952763130355395	1.27260107708142	0.565785862767924
0.1745443994752	0.776142599961868	0.70423589573144	-0.292880990200554	0.540359234174425
0.0257384961165989	-0.113234416422397	0.503295621082507	1.51275163748542	-0.20236643131133
-0.13679843667501	0.366533978990416	-0.103908373079995	-0.582044014236392	0.421054884025425
-0.0266789512349328	-0.244902111051255	0.277261875079898	0.569602273574535	-0.143088588311793
0.160115465303857	-0.0605219676886022	-0.122381601998795	0.335095164058186	0.0192430411984991
-0.247604566817061	0.124490843793325	0.571938238678224	0.0302571859521778	-0.121073818949226
-0.237522811407267	1.30589598949176	0.611517715273631	-0.935946976031068	0.173090933521567
0.0398656203858562	-0.214893577174592	0.0422352483856803	-0.430957646942836	0.0380715939875283
0.278675596991015	-0.476858697323352	0.39999311742295	-0.0665566743168951	-0.190282223199959
-0.209637824808453	-0.337098549634289	0.374776490089955	-1.18598930419472	-0.132581410933007
0.0618763872607438	-0.0812145969640623	-0.140805479142191	-1.07116817192601	0.356041233919019
-0.159818021659636	0.00526222948384188	0.309330817587816	0.184682889172533	-0.0329072227442279
-0.603711534736335	0.523686105921911	-0.0150279594649729	-1.54263514364121	-0.148909956299961
0.188363698532603	-0.0557423313197837	0.352178613121311	-1.89265245150101	-0.166945135488392
-0.0437556560187167	-0.041827098378194	0.225571697752499	-0.10445195576748	0.0353728940790247
0.018852708397083	-0.0156003910546217	-0.335859603920451	0.251567475513885	0.561866782141834
0.10764184958087	0.128684552865005	0.0121283355307614	-0.0431534445339001	0.264877866597549
0.236026322342534	0.239117003292005	0.539719208098201	0.00723106938904708	0.326733545679098
-0.0736619929379885	0.000378252498138366	-0.0541983752873472	-0.17385936171865	0.143308333172052
-0.0202034600892755	-0.507547471014506	0.234791107002504	-0.850889123154663	-0.361896390537065
-0.27474612870853	0.286724167758331	-0.539560291861676	-0.0901406110301583	0.474618679824859
0.150127855911635	-0.158909423185458	0.245812102278339	0.159729043078622	0.485632722410912
-0.291825634690622	0.297539973544886	-0.0805797432079277	-0.71875650630741	0.0837880626333406
0.286400846398048	-0.250875193740597	-0.560720255408476	0.533727351998465	-0.511426851649719
0.353715311073946	-0.173971055574718	-0.33310177419583	0.00676012240765929	-0.186120577915493
0.149474972727477	1.29738687244785	1.06298551006286	-0.237026774981706	-0.0141358654550576
-0.178129489002301	-0.0736048029577681	0.068764419556078	1.17035527694449	-0.450126384064481
-0.0723929219037192	0.297714326208986	0.416806160298175	0.350737122003428	0.212877461141042
-0.103996062348733	-0.569428966530761	-0.353589523126061	-0.0458987539440397	-0.408526518366803
0.396993162416729	0.101357561776831	-0.292448353790553	0.212119780313841	0.13748679330317
0.515989972074714	-0.893954238613983	-0.34778904551034	1.99345574536087	-0.271505390543633
0.258834794039104	0.47412410417938	-0.0275370514966767	0.363798873809987	0.0151283878034793
0.363327781767886	0.0752993115837956	-0.166239907007487	-1.43712200738769	-0.0454929605868614
0.146257346432546	0.778576748900078	-0.177106740795455	1.29317824991001	-0.053834042343376
-0.319057283619479	-0.0916466414737549	-0.688225255489653	-0.382527521594494	-0.68791975250427
-0.225787272706176	-0.185262436296021	-0.233902327505095	-1.02804993355934	-0.161776874958567
-0.0482180203468423	0.386665441107518	-0.401121706662905	-0.448299277214837	-0.280554551897985
-0.416465868070823	0.439360043341009	-0.538849789049095	-0.211950880190169	-0.426889263856623
0.212931887496293	0.72592265196609	-0.148610342850075	-0.350638091646614	-0.185709408909887
-0.558591009420608	0.491637571654856	-0.448089786560057	-0.667302338658914	-0.531735970558985
-0.32194518246353	0.36839678918082	-0.113898348914388	-0.297359889023105	-1.1591016050711
-0.117934428848763	-0.379121564656172	-0.812315320907476	-0.117778340983707	-0.85688969287571
-0.179085032919895	0.362858834592299	-0.446811785600891	0.0610859683192741	-0.994934849304985
-0.0256507999862077	-1.05981752483152	-0.399073694588466	0.506960077682772	-0.468696185632134
-0.0506376299895801	-0.0670965806606446	-0.362697803744575	0.466490628613156	-0.695577282350971
-0.193623121507514	0.398225051528045	-0.131166031644632	-0.48879904183462	-0.905714176150626
-0.23457047586603	-0.441596025967255	-0.64686729803643	-0.557107303881131	-0.905433609348771
0.447118914868593	-0.763691623806066	-0.415879135242207	-0.206895322128255	-0.554264256835558
-0.353894349870613	-0.0248877499031869	-0.172004534863656	-1.06036639988781	-0.441807684091899
0.391248990837231	-0.234312534631201	-0.609328339041719	-1.30270051593758	0.0760705486899722
0.295813735160674	0.107310112149346	0.117181225384215	0.790689717461619	-0.409868354159311
0.242556329468614	-0.126947082602126	-0.227590688188811	-0.163165975887414	0.203797884527688
0.634274023296711	-0.0232948384612996	-0.0335705466464055	0.804544057127659	0.572690328320154
0.40465830251255	0.0337310244612295	-0.0450505042921181	1.42160474888023	0.651096608312399
0.49287589624991	-0.130543182040405	0.51216790328096	0.169207093729292	0.691649459053505
0.329544790100629	0.404751728085124	0.507019368002381	-0.0928669454705644	0.547409798907407
0.601003701651041	-0.355242235168365	0.144112556808382	1.10293252050478	0.444122146669365
0.391471269646221	-0.274387985080539	0.285268825042307	0.250345714967188	0.450398537833122
0.621358645967208	-0.450807713309228	0.607196201719613	0.0818582081082045	0.756588158445534
0.379661792852337	0.722916278241806	0.799162774206986	0.766168268887732	0.62722458521094
0.358763059398767	0.435346728218357	0.24006115210948	2.15484162843316	0.262687912947169
0.478341226986726	-0.239577735041032	0.197885484825782	-0.18741255862575	0.777641839945532
0.199942939551152	-0.48814293345302	0.0421607470200343	1.35365785991481	0.0198553821800779
0.373480783077819	-0.13480476364399	0.791349459890921	-1.40406506323345	0.238746208119103
0.334672024438666	0.519448934927822	0.451116641868021	-0.722787028871275	0.103382823508632
0.00503140338593505	0.0504154852273063	0.152113919777557	0.0854075490782627	-0.0802252224647025
0.11282183018857	-0.504262070281144	-0.140771456617552	-0.27442256239296	-0.262836889997163
0.237793851076789	-0.126520001950735	0.596468754976799	-0.150492552589523	0.237881939753485
-0.0940541330724414	0.272852138799639	0.537530044898896	-0.0813783703006089	0.338218047338449
0.519697491948483	0.551960273926111	0.719649493396491	-0.253126550137064	0.117105715411484
-0.379349371215679	0.108010305401677	0.218118601696709	-0.654478154151116	-0.416299843522498
0.198970916286018	-0.300537064953897	-0.0977314950180097	0.27137466382088	0.0523174928911791
0.0370506610500116	-0.236441268246555	0.665695916371018	0.0507676016465738	0.116982665969587
-0.137643417342186	0.928959368233927	0.994448249339727	-0.561090156363234	-0.0177234050680887
0.0607909176990372	0.755033149808756	0.398338601369741	0.393829264395412	-0.182320083361735
0.428762815994158	-0.528798868084911	0.342637748170673	-1.41848240514525	-0.028328146675571
0.347743772276519	-0.116765927052641	0.346078039784351	0.330694008720275	0.0712589428274681
0.387621671564941	0.00161276376861752	0.839108503424493	-0.088601425431762	0.439058121889422
0.296793636168657	0.86972849681147	0.552890165965589	-0.339925609558277	0.061547733390961
0.359738559726291	-0.80625026129479	0.113791871979641	-1.21573017046574	-0.86529396446462
0.263134257702574	-0.266320225030104	0.0886581580788942	-0.330399530962329	-0.0782290571697834
0.223393683408154	-0.273638980313481	-0.320020571570103	0.941528154584451	0.0960595610345351
0.195520495853038	0.267380091172517	0.0270234670237087	0.216696247631672	-0.105328959632563
0.113723913760813	0.466878607014098	0.63376889587545	-0.430913826678532	-0.134661464126489
0.212771474195265	-0.76023645077396	-0.0116882834805553	-0.194057121788842	-0.211993200425026
0.109830802522159	-0.333582244339404	0.0872125852563942	0.70117007233522	-0.124483352031832
0.106422293732417	-0.534930591741989	-0.136357645354997	0.89503425208731	0.108073937676947
0.454607030733859	0.155253374896523	0.212142032547385	-0.684628460278787	0.676237889930769
0.0777265288847599	0.830640240950672	0.580479818758706	0.356472049255399	-0.0934431723007647
-0.353594384678423	-0.640353193943842	-0.288915173570006	1.18781351687784	-0.0288902517704877
-0.144615989182266	-0.0919670360164573	0.281627404588047	0.352393407030088	0.421701683211627
0.0358566711847528	-0.167692911436576	0.144854572331778	0.6460204434015	0.43026437104112
-0.375498947093415	0.949662312942218	0.68198203379312	-0.52716170469527	0.384232246206473
-0.313715365569878	-0.309484643015575	-0.167407315730336	-0.145093601649898	0.177083868444624
0.0580746621240792	0.479977775935127	0.0246709545052122	0.66061246791474	0.116927169989004
0.148447279473772	-0.427616710460907	-0.165057219084743	0.257101895600712	0.131557528311465
-0.0342441101913676	-0.00321568401835477	-0.239027537508919	-0.49446336960182	0.0768684194597663
0.169728642391007	-0.0110974049290662	0.223222868643635	0.14133919367454	0.134272744996942
-0.199806344836446	0.0985975785559257	-0.170775407016256	-1.6736424311413	0.025381528494665
-0.112455633486554	-0.143028430250992	-0.00808644861950062	-0.480041457022758	-0.197959999301904
-0.522842679294971	-0.357315182972636	0.0434672255041715	1.69401654329806	-0.413808775479767
-0.420527281124647	-0.508013379468446	-0.514973272159777	-1.61930361387925	-0.0944592834693103
-0.116084254787794	0.702271060617745	0.264533572833379	-0.404309042699373	0.306821254595303
-0.0546689412623026	-0.472325472189238	0.0534602452326179	0.0212275438119591	-0.0466145413192242
-0.646777603373787	0.00283272382723448	-0.556773935240643	-0.0932770515950535	-0.410507065647722
-0.301125877251494	-0.689482829745294	-0.357805819397174	-0.463853933810056	-0.242971519007958
-0.0724604755181588	0.0159025187974423	-0.319086106795797	0.854065902810945	0.23674426293741
-0.22592579813349	-0.341283667106668	-0.14234670806584	0.598409508370559	0.139123373391442
-0.0988261435948178	-0.322221006917353	-0.345655776893162	0.192566728587927	0.0457713358169479
-0.16029259189246	0.676027285422234	0.0965501076800734	-0.629300603403854	0.167449063921582
-0.270823306325482	-0.467723060099857	-0.353671518406745	-0.406908009562456	-0.331885146774057
-0.510770075443324	-0.36814400190836	-0.531262120093183	0.280055648764234	-0.0385653373484342
-0.367554491417961	-0.111345110534417	-0.223038561661094	0.862707856881743	-0.0367691534992425
-0.119199840230502	0.228808385450675	-0.255068501978043	0.67580788143963	0.29519667411368
0.13040149179022	0.471148350114695	0.662328675113806	1.31797349496688	0.292063620277968
-0.294577188353113	0.0220248548660977	-0.356717057949512	-0.693047878046297	-0.60264853482348
-0.206086509577597	-0.358066941121079	0.0568536379280934	-0.259194378995396	-0.283741769140887
0.0848598450574312	-0.425847373414262	-0.0555452629802997	0.530817926913717	0.125374264660044
-0.292493925031079	-0.0638686808601102	-0.529491922305242	-0.017699485392557	-0.0954983316660257
0.0675852412248702	0.168960535802729	0.433267843120487	-0.876356548585032	-0.273085561602219
-0.309152822290698	0.100659910537792	-0.0420549425009817	-0.391686109366687	-0.20687275200442
-0.0665767202924915	-0.37345147323194	0.0265906102320623	-0.631366698809258	-0.298482496266932
-0.00522442551083454	-0.332357149652216	-0.427530087893566	-0.0540671224259632	-0.769947078709799
0.0887300256486765	-0.20227246050727	0.215788480280885	0.0390289963139286	-0.375920280788759
-0.138879132027283	0.128909412906845	0.153028948686515	-0.149307840975271	0.00517370577546085
0.122998087322353	0.0962465267575466	0.186267846613454	-0.838596553613762	-0.511276996313692
-0.804750750455481	-0.254333822513708	-0.46054107241052	-0.430767594648357	-0.562784250399778
0.217272906608304	-0.352910947815446	0.0376893387238397	-0.0739519511994815	-0.157131198645721
-0.168885897513533	-0.487764245899525	-0.416217773974114	1.68468211547651	-0.168157645704027
-0.350025497933716	-0.0847496343567489	0.255196332738658	-1.85178597533238	-0.457299706533817
-0.182605842977013	-0.0023055419187473	-0.708599929073032	0.785233496887966	0.264077316934999
-0.669196975754801	0.434169510913231	-0.593650812001901	1.12101064070992	-0.229681511316607
-0.459280752653656	-0.413873584484349	-0.731528998888159	-0.981159562778907	0.318274695323611
0.0407852706710437	-0.426238869163597	-0.680219045151843	1.24575261291953	-0.0523968272107181
-0.0749073644892663	0.800685214259708	-0.0874433164463297	0.0154518786334921	0.288758915854496
-0.0912140502182108	0.568491265564787	-0.436926338853178	0.298232746727904	0.41616027734463
-0.308753698045712	0.891161930374489	-0.174898473006018	-0.316341823455588	0.148607864085969
-0.235365714561868	-0.329864474418384	-0.607023844511665	0.102952448778103	0.106666624747787
-0.314302443687906	-0.0607246944770588	-0.400118449377705	0.449433846806924	-0.0934441354351848
0.0204613622887438	0.906434662944729	-0.0411813898685516	0.219348450883142	0.191074126732302
-0.0669181736447036	-0.342648776510018	-0.641084294806212	0.0359223837500344	0.64109115344442
0.104202946677039	-0.15563263025296	-0.976007816109095	-0.752377696679723	-0.0432565067075301
-0.134058915886997	-0.188194154125947	-0.390118123014442	-2.917251649275	-0.716087600183541
-0.223167594910725	0.320558878203177	-0.583275836092168	-0.214030750233464	-0.578382702348416
-0.514663112323457	0.665581563327508	-0.544668018095969	0.69215161183248	-0.0617188781912081
-0.224854379240753	0.184086155402352	-0.458045681118074	-0.0396197438589464	-0.637740769110788
-0.0986379273171487	-0.139356033216875	-1.33968467451286	-0.366050152541706	-0.0704120244892568
-0.160544286713371	-0.732050401102241	-0.503613170882748	2.02991037624459	0.0126405131294056
-0.177578294385254	-0.135316640964334	-0.161335124700326	0.204315235064107	-0.24326557753637
-0.656552536406064	0.0565335571706953	-0.202846873512971	-0.726736425292124	-0.432034947426662
0.33931945606322	0.616270518576653	0.780184738425202	-1.21314850503431	0.361299661432513
0.0264096508377403	0.455952831683793	-0.309352988867471	2.57460770540048	0.48667311737163
0.0712712367742503	0.0485941632554054	0.338336757239141	-0.413195908767958	0.221039283017633
-0.350561001899907	-0.52603696779033	-0.898178829350764	-0.438551855449952	0.0783338613058164
-0.579964934148515	0.0344937438281408	-0.894990355533276	-0.172323862420333	-0.315197130036062
0.00344205586907731	0.588979911140096	0.642344054215061	-1.49439104480188	-0.111766362607149
-0.217210214198185	0.254316286826171	-0.768900517269075	-0.399000398033208	-0.0909828611437515
-0.508831095849364	0.084099447473136	-0.369111385543108	-0.574754415187427	0.0193030086952606
-0.403209188020141	-1.35533209886221	-1.21346953120612	-1.60871703164433	-0.188040961794526
-0.733211665750154	0.21500564823951	-0.864528163902583	-1.69766563100399	-0.353978432941874
-0.313655070281226	-0.179713268978918	-0.263568973658423	-0.265550068539204	0.110011973871382
-0.18151267900397	-0.699776862883993	-0.120786444053877	1.74487662751083	0.00428469871368686
-0.207928992672485	-0.212248973026978	0.263877902630228	1.45992043414893	0.24142403623703
-0.111716556281492	-0.0173384081315347	-0.407999042100942	1.26831843299375	0.465075830128672
0.286771257271525	0.674466907249853	1.36637580309828	1.15258385270883	0.573042030784874
0.621810119162574	0.0681656245418046	0.686947688061464	1.01103792319913	0.600445514503981
0.174656320736645	-0.0632259857165847	0.80077328042668	1.0107042301357	0.441177587394934
0.375899608587105	0.17394620937143	0.992382405971817	0.414658246576448	0.0946901089039781
0.15208362590606	-0.251730826725851	0.657765873927084	0.167850748013993	-0.01772348984525
0.0848576780141729	0.397346916564785	0.417255303798112	-0.678007024805691	-0.449780154108973
-0.327076046980598	-0.392288820283828	-0.215303555923575	0.168121994073424	-0.235544529587646
-0.0249035311465484	0.118741704953816	-0.101814089484119	-0.68274009088112	-0.28861972948122
-0.22368773063187	-0.684967635357564	-0.920612531147542	0.45113893546019	-0.613547270638157
-0.148273654350506	-0.545544570238165	-0.278188248691131	-0.457566230320829	-0.278740398836274
-0.278916999035053	-0.1865950160126	-0.426435337805909	-0.728256713813313	-0.229677523774269
-0.180865278571496	-0.274899670226063	-0.0357884956246015	-0.793646052968783	-0.265263046264847
-0.206091296793906	0.0176648115143261	-0.0994903647195597	0.472660804942469	-0.11327888748762
-0.0605845068391047	-0.661121436190321	-0.366567906828401	0.132218980911398	0.112621678411482
-0.308590189927339	-0.437840343710409	-0.774557795040801	0.0481440280426687	-0.180311664575774
0.130156103910786	0.950877166384423	0.801636115766551	-0.45890759747112	-0.0506181413321126
-0.0494896872671391	-0.119287242474533	0.432921371402579	0.0500574844404163	-0.635334969599674
-0.0611036463263134	0.00274804416112917	-0.540547299027394	-0.655667712058295	-0.059365772223062
-0.317093262003502	-0.948929419977848	-0.329712402136804	-0.264755492155339	-0.219395368871506
-0.331045633735975	-0.465515622177963	-0.416381023294461	-0.603568984276309	-0.194766906624285
-0.472149769409747	-0.130016975326598	-0.594546134458527	-0.0056865509083204	-0.255814663862679
0.0682463229358809	0.129932799924247	0.169671827604063	-1.29695654790188	-0.54041540187471
-0.0860768133867136	0.125515180460217	0.154606562020124	0.675910169437554	-0.050476438867345
-0.117383405680112	0.311145858281893	0.245441934327092	-0.231001902705713	0.256438201451975
0.0737039727797044	-0.225907203975757	-0.181469474571131	-0.316669175165832	-0.133028738079681
-0.118715887751618	-0.139781601288526	-0.269378435602846	-1.33332136605025	0.164552526696229
0.235872137321171	0.941466021089801	0.61169289313596	0.190876128356434	0.114684162683223
0.0908232533929188	-0.041443197972465	-0.0919597061465105	1.14663617654578	0.510142980176704
-0.1998873185433	0.284016319351719	-0.182031100475952	0.419429930488024	0.386816536198598
0.119502672101851	-0.212129992228946	0.162006958187131	0.940149281786922	0.0934588766714613
0.0274364520872606	0.326280018787467	-0.109119082787514	-0.186810642531707	-0.00760328868303786
0.278363651111505	0.0496375652698125	0.594567678482052	-0.337729000304766	0.265632703102003
0.121951636545347	0.739452776146377	-0.00754452553875209	1.64484621631107	0.620201055910277
0.135379675230929	0.102155040397581	0.470751904383543	-0.735565051122983	0.241082152279628
-0.520666720738889	-0.29397568343503	-0.123648958606729	1.00128984204835	-0.0474625191759423
0.245329857401364	0.597266743254511	0.767810627231127	-0.300010766646687	0.325896061591753
0.286854843558661	0.0947398764477676	0.581045985316131	0.67297651656686	0.384423156228951
0.580848878432641	0.551191780287981	1.4674890149306	1.74147510133264	0.833494619705213
0.29844619096193	0.493551035341448	0.70494998084188	1.52690101256769	0.529547273223654
0.716339783143104	0.101051325384483	1.74947986518732	-0.262216970019531	0.386967186362828
0.876679228495187	0.86502703459003	1.78224249593983	1.80830918467253	0.555599931311647
0.844067191140543	0.307658016918746	1.08883916916162	-0.311568822539766	0.567579020507108
0.685077492458291	0.205136728713165	0.462047589344391	0.168011088044539	0.4491033038371
-0.015330032888413	-0.552007742775381	0.949452141970839	-1.00033892842719	0.0875126627508964
0.356975660402779	0.658766233841072	0.902386376772573	0.0302979035474493	0.22132976456037
0.396246951708384	0.197015290314105	0.620419229416857	-1.36886007108746	0.346079041677218
0.415806399598255	-0.0366909395056451	0.0696092709973384	0.562102470887394	-0.059924476169691
0.0962072738206716	-0.44731986444526	-0.0518206132742304	0.286293918092335	-0.361787864097041
0.218873911152079	0.609287899024647	0.356063484749135	-1.62471451014659	-0.0537428251349107
0.139933595556445	-0.08698939569635	0.321058353370928	1.0524510046993	-0.132284382228423
0.336041651490161	0.170654613771795	0.109911218715648	-0.173224363981747	0.207663038947069
-0.0322517610021431	0.0668998528384544	0.0522837821478543	1.18551579311139	-0.307759628072517
0.16511274721807	0.0808646235125951	-0.673596366915964	-0.757467056230735	-0.248356963891252
0.081398792301455	0.352632328220248	0.766887748394984	-0.0331412871632489	-0.0170525159489723
0.270693747208105	0.388119496893788	0.165110902651327	0.830217310369979	-0.055291940538008
0.115461975204205	0.17708698950159	0.360150200259361	0.344234469732518	-0.213432107308209
0.117293387395869	-0.0463751816739549	0.0313377056174228	0.783397519364247	-0.538170652838227
-0.17940745296887	-0.434834156773715	-0.148060456780191	-0.702984576896552	-0.298635215254292
-0.223097078486652	0.0908909657753676	0.0637389296592965	-1.47622632743073	-0.523396809220317
0.0123783694861788	0.244340111087099	0.390295488578805	0.260461754040383	-0.237404689016548
-0.316906408417807	-0.380376728059063	-0.0115793340550413	-0.285532955103575	-0.0823521571595577
-0.207011629694606	-0.0473519060167651	0.459154090402893	0.531851478567574	-0.0373527036795206
0.0488249609306656	-0.44294970173911	-0.397990731266628	0.243566411556304	0.04804255075699
-0.288834779676319	-0.508874211412754	-0.315928526112927	-0.664318422191395	-0.513871576243226
0.236907203820645	0.542204828091558	0.315877417424042	0.11587800500321	0.310585374484629
0.0927068211619382	-0.508833483943999	0.0480186203132216	1.13801644340774	0.081140569047906
-0.141701463118662	-0.435207086006023	0.408329938364133	-0.813848403087648	0.0162263396258709
-0.0407644150841747	-0.41581641238381	0.34629960844662	1.25984936643527	-0.267785170097066
0.137564925365012	-0.568322517571712	0.425564126501148	-1.00288877661322	-0.445413618850557
-0.319780131385548	0.556430001062051	0.197857995802737	-1.03033073341384	0.0613353136354795
-0.142714570968013	-0.346860538124837	-0.362287069112179	0.868077243000757	-0.350772856680162
-0.686266686080469	-0.335051479310871	-0.117096746332164	-2.06281708270229	-0.12801075446098
-0.400410949271079	-0.175686685452421	-0.666093826037146	-1.57703984976463	-0.455999615040609
-0.780884071098334	-0.34052225127818	-0.743350073888767	-1.03395314579602	-0.643829224879558
-0.303719919949103	0.0545433511271378	-0.629830929323787	-1.1135774665041	-0.522926534179107
-0.349984241435134	0.189354548098276	-0.877659586778374	-0.852970988378805	-0.604693201548513
-0.773391354833989	0.165227406404194	-0.990933308755838	-0.41528132685565	-0.385275445550171
-0.365370221810969	-0.409316486663713	-0.64516503836806	0.955880683397726	-0.0632656349784321
-0.401196641007583	-0.21347512367779	-0.84753791456127	0.0672622569260984	-0.472881788076966
-0.581056851650839	-0.475186242736132	-1.17203538814156	-1.31704710822279	-0.411618214798756
-0.0841520841649789	0.279493798714339	-0.484322213605971	-2.27436298742346	-0.209515050340258
-0.533775562678169	0.118409333013093	-0.484978696073816	0.334891470416443	-0.0891138598356494
-0.105915962372979	-0.0206527620341051	-0.391873547882055	-0.917555535487217	-0.252137734662378
0.0203354046586527	-0.278297004945633	-0.325827138394547	0.800578608468258	0.0610971527975757
-0.344778315434779	-0.402806372305767	-1.32981472647076	-0.607380629004426	-0.303599468066509
-0.169214477183701	0.217098995385187	-0.544892160442158	0.539400786089423	-0.83369520400333
0.160006824149163	0.184741700187772	-0.798211120251849	-1.24439230564063	-0.181692105738766
-0.272156211227457	0.763233812751799	-0.882797056254521	-0.0426425938218465	-0.317095372888023
-0.0531882608370133	-0.341090986623679	-0.703519990030606	-0.457896097664004	-0.486481792383322
-0.309564910654831	-0.508949190370667	-1.41594798924137	-0.904927246854626	-0.432890156866357
-0.23075080021872	0.145204911299723	-0.310861481636371	-0.911778518758787	-0.740895022632286
0.0116695116529587	0.405675759348755	-0.850207643490331	0.024400980799415	-0.352810333271036
0.32932399598895	0.42605528645362	-0.352715134090122	0.992094849210252	-0.47039052275883
0.04677323190266	-0.265641849926345	-0.436613422951895	1.56435865538388	0.293770849584298
0.642995071048341	0.160057203912552	0.107604252849218	0.923975504950095	0.338727070581636
0.916864792183326	0.428074532061391	0.532977389106857	1.6394346173625	0.449279220049835
0.723008916122654	-0.0463321244819248	0.494753278395104	1.03137461762944	0.538985365828027
1.18256357855402	1.39926670957255	1.22823355140523	1.05534960064437	0.528022336916543
1.39527995334512	0.511608281142774	1.09876013188848	0.114905359277326	1.13763010741726
1.00383514196469	1.14555960596867	1.30841523288697	2.57460671957819	0.931724812323846
1.15419551257458	0.0178828905445255	0.734536426169624	0.871506969270384	0.958813969883978
0.194046405918059	-0.674278338320834	0.718079455525805	-0.549103474256767	0.664692992050809
0.375122633567111	0.598660304836523	0.189126079973853	-0.123841942146729	-0.162125373088505
0.173060656882388	-0.0789386148798768	0.813646414244346	0.69293937319336	0.425633450889598
0.479539976911328	-0.18951318062641	0.402854386598136	0.0433177429826066	0.172927315578752
0.174995923990461	0.01218982636744	-0.425632912616521	-0.392737558194088	0.14760786402902
-0.130207709337609	-0.760889591691013	-0.594374921550922	0.211685426365253	0.266105668220099
0.267882397590284	0.779346698743563	0.984914362114674	0.151018369855816	0.268780695525458
0.280009109194169	-0.0990054855160173	0.492210157929645	-0.0430431624314235	0.263704544088308
0.475767000891269	0.457785029319435	0.274337581466576	1.27328116940132	0.425387639756214
0.121004628362314	-0.439290897458022	0.567221314255575	0.24250118879781	0.390701136490143
0.0929297744415329	-0.510842343685948	0.0693518144322206	-0.286120929534621	0.0924919325516067
0.39704459474352	0.49294158572483	0.703150719192892	-0.15597924691373	0.3540537233969
0.0204361070704988	-0.0684447164200455	0.399504116349321	-0.109816532533576	0.304768458115836
0.456659673555761	-0.791000136128885	0.667121431737995	-0.0792155518729762	0.381194479315271
0.0812945543526839	0.0791804227838976	0.0825365472737842	1.31443136691654	0.32841492175075
0.0538298046226057	-0.479874630919599	0.101757171575845	0.691097720807147	-0.337878942175575
-0.283119740509184	-0.244822063943355	0.0654720567527449	-1.23984558317684	-0.213679128265722
0.0488602340284061	0.690331364587099	0.583592335114028	0.165749126895934	0.15697817044681
-0.32554868638719	-0.297078472079431	0.092847040100906	0.116944585520114	0.294675248772005
0.186463727095102	-0.488081743516985	-0.208784652905508	-0.422290307500495	0.0246038932074347
-0.20047427123726	-0.388121736490133	-0.181884071717724	0.571915551471148	-0.155703751641433
-0.135559935515345	-0.64276915986756	0.060040448760039	0.724308718811778	0.0836930363717528
-0.592900978819836	-0.0270374356186015	-0.514984226434636	-1.59353275230767	-0.335823799498469
0.246552733567194	-0.69833760695774	0.310223271764377	0.322470463663458	0.180811255423608
0.0736933999010175	-0.239721523871596	-0.43798034548302	0.311216068395786	-0.0237027632622115
-0.258298945632096	-0.334983374604129	-0.322698646361391	0.422830086842609	-0.210820330530628
0.0586222607960074	-1.05680748011039	-0.392373778896959	1.38748822908564	0.118235955468876
-0.136934350743904	0.367061069730019	0.0260546779469565	-0.944551675655099	-0.294721982445134
0.0616844749561723	0.0106686901017221	-0.111961105098764	0.138828245517102	-0.241887860456027
-0.318445470809511	-0.39510667779302	-0.0146272232411738	-0.623570535632883	0.0480841977446848
-0.31379610912253	-0.0156501323399048	0.0899803606968929	-0.437360216300942	0.00536155650446143
-0.37023714121774	-0.379737543627479	-0.419731814673588	0.322873074644124	-0.0201113813913884
-0.0953168167549174	1.15975954137043	0.798327332574814	-0.896266659203055	0.367519218818194
0.148389606573176	-0.224788410675413	-0.28044502730893	1.91820971905632	0.611254921168366
-0.0717943682546088	-0.233102423346423	0.723953181696974	1.60749883813242	0.71754994826395
0.329791755733784	0.268892757391539	0.598641173151194	0.70614759108166	0.56083317966143
-0.106363002735581	-0.131771475930274	0.510059329621576	1.3275983022593	0.651455010103856
0.365855635207052	0.372592047563081	0.57793413918605	0.715214237596323	0.161989045805937
0.556587147166535	0.202771252173385	0.745671559790939	0.487605921449858	0.606900008213404
0.307329611926159	-0.0891679091463104	0.377366710465817	1.32856147283997	0.893941813888393
0.206116386717641	-0.263302612019185	0.573759863818821	1.64125695856216	0.177307000178074
0.134992437913049	0.135325445850695	0.310217388312859	1.36170448103814	0.553756455879296
0.0320316360904517	-0.129652697532881	0.718596950133236	0.059057263017375	0.457904231020678
0.313857228764532	0.406200014261395	0.632475562604564	0.625074174721611	0.234167210295891
0.352214861065817	-0.246067704672987	0.537749731581687	0.298521287804619	0.427835724476451
0.0733232940442333	-0.118552550699797	-0.0945200350225704	-1.07977925710808	0.0687105990521691
-0.196130877242751	-0.514652442591727	-0.0855904048240516	-1.68334339730743	-0.202905905270607
-0.205145549115742	0.466934089236347	0.64252321508532	0.725750864079208	0.0312430848364335
0.00593195019158647	-0.453679230263931	0.0830864293114899	1.46175205805719	0.529029974603452
0.135658896809194	0.538439410026917	0.681445355996968	-1.31297606443983	0.234960619106077
0.151459164204995	-0.332900962594893	0.172312281662653	0.626188798478477	0.0554486733505066
-0.313194138119116	-0.00893710192468027	-0.0948252039248267	-0.324333690846019	0.332527220288953
-0.0867386156258312	-0.0155414899562947	0.186061212754519	0.426012770847334	-0.241817586471736
0.135520394389895	0.409989159502204	0.128167336297812	0.224365150164336	-0.169161018368064
0.0410816800538239	-0.118848488239758	0.0119081072564036	-0.534288460226066	0.207212342513193
0.102993340840816	-0.0436268627028982	0.0279770644081917	0.709410786327624	0.236498917649459
-0.00147799695195976	-0.103207174913594	-0.309604650544629	0.769914903151884	-0.273107660554335
-0.216317305940593	0.881269957751043	0.321045846809732	0.899039989324709	0.123827849167383
0.262276232439788	0.530227478232515	0.194129856667411	-0.357896176478009	0.107401771243231
0.173994273599068	0.851911260320392	0.234428894332924	0.315862870414628	0.242113868798192
-0.235260057938467	-0.244354675378384	-0.0468256594150262	-1.5610494130262	0.090419322813979
0.0897833968252525	-0.758160582089296	-0.449689076693059	0.439106732834187	0.00207220878629037
0.336131747964191	0.182995496359616	0.925083832855566	1.60260393022571	0.298774414285641
0.0633117968725139	0.535894971216228	0.365740744668819	-1.18560747202764	0.301668969372177
-0.0879772169174381	0.105135062162182	0.174840356090321	-0.0369741727437556	0.323569827801817
0.39347863356979	-0.0195215665628696	0.0959267512027775	0.462363811294561	0.0319494611373902
-0.462408107889633	-0.354960130809545	-0.342950149503128	-1.34706900986706	-0.00988302062672882
0.116765577385759	0.776498149065082	0.446521067065405	0.780421923033861	-0.433271539968796
-0.0687900582300454	0.375406097746198	0.10883228460469	0.138464179340389	-0.17371245793175
0.0325154028212941	0.280934144855167	-0.339043099749329	0.61129822355584	-0.185260477534481
-0.0650791422785037	0.0642014366449527	-0.0372877997654551	-0.185171825965124	-0.0694776790704022
0.001227125321164	-0.191109084303027	-0.709249406229485	-0.4053419206317	-0.467340437093331
0.0617921657707925	0.814280703183688	-0.434718094814889	-0.910036586507595	-0.202353234612359
-0.056498883224341	-0.226637562215884	-0.410215452107639	0.0973469066239107	-0.350249236308949
0.106076953664592	0.591947604449852	-0.664617992380704	-0.773749156101306	-0.420778507770729
0.0370515109272274	-0.240670823682552	-0.972088407007472	0.510987825471657	0.15060757371447
-0.340554733985659	-0.379893584913586	-1.10150971577905	0.349171110300949	-0.676899575354093
-0.107613679719825	0.907579431411852	-0.816672618339388	-1.1678828935094	-0.615501779264481
-0.0862908712427024	0.0556954138354523	-0.0632503046185953	-0.110790490802842	-0.204086776920411
-0.00952086902650018	-0.136729780946215	-0.448817984258315	-0.641868070387352	-0.302741792043131
-0.308705320895921	0.376436033793532	-0.877378852998247	-0.169706943637169	-0.237641216135046
-0.67108273665254	-0.320024734546972	-0.999041415565096	-0.72985735425269	-0.670110130835044
-0.405708469911952	0.297137934950373	-0.958909655952342	0.230218242594956	-0.0398694953659986
-0.333947585618391	0.465231388569941	-0.516317464014219	-0.573228401222294	-0.297231286685046
-0.623556377474993	0.656200842590479	-0.52936244731908	-0.320399025711983	-0.238407695630224
-0.724048377988695	0.0517318612482053	-0.0350665882210938	-1.08536357208884	-0.615072763552066
-0.704072946802727	0.585779023186918	-1.11355048133355	-0.292977638358247	-0.771330319399149
-0.638193863186452	0.943334931994268	-0.661816689171279	-1.48568124911773	-0.470032574572518
-0.276637048391138	0.243057130987801	-0.456527460619933	-1.20560362013009	-0.478023952156763
-0.637349019858542	0.080216633271703	-1.16883674058518	0.235373807230062	-0.327574836062896
-0.244911583806183	0.203853817670185	-0.489357362184515	-0.0697097969095415	-0.393413651094026
-0.072509082469031	0.559358116942728	-0.183898858088246	-0.821369732934048	-0.310123449685459
0.131307911529232	0.553434948097234	0.130871263294766	1.10052403138984	0.0677084560516556
0.250981712053542	0.662684937095984	0.29891702748153	0.29269089238805	0.213951737414094
0.528588725647789	-0.215357712941001	0.297859416876947	0.968240870644071	0.303417695154744
0.282014230844068	-0.202808372019671	0.0957492288079345	0.473602857530157	0.328333537637811
0.407908522192578	0.24822854935855	0.766974460900723	0.718803176781367	0.414205024343049
0.608925133914691	0.51803041902606	0.814655460342385	2.15958824281912	0.462612492072899
0.507122435074263	-0.279310337198	0.44499836629306	-0.356120000132796	0.406521078832096
0.40298812185567	0.240720379814545	1.01196684176996	-0.0133196789715744	0.451953052126159
0.0302159663116705	-0.551239267085945	-0.0790521821896624	-0.928949033076302	-0.152425129660372
0.354682282942613	0.585283722868843	0.327449573520729	-0.709707500922181	0.113415191550336
-0.164314654845646	-0.520614406134482	0.339794487424001	0.792141714433958	-0.00403017693553516
0.0304294347180823	-0.219501928640361	-0.289662033844164	-0.32558675643764	-0.0106414578079032
-0.0285696599013988	-0.1496100563221	0.0869334041854	-0.674838766049383	-0.292484429057401
-0.126232799253773	-0.241376558733935	-0.391612421859841	-1.17008317029403	-0.318971818040536
-0.357525493913522	-0.166598932415905	-0.390255076195341	-1.54245416083031	-0.523998567568315
0.0656933960725744	-0.211940436177665	0.229818400469694	-0.197578631551925	-0.269923678842662
0.0834736513669461	0.192027487267713	0.0240723958795131	-0.434498595251131	-0.0466855209330714
-0.380704566348932	-0.854220486562152	-0.297693727004635	-0.998066427942575	-0.132820315400012
-0.342684658175857	-0.303560224967084	-0.843766317178458	-0.38876984218503	-0.115842527679187
-0.182670452237663	-0.631873346439583	-0.293305258384055	-1.12191742884925	-0.326709484557892
-0.0171270092394719	0.409194299127296	0.125473995624314	0.0965082467066267	-0.294289348160135
-0.0149160475698893	-0.18098985368371	-0.18960052883794	-0.0611048561725859	-0.0253130219478026
-0.137083414138291	-0.72283394233237	-0.435339370553195	-0.301345771055136	-0.364135739454793
-0.453590431979977	-0.518285521037862	-0.172707604933208	-1.45646423859421	-0.26649292110284
0.241318629312042	0.0185563186022611	-0.446932829253313	0.143158666659531	-0.0908640627539942
-0.209104218348772	-0.0116902549168578	0.117256094430825	-0.67927561329142	-0.344329416641974
0.0348578946670796	-0.450124674117657	-0.496203643483724	-0.720743701373413	-0.257444940844384
0.164796556279553	-0.144565853927429	0.377968032873581	-0.581950188926723	-0.294895598386364
-0.575225883305435	-0.434011943518086	-0.134360210523641	-0.747305645800262	0.04384134373913
-0.345705824078135	-0.538752312136319	-0.6537496809537	-0.102250455475396	-0.268163961911014
0.151287351100395	0.303712434014796	0.386161212063316	-0.846813064390454	-0.181216934051899
-0.418098409621755	-0.10889255262164	-0.0646944769622107	0.0778880562985368	-0.189217786986249
0.0928844233510746	0.152199084965912	-0.257914926064418	-0.668646492050447	-0.19080761025129
-0.126106597364538	0.0974313398999719	-0.454315765892983	-0.262135427816147	0.0722499324954657
-0.142469308987272	0.0719318911787053	-0.062252271438209	-0.527656539659874	-0.362765791063937
0.0834105347371634	-0.410240838052996	0.374787878802908	1.01587565438993	-0.0321971511140708
-0.209063117461657	0.150714655588143	0.274409047400928	-0.761082775822012	-0.214163852318026
-0.166335101651393	-0.435954452512051	-0.463310282592681	-0.424958987752829	0.117502362900079
-0.313593516683935	-1.06158524959248	-0.7189947644188	-1.02976063821123	-0.714418806423579
-0.339715824656414	0.355678595290734	0.193145564384902	-0.86009906279827	-0.250888551421897
-0.306942035657805	0.0249786594360024	-0.183347490258716	-0.0132839540277625	-0.18150158572756
0.188028321874787	-0.938190136280289	-0.223523882727587	1.75756898851097	0.358991396056958
-0.426426654575506	-0.196737205864788	-0.162369963534782	-0.154198621272399	0.0453576867898275
0.167595359251963	-0.378943129387318	0.63156158765397	0.8617944419754	0.0837730101146062
0.190148766191414	0.924340148913875	0.85311348052688	0.724684911335224	0.0569920410901792
0.359933269681542	0.0369908406673475	0.292000241358082	1.11549766386197	0.661710803342681
0.390083429119219	0.0964235819182909	0.993025272957684	1.31574010440736	0.592314498015658
0.103730946886291	-0.504653652410519	-0.278529294041119	0.415203086875114	0.406727974769372
0.234296474257311	-0.150562207555893	0.355319779866317	-0.00234112858728377	0.209218663570741
0.313443679950769	-0.156062214917771	0.10715102929766	-1.31885294048001	-0.0480421198221221
0.145365357066635	0.199185780034626	0.584433755150963	1.06544211297241	0.276426510858856
0.146780386608625	-0.343966377567927	0.193202362005218	0.432733227591089	0.210162898857104
-0.0677261718918697	0.0326085866845015	0.590283268890982	-1.3410715274251	0.143875427775196
0.122278844750184	-0.102619990953061	0.296597500376317	-0.124791088679423	0.15607278430458
-0.418746180367681	-0.64114114651239	-0.439606461887375	-0.119176094820561	-0.564966040401282
0.0157085777054827	0.577718170249805	0.79048322751571	-0.856500618912201	-0.231653675753481
-0.141341242967222	-0.138973914908008	-0.307740478555307	-0.268772725365709	0.173047826199718
0.0661666209397402	0.158975425318177	-0.0234539253784946	-0.426367544151954	-0.0726842475606932
-0.223514783587882	-0.384192371663501	0.0769869908780221	0.337110864274951	0.0309697953600588
0.0922707574126216	-0.383963677911619	-0.0562694145728101	0.811226076030192	0.0757240791482896
-0.121317974525193	0.183016389268674	0.696506978979801	-0.655772972170011	0.143302282750788
0.290469024906596	0.064027141274708	0.171022609808626	-0.046605947482387	0.273859755758164
0.215290294278616	-0.427362693881768	0.500415232036642	-1.1761224132554	0.195254974056552
-0.175654746112979	-0.525486583772083	-0.304699152932755	1.32009866653116	0.140355980250226
0.0191924569296031	-0.642803017301568	-0.143872580653071	-0.783353550307995	-0.238122390246605
-0.0278484914017466	0.772724349481574	0.222397418056015	-0.0961102474959949	0.220086779056363
0.123246672255682	-0.330545485217581	-0.0876422523247092	-0.564008468451058	0.115957883248122
-0.166371320126131	0.0636473325663397	0.676940757989421	1.643728999515	0.201451928797868
0.0062844556262141	-0.253256699638697	0.178534156814531	-0.398388180651239	0.102782684732874
-0.239934040471895	-0.578738833451111	-0.233000517993877	-1.856891355271	-0.087111131588471
0.21514369969944	0.356447027706265	0.432500399523405	0.531050504418804	0.094370270034197
0.0242456391890254	0.0643813983319953	0.147749425089848	-0.869130311479731	-0.0111828139721706
0.32563105012904	0.277348876801347	0.393591138850779	-0.328026903833784	0.0413319893209806
-0.499437583680566	-0.235818355854245	-0.137142897276586	-0.479811387560161	0.0541544597380183
-0.321012740425584	-0.372159348661725	-0.537123051507734	-0.626540532527224	-0.0434763139700395
-0.475203119076529	-0.995180425698534	-0.665517097220603	0.870805261693936	-0.294694377586082
-0.484889069548786	0.0883409343009471	-0.332647217147733	-1.1119304477099	-0.576277297125192
-0.525477281774631	0.695034686581444	-0.334764817390899	-2.20950421253908	-0.515694105696469
-0.284545615559587	-0.419623242877211	-0.842430341901552	-0.773292060379946	-0.319381868684678
-0.439271924192837	-0.587575499514851	-0.620414960200308	-1.20378372551868	-0.398631815799623
-0.275407341523066	-0.180183709634127	-0.805363292258046	0.550666609670169	-0.572270856886537
-0.057830393292165	-0.389338073198323	-0.870921849256648	-0.887718806054657	-0.789669213945469
-0.243625495036837	-0.877621742734456	-1.15132207345908	-0.865208320032249	-0.300233449192473
-0.294801365221749	0.446165458073824	-0.395071618848105	-0.941781528840742	-0.576095117712654
-0.113869217104313	-0.22071880564013	-0.272474272093912	-1.18589189804523	-0.539285418354596
-0.210182827417288	0.04083277635898	-1.33819685722997	-2.47599856212105	-0.11969194836163
0.141537318796078	0.286453266058077	-0.559346145847828	0.443528124193393	-0.255400708527212
-0.212702296114859	-0.800853760543034	-0.513144641605125	-0.0739389557358598	-0.288694984535228
-0.0210369331635812	-0.881924388798562	-1.65424851148945	-0.816778095106013	-0.231119952133374
-0.333795019503604	0.217677264253362	-0.585220994543572	0.575842666051525	-0.402537078978401
-0.227891317375681	0.025968077008294	-0.863703964459022	-1.60029287383449	-0.00180419774685945
-0.402662088110417	0.0732665328589756	-0.589454853496922	0.2147892532592	-0.36997202397822
-0.19610641964689	0.0915204556523741	-0.0768165786391433	-0.60297680794795	0.102279065771563
-0.234848800966377	-0.166090197382667	-1.49554283093604	-0.895484963711383	-0.0712366538340009
-0.725254522744978	-0.834507395122145	-1.07787530437283	-2.39173351374354	-0.279100173741544
0.0581486512895979	1.07319627601719	-0.854064519530928	0.564843912328284	-0.260095525896932
-0.207968612584376	-0.111156044579577	-0.524395920159579	0.938770598960381	0.16727546433788
0.110772582088331	-0.0691882147222997	-0.617243034711873	-0.218756603686223	-0.144012480923548
-0.0539456206589575	-0.257512001008238	0.111908463553246	-0.907050586968529	0.25130071449871
-0.251906504597396	-0.084736220188677	0.114509666689854	0.170547640152051	0.0686577514705501
0.449952437492841	0.258208290197844	0.671232031933695	1.21793246917622	0.497014173996337
0.0295168409655461	0.324920251438753	-0.0341779383270837	1.96784799690679	0.49504742759028
0.571178457268591	-0.0812734722989101	0.619957518839863	1.15832908987502	0.745921571586242
0.542475618925147	-0.2060948546033	1.09528460154555	1.95707810365975	0.701220939708591
0.535612884086913	1.25411432485874	0.965129462142238	0.531824460880921	0.813643946847254
0.932922630991156	-0.293743233267484	1.0109759905141	2.14806528495645	0.682275387763454
0.819598673488459	0.212543242507385	1.1791193794623	3.16244056939217	0.86054905706158
0.67349879527995	-0.143521602709256	1.32112072518534	0.88817782190569	0.797803689443838
0.424318483919534	0.344820456329349	0.448810695883969	-0.0372582248434541	0.753236243156233
0.815592724290977	0.217239759170278	1.05093260135286	1.60707300117428	0.762898169871103
0.640529489335229	1.04856843086565	0.916416216289747	0.733447368197869	0.596714227360064
0.482322594747434	-0.204557609078687	0.982031660369625	0.585782693420535	0.567911490257235
0.196449141880899	-0.538883199830203	0.182841902829016	1.32288803319598	0.44583503413003
0.316446207976366	0.524527862892777	1.2207534204773	-1.03152930836947	0.377099016014251
0.0843478412699239	0.485584774449264	0.503579287422282	-0.3099778008077	0.31890908694526
0.186267048199458	0.519467171658372	0.921806597051551	2.16354058345348	0.410870689836254
0.407535751210244	0.223396521308148	0.373398939670732	0.158743455838536	0.280585287460033
0.141546965511851	-0.196195615606526	0.0940604622559866	0.0318083312025076	0.309920811783411
0.609701634761367	0.855237896523045	0.764778082863578	1.50221122206997	0.544271850699975
0.221714569948273	-0.0672038822420049	0.673840679879204	0.429404333690171	0.221333407296421
0.453897036017296	-0.364955619298087	0.202060103794426	0.837715795298848	0.15674670414395
0.433154326031986	-0.153117983906456	0.125933189060889	1.16776239504603	0.232819972395837
0.0727542809575511	-0.312708032580074	0.556192253379793	0.461570726366356	-0.42163698117307
0.420901467068553	0.665536241610352	0.869240097385962	0.321076696239351	-0.108858993310727
0.31677414394338	-0.408782436205455	0.428118141802732	-1.01591661603364	0.144408722725573
0.156617091850642	0.18663742180793	0.327895935428186	0.806177849524026	-0.0828589910204439
0.152614736783749	-0.25752489146579	0.337439764709042	0.0376655731083413	-0.0666197897972297
0.136026823145533	0.0784830736156831	0.076230024196791	-0.743978316396026	-0.0584899135593325
0.218119233470564	0.0358727928752183	0.251912977237193	-0.0732946186073917	-0.0185083615487445
-0.0905743138038077	-0.488135181995632	0.818498968694587	-0.757379472958836	0.149089459978254
0.205241291115552	0.242930951265132	0.181836123126157	0.780389977244925	-0.283426450544593
-0.247964771861846	-0.0680640879164216	0.379784063271107	-0.78539810000989	-0.269164928408573
0.0301273400627056	-0.289219017730485	0.679524785287508	-0.718052172742783	-0.165728055368659
0.419116995460877	0.247383762002222	0.595798115162272	0.984250628868845	0.12421262324821
0.430749126193106	0.0126414803661266	0.503047080661743	0.803707977662978	0.0707717781011726
0.171991396055985	-0.34615614921874	-0.437674339437472	-0.404799010680388	-0.116765526897887
0.232100575096444	0.43528866496681	0.436506968714716	0.919057473480061	0.0729010086815544
0.51515159519762	-0.189540456424617	0.24694700573484	0.782360126411284	0.227141438884329
0.574172741099978	0.191427340703847	0.267366569332684	2.05192415215685	0.324993461035353
0.36426657731729	-0.59229674174036	0.0408964135379881	0.162072324878115	0.186651459949061
0.064409262915811	0.497352572459841	0.340798223290788	0.507194280278957	0.104633408681895
0.58396698909999	0.293236811143564	0.848529425819524	1.22928864752356	0.131383005222803
0.543506339509243	0.714256383038793	-0.0162601856883929	0.90563367412568	0.535562735131123
0.446112008606323	-0.160762481175744	0.255490830261673	0.642598259476287	0.276847528750563
0.0181606634403953	0.00107417602099216	-0.122090487757204	1.11780273754341	0.200246936363094
0.386406946861133	-0.135246303888231	0.167813483475557	1.52403682723288	0.444521775598727
0.317568957352205	0.39897482425586	0.251152379645376	2.81307030444295	0.448425557887636
0.105373085002697	-0.0278015449246839	0.418695599643187	0.668658700664934	0.50549697859921
0.247505362006974	-0.0858464066397921	0.5217941045976	0.676343716525009	0.46088480539864
0.203932099919955	0.255769174114131	0.339626319994746	0.806063813689364	0.0299957622641959
-0.224382115159157	0.242965224543361	-0.144563242015888	-1.18772503790455	-0.396437327258166
0.490417740997066	0.540425611922123	0.84934993457918	1.08712729804938	-0.248699618481218
-0.159503830349808	0.522719609490848	0.0344919831105324	-1.09508814445279	-0.172990558858365
-0.301963438413472	-0.0310925293196686	0.227038852168918	-0.0166973134410184	0.142535700302439
-0.107888816798656	-0.787201724814833	-0.357270089146641	-0.238593721489265	-0.436181833652835
-0.167488130000463	-0.225392280753463	0.169790606483716	-0.188961784018391	-0.0728365980964796
-0.25819613194472	0.547759804475499	-0.15297886381929	-0.137418437790261	0.0294199562162812
0.139175636152211	-0.261430399925338	0.634692236701905	-1.52101146059758	0.0940570609980745
-0.413735799933159	-0.0586995097265711	-0.310159174429003	-0.796093949675421	-0.0115587145177444
-0.314591895647726	0.191869907257642	-0.343536539381154	0.784978776729088	0.166601167477381
-0.707503923690544	-0.740489077287843	-0.355878367026584	-0.798337988076593	-0.241084549617759
-0.435816991219374	0.89941861394771	0.00328805866229284	-1.04037790458717	0.108330462088381
-0.241989857138458	0.309870424210563	-0.00310886907413873	-0.607604868477163	-0.297841103602824
-0.1651411877625	0.0971573287350238	-0.0875912348205422	-0.946324159984011	-0.345183410205601
-0.21761493952155	-0.477292317346308	-0.158563070155422	0.444393306729601	-0.247244153627315
-0.47025101628992	0.201424572933559	-0.333913596294349	-1.92067006993721	-0.235281232267764
0.000772143510361248	0.309762130187228	-0.280213509273348	-0.242943363958113	-0.275691043072766
-0.460387049803856	0.417254095468368	-0.238373188708096	-0.4558987295658	0.0975733211297624
-0.311184432051903	0.00764029625162166	-0.0298029720566711	-1.19190575003481	0.0359979497559946
0.072305014741471	-0.279462638086078	-0.576046446785543	-0.142234003925715	0.200120682962903
-0.280899732353709	-0.421013934317266	-0.20797378200885	0.749712256929318	0.133654699623734
0.0463826609781886	-0.0742976927435841	-0.466928104296028	-0.432888933077283	-0.250866057481571
0.0543369657842857	1.17211314267039	0.854150897015777	-0.0832804328979819	-0.128227730237002
0.0760735068318703	0.212952615298736	0.267525456210819	0.0234662312093307	0.222247325131177
0.11806498377368	0.375116349532363	0.307024128156241	0.0720058176021857	0.0505555736136668
-0.387891316064894	-1.00021312098992	-0.56021608722352	0.572963968786871	0.239085363706303
-0.552031438818641	-0.397190909114767	-0.554072809143059	-0.0474379254938955	-0.451045809589224
-0.34187954706104	0.312081970402272	-1.02879351708838	-0.602930507256336	-0.164971419552429
-0.614541381298849	-0.0571931569206638	-0.166043192696843	0.538427304886336	-0.10341930712226
-0.331742974024056	0.123986500638957	-0.442325239626069	-0.675631499614925	-0.0933268679970625
-0.523970689204883	0.289830971023597	-0.484886729663892	0.0505754871686195	-0.110741500441152
-0.472251509651066	-0.257450985087731	-0.745405315823542	-0.854928756501553	-0.788439413164354
-0.579541318788011	-0.563742001377448	-0.891025311072476	-0.729745935489319	-0.619134880454475
-0.76510718305425	-0.423667162743124	-0.637822433259062	-1.05349797015828	-0.555377268796601
-0.223182696039377	0.38770593937986	-1.06771346822787	-0.736012386159168	-0.491053510581217
-0.445666376091627	0.0433317141551524	-0.684239171589792	-1.34371897124929	-0.513733567342507
0.184395913821003	0.0519745695516602	-1.09273089608305	0.686097701597648	-0.668731609720075
0.0764249346074421	0.129529622077666	-0.738359418479159	-0.370542743651067	-0.634128693962134
