0.761915244099995	0.767094397817626	0.727984602264646	4.33298884990063	0.00901323181478948
0.131728392332421	-0.366511597762574	0.635813289711783	-0.55114131850212	-0.235074065598417
-0.0224559614617601	-0.139964752679129	0.0550329404916425	0.83440527812966	-0.444955348649373
0.322323469537663	-0.0967090492540592	0.170504260369241	0.186703256078326	-0.935737021418663
-0.0457239140946788	-0.610790121507758	0.437388797716879	0.5259689843764	-0.584268888774558
0.26226736630399	0.189819964589964	0.741439945748269	1.27545922010701	-0.389856549919589
-0.14833678231655	-0.63674901490435	0.592807266884096	-0.799960583792433	-0.759235481979722
0.16722085911405	0.716625993330357	0.74504451966664	0.0706647357127522	0.597037130313427
0.623637767749837	-0.595250697674707	0.464784980538442	-0.102411227314162	-0.371539253062646
0.197594208696954	-0.565789911751288	0.066485693520608	-0.599246328493196	-0.922591637687064
-0.260298737937078	0.205450193852761	0.293591569186217	-0.137370631348735	-0.727034292569356
0.266834557450912	0.21116150441945	0.430740469194421	0.00622081885161235	-0.483721061122799
0.215489047857551	-0.318701954700805	0.631371756384652	-0.219779289347665	-0.497345935754357
0.255846821481947	0.829749080345931	0.714995456300857	0.495355202258606	0.11825925228944
0.284989720671628	0.265653921601033	0.550576337049602	0.537882303736798	0.798953915005409
-0.177903798123528	-1.06677323807824	0.427090582544259	0.820236648258438	-0.10259670284551
-0.114177161825321	-0.336632108997894	-0.0116930500212327	0.840398237790323	-0.0815733431267725
0.520135253405205	0.0786581766725185	0.289821005149893	0.549062106603132	0.421338062258349
-0.187231509371782	0.00918750047593477	0.278995183308152	0.459368295552252	0.65048576561134
0.366437390138656	0.145555603006847	-0.0350865584649224	0.587079940185144	0.622324210404728
-0.123857433236108	0.210518741822888	-0.0577853058421587	-0.357895629772293	0.966225155084192
0.245385743775045	-0.403097050161586	0.000822283729587573	0.140649725234063	0.536072574697324
-0.387415185994345	-0.348698148485145	-0.157954870188433	0.0575056124943007	1.08588127016201
-0.0121646292393045	0.405523703474526	-0.632846894758948	-0.364134901318567	0.134248685556286
-0.480118845281309	-0.77085724503452	-0.498847049129322	-0.363298347358753	0.0663082332004817
-0.446308907676649	-0.325247270678041	-0.315854921331078	0.405815625828512	0.485363322536143
0.247380396055433	0.275346943116221	0.019436706115484	-0.795893383054708	0.732006259309512
0.435251453655542	0.0744329240347205	-0.0430899895738226	1.21580263334875	0.828933038794185
-0.373892490894452	-0.355635637417002	-0.749603330607223	-0.150081444922298	1.3093728648585
-0.630091690624775	-0.66382737411879	-0.399280027272458	0.357032281132228	0.0669782749403961
-0.572326738045635	0.0680487159462873	-0.385717642954008	1.25451607955298	0.0617964294696296
-0.00162428461475662	-0.285870524977246	-0.375532612164554	0.507976501669089	-0.101010929717639
-0.107466219383264	0.400001550308635	-0.184099426576345	0.47696724042935	0.905936435868562
0.0559853811636123	-0.142219040033135	0.174547300245574	0.829655140979996	0.782011578237212
-0.273989966469427	-0.550825418278597	-0.228018002848552	1.23860340810924	-0.0701602539805267
-0.277911537314328	0.0348281330842318	-0.157231602105191	1.65088693793268	0.159673909365433
-0.51363500144667	-0.623781572049941	-0.113169737996053	-0.0479166091120108	-0.018110480852798
0.414246756005949	0.28482356910986	0.111568279402492	1.36207539642202	0.456153246696677
0.184171014284583	-0.372284866081378	0.0703697882801548	0.268298238815304	0.817017927116141
0.376399476268682	0.419844865324593	0.0745824404738934	-0.405223743902776	0.967985101774917
-0.0255061535300965	0.0179024102575673	-0.108363462527117	0.399842870711216	-0.199861551519767
0.078231862686172	-0.13512749476862	-0.00770222719926351	0.185464293283419	0.433861217779197
0.505172536630433	0.830278095680927	-0.0956184781183113	-0.259790254568441	-0.115399728585704
0.165664470692464	0.510454192161179	0.0241713412005811	0.595304906805776	-0.0622407580772363
0.675517158425192	0.484947679100818	0.0256537777544668	-0.985498834751583	0.470103661649956
0.298364900653863	0.714447744247386	0.139152271615536	-0.0975560313220882	0.150878210824083
0.594639543467472	0.106168730207476	0.148864116673106	0.3728081633396	-0.547569454614831
-0.598554102163484	0.233238906737089	0.206785213777216	-0.104289854897364	0.0587743669376345
0.692931093064545	0.74590938988302	-0.188577074573665	0.110893586015329	0.679256184757884
0.933530748720784	1.0323590135472	0.227905536440156	1.02143400488111	0.281820368651111
0.612723277071538	0.360937405968938	-0.183410306123764	-0.87173851020689	1.01102589759771
-0.203260447479149	0.227963522429984	-0.419308647086627	0.741563289885704	-0.970849262564123
0.67439518726312	0.40239716601964	-0.448559245501923	-0.276265713616084	-1.09826065525315
-0.34527514835812	0.0328652399375289	-0.543736699807383	0.680299176948553	-0.428285932479622
-0.30833062460793	0.234275127235239	0.0571635774195791	0.740381808307784	-0.685340326544176
0.472943380232423	0.283720748533394	-0.222106865170367	0.0356573760675261	-0.593205753868868
-0.408873105572911	-0.59661344540906	-0.339744490474135	-1.40330628759805	-0.732670756055838
-0.320821172286385	0.749930194077174	-0.691769937389329	-0.169136902761739	-1.17780840556388
-0.465102085747108	-0.0498124504474189	-0.771332709305322	-0.478767303031489	-0.835227548194589
0.0742450167815726	-0.0456769457906222	-1.14645826853331	-0.622805777240486	-0.501098640702647
-0.114758302282077	-0.0629344243706689	-0.862345984508329	0.945171078231819	-0.900950732571688
0.808180489192803	0.55985854717059	-0.830394140524469	-0.22297642261327	0.150754172729958
0.626694933676418	-0.147774356596778	-0.920305804385546	-1.88139582007658	-0.489740098068841
-0.275880825802645	0.786895623175048	-0.72043062236713	0.327700328059743	-0.505697837842201
0.026566004979161	-0.214038325113643	-0.265233135597791	-1.65444011409445	0.607197113015401
-0.176400698815917	0.577474104051075	-0.133628706237571	-0.444898322824363	-0.238166494508267
0.252842052044881	-0.739014340163546	-0.444635402615408	0.180995548058171	-0.177997162553158
0.772202827005366	0.361554390159312	-0.279317092053769	-0.86210226128437	0.499662058267926
0.684486169400798	-0.0645901037846706	-0.260916623767004	0.616982319285872	0.200439204878245
0.917307732608451	0.090624190757495	-0.564518407402489	-1.60818120065062	-0.533662270272873
0.00375414350045756	0.207623184889651	0.0370157910197622	0.0479579034439381	-0.130211634230549
0.283569700879141	0.229117425360587	0.0841065797819125	-0.0686840038914346	0.429357149990761
0.541700143519263	0.46569899212746	0.582027874949739	0.369998360383237	0.813015955725234
-0.115455782700483	0.337340668011535	0.815495895284264	-0.000973767075942285	1.75803680769106
-0.663951176469605	-1.20605442585763	0.5391454527589	-0.701487047306694	0.0961266751262808
-0.123476045333422	-0.097253839743663	0.858864977457511	0.0331097102274321	0.616617148913758
-0.87289618184777	0.273937544097556	0.876330738510599	0.124715690956134	-0.228421876192007
-0.0839815341901146	0.33364118157232	1.27631919429963	0.328872428661785	1.39850231610906
0.0852000786018006	0.504419069602672	1.19357452219949	-1.03062878417524	0.781610728848693
-0.656136380821735	-0.242915204134798	0.97599501933488	-0.250836101917903	-0.026693620846258
-0.688767907870394	-0.610252650156879	0.805201555929124	-0.274427591520868	0.406810818887413
-0.582230424609736	0.224153848830535	1.14203912112125	0.0756177078433593	-0.397076121503915
0.3421101497828	0.792119295510031	1.37348374765256	-0.357892839928933	1.25493596319999
-0.377121176765789	0.484460242220745	0.970785656935927	-2.20061164610125	0.7551494568894
-0.593475111854551	-0.916020244560873	0.588507569171381	0.0983636490175979	-0.361604077392876
-0.655827154993533	0.204280190592584	0.910575007080975	-0.626515221564361	-0.432255842173437
-0.832782270142216	0.0326062827664216	0.633690404806385	-0.854706713174348	-0.199226332931527
-0.170176291603885	0.877987349262897	0.730284838957386	-0.195215382363913	-0.190930769707175
-0.33487682950437	-0.204746351263462	0.508213355234208	-0.746079760136301	-0.44274208541707
-0.00519249671634279	-0.283370491466894	-0.25381388582183	-0.492607170983246	-0.582251148616077
-0.815879725234345	0.582392596520623	0.0123222933631804	-0.267080585363886	0.0807586937971147
-0.35448555655711	-0.29665210397471	0.165821423222288	0.160571095722693	-0.709381234084487
-0.0369210451578151	0.767272363084597	0.352399085081942	0.179540410384614	0.839146701917341
-0.708545355608936	0.233657259324804	0.133806118060729	-0.408242709467535	0.285737276216089
-0.566856143166472	-0.56744784487501	-0.307655581660278	-0.703204068757225	-1.09265843762915
-0.371062423361667	0.280045071975117	-0.245932720730585	0.0024311426632335	-0.137943768491186
-0.12336106053456	0.414035600419855	-0.0872760930633589	-0.311304733231757	-0.105738630357166
0.211036111722475	0.47392363914319	0.0229020614686808	0.169356724815356	-0.212790983850073
0.553734156644422	0.642357952417342	0.0731813314358133	-1.46172479863345	-0.0251710788074249
-0.171346874862938	-0.0804734039821552	-0.626301082901806	0.884711335822718	-0.50566048159496
-0.138490152805683	0.0737089988791959	-0.596451607567987	-0.163605179457484	-1.08614670086738
-0.570196816917871	-0.261430909753105	-0.590193428593156	0.34893077082292	-0.911300806686345
0.531557225291701	0.248366105599314	-0.477229666178718	-0.915614035966252	-0.749477379550083
-0.057965384228015	0.0882623854283018	-0.580140863948757	1.22641693750565	-0.232038935565181
0.448806096341863	0.633263718793793	-0.591409537884192	-0.87519365021984	0.0725543584805515
0.699612967454641	-0.519100579524031	-1.22092545361229	-0.722103054646555	-1.36433592714598
0.381938968979948	0.104002510059808	-1.47660364494466	-2.55465103511053	-1.11140755970512
0.337573262382036	0.377062865174427	-0.819998747452241	0.97347059357782	-0.917445194671355
0.951302425785169	0.680308459100488	-1.11897892245362	1.23086270703025	-0.0688549479962696
0.424783666724541	0.491569536335164	-0.286693838413272	-0.0156610096951406	0.0246827849848798
0.761204034133814	0.509655259516483	-0.747871570284556	1.69798419698545	-0.85445481674226
0.562984514501252	0.430989787898908	-0.516009348644254	-1.36150217424878	-0.75344823999083
0.312817501134973	0.271705373898978	-0.745421091528021	-1.18986106152953	-0.640735871075785
0.790863458841819	0.0326248427648221	-0.373718985767626	0.869027632625393	-0.423089881631569
0.181872922801997	0.253304697314619	-0.638051652735471	0.731291381374638	-0.65342607129613
0.334124463056787	0.955090478453986	-0.397713441675251	0.384781739218579	0.181401558212483
0.132629594866351	-0.258513643689395	-0.626949604621402	-0.899350022580655	0.288533576233426
0.618892514769877	0.108363521635911	-0.962362732458564	-0.0961820257830848	-0.119063172663919
0.592061148065493	-0.072997121475223	-1.04523227072352	-0.442649019131643	-0.900229172110951
0.384779877927375	0.489985966428039	-0.91504138295031	0.835320458715209	-0.051032302502751
0.682103463990017	0.322531221330876	-0.386431404738466	-0.489096885896129	-0.248921549370437
0.279216916779583	0.564871618875374	-0.146166077897985	-0.892951675032449	0.243234290780423
0.114834352046312	0.145276849817906	-0.207816193017652	-0.66329312162714	-0.20415496044779
-0.42106728983544	-0.761807575090085	0.0539410899171248	-0.462179957920221	-0.47756325713063
-0.683138482163946	-0.0113965750080798	0.202316813719455	0.302334542511041	0.45593091601999
-0.768989245750896	-0.0399529571244393	0.350754102722142	0.579272989747147	0.815703647185736
-0.418626130365975	0.320060251051433	0.627295220739733	-0.881888100010289	0.648654506695693
-0.443396518478397	-0.500885980786947	0.481463646005948	-0.657408951356642	0.30668347883482
-1.04808287499341	-0.772782159255548	-0.00388376894303739	1.64374895090277	0.477660725430302
-0.649304354496801	-0.281474134081894	0.625192202333613	-0.823059114432025	-0.268496906438642
-0.429597839768348	-0.0817471873501771	0.876864528824598	0.497793828571453	1.4333943357205
-0.0794211232577261	0.111857195629348	0.752661049845232	-0.942505482500034	-0.207083739521903
-0.827624356614546	-0.484170498253118	0.432514736018475	0.122446788807989	0.0593768405951304
-0.654985913714059	-0.988316726518525	-0.0380452455684374	0.474688402200512	-0.63499549194726
-1.06113200003657	-0.330762012180363	0.0876989554187883	0.758028631820895	-0.205071834042831
-0.135612256050386	-0.156007115728079	-0.0223958064402923	0.27873657162475	0.3625552144033
0.0164992209783538	-0.373326852858339	-0.393834170458765	-1.14045936028466	-0.0206559062390568
-0.0390991571957632	-0.348953138548579	-0.531503500840172	-1.25774033196435	-0.30896283378425
-0.840628980086601	-1.23572831373112	-0.486207530841742	0.980091756167124	-0.321880260612113
-0.233772312572842	-0.448999826485501	-0.00040720571960956	-1.74959836633751	-0.709875456112282
-0.98966479515474	-0.523978805470521	0.00852050348435846	0.391741104367255	0.164159469491058
-0.262260473375771	-0.540030446702726	0.191409795358608	0.09403724275191	0.915670552642236
-0.470072537609674	-0.848551745704844	-0.00853843284073186	-2.25026965061304	0.709379735031376
-0.667806523550389	-1.14690665890802	0.0305047866935921	0.685066306346776	0.00273009298591992
-0.915218775780393	-0.909791565351901	-0.467203350996038	-0.356785230398302	0.508623237124474
-0.840934843175268	-0.448162828881714	-0.00373478309785692	-1.20775358369365	0.353094995775128
-0.532376921074414	-0.985310846724409	-0.262510624346604	-0.0122485603742856	0.661622517145222
-0.376650189815965	-0.586971438333585	-0.220854732258145	-0.875974309559243	0.259422463674991
-0.306002211917556	-0.407038465953132	-0.465200794900892	1.21811007320964	0.335919524523809
-0.273463182774973	-1.97309225735571	-0.514083184438637	-0.952021231285726	-0.10249288007655
-0.0422234582967966	-0.0591151688171982	-0.23929811231534	1.25942353734137	-0.120153396071929
0.0232036628080584	-0.921004590379873	-0.379736204336597	-0.233420769535789	1.08899049646707
0.0876319939250102	-0.0809616166598834	-0.495100482918927	-0.512502492131052	-0.127509224424552
0.681282173561533	-0.149930127587942	-0.148644887915912	-1.15622964401334	0.502642600195559
0.677694832283441	-0.831327305310424	-0.0472598971965791	-0.476738055898275	0.131314123178045
0.775413144044653	-0.312243679678101	-0.0820367865401015	0.802174300337497	-0.091175221752068
-0.518156842256369	-0.130699378600944	-0.0103553921189542	-0.330804423765584	-0.150274248184496
0.837453697003511	-0.0220312087786999	-0.0935854807182498	-1.45526234414704	0.710561877235765
0.251314719905296	0.595381000595881	0.146017452059321	1.29226257353897	0.703504858777099
-0.239013072268918	-0.717068937040487	-0.0581366487595541	-0.157837491821642	-0.357560065234975
0.107430317278374	-0.0503180900309389	-0.280665680971136	0.26733284439228	-0.983879068253399
-0.850527329429468	-1.04747518585522	-0.0853774034417564	0.219684013841115	-0.518140959589421
-0.204268912670112	0.38112447067015	-0.0710828480550728	-1.17859001097826	-0.537461739654946
-0.00196250449484815	0.18100019195646	-0.106211790742434	-0.247260094537714	-0.632778676585939
-0.619673341684731	-0.18493800849799	-0.185907441921128	-0.899306770720833	0.0812246958670824
-0.605798619916627	-0.350446456484926	-0.781079062041247	-0.516664784719738	-0.991654590516351
-0.561354004419693	-0.287936916734976	-0.525852002072203	-0.710557680890405	-0.148205629004166
-0.781351257370443	-0.54583057171468	-0.167671298407441	-0.605882852754504	-1.10149235061972
-0.280725720536917	0.678294184088944	-0.330802863301363	-0.249254431074838	1.34316098841017
-0.539675809927353	-0.184123318409566	-0.358047843825248	-0.628625036694943	-0.376080306765835
-0.963857642073012	-0.542860298019149	-0.321427532937617	1.82582893183564	-0.538824868513582
-0.9502108159541	-0.542493898908835	-0.26352516768326	-0.927447301888153	-0.570161314313965
-0.320174007764686	-0.110320547014512	-0.0962538810591353	-0.373404968157499	-0.355253211626451
-0.200206654459715	-0.391837172369957	0.145716600734233	0.923230640142286	0.207593931203188
-0.442744285314837	-0.167426558135298	0.270995051723291	0.161126707612307	0.0429233931633915
-1.07729031097537	0.168984508513408	-0.179550166350821	1.11264745143145	-0.126655288111661
-1.14840538776022	-0.631537223715835	0.45690621200544	0.356885411931112	-0.496299953346155
-1.0902308928023	-1.03305587760099	0.594254552296987	-0.638034860068551	1.02880910414286
-0.414272310857956	0.616959506893402	0.970110942613636	1.5432898459639	0.682503538623824
0.0280063618252492	-0.937249643442349	0.520704371108565	-0.178481996047761	0.348613862079029
1.25452172227673	0.040648439177814	0.762115038913966	-0.453760397187769	-0.517113961330885
0.582778870808713	0.667846524086131	0.880209178258494	0.635791928942805	0.710367102986875
0.369661303433733	-0.277399613040919	0.764774462881258	-1.175521389312	-0.202008591789362
-0.177748561597375	-0.81683846684931	0.115548312119017	0.264207912573068	-0.59352594296148
0.670075629671436	-0.269751184267424	0.40763886793488	-0.271703878140507	-1.22301319984195
-0.0968862204154298	0.0358788765904584	0.32909430191052	-0.0987159610177265	-0.529729402367751
0.404112406291444	-0.490960970965399	0.492416876213724	1.64514964722695	-0.293861443147348
0.694254899246774	0.851315219203408	0.976208000511539	-0.0401140782432139	0.107631922097415
-0.0753911672313863	-0.511222964815297	0.218673501114394	0.239019015401894	-0.126953397834968
-0.293707152756455	-0.479098498897473	0.128285656829066	-0.705936112935533	-0.625588447592145
0.130457128322156	0.0409241262435673	0.489163892620704	0.517298402653921	-0.44068448676275
0.323564748571309	-0.0644119414036244	0.393209483856024	-0.249534527028665	0.151794030664686
0.440592610658464	-0.183824082317589	0.57880048769265	-0.0709897634997623	0.73872661535991
0.203979913369995	0.396839902410026	0.662655688269996	-0.248629535391499	0.662750616685924
0.178275223852352	-0.361538840077145	0.454092094317789	0.169709865430584	0.352125520565704
0.0743521481099601	0.0498874826415142	0.535456740415191	0.375276250102741	-0.095005565573473
-0.219853726030829	0.164473116061827	0.784909322507948	0.398360504266241	0.37567526181277
0.592547343814717	-0.382014898359817	0.524719545815997	-1.01023017144075	0.600984849703505
-0.169047818950744	-0.216273968865611	1.29088972006115	-0.535748913047219	1.02275169845357
0.955638261891717	0.524743895672879	1.15087705810291	-0.0862981113745916	1.37115315748393
0.162054095483986	-0.164360680008648	0.926508718410536	0.186367573341091	0.569870506741646
0.0346793512577655	0.286571965110888	0.947979922884594	0.263379569166839	0.08472085138927
1.34125883562033	0.519477554520034	0.826394990808585	-0.201953751904958	0.881395388085212
1.24138471664146	0.453110038851277	0.833299417723632	-1.05441518507847	0.968703045024347
0.748805939159807	-0.0435049277737207	0.618477856372712	-1.25182897748598	0.203954900414777
0.374733838458851	0.77272571020195	0.337291490684937	1.11031263220449	-0.907985284679987
0.262505438429562	-0.0826668103722513	-0.161701314616372	0.453680108727918	-1.05050213910287
0.364498368778269	-0.321600288505002	-0.00654773148332531	0.00675971421234419	-0.510724393081065
0.0548612180462463	0.72214906054688	-0.550542064803611	-0.723981925459597	0.553095458924193
0.439463423872379	0.142808656272308	-0.743768014121157	-0.31453617695431	-0.31514689297416
0.562590945731868	0.0691948304625727	-0.872246224244422	0.707957198473898	-0.894497375179581
-0.186521169989529	-0.315124708984618	-0.926074518512484	-0.986662392480085	-0.63453734221726
0.385163079880103	0.202813886926813	-0.807032227647679	-0.204741213335969	-0.718791111613057
0.694090619149238	0.918280914962568	-0.464678984732369	0.290822811409265	0.726894011721015
0.842435517780342	-0.755745895138117	-0.300158666690362	-0.868985535230061	-0.287973347069307
0.2661296804577	1.12440671232774	-0.386139611507934	-0.571250480403853	-0.0704265565946209
0.206793689603523	-0.380157262046995	-0.366016438177547	0.349444389742112	-0.290530785458518
0.774636551072554	0.821025514478471	-0.372257032384497	-0.346813503010307	0.772432063058525
0.726436659237101	-0.324247913727459	-0.295509234608175	0.0728027578892263	1.27931761756522
0.4496593575601	0.127848168488509	-0.350964540798481	1.03040831701576	0.845923865978207
-0.0571077204128555	-0.172003318026559	-0.758780053220378	1.32509191340922	-0.329488419581688
0.156737322763537	0.227592742617635	-0.322680879112523	0.82717650573574	0.211529460168719
0.406336994720789	0.170571484539193	-0.188694924181435	1.10058782295357	0.391551049991725
1.13678412716624	0.288238242975879	0.289383324096164	-0.256449450420585	0.474639333450638
-0.374186333986233	-0.344691820045844	-0.138597072206829	1.396630967586	-0.48439408193256
0.505969388538409	-0.0459430695513969	-0.377402937899916	0.0681450940096801	0.0658639236969667
-0.498104652595116	-0.0205226520406494	-0.00796126333827103	1.35418765410178	-0.260124987669489
0.873001758203807	0.537771195200866	0.144150061722902	-1.02858178853249	1.53313131100087
0.632485437832733	0.0157850685178483	-0.456918114367081	0.342501557389724	-0.292767395748497
-0.448684735059525	-0.237484791550667	-0.262675439095595	-0.0263284081143336	-0.192621349791618
0.202725431140865	0.0202002711731101	-0.0358856236458515	0.522045836398457	-0.52377841417001
0.0277248239068381	0.436408756380521	0.0457996330623765	-0.10966423876875	0.365985093724942
0.844971985607539	0.719841883890324	0.425100914515071	-0.221759115197164	1.46655788472096
-0.173986239474122	-0.1212331528447	-0.216126130489752	-0.0542421043061546	-0.610922358183038
-0.391631616274851	-0.429585324792316	0.122895400136061	-1.15308078341595	0.100203090690154
0.313097758810694	0.465144474593553	0.0701216254640398	0.446261593588883	-0.0129696051440541
0.537855777454106	0.505378803732662	0.605066537797055	-0.874605537881089	0.542680834590304
0.0868229969753761	-0.0607762000338729	0.317435080577411	-1.31020547987509	1.34983948639373
-0.636114849692858	0.500763568875302	0.286248364554277	-0.0892094028033929	-0.47512696534904
-0.267190304119625	0.118774916772443	0.224917534522123	0.663483567319234	-0.0307228826588398
-0.787331840440841	-0.0582067967063039	0.856523400972201	-0.899926276560907	-0.0555079933839024
0.502589266861773	0.314267934283177	0.483420742725922	0.658666906068809	1.46334661313792
0.663566441480035	-0.0755156501188058	0.333117535772908	0.141433114740817	0.415483245840114
-0.331882084907118	-0.146708333966079	0.0814511806522356	-0.0362035081657357	-0.343744201429941
-0.130446119924546	-0.273925836581646	-0.199720948864354	0.0603942402782769	-0.221652021218195
-0.35044055262679	0.375992752437926	0.442388858670919	0.959330601878642	0.292207654184508
0.416610013551427	0.376232773275363	0.263486612207234	-1.74749245537696	0.760070141239332
-1.00821551889143	-0.303391453078863	0.0163036054823574	0.307954218778891	-0.0687668609169294
-0.0248305503619579	0.28428936070678	-0.142135757018932	1.50813324604928	-0.632037402985538
0.028301544779417	0.260979044221323	-0.0142218642564502	-0.617046617503853	0.128772882542017
-0.537994192661988	0.480458598096152	0.365872739277547	0.764435088312894	0.709491527774433
0.0856882138322677	-0.554203297142413	0.0527941961202807	-0.404173153364098	0.218359079366266
-0.00521374622131947	0.436269394788027	-0.2230410415787	0.134361560244573	-0.309062348753194
-0.479742188463656	0.00626352185393197	-0.0157253883625617	0.0178594669251141	-0.145623977430414
0.0996688057801404	0.271639992298226	0.0958501602208886	0.354430381382735	-0.435925958228185
-0.0592696124908897	0.934639788053245	-0.0506620246127493	-0.884371756853091	0.00338764815316834
0.147787265401422	0.299782735415742	-0.0551548731640015	-1.73077030473069	0.494184136089092
-0.55861696427775	-0.248976013882018	-0.0066306338882267	0.193747696796146	-1.00807062249736
-0.583265031078907	-0.0171966566901449	-0.130233207044619	-0.419453814472011	-0.640905346038306
0.224576438467638	0.177676909945129	0.073348752234363	0.767807724066265	-0.637283648595638
0.250578094973303	0.633146528241728	-0.327501534658479	-0.180473993253393	0.339888310913115
0.209530314898842	-0.158930428886798	-0.245654030861538	-1.19954072811255	-0.287404806277937
0.0926605931903531	0.189861758194079	-0.622412054211073	1.15865861224316	-0.499317017313908
-0.167764053784835	-0.47071128695757	-0.46677506381131	0.203727717915607	-0.478744998011541
0.0878274722508412	0.73979161039558	-0.382156854228995	-0.506147815429962	-0.525653681047357
0.0480558042129101	0.25111292000124	0.0251636184685733	1.22333456080007	0.0912907582804644
-0.0804275325197261	0.288025833701599	-0.008288310899531	-0.346012562958355	-0.350948040681258
-0.385326779040472	0.0662378353931812	-0.502108374552446	1.28435047548649	-0.913595797431874
-0.396412726695508	-0.375717735501319	-0.283207768771329	1.27490993594729	-0.435090034292606
-0.686340546426935	0.458292796983698	-0.424800885821953	-0.470310793070877	-0.200426157314616
-0.127510367586669	0.73266953975499	-0.269746333054484	1.88666634276994	0.00988459843297614
0.174143849657568	-0.52792737066313	-0.538491107117835	1.44260886275892	0.701152117888568
-0.609062794545982	0.271364475927984	-0.67884980711589	-0.816705166907125	-1.03837616310013
-0.0494221361433822	-0.128739679423158	0.035663345487305	1.61153108151884	-0.165070208354597
0.730938888032615	0.533896026850201	-0.543152448327709	0.216495445265203	-0.477693928526407
0.103685079436247	0.523464306272003	-0.688948627120367	0.977061265453011	-1.19471066489394
-0.212588143590579	-0.173768580290986	-0.412542241015239	0.576180192302893	-0.227062264333712
0.826680608527358	0.0251986559556882	-0.30518946512174	-0.99112004443547	-0.902569226493046
-0.35021235298121	0.383065855024713	-0.0644551364894659	0.914430901771046	-0.107040396157832
-0.524804045813143	-0.128923470822918	0.0334052641544602	0.415889159788337	-0.901800225719818
0.143077074139363	0.657926528632028	0.263316463135386	-0.606115661693511	-0.440536132152044
0.123520497960658	-0.242488783022638	-0.150290091415279	-0.94911889050568	-0.366000136067195
0.07827761711806	0.242449723781371	-0.341943382281123	0.471845104803743	-0.709944063417955
0.741214924004855	-0.54863244816694	-0.490102775561882	-0.095071887974965	-0.836104986937724
-0.229247047292332	0.245801577381201	-0.289564295625009	0.565799023402911	-0.406228735425487
-0.163683904810357	-0.748651002873258	-0.639084324677836	0.0988397572322499	-0.647092610773314
0.411242876747894	-0.149436862904264	-0.17304779096092	-0.483533273196328	-0.151997022997452
0.145880681903533	-0.1050911403841	-0.600195601301364	-0.619811092283514	-0.894600686801126
0.505098115564099	0.274498919142576	-0.308227096740765	0.111352967789581	0.0292443982876361
-0.292908367013066	0.166094425678726	-0.351305100647494	-0.0214581886496892	-0.175334061834222
-0.335318963692345	-0.240593921827216	-0.278792440714746	0.257367251257697	0.0994311472917642
0.0586525185537971	-0.0541004070057657	0.127971564554179	0.0537161033430181	0.308077773607355
-0.47960702326237	-0.0405109098648073	-0.0879319011798344	0.493767913312387	0.877437065037242
0.0395946157236904	-0.29091637765538	0.703307331067544	1.43926944692163	0.77977911780282
-0.169501836555115	0.203966324762469	0.350925198730448	-0.952050573876614	0.585100392368858
-0.460607214095436	0.381329928391779	0.79490697412467	0.790292451614814	1.27408994384106
0.0726038569464876	0.136686467416525	0.738601327649576	-0.663921432361411	0.490998499040872
-0.323030644126174	0.324899035705996	1.18041314299392	1.23555431248416	0.870816599827879
-0.0320911374115188	-0.0839741270281388	0.924815478177407	0.681851352420686	0.594286369755378
-0.296531305115072	0.320630535901927	0.917444728105464	-0.44881656711815	0.861157578949503
0.0437887984504233	0.230998513289732	1.46219461292946	1.24696922390091	0.933058713712972
0.317462931223145	0.0792574890764904	1.05669964503024	-1.08787854615176	0.353808758568962
0.106191695210372	0.370618604458404	1.53926924424105	1.37924266195571	0.0582299430118504
0.00354570205682496	0.942098893174788	0.860093717259431	0.69004779072342	0.297187169350693
-0.617926092682673	0.414290073628025	0.630093447387032	0.177185088671112	0.0189482562464324
-0.408121993280665	0.477544121277181	0.788544986372241	0.0150412497652976	0.444573854728423
0.282521261582885	0.0829433202515087	0.600196956660964	-0.67135842823106	-0.29807741314366
-0.0977007007569859	-0.210091651424115	0.412316777758246	-0.477691140100737	0.254457199176473
0.259250393444985	0.209972229767021	0.332361195118276	1.27596534736948	-0.0997376424901176
-0.742432610687708	0.080828028395961	-0.042109402333739	-0.0669515243712652	-0.0375095002903425
0.118453770341134	0.781624488415286	0.569002005792306	0.274706558107702	0.561300100200428
-0.109835660649625	0.217153945999191	0.21305212669794	0.758053296776377	0.419787411873297
0.332497228904342	0.10336743048209	0.399652338561487	0.336971692528916	0.42696217868628
-0.124059609560752	0.399254059690434	0.243431899574013	0.20680321759944	0.982430785499481
-0.957137673554067	0.18625556888274	0.619136076863851	-1.24931938442849	0.697662716166474
0.726568365121458	0.058232961587997	0.599640397776336	0.895028468699385	1.39367784033505
-0.765626696779342	0.468327024023894	0.704322666897162	-0.189465430568948	0.222136113145679
-0.11364014328906	0.211470981523996	0.979463033337273	-0.165939031663318	-0.0343006020168189
0.439705965033815	0.374119208159169	0.999763796687348	0.221844532838718	0.0444854186501226
0.830716917421748	-0.419495178343691	0.542024873504528	0.633189956211422	0.0871664066126192
0.156005296364792	1.21577351082209	0.459621392902099	1.25715019226929	0.30084635780632
0.00780234150490974	-0.591671438258186	0.3244604318837	0.656776046783671	0.235778069631934
0.607656021238728	0.660351010157524	-0.218284496492608	0.96594149381801	-0.0978067805635566
0.398185157509514	0.256559003743214	-0.619119132704172	0.502600328232635	-0.337969440563683
0.314036968203592	0.0594697226889037	-0.87669961317744	-0.270746034826289	0.209519782173744
-0.882502877061463	0.0413920669997018	-1.15722625806991	0.978779635383958	-0.134923336245466
0.0424416071024548	0.269094840426153	-1.14132949183293	0.126363164151978	0.203848257677689
-0.0974524950998977	0.0561337389029413	-0.94633215727966	-0.509236604921612	-0.0512573188376645
0.10476541787799	-0.114330629662716	-1.38580184178296	-0.244474133779804	-0.116455241253348
-0.357539319834149	-0.217919269016423	-1.13608198960411	-0.902990581307645	-0.0103983813393882
0.219959866864191	-0.123302706973746	-1.06435630247788	0.628377837513029	-0.500832645840166
-0.332107568594156	-0.12263499821565	-0.812023440683192	-0.711064673085911	-0.254426951839327
-0.67083650680837	0.553129594397445	-0.388640498095798	0.610453748534256	-0.346362126805542
0.114037431534757	-0.276100120779538	-0.561310974799169	-0.407201517111345	-1.37187049438897
-0.0891202415007673	-0.725179018708949	-0.978022885621782	1.14331269021033	0.459123509166719
0.0142648789897101	0.194351991340422	-0.789721044613939	0.820368011364692	-0.578239377563009
-0.220280357422268	0.2688204213777	-0.843932924428535	0.157825881205429	-0.387616200865959
-0.0277697565896051	0.178313023242665	-0.708828970337228	1.21580165742473	-0.257458124594483
0.368225981015299	-0.0265231853181964	-0.857790325405755	-0.2030644131178	-0.512815794210162
0.433548647718763	0.138067266819133	-1.18077537341274	-0.0222837618943341	-0.239833231999095
0.576122778842654	-0.39692831644177	-0.984456893006056	0.0719311145365307	-0.821187564439876
-0.280366916083843	0.641962909799145	-1.06879703894152	-0.195027008701633	0.220829833354272
-0.303848706695801	-0.93282664069886	-0.715656198001322	-0.167765949998397	-0.696054055284559
-0.00656779719651703	0.883276641104851	-0.602248428566683	-0.330186141453261	-0.338233255185771
0.0976627642969812	0.0991988962585821	0.13182287121524	0.47293771828777	-0.0191627992821005
0.57215974151304	0.234385906249732	-0.15474328625955	1.57656689478865	0.111746074816528
0.0921808054184083	-0.125490993708898	0.278148014041438	-0.581874081928783	0.545303561103609
-0.448969646954287	-0.423207098315666	-0.0279308478919222	0.459995993463453	0.912234647511587
-0.184837380725835	0.117680666590974	0.227225723775085	-0.0261873493567758	0.289644257205184
0.24397674000415	-0.177852289826355	0.384433792583874	0.883074720265877	0.669025023786587
0.39172313057018	-0.256861374349715	0.250279064571931	1.64251398353691	0.584914863946782
-0.582617790034168	0.0463387523468567	0.229922531178508	-1.71792448974161	0.92492864018759
0.0103161825908092	-0.0236782377051843	0.349035670593294	0.640295952413118	0.296421982516821
0.753361226045855	-0.230947120923465	0.647672002304138	-0.276432441334746	1.07419063543423
-0.065109207073317	0.247749158124016	0.281176643958097	-0.771407651321878	0.0201447118724859
0.371569210683372	-0.368965669916844	0.235724532809461	1.74926785634325	0.333504419549566
0.189018359946879	-0.352288238363379	0.324563156648484	-0.242389131798166	0.803800248790565
-0.061600716149046	-0.591929770017563	0.218041106455277	-0.499456828244005	0.0820654388393714
0.265622980384726	-0.131383780355085	0.0598880013607671	-1.14831377103215	0.259096719043694
0.200812129394216	-0.0231821918708918	0.369435609088667	-0.834212415830987	0.367027484247331
0.0126401754742043	0.0904665843859456	0.0700159643570747	2.21451466936798	-0.268398688308095
0.604906142578055	0.155565509461762	-0.385538159147244	-1.38615648747715	0.347226979477599
-0.281072070347741	-0.996332176354298	-0.581471747013763	-0.685701308005237	-0.175689506230666
0.342936302806715	0.434412664123846	-0.421714725904384	1.337744185739	0.291892227231699
0.490330313760254	-0.196940731561531	0.146614228206037	-0.897735500116778	0.493392246477782
0.855618691695891	0.127466581195035	-0.150951504106704	0.226361414031118	0.378521000103765
0.525024198794758	-0.186164908181933	0.296461991963116	-0.609881614240147	0.401757959611964
0.422514030454099	-0.0926511674366061	0.0420258497037829	0.250355908322687	0.432244420880869
-0.182671245346722	0.160102085437972	0.154222126907667	-0.0650705932385251	0.30818659357171
0.885621190591356	-0.185158380010727	-0.416634389268793	-1.31445490415744	-0.0682857685708811
0.930849097023228	0.475952613563378	-0.0242217546136499	0.830182810600769	-0.820319020868017
0.290134073002719	-0.146762791974124	-0.469529909628721	-1.17935588259325	0.378634429351618
0.18193870084476	0.473791105629552	0.0460086865090931	-0.887094180115247	-0.782829405561375
-0.0648136905999613	-0.00489427327178911	-0.140444195661878	0.817808247090088	-0.320454728507239
-0.241854215542017	0.387609824478234	0.531320108839023	0.23482483944559	0.0850824674738724
0.43328879626968	-0.00111744366250276	0.182758031577598	0.763022332939716	0.209553289005847
-0.124438970214085	-0.0267702106713466	0.0874703336552543	-0.442640642640243	-0.573842566151417
-0.119737827687288	-0.219770217794691	-0.43105362544713	0.649747685158168	-0.700145415745712
-0.515598515271225	-0.355763264817464	-0.20116428081484	-0.715575944699945	-0.842381922297502
-1.04035614608671	0.163305382611483	-0.686646235483204	1.04310935961663	-1.12090986622851
-1.00909394487306	-0.203584063264193	-0.648669401967715	-1.08062749108973	-1.06980133084001
0.0169968602850119	-1.07326264114064e-05	-0.776852682516258	0.280141715411731	-1.07408588457793
0.190835585199569	0.468382117354016	-0.795888107798906	-1.36629719741241	-0.367537161824391
0.412085667493137	-1.05045712492587	-0.79891677002952	0.263627194049446	-0.648931012376191
0.191737576009513	0.10133551685331	-0.819285847563773	-0.418558443790016	-0.728908408794825
-0.357613600193187	-0.301392475091744	-0.655876972303567	-1.02146412125009	-1.43210554117973
-0.410063191253496	-0.0811943051488149	-0.46227305919576	-0.011104901748638	-1.19435643428247
-0.170484404853997	-1.02322752955992	-0.558353330037119	-0.95413482616764	-0.924550607806739
-0.317657806436174	-0.896573742865299	-0.416210707103387	0.0416057557997165	-0.309616454518429
-0.43577821043686	0.395370796434757	-0.347638514841018	-1.54268346716391	-1.18197501087303
-1.5615079421299	-0.360662409937057	-0.357812767112034	-1.34647887091981	-0.644240417098876
-0.132018215430392	-0.791817459596395	-0.526468556618074	-0.681049143537706	-0.758619015657509
-0.256760610130803	-0.310674804489676	-0.464647759060294	-0.130335286790022	-1.50073350469629
-0.307597612451853	-0.219514061180866	-0.555348533515078	-0.589964395405716	-1.37598052175879
-0.041182065230077	-0.637267422174719	-1.17531693210239	-2.66344042236657	-1.35726718012401
-0.484045125223465	-0.171922285854348	-0.693544991448664	-0.370795714226372	-0.617552204962157
-0.60176713224126	0.165276299109269	-0.325550935829905	0.216348773709956	-0.592817437928997
-0.111975053485559	-0.541432975287809	0.0619807648861428	-0.509432334061674	0.0755469192913697
-0.00432966273010856	0.553197526997151	0.339452345266724	0.53935381093487	-0.127153501533348
-0.155274557708187	-0.502723809642431	0.245949605438463	-1.39461151779376	0.830613854779282
-0.490391023090211	-0.708110377868945	0.507504846610874	0.663800676578988	-0.649181178775108
-0.416660215348617	-0.0271137559311104	0.598722134470398	0.244432662797777	0.800076794954716
0.19027241773556	-0.844424690911415	0.870485883458379	0.671946068668743	0.440308250820952
-0.453626504709635	-0.0721721607253991	0.836526587247484	-0.661624473483264	0.457856889880737
-0.0206562982062251	-0.636421987263581	1.05537647185914	0.313234202676352	0.513054030080569
-0.152065213281707	-0.0540448049571773	0.52046546256646	-0.581799257945605	0.593811362933581
0.0961271999585215	-0.240551885892192	0.903721883826479	-0.994751232931578	0.380111436087576
-0.24234762235357	-0.432742152207843	0.74984505965545	0.545863613015177	-0.0461323044961077
0.285873318000328	0.296656425740136	0.526574021496531	-1.70406137495863	0.603441215160281
-0.333781480627022	-1.054434641669	0.227236885762217	-0.957834983729523	0.693781195728262
-0.206750752521227	-0.0850331818354682	-0.101411591853412	-0.0694713352611648	0.136227748371201
-0.137738437433771	-0.437509589182408	0.23436164427612	-2.45295827293834	0.228155340718077
0.406076136860076	-0.385476341283826	0.0399237251363028	0.903277594780852	0.138715713952955
0.0655758695340272	0.214491543457262	0.0696144851628267	0.325619703871355	0.230323355465517
0.452874639774888	-0.399047675852957	-0.000664361525713142	-1.1065278212782	0.25335872458703
-0.660664311997669	0.079572785612836	0.117403968221173	0.596149235831028	-0.00853009162903951
0.318196247225213	0.113859534694837	0.640709855989842	-0.179762092766089	0.13180516142961
-0.367908418029867	-0.312541779626614	0.325415720478891	-1.06947113580325	1.11150895738057
-0.166171806100176	-0.710976293798971	0.416523673796167	-0.0715205922882048	0.271769467987419
0.276908428405685	0.127165817044395	0.108170303214503	-0.569994853132614	0.467707882425201
0.170790767796155	-0.643221923506428	0.298480081812137	0.976695729660614	0.190227697647462
0.397944178131578	0.422246559927853	0.168161974665453	-1.2809084966946	0.664199076951889
0.746542824675638	-0.144557423083293	0.433423313963627	-0.0631989690690046	0.259946040967008
0.265739505737739	0.431922333255502	0.121885529279399	0.126728634797803	0.119643775659829
0.0165911923958334	0.206233665463152	0.286303446380358	-1.81321108168374	0.576579346539953
-0.459533758717587	0.00307355231848336	0.104484446815261	1.29046397149976	0.0626636761186064
0.00578622384092013	-0.151312703516044	0.624915080043808	-2.41228806473026	-0.471095593262731
0.471470941104118	0.319518785260028	0.493808231781101	1.3943579337459	-0.17541706040181
-0.714302804219885	0.191514016472002	0.362199358980791	-0.947504855954347	-0.668000468620675
-0.397242628142293	-0.218754345499624	0.488126994287652	-0.388946066473692	-0.75644037598982
-0.707470594107397	-0.562358064015118	0.0215406903631987	0.427020368659268	-1.17173715247905
0.376697116606091	0.239606118022563	0.226491750508255	-0.253121224099143	0.182409537645781
-0.208882106637927	0.151886032920048	-0.199963340779767	0.777399638614719	-0.512581139881204
0.47938869261394	0.208741583086458	-0.262696527292969	-0.392301040033097	0.0893322132577959
0.441364436910338	-0.00149417995787966	-0.438308047118486	-0.108675641857764	0.0662781123557921
-0.276079591436958	-0.550022701561723	-0.339517844616834	-0.125071613111037	-0.0314502539721028
0.120803602633168	-0.286496026449188	-0.232124464345906	-1.00588400177227	-0.0438201492875043
0.863357166549642	-0.316044046400712	-0.203266636096956	-0.482040539933849	-0.0581413465379764
0.412615499247286	-0.702060614196452	0.0522122424331901	-0.0606476001592222	0.880927123630949
0.0991094335419656	-0.0922006621727504	0.00325501365019491	-0.776587120991668	0.076897765313028
-0.413248872580139	-0.455395434011735	-0.345979966151628	-0.260485777667287	0.769998594140682
-0.419799867363501	-0.554944951002281	-0.165260528983101	-1.53872000277195	0.20897196646736
0.0953569354098026	0.0292615449917505	-0.346162981580114	-0.238369497297006	0.0628870543275826
-0.0365414704100741	-0.672418553428143	-0.236405844536396	0.780611713973372	0.824414808239587
-0.452969829097408	-0.724275430552101	0.0926375059815582	0.0476141394877475	0.591593716459427
0.243757254100113	-0.0104065002555153	-0.103981609572321	0.353385968226904	-0.289278652491308
-0.370796413805967	-0.263446504877816	0.109751042756113	0.640532861200132	0.280624690216129
-0.112172231321026	0.204032974320059	-0.415931049356145	-1.71349581102074	-0.0963132239322317
0.264687170598302	0.00598716069088993	-0.326398287634829	1.13140874498351	0.0244007272697855
0.207391193968245	0.119374750795951	0.253318718413456	0.222020565020808	0.0502575288877973
-0.522940087531001	0.195379488179472	0.0226643555874979	-1.46759505613958	-0.226932541545002
-0.650914868309767	-0.46370052217134	0.650356798810122	0.402332558228884	0.974716660615771
0.347989600338533	0.582785191910764	0.922620941486727	1.37129869678414	0.603074218971522
-0.03779045200597	-0.258413786045578	0.737391756677731	-0.467894601525089	0.797044838638564
-0.456017851295524	0.383495466129844	0.864027293421243	1.31047798638142	0.599938108231647
-0.548566231992413	-0.105423604261868	1.10354761817952	-0.108312782574513	0.214209831825699
-0.400694704344978	0.245711699475696	1.24652755110006	1.1729031964428	0.477294442386874
-0.325703760888357	-0.2538170362024	1.11523148579059	-0.162652825103855	0.5757168490007
-0.141531191168238	0.012073625426797	1.37080666428508	0.136709959561312	0.283911490741261
-0.533309179701148	0.361146350854115	0.904995505997971	-0.115460135648689	0.643412885532685
-0.68364380866382	-0.594303605900874	0.795801112861389	-0.0999574021826049	0.311627001116619
-0.0549207989412199	-0.023873647645215	0.85737539207976	-1.18381180461251	0.823769004568878
-0.315528241727245	0.279923121875534	0.608511914302097	1.58302412236434	0.206881090958395
0.5085971239757	-0.337318367923564	1.09541093501908	-0.393848257897739	-0.110516568460019
-0.644252014651221	0.0589091280570296	0.201384433124687	-0.60749587561548	0.102919355492642
-0.635295966600541	-0.12649541117196	0.69141128058563	0.991184641742529	0.821665232778427
-0.24399671298286	-0.117060223200845	0.442561745969718	-0.774763976755309	0.0769353887208344
0.0396021764391993	-0.138853732489612	0.710851587107076	0.181709829424393	1.03147432208762
0.293972179232596	0.0244815500356313	0.597245562375314	-0.238877749833137	-0.178055987840341
0.350461801460172	0.0795745649559411	0.520223975015322	-0.90506683234071	0.952239978225488
-0.722152135883581	0.00498175633645324	0.402156706276169	0.71802707108004	-0.848952560542592
-0.475682872253377	-0.253480139622893	0.401096818827112	-1.33670178168647	-0.113720730456003
0.201779586775476	-0.0210098893296375	0.221305611961312	-0.0339721227016538	-0.513313363187226
0.0208516143401199	0.418614648655497	-0.207205542666281	-0.61254438224709	-0.466198777279289
0.572792907062982	-0.0341183454716018	0.215966337826712	-0.569437331511095	-0.640213937408162
-0.412280680758301	0.00964824848960988	-0.0566654123269598	1.41434712494214	-0.67728071127163
-0.316756765511865	0.438015159909867	-0.174215298744271	-0.265522841771761	-0.925310516631508
0.180569923642539	-0.206613413148374	0.11843648924183	-0.487648949224583	-0.126624265315064
0.840745222801556	0.27815343775632	0.438042536157684	-0.0945349534671967	-0.203809982960591
0.887030021368726	0.532162326556251	0.303746541951364	0.273289263509902	-0.39091708445599
0.151933521135414	0.427549735269567	0.0808250012217979	-0.622680046881912	0.405363221643289
0.00989311866292337	0.266189636120258	0.322190148056748	-0.0736708128870908	0.0395320942057528
0.641467659253493	0.0281393088262232	-0.129078686371066	0.887735952149041	-0.25871024917748
0.246620547652321	-0.248287695199181	-0.367419818344662	0.229955619898844	-0.551596107377562
0.114097541721576	-0.0268467631977334	-0.567539586515022	-0.440249728211031	-0.518483439331307
-0.16109082557291	0.0905992996824604	-0.64094314792767	-0.438556381544022	-0.535901432119308
-0.733798420723153	0.41017513436909	-0.559373653883579	-0.20927610468202	-0.452354091096505
-0.120104181612984	0.43923989664772	-0.473550410181111	-0.584970254260649	0.265695538167481
0.491977706737984	-0.749539997002985	-1.11359522052472	-0.632124945766702	0.0618840278095029
-0.0671931886178334	0.201714008259467	-0.591473202212384	0.110308548763867	0.412566870461331
0.437034150048413	-0.306903347134578	-0.999749295880715	-0.605726763513269	-0.155373602321927
-0.455909643939503	0.0593175295973007	-0.966437770201939	-0.24866842918632	-0.376140332092567
0.56012724764803	0.0919103737137304	-0.813749648748707	-0.274797765249821	-0.203627711002998
0.336892618812241	0.0848144019946931	-0.924376703941724	1.46314017922434	-0.428566280040493
0.791353108240328	0.263378287532087	-1.20499244054336	-0.345953986274252	0.319520263999827
0.557011789123999	0.356078097918224	-1.22884761216388	0.778746398568995	0.517383378395291
0.742899731043643	0.375182072644891	-1.1790955703519	-0.538454266173754	0.306218532360314
0.413616639407764	0.841605529461025	-0.969912681087636	1.22985906241908	-0.286920810336085
1.4458067698588	0.613835287449502	-0.702736144004906	-0.222605418488031	0.228617314372586
1.10579190740598	0.834405592548696	-0.380023387025008	-0.76644214386332	0.145071685151212
0.795714358102183	0.467469416857127	-0.418658015162268	0.942183539913149	0.0451929863178884
-0.0996277118996123	0.595543444225143	-0.0860955792099733	-1.47542136778825	-0.144754154517545
0.224252739829437	0.444317391705009	-0.233790438013287	0.764150096039713	-0.0139038198696653
0.35636890090577	-0.0960361661840313	0.0390670011078932	-0.514987847892191	0.415285037853448
0.359757200706055	0.0303006691938098	0.293798196220189	0.597213638227861	0.733253835221432
-0.281221457748906	0.443825557086725	0.53089366892948	0.983414913738381	0.57018603400241
-0.685605287688501	-0.210721463225283	0.528882028876609	0.146422060084701	0.402129423081842
-0.848521944398378	0.730357149362885	0.842878576293496	-0.103956746522176	-0.360309900440944
-0.578632550717243	-0.53544612916154	0.675017666429816	0.491993474764316	1.18543417449962
-0.199755126561261	0.175620673010181	1.09459592309693	2.30395172665531	0.303730887995433
-1.00669256730694	0.407991373652798	0.92551854489842	0.317867793987166	0.244693324306119
-0.637489795977049	-0.344952660735807	0.503306458618541	1.95519953566415	-0.0314700288105395
0.317583082614565	0.00672255214558352	0.4855801622735	-0.701321311827479	-0.028614524310619
-0.440340619442393	-0.41514581176465	0.3012490669095	-0.903245572048024	0.424033090199898
0.217418559020056	0.324698428679217	0.23965573590764	0.374093712340302	-0.0550507540544604
0.151435135130713	-0.00890972810850964	-0.110066405734698	1.2208274451278	0.0165466224077939
0.174526229649826	-0.170883934894779	-0.0187441866878272	-1.94135131290046	-0.120650286731172
-0.0434632983281792	0.149618064238765	0.178287498506255	0.895545702367207	0.406323169049146
0.578184063008327	0.573729033533889	0.86460003239531	0.632630054729598	0.318204736361356
-0.200536409191073	0.213456419635635	0.572732448663726	-0.351544201573227	0.56030862863238
0.218391794923311	0.321663031277557	0.671731753211867	1.1984742852777	0.784394187288393
-0.796584056951608	-0.37662253389381	0.221114567258762	-0.121278500062436	-0.166233135393649
-0.0156876046911779	0.664459415723654	0.922850102331877	0.0214389818879122	0.79968131896767
0.0823137854185502	0.16961229593596	0.40381277672146	0.870536801853965	-0.291073561860848
0.293391188871997	0.0762133282344888	0.386852972559853	1.82624394945115	-0.208291435632204
-1.0134542343507	-0.0867831882496327	0.40302198507734	-0.218050039033792	-0.269522637896684
-0.218213185298338	0.408322351999143	0.469407442126721	1.283186723034	0.243926355480942
-0.243266499151043	0.165957839474646	0.0798795170563427	0.858641482366995	0.746036347979063
0.270669841642616	0.0885157487043639	0.481777318207984	-0.439911641270284	-0.0857616172797089
0.265146079747036	0.0352831790951253	0.0446236227071036	1.05088031803004	0.357398608219337
-0.609371701805676	-0.143501118655215	0.141738999568165	0.325375101960233	-0.178549366246032
-0.881907327175722	1.138956478166	0.383907319447063	0.237859209863329	-0.197251612575438
-0.293144445766808	-0.608579489547675	0.390566726985921	0.251802418561405	-0.325529808806931
0.273783788021094	0.456948346965115	0.197977434383375	0.38040236833386	0.278946634504667
0.356669010484154	0.337772878413531	0.0390503476341313	1.44776611669166	-0.208547566618669
-0.338320143912805	-0.379058735458898	-0.166566595771402	-0.146299142720347	-0.345425449351661
-0.738050263016221	-0.0923880696349995	-0.0168893885792811	0.811780596033303	-0.804558217299983
0.214565418650385	-0.00577181746719735	-0.744580026778083	-0.878985379110476	-0.0453452112872142
0.165859380392953	-0.215487006128357	-0.527555789605177	-0.708710043624973	0.0464194796653039
0.0148864042898026	-0.00376907717829916	-0.625961503534708	0.952329594278377	-0.849935006136022
0.0573490481605447	-0.212578364541536	-0.81587573369622	0.149150607439582	-0.686160915498317
-0.380951276322178	-0.000317339643959167	-0.940847057863822	-1.53029753739161	-0.276493517738131
0.413384743406067	-0.396782653878076	-0.943496061371255	0.952924249968374	-1.00752479912671
0.289359538800821	-0.557010612408	-1.39293926075037	-0.774532536762959	-0.325607709263036
0.464401648227964	0.173104423275273	-1.6775310177685	-0.51781735222216	-0.516421928365219
0.433722941979932	-0.818350789143963	-1.46250748272889	-0.10205616234656	-0.472774872404053
0.759008338224054	-0.0628421296748502	-1.50677670745191	-1.23923337211414	-0.567665272699472
0.762268474673617	0.0324889357948418	-1.30661830023953	0.647097503015389	-0.98025586001812
