0.934779141572448	0.604806837847005	1.11478271757116	0.931969261018577	0.71659677199246
0.612062919667878	0.439263450770951	0.146179016355794	0.227973827359992	0.424505279853706
0.290103852840089	-0.733135924689259	0.158577818457702	0.121499192081477	-0.0987191487987144
0.376123703097704	0.492135949122499	0.40407015275304	-1.3597561201526	-0.420498129234581
-0.136373485539266	-0.0693084264577376	-0.694722245752257	1.24029969730383	-0.306405015106494
0.227876831540772	0.00307903578725479	-0.406548701145012	-0.176390704130555	-0.140771420847471
0.285786823523917	0.0523542603383621	0.15837770144904	1.00030634952863	0.0663146136293918
0.503809865583157	0.486825706805327	-0.314823273504322	0.755761372106891	-0.266304739046188
0.14911344175896	-0.441872528874217	0.279724624822292	-0.235743125081133	0.0545755181522051
0.191282028092493	0.550720368457536	0.444621916186173	0.092277387541643	0.0834212553491187
0.0135239479836479	0.0912816863473912	0.646253524910384	0.818845086829817	-0.0100533954429971
0.0620587697204822	0.150850227951436	0.644835581504575	-0.839306290491028	0.256357455667244
0.418650204570166	0.48481876218979	1.45895437870031	1.41533070481665	0.355320014546827
0.451559549326896	0.108052672605249	0.616623514247025	-0.192103503648526	0.201484720202751
-0.0800671617492171	-0.433111874922735	0.161012328174749	-0.484696261088746	0.515527154019665
0.135602308277497	0.561647498110357	0.723661466637236	2.36458056953697	0.0591563355664827
0.302573391287079	-0.917105312899467	0.197950569411068	0.616154329681866	-0.0763941771805691
0.188828756353989	0.75831168269293	0.358516076731167	-0.126699121805471	-0.0490415561315124
0.056822662788182	-0.289921859374018	0.483703366813166	0.621602855559008	0.244600304491865
0.231728928684616	0.395565566995029	0.412711900739024	-0.47033373641857	0.150824992781787
-0.150438197206717	-0.268084645758379	0.109663148021484	0.8031171547421	0.00144716805115453
-0.148877343225267	-0.224084236285564	0.13715227405219	1.4085597947142	0.0610569217568831
0.125846741094279	-0.155861719595381	0.353316234422207	0.0886440524547774	0.285225413867231
-0.195794888211914	-0.473857649688176	-0.034690837509473	-0.130745749049816	-0.116565081266375
-0.487154185197104	-0.364879975365334	-0.0396902397598545	-0.343358575146439	-0.212699671451398
-0.169342193108189	0.589492886493495	-0.413046351812017	0.803280785124426	0.279946371365226
-0.447530724297161	-0.554616519338142	-0.107500497939805	-0.755214312389561	-0.479739233380821
-0.0166937314262794	-0.666196058375992	-0.649359283248784	-0.952655084840957	0.100986946118927
-0.546700265817368	0.0906904604754177	-0.0934129196356257	1.06802040398686	0.0633285990488361
-0.217647039626078	-0.650951298692945	-0.624601707573535	-1.3277796370416	-0.0522999132395306
-0.283436582915346	0.167931063684229	0.0435395823429533	1.00842209975754	-0.0113062725792346
0.0216096085830844	-0.545801392452197	-0.487664598918045	-0.326096963742817	0.353313913875204
0.448188717123792	0.116155500750734	0.179855703973488	0.234230812644574	0.354597878355173
-0.318380238631424	-0.422067562294509	0.270080990935552	-0.0166857441687074	0.0616992071610642
-0.201798203806831	-0.141338370926342	0.114528090656616	0.551780175085215	0.328572491145833
0.0660483529791121	0.0208611137894687	0.354136697715389	0.241775643925965	-0.0179090160611072
0.217594506491194	0.450872511242563	0.285098368770317	0.234614648929356	0.113722989108854
-0.0412986805548266	-0.367153638771648	0.22311750884588	-1.65994767190852	0.209123888092587
0.351607926689275	-0.218516836085433	0.799775122731171	-0.390968239966834	0.0131691506613647
-0.410080298762108	0.151637116916169	0.435102568413905	-0.289046324692931	-0.156073321238775
-0.215592422407577	-0.0329240514191812	0.377512346099979	-0.06051602898493	0.0663256675724606
0.436543095325847	-0.292291954181878	0.418699520110574	0.289105430537239	0.180508514132
-0.222464330985949	0.0166906832597673	0.583477762217423	0.856936054844266	-0.226042993743263
0.120832262565552	0.119186086134545	0.494674112882876	0.59080390731811	0.121754412353353
-0.0535540437147218	-0.161445496400795	0.743602475373365	-0.548982600969799	-0.0210328940928851
0.243032786317744	0.145063343838618	0.140130021765729	-1.08763162427017	-0.0980674935868219
-0.227608256504195	-0.938090660923938	0.542264030712085	-0.64389521713173	-0.0765057761877469
-0.0355179972257675	-0.37113511493749	-0.289727945189563	-0.892421126162359	-0.179107914727499
-0.143481959341777	0.118265920405089	-0.188908519340711	-0.142280795846432	-0.21345881130345
0.0540643033764746	-0.0274507103811394	0.341333965994964	0.252077884773532	-0.133436763127964
-0.136552742201447	-0.97533557938683	-0.630726979343263	0.12701970321749	-0.357555080391447
-0.0670524002591723	0.312289232094369	-0.588286924243013	0.336658580042847	-0.267975647986618
-0.350319125893494	-0.463271974968928	0.0714696978585024	-0.46974973037285	-0.0485335360704668
-0.0863946422018197	0.245181908630705	-0.28686043585425	0.558203453278245	-0.326604899229303
0.0952325707926207	-0.829882390578385	-0.719228370724466	1.0461794113514	0.0182662954810265
-0.612980354704575	0.690963110212818	-0.30488983157354	1.0429599702498	-0.00890618278412373
-0.21151032359163	-0.80330711550453	0.0775946490461347	-0.216292981062959	-0.36807077555931
-0.154581782143433	0.628448795155264	-0.356856606806898	0.891301808230979	-0.290799657557161
-0.322385186047915	0.320142919973884	-0.105289063447028	-0.517910551410907	-0.0299249069066949
-0.233561025653834	0.255060398531005	-0.637139233973747	0.258997427754515	-0.175543171081096
-0.189310307092812	0.83523084017703	-0.974397290380445	0.191440893005298	-0.408658225978324
0.0414611111449791	-0.142040393872328	-0.836778370165469	-0.859284153784377	-0.714964666715846
0.0435289740119063	0.297898680397893	-1.07826929775685	0.385715015562575	-0.750812690635389
0.237970472983642	-0.331237469208334	-1.29121323431009	-1.08986603174355	-0.611399379073925
-0.0799846411690708	1.50212134454779	-0.960321072081285	-1.20396730393156	-0.723277722796707
0.277416814107877	-0.632783796644995	-1.17042323020772	0.861173740591771	-0.571657905733053
0.116635223684	-0.022461275529284	-0.904181845773535	-0.555456808191961	-0.468564048438678
0.148428984034772	-0.104063404752315	-0.792648427772243	-0.538323108719592	-0.13379610064989
-0.0521011326263938	0.343195111081914	-0.861944919890275	-0.0383854097481608	-0.10109093357483
0.0392964248034247	-0.440810937863527	-1.50120624740773	-0.301873672985449	-0.504120387176041
0.252680294935867	0.439176541305874	-1.48514663510971	-0.420324220311505	-0.19047753119259
0.19560217129536	0.177472482585926	-1.40108138338772	-1.23948473845809	0.100825101008714
-0.262177251512635	0.319401211095085	-1.10862327026994	-0.468393670571208	0.335617926265311
-0.0930780804927581	-0.403563105871718	-1.2662746186522	0.0859059539971865	-0.0826471065016242
0.374344536984331	0.794194049412501	-1.38413056033173	-0.214308442448122	0.0940178417050364
0.0626450721166702	0.50414988053138	-1.36025098315234	0.168292151096937	0.352753130555691
-0.290262212428888	-0.618511861052312	-0.573137663301259	1.17908622073585	0.409814777276532
0.0453367026274128	-0.113279436651785	-0.582690840009588	0.237372632333095	0.265670735119586
-0.129992190664331	0.52193613340046	-0.39614091384582	0.591469286046637	0.719845474492645
0.370834410857043	-0.484416782709152	-0.0672318655609633	0.703436066667254	0.343483496298041
0.105352016421336	0.699861772485446	0.264821382127539	1.19520134439367	0.943777415029437
-0.00568379261284689	-0.430171089749071	0.365459029482365	-0.465348418309218	0.700522771112357
-0.0231643124372427	0.0617698551344348	0.7899388907084	1.37629702806197	0.379357823912239
-0.0907110450173739	0.557778687405453	0.817436626798784	-0.906021804980415	0.195542629184509
-0.314410161060631	0.277355010939248	1.5049156528827	-0.245023797333895	0.468029278638733
-0.201586500479914	-0.675644873620532	1.11657457716817	1.16711451704497	0.0119431108337217
-0.215873042431725	-0.211219951098075	0.98716023636666	-1.00404114601379	0.259702603857303
-0.0423413419029495	-0.0607408907939547	1.17448826038265	-1.19600096552916	-0.0380186201340865
0.319516141817264	0.228945454955793	1.25824227192397	0.693904355350067	0.106463435845202
0.124705439540707	0.110270898916946	1.03960003398574	0.167359376590664	0.153898006823521
-0.00242033908547419	0.463098199301623	0.534352030654182	0.959333938326343	0.0931855194825513
-0.0379836360032261	0.0668017919793644	0.889532745601476	-0.136339130226886	0.261739129139956
-0.0756692860921895	-0.629768014955951	0.675190409862362	0.366562445077814	0.0142935291185532
-0.0401592304891676	0.495226821757173	0.790652355823882	-0.917002481185661	-0.0374941216914004
-0.26384069206617	-0.416659931834896	0.123734371620332	-0.279919140757989	0.339606524149553
-0.340109237398886	0.787402582837758	1.00666955708824	-0.540760390229313	-0.0993671960508157
0.156340179410681	0.0658648997186213	0.382716417204973	0.939705099456073	0.148555403157778
-0.222698884827803	-1.37186035339051	0.400393909434085	-1.66231457204236	-0.0094549625964171
-0.292632122111533	0.473373048084328	-0.324673676561324	-0.645858615016178	-0.522359388108428
0.315928419802251	1.13073903553749	-0.563825534518013	-0.53490382043321	0.254739372757764
-0.493221879586461	0.0220851522882973	-0.378883314346749	-0.291864875220276	-0.0608348398370401
-0.158623684965571	0.0198638629589004	0.206051122706334	-0.397330892215159	-0.0765924608788603
-0.287099017791913	-0.71723832532274	0.0566079207591663	0.322836257331426	-0.143634295312399
0.0594186227573869	0.100502044164823	-0.182408949429026	-1.18471181244109	-0.0664797159864358
-0.0523433030752959	0.384051790744199	-0.565519758841179	0.594707625219462	0.110463985259525
-0.153967994648025	0.120302895925552	0.17249935456533	0.859310686054894	0.102684151284944
-0.312204550936293	-0.717525309633781	0.321207074680967	0.869824597814917	-0.0721024931665213
0.0237583711260332	-0.775133959056043	0.290747671679431	-0.428495566649808	0.187035516745159
0.125484872321348	1.00197904415832	0.0226074639189311	0.024579954514266	-0.087240457294179
0.0983935123457707	-0.328279718672821	-0.0508488604541484	1.05796611303498	0.0479009685152117
0.151872335034232	0.294403786051446	0.236313880938616	0.371642029576375	0.414879350349249
-0.145677531420145	0.370519423799798	0.556259900923736	0.846227683363756	0.375294096005605
-0.0340402535619022	0.330679475659763	0.48444777109529	-1.82433147486878	-0.084455413658603
0.217377832590482	0.0834222399977658	0.418742492998765	0.258685197631811	-0.0597823838598397
-0.0552390995058226	0.26583358430379	0.484697821546746	0.396185232249302	0.0743477857301161
-0.383910636218956	-0.145953931565322	-0.030005717935483	0.0198375893466668	0.113432968138701
-0.0136883825715218	0.203084146776721	0.495062862133725	-0.804092038255958	-0.351661456320883
-0.374200835108489	-0.351835066498949	-0.347973282409959	-0.80915377535272	-0.0327392499067703
-0.0902762237967939	0.137591864845713	-0.0479019892852607	0.338722912546178	-0.102568579177304
0.133776845644443	0.241558653322611	-0.253355227787029	-0.748182220537519	0.0788267299841627
0.0541619912096176	0.110814412140064	-1.03734510708297	-0.728516322205548	-0.00853548224415025
-0.533607558181664	-0.190150622783915	-1.29439377454285	-0.398785201583477	-0.32290867715305
-0.0303638544237694	-0.352028636043113	-1.3898529500001	-0.694076712211978	-0.399711726693469
0.00828013107434682	0.250506623349031	-0.995009756951705	-0.245883751385536	-0.532395726999444
-0.0490139646740599	0.196375348065313	-1.63588470268596	-0.455434416859231	-0.575037581294119
-0.216269993988605	-0.119641060667437	-1.26299426731169	0.44916469837208	-0.319582097307948
0.0873343732445327	0.131660100342409	-1.028421280414	0.21249152509002	-0.702720927143441
0.160892327198995	0.539460210419826	-0.827406563033691	-0.819318810939405	-0.715382523734276
-0.283375989024395	0.565902062600436	-0.578447123048062	-0.20617232787111	-0.421067261463193
0.0476994847507756	-0.545152204215531	-0.93113317570939	0.157332018400021	-0.201522158621391
0.111372059189829	0.794406810063243	-0.07046838987588	-0.224406155327279	-0.0841017152880918
-0.228646303420862	0.156534702125975	-0.880240116998738	0.737584436124329	-0.430514777594658
-0.139773903619501	0.313046900578744	-0.759365816851509	-0.575649716403949	-0.126752670976577
0.00214192359240851	0.518632981906438	-0.812422247331284	1.12435333904309	0.148322834763777
0.154714904532683	-0.228600708407567	-0.214945850870375	-0.057547378419455	0.115428123621822
0.132497243743436	0.586130341317737	-0.276654633045986	0.90500598864401	0.196908354047881
0.239372687049898	-0.450530976788806	-0.513290892175703	0.356190875864818	0.033296992467134
0.130313851874869	1.10991041689401	0.276983793727352	0.186222426704412	0.189986726938266
0.612715270461112	-0.295344524147005	-0.0496679164638228	0.43035761267433	0.0365260475167658
0.318880308394244	0.943000251190727	0.291716266664413	-0.644605663773083	0.643584671446778
0.287336609401534	0.0336113612936295	1.04906271394292	-0.148938674824244	0.291544270267913
0.273005655440408	-0.188731340441162	0.788158970781004	1.19413605283126	0.268696368507954
0.0326995986740971	0.3590771647908	1.38706436200635	0.506121316260927	0.659111099434682
0.201408305598453	0.155652145514141	1.67096861703435	0.877641818905845	0.505548396396083
0.262645416897954	-0.182498020803723	1.08854396723432	-1.01602420724045	0.442230855368593
-0.153231654927913	0.289631905230866	1.16955759878628	1.65588367676907	0.54032900857266
-0.0867857847826155	-0.591158666931091	1.13833320676485	-1.60315362787121	0.193113864803287
-0.000149969853998554	-0.430405544494821	0.932596529011933	-0.711041615042556	0.342576441480278
-0.051101275659275	0.142706022670818	0.267387401045513	0.828094471469733	0.431621416560041
-0.14189637231149	0.321096233454836	0.392701384996808	0.119409658918394	0.232346696535027
-0.18813698110747	-0.154350745652189	0.147217994685556	0.800994663439723	-0.043780975597949
0.11917814419111	0.000699760559586306	0.505728976868741	0.401803359414537	0.45401989573482
0.0177140698308622	0.0962900498520171	0.596630887861058	0.247563270117364	0.022252352148584
-0.0239544403398359	-0.0433023099235832	0.381690198226186	0.815651859917114	0.638816572321123
-0.0215849568449438	-0.512492581132691	0.956908186007778	0.87190886117185	0.497964176416764
0.272114253044176	0.189596576264173	0.299655572787293	0.964250478002902	0.389715493573304
-0.0582156829875591	0.525615982365835	1.09976140535823	0.439494645239513	0.104670287200467
0.131748525184082	0.332543087814566	0.748622171601131	0.515212391959651	0.80484648531715
0.028163275546531	-0.142197768614368	0.696768342770379	0.0808899344044153	0.0606106061401639
0.133242069254128	-0.242242639275681	1.11855138896546	-0.454543475228256	0.288981639723947
0.119799451652793	0.203739123034692	0.527640301449394	0.273415157881408	0.106145687840088
-0.218812937351246	0.044989684727185	1.02618501856983	0.285260200691356	0.216689724429519
-0.0812793735189843	-0.157147562658795	0.164065859926067	0.622203670216264	-0.135832763063511
0.134294628975213	0.187375741961734	0.21687737032603	0.767958759739983	-0.229203818689337
-0.00692698052488688	-0.557661213158611	-0.0798052293487339	0.270383707523683	-0.385318592563905
0.100591176932023	0.113449034574485	-0.274973546496419	0.5858340263013	-0.504698765250767
-0.104332396060511	-0.197871855811259	-0.0439583556453993	-0.783309787229592	-0.420239249774477
0.174002307684797	0.0724720921339718	-0.154012341064151	-0.712468237660463	-0.192982145553266
-0.0673047390890905	0.0350148249001969	-0.197189379087264	0.211174200806271	-0.399785301767626
-0.153481322158247	-1.29198569369841	-0.254440748899549	-0.0316475698116761	-0.181947284894085
0.305224336928517	0.24994159085818	-0.475027076431314	-0.713003706747258	-0.320875976844579
-0.0513023747158942	-0.414770640905077	-0.5543568461323	-0.691175960085751	-0.196660522975513
0.0888266090633876	0.0895563520576169	-0.020923218292834	0.74360837298266	-0.275907510932188
0.117583552856223	0.926736534462493	-0.468279288210414	-1.25735897392113	-0.253533457863249
-0.0223439653585195	-0.76698569575793	0.00821153498366055	-0.184382766215306	-0.125411557166005
-0.328235157936858	0.0516075840009798	0.0756618098504933	0.930898988610287	-0.351768068178965
-0.403208339001101	-0.662958246553439	-0.261038943184485	0.356473416921696	-0.516029708104388
-0.262613778090218	0.800639485090187	0.0189123508376442	-0.329902626893712	-0.226639404023671
-0.219998360839409	-0.187439261281074	-0.548938917444091	0.355029581195778	-0.0704625069343715
-0.0705493688959718	-0.277795952697187	-0.0250531297509659	-0.403451305714338	0.0193656810630564
0.140673913832083	-0.295245828020545	-0.682512510773147	0.684085890483398	-0.340557044103252
0.123593585159116	0.0965611273057661	-0.371517491465238	0.285377693024169	-0.0609021817192758
-0.2241960575581	0.680335690589911	-1.18702253020952	0.317627480483218	0.375633894249651
-0.00487411256751057	-0.36528589199591	-1.02729185591756	-1.95856827534758	-0.58670116256641
-0.590072797207295	-0.584858900917344	-1.00318986894479	-1.29937451565303	-0.591645876048342
-0.245374692117464	-0.0814395948839218	-1.19030196096995	0.913875087552317	-0.844855393147246
-0.0748981545455023	0.0565609605905867	-1.03773632989566	-0.786388852697318	-0.723908286952088
0.285361698615047	-0.210489574794619	-0.837364352212404	-1.19071404843418	-0.517166210509503
-0.302019757044082	-0.494721555633717	-0.746390791614382	0.502113044346736	-1.00557183930632
0.0966285949862656	-0.323572979748058	-0.239554172833479	-0.253432596413741	-0.662479932911258
-0.193159084211604	0.426825005914683	-0.244848674854777	0.140136259847932	-0.504265596296918
0.461153203866652	0.674440623069674	-0.507786661874761	-0.439089812292034	-0.584011758184816
-0.270602438906005	0.3298316337631	-0.299690225180144	0.336991831103453	-0.561668849058662
0.079693808939992	-0.29526110303836	-0.796895615238821	0.0225865579869359	-0.574510127605224
-0.0392140513882379	0.427220975125821	0.0297704292019402	-0.821935949850157	-0.223690104298865
0.2382095297388	-0.0302034747007013	-0.257921075941821	0.960021902457914	-0.664471456310645
0.156990410642783	0.335330393658595	0.881451617215221	-0.673064082208141	0.0241047623030738
0.165740754341619	0.800673821005125	-0.542442879737367	0.0395053415950175	0.068366528105383
-0.360067494107043	-0.914072801437033	0.19953998896764	-1.02722734446278	-0.382058307126037
0.397984843638026	0.439052335161049	0.667571327879138	-1.15843916802477	0.134258160938589
0.496891027188674	0.481521371382338	0.375892512088571	0.401209792133457	0.240287577626518
-0.411145102279565	-0.47851452844696	0.238364753951982	-0.845222891332645	-0.00569853346522437
-0.551547259267848	0.0505597221689355	0.290669079228731	-0.482160407384427	0.214474140864282
0.482003015785049	-0.206755294202851	0.475876053323923	1.01774478151614	-0.0386728449359958
-0.172272930555046	-0.50532158814203	-0.0625163164313484	-1.57881095042795	-0.099250725090397
-0.0999294357701021	-0.233285867006291	-0.165457827982607	0.423207612444849	-0.11707226687688
-0.465196333017623	-0.476023279438576	-0.0806966350396185	0.271383601918371	-0.226343363202487
-0.102772831501874	-0.653912295050106	-0.148591549460837	0.132968148609619	0.220734597907577
-0.138347675616036	-1.21782960193645	-0.489073029913224	-0.646054451857511	-0.0425062489257622
0.17404155675428	-0.0793624396946274	0.619203004123171	0.428840289886768	-0.136680600082568
-0.4545653222312	0.148464644485429	0.0666795917862296	-0.751182596605003	0.412443546418958
-0.175669540889622	0.16433102123822	0.635059254727167	1.03045971531408	0.103581167195605
-0.153885296486258	-0.373927039989461	0.22530736074283	-1.44042229462819	0.473292868294013
0.238815907232567	0.000951311574332083	0.517300533788099	0.466375523044634	0.516079362647754
0.113671882952928	-0.998301297002017	0.684373828489591	0.541812424199793	0.472004518129806
0.00653338926863507	-0.497949010718733	0.437434941610806	1.05585064960012	0.432106557823972
-0.179535845931021	0.430765486811772	1.07373760522818	-1.00434793420507	0.881276019923082
-0.138616559131823	0.289768361636473	0.926277653391712	0.444669465146694	0.541196965297951
-0.193153905727336	0.358216980431408	0.153280716810331	-0.638051333890952	0.335114281092559
-0.198348561473612	0.455141352702964	1.06074922748786	0.382495049693066	0.318533833144037
0.48717056238766	-0.802042256805721	0.396685676771561	1.47365469992645	0.407339375160299
-0.0934544159107853	0.759166037276935	0.381332091680584	-1.28843823508301	0.0838215673232055
-0.246443400467041	-0.783537043588107	0.121731706246399	-0.795776317019901	0.228850418389374
-0.156585028050181	0.384961688490407	0.949670173519771	-0.0106437179534191	0.101516081672588
0.0446421461750226	0.272997271337471	-0.0226974469321785	-0.164320941970041	0.155304492675052
0.0528782913810204	-0.135907906652484	0.221241981874189	-0.0566578411989855	0.0511864567197763
-0.216379572562615	-0.91440382087859	-0.259890601653331	0.22557373762613	0.1632717926611
-0.267609365832803	0.451757388741815	-0.0590769337823855	0.300825338716241	0.0224234924005259
-0.300612953936314	-1.4153207366258	0.231168456086331	-0.0574499133688492	0.365346058620045
-0.27124594883884	-0.236555577295317	0.265633893580895	-0.149359997612734	0.278876933126654
0.117210673154492	0.0922812752040674	-0.0362591332845792	0.513472528730177	0.11225908886216
-0.0104319297375934	0.374321896016844	0.45135793887286	-0.208465583297601	0.477629308834577
0.347887899618799	-0.536927427042519	0.607092976943796	-0.424300669768876	0.32523593651887
0.155574481646352	0.339313613780679	-0.0481086898941669	1.26588627928644	0.720758907132771
-0.270988733579137	-0.599684992469391	0.171928574144222	-1.01946179892284	0.474829038361298
0.248440877127695	-0.0923040343200663	0.590484122337993	0.387306673104846	0.405081421162821
-0.291643567626026	-0.429255799137103	0.553097470080019	-0.393292801663834	0.480690038465495
0.0430249611952572	-0.149135732538667	0.552176030508473	0.666411587393754	0.731793850305613
-0.152833358307466	-0.476824890190543	0.0708720912117593	-0.042954248452153	0.583818097608752
-0.0270517763163379	0.411049997103645	0.10992988772863	-1.28350669516161	0.47434436977896
-0.106230612515459	-0.0494717655577422	-0.138148085971184	-0.755309625344266	0.48550796762672
0.335984435073453	0.115027296115739	0.398441696395547	0.282234916676937	0.273868028084932
0.326544839481211	-0.171504581671919	-0.374003605046979	-0.325443942936904	0.117667209497543
-0.114629513597037	0.188047167416125	-0.0873943602804521	-0.570945367578563	0.042466472395943
0.0681748813460701	-0.244559037013142	-1.10336451017007	-0.32663554474541	-0.781966208303073
0.606736680293442	1.63494401919627	-1.04473166519667	0.762021625151983	-0.381197073844266
0.0904592752997452	0.514741047037033	-0.674447846978654	-0.607663563485265	-0.0225383131289651
0.840439560502682	0.552349732971858	-0.713497413551637	-1.71498646956221	-0.774173386002174
0.166073591032606	0.654852206561251	-1.01011649820157	1.1132595138588	-0.428341271398774
0.133153718844332	-0.0961543822948012	-0.740931933064253	-0.419839781322916	-0.29827757176374
0.138863663755619	0.609061124982016	-0.423454903361157	-0.221801116419134	-0.574529490309279
0.495718255985194	-0.49221390907079	-0.494352483609441	-0.901718644336135	-0.589952577701179
0.289619150588334	-0.533194203793888	-0.241087349778562	0.752629279977944	-0.688328187130391
0.771674814208243	0.912583130208077	0.801578804865092	-1.29177697717785	1.95103277759965
0.72961505089837	0.762075099341357	0.033379893154019	-1.15435026371353	0.422647717153964
0.944161302242435	1.61642967589868	-0.304277654662349	-1.26055049685195	0.286219981786728
0.237775711293303	-0.38450275389302	0.304298593344816	-1.91704182531462	-0.236093058430524
0.301636419401801	0.0128285864454156	-0.214296344213513	-1.73794142043561	-0.247169726143192
0.630760140385798	0.318107795489227	-0.312028292037706	-1.54518845656524	-0.284210669418892
0.226564933422281	-0.0112124093432684	0.372988677665438	-0.700800247836076	-0.603530448435385
-0.00705896551058375	-0.300968511467233	0.230965917830943	-2.06916768180199	-0.515344168668447
-0.59836009631038	-0.630472196092147	0.0194844508733673	-1.21341831910758	-1.17433543550411
-0.173538904567449	0.0961818386582701	-0.0974384307921379	-1.24468237749305	-0.741867827079165
-0.438547238783001	-1.29777832851694	0.518447367055875	-1.62876248861719	-0.456785546338742
-0.39449733978278	-0.275043970347667	-0.463954930581731	-0.75121454357641	-1.04397200589958
0.244896668378363	-0.652534380924873	-0.504567295730921	-2.09701289477893	-0.643381662152602
0.007327928672068	-0.15424276409863	0.174556247936021	-1.07493408678316	-0.323356448556624
-0.688078106163917	-1.51970913638327	-0.593983292928786	-0.938615408525138	-0.62991170493298
0.167883367832497	-0.625665104680939	-1.35449504799946	-1.44372985782732	-0.614558816818985
-0.337824518497016	-0.156896734630183	-0.346303526627679	-1.99780640533511	-0.217331603199145
-0.282151131276594	-0.852837517899928	-0.412076725151752	-1.70371569185646	-0.239096981365791
-0.143444509281423	-0.505561590100916	-0.288772125156599	-0.604070895053537	0.0758188450726612
-0.00026580118137021	-0.00601992540416826	0.577807963888624	-0.460289394998028	0.0810713364118628
-0.339373004846049	-0.696282149586777	-0.433487200787781	-0.705385525040559	0.238333098678528
0.230119199900064	-0.32834077595664	0.145587741216126	-1.3428791155313	0.596762277380804
0.0888574050597129	-0.734936767151245	0.791500312959601	-0.0848851336313019	0.986466399370022
0.243230497537702	-0.561422805786428	0.758007536628781	-0.217384009711998	0.654475591398129
0.075622467980414	0.119860723524242	0.724446696855519	0.600444229073464	0.614763580438182
0.132360960052042	-0.088429128735401	1.68795638439706	-1.14817565483896	0.936700937079896
0.0830856697197674	-0.495892016852946	0.706456540196872	-0.858633864606629	0.430407395709656
0.0910490877775484	-0.648007259679695	0.867291140514579	1.11241543555631	0.635901389794628
0.185498822642765	-0.214581676173427	1.03274232398845	-0.213629390198894	0.518874219977304
-0.298066928401416	0.166350271511597	0.375646265794905	-0.996703690340213	0.253068725228297
-0.00449174347193253	-0.856741878117807	0.482312708869516	0.747969600767828	0.494914103140247
0.0927065982911473	-0.512399825310449	0.541283063635521	-0.30295792867821	0.492988205748208
-0.538516548330965	-0.408648620937977	-0.0327252635704503	-1.15508252937185	0.0962744365427873
-0.337773669516644	-1.04839047059513	-0.26095632338589	-0.381248652497465	0.301757080334884
-0.57463375861586	-0.958169166696475	0.218693178306764	-0.963099154684038	-0.0620199189441301
-0.472069929779213	-0.913958264517867	-0.0788510376737303	-1.32914701662409	0.313707294029028
-0.2510144853877	-0.224151260193122	0.289881483152767	0.138271668981094	0.000729429055314679
-0.461208046155537	-1.57954298688317	-0.20798999413929	-0.388038586538384	0.0290704442426297
-0.214400938601408	-1.01347018811857	0.0936548494453081	-1.32114309839223	0.126531559671412
0.0404626389293954	-0.243117050981007	-0.132240762667594	-0.59651156736088	0.0128131663523981
-0.865399924485832	-1.11306048624642	-0.613003756051392	0.896627185836526	-0.156239018062531
-0.123483065134856	0.619944313836177	-0.0149579455853499	-0.777083962899106	-0.132790784192235
-0.43352388888539	-0.0918976085978268	-0.443258537450746	-0.954419369256611	-0.278271393833253
-0.00213705187245218	-0.143402259730216	0.130336890349091	0.164343652110234	-0.469640246982801
0.201211482621888	-0.220389080794541	-0.184355302676661	-0.829843145503867	0.088188148402878
-0.010510191009463	0.273724493212416	-0.179750418948852	0.642957824340477	-0.464679955956557
-0.309759564604903	-0.11178878336798	-0.617143266394854	1.70274631652502	-0.300825395388839
0.201549442102484	0.853391071084674	-0.498074055347628	0.717302268183575	-0.116227948178789
0.169171464685355	0.403621817468889	-0.0990853277467737	-0.119037646829086	-0.208242294866619
0.255547740364742	-0.226627040190195	-0.232782030657669	0.0304452783794683	-0.227533377866207
0.325558308439926	-0.0387703963255205	0.243159864917069	0.513776654404509	0.26660290473925
-0.182931186720418	-0.529446569406904	-0.199104441426081	0.105583555450221	-0.0282284110145181
0.184223643445499	-0.232484086615229	-0.315659352596026	0.327213744076871	0.176536845421903
0.656263548537965	0.818143795699954	0.45513192937214	2.11390320499183	0.529249364654697
-0.275060075869034	-0.0936339091487393	0.575455731097458	1.72870933038298	0.261459446710744
-0.142273837306721	-0.267502497405468	0.160671824547144	-0.267648455463497	0.271557606493551
-0.150997741456189	0.407451221026118	-0.020916387992994	0.336522069381079	0.0959618092090787
0.490028258241946	0.288580920913623	0.647038418573363	0.718528820000511	0.730118033530887
0.14919788750455	-0.521696571807714	-0.3070651736582	1.59561484878718	0.349451142237522
0.390781489702799	0.983023523586656	-0.402506702659371	-0.525136418443809	0.339499552323125
0.373535275853138	0.527268569534621	-0.411130572132649	1.66027936468993	0.308111427521725
0.352919774175686	0.687518451369896	-0.42500262735892	1.18087749092635	-0.0320233408975789
0.478591544495502	0.228754782155227	-1.08027895358567	1.4802285057635	-0.328548168859557
0.497731379439063	1.28701128751957	-1.03146368650716	0.912330756073486	-0.272963162654343
0.249753430465686	-1.01943518646932	-0.687650001483828	0.66451206698492	-0.481835465529196
-0.272874391748886	0.5475450515784	-1.13133094684239	-0.0347609565818867	-0.79188453541037
-0.237673826924254	-0.0262922082060865	-0.994795091262864	-0.781074602565809	-1.01607532286462
0.0466531060403208	-0.138197488734187	-0.36251866495971	0.0686476282785484	-0.518399243476684
0.193997223475685	0.00924947390061945	-0.69852749113223	0.0767405143693099	-0.488464613944513
-0.261494287445966	0.926196633016249	-0.960610833057152	-0.18778074322284	-0.430218396554051
0.30565954163101	0.745911091375128	-0.571458753003009	0.57310671389231	0.0931631104572317
0.226282640582109	0.301599605067779	-0.63839405769363	1.15345619770973	-0.239139685968894
0.105274335433378	0.090348601698376	-0.10698932341934	0.0964718666734289	-0.0153522490310611
0.0908314456472044	0.169129786092831	-0.567991123243276	0.970949002651549	-0.46148180005132
0.24872361131099	0.635631449120046	-0.149127715977492	2.44666811984437	0.0335574255257928
0.234706926941023	0.17364379353467	-1.10652380343948	0.355237781962503	-0.630108818679715
-0.0309741528434461	1.50859497242917	-0.54252697264486	-1.65983546888305	-0.710407183962416
0.506098590683695	-1.31249276900849	-0.610762830897843	1.31496516957437	-0.734685687227599
0.385184643064197	0.873607550467987	0.200963057648672	-0.106579895034138	-0.358572848605086
0.0515708655416705	-0.0196929959878475	-0.462040650025121	0.149787107762992	-0.0169551961963
0.0197885188409515	0.258834681869445	0.194617326869826	-0.729485547150179	-0.0842722737815677
-0.217136682873178	-1.05041411728864	0.0359360846259284	-0.242046391562155	0.0477499094307199
-0.187450114063546	-0.00355499085822725	0.230312188776742	0.436156015962279	0.0205064268056895
0.196837293065376	0.291303253690796	0.84738404135678	1.26445113200689	0.141609718040356
-0.133752176141736	0.465652003583567	0.783303062860355	1.62416070353156	0.489604321988011
-0.200975819709239	0.464186533281874	0.427430446895473	1.00252527642511	0.294323728946715
-0.353105924581871	0.464939067580747	1.53772687359735	1.00317708326403	0.078221165405418
0.0319992183090038	-0.197653755801561	0.99035917184469	1.06561797797647	0.204929273250822
-0.313362517931417	0.103287103820055	0.584196027829061	-0.493623018825142	0.0209946369324533
0.177595720894127	0.426758260257832	0.324650651570886	1.43523650179016	0.24607960496451
-0.637572323341918	-0.0856373530498601	0.49716657686457	1.35567483382377	0.217450178094482
0.0106864737212387	-0.0883539705317119	0.384364865764984	1.89806144718842	0.195977955847826
0.179430428256263	-0.348832624111366	0.401002557136053	0.521549493167111	0.00352837670727314
0.215668256089063	1.15962614407952	0.10421961946115	1.08022663282512	0.0456361469147064
-0.473263029739137	0.000515713266089506	0.377934135016721	-0.543553436241646	0.261023361845875
-0.208652497629388	-0.299986074100675	0.190922374810687	0.96867315425102	-0.086622962764505
0.0174144286855328	0.777894006864638	0.11869937740864	1.57991371262743	0.581502642565251
-0.371312168725367	-0.594842613825345	-0.11925059290969	-0.0723295550955456	-0.0013591017220924
-0.271939156075489	0.527377945561963	0.0450813823568528	1.45075273626547	0.506745674235301
0.205368549737113	1.08650957067808	0.0080638748666297	2.14119001684966	0.595307894799069
-0.155800433399348	-0.223305598313153	-0.293310021745417	-0.244812991570545	0.29977688864514
-0.353517534610603	0.437456928539911	-0.0473389445603856	1.37380911108065	0.382626146477555
-0.251119268556269	0.0154154666579315	-0.235219778963386	2.34641925973411	0.679820675373523
-0.119025766676075	0.620075295579766	0.0302080253818934	0.941890976606992	0.383271086924827
-0.237666447682749	-0.104396913349283	0.132208406149229	2.06815711048136	0.439805017136374
0.129739393988867	1.06056205189143	0.637591619305664	0.655969705956138	0.595138659219534
0.0323652014577302	0.441897574827654	0.25973536546161	2.15360502857698	0.356401447844161
0.453917258162245	0.718947024145447	0.490691060711425	0.354845801928741	-0.0254873083002909
-0.132546527774273	0.127015761169709	0.435393201344192	0.485214826827851	0.289354287911573
0.296794325643191	-0.189884197933923	0.756335476510776	2.10882101625974	0.159183833349599
-0.187850915435491	0.242784504507608	0.149960093286171	0.600772557884531	0.171781080284231
0.232422614160163	-0.0640537314809292	0.94847727376053	-0.539712771249994	0.398831287584824
0.286997021370381	0.393514577773928	0.234010081787405	1.5833221311026	0.261181747433682
-0.0281678147335434	1.00128529629772	-0.456033588421625	0.256678577445173	0.357352585807774
0.125823527998091	0.133131348322531	0.595112208842337	1.92467439927288	0.121342965559779
-0.00920878571372569	0.427305763088595	0.694970309114456	-1.09841234879392	0.347548348881587
0.0262413613475509	-0.609609237208676	0.316200616909337	0.805178581757923	0.214016119447976
-0.222268882966649	-0.035212353247716	0.260401218407431	-0.602205353641983	0.0926846945234941
0.194290132906039	0.940001806543351	0.0125668316510145	1.58847370748383	0.645564065989131
-0.114782663271953	0.111614579251664	0.466547058541502	0.325371882373754	0.295938906517193
-0.131216896963604	0.558682623678238	-0.605580875579719	0.830650985666575	-0.348405491751504
-0.164633201043594	0.428737885371674	-0.98444515813634	1.42190635397264	-0.667102380369757
-0.498123087171019	0.153123830805175	-0.665524734132556	-0.939124248821821	-1.0221930710675
-0.412787810474848	0.0814159153086184	-1.01768552917274	0.308028294617237	-0.910184002706245
-0.601816628837344	0.943969192412494	-0.877610037565345	-1.01510452628865	-0.910295316639081
-0.24508838508138	0.440291697438444	-0.903253784920765	0.464967089582812	-1.00522491522498
0.142634684308176	0.899734021821298	-0.790502350581387	0.155852129670945	-0.658244644972299
-0.275645255636841	-0.0741697918068013	-0.404992033946336	0.802174328377118	-1.21461378497969
-0.151923620491544	1.39074083421356	-1.4321130314165	0.140741837108356	-0.964380253056764
0.330430809917663	1.01648722541145	-0.33026711822184	-0.160977193725511	-0.665489922760073
0.196497745929064	1.29642645243296	-0.120451333218465	1.61641239687572	-0.415974565165048
0.363202704746577	0.88955894674036	-0.569084035013329	1.17838431608298	-0.485389612958162
0.189697818369918	0.220272829423938	-0.652375316916532	-0.683057208539793	-0.129814542505554
0.400246938289225	0.583885272881159	-0.791670862270409	1.78256333517031	-0.1187062856806
0.0211338801727905	1.05678583721407	-0.405037878176625	-0.154317815834171	0.144437390889673
0.389458699410415	0.963529177913954	-1.20818021451052	0.986348671834391	-0.178173358012181
0.181039718609651	0.242856056348059	-0.697359389634141	-0.14997986267948	0.00289371527538072
-0.121280725544657	0.723949803399399	-0.805178932601735	0.352336637208726	-0.333189941349645
-0.543468166165502	-0.766895278176417	-0.253403770065349	0.562026949785039	-0.221792950459517
0.0599427880949698	1.01914204889807	-0.554954253263181	1.29675235457342	-0.130714721073843
-0.0470820498099597	0.647589841647796	0.0823408771939645	0.368815948492931	0.176331141374091
-0.632348187577632	-0.590537512611624	0.167720843259013	-0.287283065665374	-0.0596631735865077
-0.419148246173236	0.704520079216125	0.180112199573045	1.0153119903202	0.187499561454671
0.245436742844359	-0.217257063261744	0.122019531905824	0.917494091372789	0.496637349750051
0.299971595230725	0.120818097255448	0.718779994348732	0.519983571327325	0.488167536332332
-0.419080771051118	0.601916856065759	0.647612913891964	1.00880618915431	0.402849868689635
0.683188506998183	0.543107169330225	1.19823686770086	1.70523532803313	0.725800957103633
0.19797724550271	0.206571143681328	0.85980448474709	0.725876338355463	0.14286782390236
0.098909976962154	0.402440922329197	1.15528752752069	1.37849888247067	0.44828127695247
0.356971893164026	-0.538223387790999	1.44939415633031	1.0187008796976	0.539809125706565
0.127457874591606	-0.0427037869501778	0.835075290358044	0.34224993298091	0.701951060467309
0.367074176632808	0.212156908702076	0.868870384460864	0.704540945816411	0.403819401250728
0.232578376397482	-0.281209125927734	0.880694819135515	0.164986752848482	0.786603952433228
-0.127368403121694	0.0313102520664781	0.598449815945773	0.600339973758163	0.504062890492477
-0.141655685136952	-0.339780714475842	-0.299588989393952	0.251173671845699	0.393428042328992
0.357720841946543	0.332513088303443	0.441395200052827	-0.933096296092943	0.677807991154189
-0.318094633434928	-0.720162753128435	0.666663326887838	-0.442085861136527	-0.0788645803777512
-0.29236849542279	0.875716419277096	-0.271971147351955	-0.0498403709692121	-0.087478390335515
-0.0254432066565089	-0.401703014705252	0.169740396217852	0.97692168450248	0.181618189690243
-0.0639830396519862	-0.218057918680631	0.605697039229805	0.468707421835067	-0.170555030972625
-0.389159371063471	0.0998090374161259	-0.00363595261251102	-0.575381941859458	0.119568594996556
-0.0236763618719567	-0.515449103187348	0.796365729069532	0.945226769009849	-0.140577630286192
0.247896639077251	-0.687567436886555	-0.0139385789195007	0.659973675617115	-0.273708465279615
-0.216507156585122	-0.0123200403583621	-0.0118028565221206	-1.19745276963026	-0.170099162243429
0.448061104216991	-0.249914355900953	0.250735622320571	1.51984139685346	-0.534220711365141
0.0987387919315946	0.0783032090402615	0.367660277090349	-0.937081761241814	0.0120743836697006
-0.00841484627665565	-0.58489891292826	-0.627287422533584	-0.537942489394579	0.0344050928519762
-0.279090420700519	0.368102843250191	0.0189882858625891	0.0799784926922286	0.226139900788049
-0.202205181722542	-0.49342779572378	0.228407757518938	-0.553689284614147	0.149696865078828
-0.407949159807436	-0.099897929039274	0.0803134246349696	1.21828915139849	-0.276785592027655
0.0676670378458122	-0.869381007169559	-0.106327203434759	-0.304140402009021	0.499545173221551
-0.313858087093968	-1.20067243326958	0.213611781970891	-0.26242327205743	-0.153338291037175
-0.114842736982651	0.215560291776206	0.0145021771570598	-0.511148811066452	0.039066897548298
-0.188803351562183	-0.368530682927623	0.637221580515853	-0.964250419891823	0.347610714622386
0.379255627991603	0.712346304076714	0.115932881912623	0.105180282480352	0.16780100606537
-0.106754355948761	0.2187744247293	-0.166202886736332	0.506538343285077	0.369093524002973
-0.432184091936338	-2.26841401700557	0.34270822005063	-2.56121243150897	-0.608748135320373
-0.314958917105177	-2.41604318475097	-0.80909395335093	-2.67889023807244	-1.06629669722691
-0.0924434247609139	-0.366954831673064	0.288361033386467	-1.00181590991538	-0.291505844037181
-0.151479133753006	-0.862146010166213	0.325948921325704	-3.10799276406957	-0.381624391178453
0.262416807132999	0.112331626119357	-0.0396463696464511	-0.153624164487545	-0.208803768748869
-0.46307270794065	-1.32178119343304	-0.843382357016872	-1.61416039642242	-0.490617910695282
-0.383755891864204	0.0592333242061945	-0.838605357509565	-1.17423578456933	-0.823090559353193
0.0227692495011577	-0.253890084092253	-1.1880808000575	0.0397751979949237	-0.75216234729134
0.313484769173953	0.718992742954045	-0.870343930404314	-1.16852012329263	-0.626638404570923
0.118156799505324	-0.519217117045409	-1.06896218927552	-0.203033053070982	-0.910477120479759
0.0706390594230649	0.86275510209676	-1.44893327796446	-1.48434149220319	-0.709747260691013
0.447227112889631	0.385149179269589	-0.284462710668899	-1.15853320222126	-0.729621807089172
-0.275988683800222	-0.143193637558595	-0.712884501506552	0.299452086942867	-0.964036484510533
0.445661687776425	0.247144419182509	-0.1338695804567	-0.820355050901392	-0.525378539589975
-0.00461435110415831	0.0240980104298976	-0.711395174694885	-0.601262923701917	-0.653218045244278
0.280293108140157	0.312087383308807	-0.35485946057095	0.517831721338705	-0.59503958780524
0.0693090093739977	0.51066400429882	0.0660245828855084	-0.94883641435641	0.0267737666680114
-0.0158567058103369	-1.15185042317953	-0.534287141378196	-1.91562852690563	-0.262867317672936
0.0541669066379992	0.584418031024996	0.30657713547821	0.105600957223273	-0.132828750688049
-0.157479657023166	-0.599431407715669	-0.124641527527828	0.168606710192917	-4.23596299574697e-05
0.550240505822144	0.292901019337545	0.427431547170616	-0.830111639409022	-0.22214083159828
0.0167193726455614	0.343241742225793	-0.157317293819612	-0.501578181752169	-0.602217541292257
0.22330999622258	0.402402716072243	-0.396964364868023	-0.801798554721561	-0.391641470177281
0.0444323235074884	-0.199360717450051	0.312634282389286	-0.614706621296489	-0.46510260440944
0.0384335194780998	0.498579030755724	-0.360848713026879	0.760528119177361	-0.403111120283484
-0.132974594592784	-0.658864304732142	0.059943238134243	-0.265501191473121	0.189090562320218
0.322964855322812	0.0305956903637932	0.410641041921114	0.0924375794875655	0.20967702095927
-0.181529891737045	-0.00845078658309308	0.434813151876149	-0.136367500446775	0.0713504120370441
0.290857780458042	0.381414469500074	0.443942488553303	-0.679249812380497	0.275921339007123
0.44413397817381	-0.559943973676114	0.475405142877938	0.534744025872457	0.421030127767632
-0.0486163689108982	0.345321801248702	1.15287184436692	1.0333176428541	0.741792553119081
0.0842230926913517	0.205021410611707	0.229755559540292	0.246661950196815	0.348298818210329
0.0876745920681127	-0.61294363140334	0.934332527664343	-0.690536731618312	0.690011284647866
-0.00586223213301596	-0.376452259207658	0.462468017811678	-0.208554456801545	0.51936431707122
-0.354093199436411	-0.266554005257224	0.53185261409832	-0.288885810003117	0.0175743823133146
-0.331560970407711	0.134104046323353	0.544961446697191	-0.883637967573709	0.78239784919906
-0.0889758661563975	0.397682158900605	0.48699244520254	-0.658848528011094	0.419764358759256
-0.113032026177537	-0.106489645845959	0.0261570449216247	-0.872143638191519	0.328002313147876
-0.04539062970258	-0.288965688289297	0.732372120657655	-0.414475811795003	0.246575446576235
-0.136095095301955	0.198800743443896	0.386148165752023	-1.49615169702231	0.284601745016999
-0.150713142436935	-0.0141863433484093	0.131064317028865	0.425881191579595	0.298057490619841
0.0733201577570863	0.133264099417967	1.07993547465749	-0.374472658742255	0.535620244888941
-0.183220689963572	-0.242430377262978	0.332358802127376	0.337990621750185	0.298673200365823
0.0894323184824571	-0.240457963160406	0.336910518371911	-0.335225007099549	0.462281455191805
0.12026367349872	0.0748594531835654	0.940248593974319	-0.788859715756245	0.406838833180377
0.131452419656197	-0.435566699129882	0.110031932051174	1.82874091646413	0.606010782969511
-0.0571329527671805	0.132990441668194	0.427259427664101	-1.77932881989554	0.275210879482585
0.106657633917759	-0.594979704049287	0.516836918520262	0.158823801092215	0.288275000000756
0.0554370106857708	-0.298845333616717	0.420365578147519	-0.171671134342571	0.66645616878688
-0.00852066344214167	-0.516468753243772	0.302154123436759	-0.716096284866381	-0.0421253650444116
0.190342031803387	0.689121101360535	0.398367301275828	-0.364883967544768	0.221797537224797
-0.18524695274939	-0.562713877555644	0.592477539264723	-0.496628091936183	-0.138525695942604
0.0909407326634034	0.338511380682268	-0.191621254942897	-0.894981939400796	0.0453946014984083
-0.0511804788577103	-0.534510151242628	0.544447356946299	-0.0108799844999918	-0.0868262304400971
0.369482125784134	-0.423756791985361	0.633646487452238	0.233778145280532	0.677568007458838
-0.0328110385188686	0.269587306547624	0.122744359114709	0.290886577348019	0.514060577034857
-0.0213221104739123	-0.65013959871475	0.425724520338623	0.298862799101799	0.523130886138507
0.324057232524727	0.408121680597564	0.398177585837592	1.55300522814468	0.471524274745043
0.285762238845358	-0.375263959044297	1.06086112918742	-0.205106890308136	0.238032309840679
-0.029604633818876	0.709413406553126	0.375449808775563	-1.00316048988347	0.122719560600555
0.403188396690666	-1.03564849700842	-0.0288232042001914	0.590906975317437	0.306980142907039
0.0583168564334142	0.547349101227986	0.076051650585083	-0.217507292754471	-0.165660487377297
-0.590300620181505	-0.450487387944587	0.164605418456056	0.212964071002246	-0.0850142164155225
-0.254039599024788	0.378102177614502	-0.324114023535943	-1.09952017407668	0.169934063748833
0.30610314547855	-0.742220186129871	-0.247590883940928	0.425238765806454	0.0343658380409599
-0.152009773660064	-0.459629185621378	-0.379250810731164	-1.15299743203934	-0.0765070094724928
-0.198462558189356	0.49364862141635	-1.36772236891129	1.35888228052719	-0.27814838950813
-0.370386474212152	-0.622761947119058	-0.796231377299137	-0.999599832163243	-0.0960713540383417
-0.0948122251516427	-0.357618856929814	-1.14667310350598	0.666542660574977	-0.69453003974845
-0.100079939903051	-0.422643047370357	-1.46041438862652	-1.23591676862602	-0.481783647288242
-0.541720014744852	-0.229549552419896	-0.824481888388166	-0.55859765202302	-1.02291884656835
0.323089543720226	0.484980289781335	-0.925795475393651	0.0305144732194942	-0.109976813268374
0.16644777253233	-0.429016256419579	-0.615205257049434	-1.09875868857598	-0.40084657658146
-0.359184910128846	-0.967397514223786	-1.05548865126779	-1.11332841392268	-0.161676775321266
0.321853982664533	0.0834646659266924	-0.765940713906577	-0.690028239428453	-0.106265766720211
-0.0299000238394875	0.0465227648580229	-0.497385447303152	-0.810301381158747	0.166167379626409
0.139239589652326	0.284589170164985	-0.925664422005306	-0.258375306102999	-0.0334752712483529
