0.38595577895921	0.159140387579096	-0.652488562043486	1.84610233352919	0.134183526191158
0.00789648939951133	-1.22804014396986	-0.974813783410979	0.9806231128579	0.343274540022474
-0.133812168031364	-0.946601012289436	-1.39903278941624	-0.695752552703211	0.0412678378831593
-0.271175463591444	-1.65973382302864	-1.73221174126988	0.898477435565273	-0.593368004009105
-0.172692922653978	-0.522826769493143	-1.00128720074055	-1.34157729300537	0.265421612372058
0.547132738715954	0.981124653050175	-0.913903620526384	1.37783012130353	0.617023611454478
0.105783184251723	-0.614340598279461	-0.615371202957929	0.208520808377229	0.021678958240323
0.590652926864376	-0.322862815196166	-1.42346548596211	0.279768931003826	0.393675800421071
0.185949179761397	-0.115693193581057	-1.00323626339608	-0.487465531262012	0.434578353410926
1.07709526173272	-0.162125099719893	-1.31764102224537	0.661571869169007	0.627609700122028
1.03994433547901	-0.40691722394215	-2.02177972639112	0.657517458281221	0.158059845761521
1.10385027127168	-0.554402487397156	-0.671837375086022	0.214603588785338	0.00585115317447357
0.817289458131221	-0.995555562695462	-0.359875723722637	-0.373961227506485	-0.0227041594962991
0.537887081914826	-0.781807358954246	-1.4026487870194	0.613357550427748	-0.860270134441612
0.197625173996732	0.0333093886742516	-1.15961174366462	0.936646887083961	-0.212413115422802
-0.3757268151424	-1.07241376869215	-1.81877058406854	-1.49619606060502	-0.44135635180213
-0.649042118634145	-0.552709962851266	-1.20151807705099	0.319971389113138	-0.607341619536288
-0.421372988411777	-0.695860444092578	-0.675211668725494	-1.26613567338444	-0.455901097523737
-0.420788586427967	-0.182664658684058	0.0851606319160694	-0.226185396272121	-0.367718415456628
-0.0883179912320867	-0.58076422338058	-0.0947081279245603	0.134502092181375	-0.0712009471501144
-0.196966893126139	0.14474066832584	0.631761956102813	-0.143946822283723	-0.480692524204846
0.227530691567393	-0.209061613315643	1.23144831928533	0.594830251588901	-0.263619753075893
-0.168762496591826	0.239089284489772	1.28361935731919	-0.482447467637652	-0.022524717238434
-0.482714545065626	-0.00201092695390272	0.811354274062809	-0.649305080431386	0.288518415113609
-0.192565603143721	0.177319598842686	1.60793109270198	0.17619984143245	-0.0902271574677569
-0.801625235170109	0.989500150464862	1.60901798180902	0.143306140142796	-0.000158186859352734
-0.706415839002488	0.336434704539946	1.59717023266025	-0.0711119608371698	-0.203062853920498
-0.98506180149865	0.330907658533552	1.5642585021028	-0.633691592993927	0.0334006880844503
-0.462764792417636	0.187990749783461	1.7338711702485	1.18219602827698	-0.216362720122191
-1.06972432139826	0.440524611151448	1.40896161753674	-0.976099699135955	0.0738901985357253
-0.693610524465286	0.270106795139722	0.952009575553075	0.564588751654144	0.102094940885617
-0.853167710053969	-0.953395817606195	1.02918065659105	0.348158665515008	-0.0225027051874782
-0.758740754227875	-0.356468639019868	0.754214370798444	-0.527024376328621	0.215189379071814
-0.984452336446701	-0.0800493721310629	0.999627324291272	0.471693252941553	-0.461473052948865
-1.46518749515168	-0.364378698002502	0.209767933534384	-0.245131623351208	0.134173592106846
-1.71850960185818	-0.0675968359700009	0.664372472381372	1.01400518068397	0.139406211122522
-1.56140660579285	-0.211029437921483	0.493718238586368	-0.724324610237416	0.370229553729506
-1.2495630496609	-0.209920765943914	0.847277199181856	1.2934007340809	-0.056159137637956
-1.11922092891749	0.558157322376907	1.10757419068092	0.677152107100377	-0.344384016712589
-0.970774108541535	0.586225720725929	0.924663821134992	0.408532182367943	0.246180144353066
-1.60448041064463	0.107776395990521	-0.114018967243126	0.338945933640678	-0.292212808741706
-1.9707463378433	0.335985742816057	0.0311828397143703	-0.535050886697084	-0.263097368677776
-0.943714719752718	0.707826758765312	-0.232867369105062	-0.0415260541944055	-0.21142145919618
-0.546426780172224	0.271203937664407	-0.48949692449335	0.723417980140395	-0.0186624596675635
-0.49020723948506	0.666240047567116	-0.338137506653169	-1.00388143170919	-0.147080533506081
0.0283482242117687	0.329815753957002	0.5629766899154	0.265701261740888	-0.277107132932174
0.144671257851112	0.720276740137071	0.0425594215930017	-0.90411791434465	-0.0341224679955225
0.531499218221455	0.624082732969781	0.173948933145273	-0.429607734078944	-0.271773302752633
0.854393967940988	0.516877774036516	0.560956622847542	-0.210172407997895	-0.119299716189659
1.13713298750973	1.20820355592967	0.809891032738921	1.08576567930905	0.589303196144449
0.562442918978007	1.37668011305504	0.728557639155937	0.556392146114015	0.0524447755975328
0.957977761046738	0.569547645613775	0.384582912197597	-0.14349607309839	0.485470147710948
0.933423427827499	1.60172245328491	0.740450481004134	0.164425896454434	0.782929954925237
1.08874760840685	0.66075617874614	0.6404576392444	1.64699143657436	0.99219322570453
1.18139852404364	1.30708541485902	0.591533246874538	-0.067043986338026	0.36944075671324
1.15837867298827	1.01917470826655	0.55242068375831	0.362529806618176	0.72012349419601
1.17575759993575	0.65989228440795	0.836266060397299	-1.04524184547413	0.441385168867534
1.10833847808711	0.262156126826896	0.537796700011531	1.1453992377002	0.451092144085916
0.298879857544792	0.20184346640146	0.146852417384229	-0.469689548574756	0.24573568801578
1.20189931845151	0.827436344393056	0.8920809811068	0.636176839202471	0.337282804107693
0.190943611714477	0.658681530217604	1.25888415796106	0.0279034638941601	-0.204858867678936
0.805899956184911	0.671334547353392	0.697974550995133	1.1331731169143	0.162075347839154
0.679807634314317	1.07729510172495	0.446321302170269	-0.502278179742286	-0.272069260352536
0.854088585664161	1.24804481534064	0.623165022972249	0.132565275512867	-0.540820544169858
0.348859535940273	1.50465650941634	1.16233166292914	0.97468726153885	-0.280202910926068
0.439512685762857	1.06992375001482	1.02295193356763	-0.902806601480769	-0.125841385586173
-0.13899950082369	1.46888793450838	0.39453341324063	1.21416716464687	-0.590215574056505
0.313395867458551	1.29871203666247	-0.253062418152978	-0.53445270251595	-0.0140907749779669
0.671617639349369	1.17189331903719	-0.103333860638769	0.232145442359981	-0.0901507412593271
0.251672861977798	0.388400513820921	-0.794193397767497	0.0156281579432345	-0.0156194243015616
1.280406895572	0.31469271876679	-0.770308764451762	0.0139865263281277	0.182721703621402
0.488689803524982	-0.83530072241329	-1.34105901493692	0.0688082419914554	-0.219714338117993
1.55091078816031	-0.989537287600249	-1.90278252384165	-1.02151094439058	-0.0962884142087203
1.39499654654137	-1.07315128350497	-2.10389670957658	0.666756515003308	-0.189774387799908
1.49242176700852	-1.60693968411008	-2.1984008404283	-0.347466152714396	-0.240051012259327
1.6405434163803	-1.01332996021039	-1.67065819048515	-0.247015491289293	0.0193608008333095
1.13098501773433	-1.21473329465889	-1.62391141100935	-0.0869467798634993	-0.548908358125461
0.582988812835387	-1.17139727019538	-2.02185361968141	-0.476838207852157	0.163470929234065
0.299880881026771	-1.69496670325308	-2.19528029717517	0.413999320807848	0.313227580009495
0.153745883898589	-1.53497074872638	-2.22282435578345	-1.22241588446034	0.0564305323985229
-0.332985344313687	-2.00462608538795	-2.46339486695609	-0.444590662487367	-0.0401162360937117
-0.41339963572743	-1.34250479130732	-2.80229587837394	-0.881945613118827	0.0296875748042823
-0.63153358912368	-1.76023557670885	-2.46591322903948	-0.597378621180007	-0.146144323262398
-0.68476390512469	-1.58593595977047	-2.39003468051577	-1.57487947656039	0.0828263799099017
-0.104053704066459	-1.02932468823531	-1.82389207674096	-0.48335883971759	0.112981266883232
-0.593024718830402	-2.26060281009429	-1.83476761211213	-1.19532997221441	-0.21602269701116
-0.420061067311289	-1.68680650259943	-2.255962635298	-1.10782184520747	-0.113907643550214
-0.372788753880169	-1.76214987577729	-2.74286632760442	-0.885671352093757	0.127823069253851
-0.799390678427262	-1.45814453573501	-2.04899837257062	-0.739879487115632	-0.612551657411736
-0.66958698258566	-1.30215839645632	-1.8781129809893	-1.59080526488368	0.0550396877494795
-0.0863657516111725	-1.17067777721016	-1.27495906707586	-0.54678892789913	-0.235071661283455
0.152166291621881	-0.455615959881548	-0.948559081293544	0.103374915447532	0.0993242485163394
0.438173318373594	-0.228256309428424	0.299862925855545	-0.1816064713731	-0.200065680962945
0.96891106559798	0.129914938673501	0.859771291655958	1.14349407337758	0.0132735977130418
0.911614148953729	0.407339884617052	1.06430495662895	0.0860414384606031	0.160794912235035
0.943286089013417	0.0303918355425625	1.43041879837004	-0.399397619273284	0.0944130945230785
0.749222061654491	0.531644284010729	1.95214439434486	0.680518158342606	0.397437537063692
0.435828847887793	0.119704616559118	1.7466104354988	0.139849560653687	0.0289937839771611
0.415949553739189	0.0632076699025218	1.35813784662247	1.17605613002914	0.254420850951186
0.160362050886562	0.204248583107183	1.66695818694111	0.707778232933019	-0.104371456470619
-0.013006336072028	0.19817442565363	1.81463997532778	0.139672905743591	0.176569759412049
0.280239858225508	0.696517188029182	2.13262660391207	-0.160657260171373	-0.025179293247932
-0.294809403323522	0.118681883298254	1.60252080929409	-0.808152856420916	-0.306262597156947
-0.831561117602325	0.608087937656289	1.82054232897538	1.71864475414743	-0.0940209799481205
-0.539280825020102	0.451575355744108	1.57939849209085	-0.571033998143838	-0.228974647850077
-0.449657003106574	0.545830533012627	2.05400758066238	0.911036101489519	0.430383815451103
-0.39971875389998	0.427904363617578	1.20453524489086	-0.0162309426271845	-0.262672233090836
-0.961659644486435	0.393548461124591	0.986433626677596	-0.0276167211402365	0.371128526248476
-1.20341979222934	0.849741577283633	1.24528981380829	1.08501034703514	-0.187920490159093
-1.44780620823535	0.402879223178665	0.325116703215924	0.251623815801645	0.314831297132555
-0.952576565730017	0.151964896028916	0.950138695711895	0.367175596970772	-0.226207689303925
-0.613469991232514	0.707742965766216	1.78977520587914	0.953582995596854	0.291191252480938
-1.16343395144402	0.156645646286774	1.07841616408197	0.139823017413924	0.162382323939033
-0.929383887853251	0.285337496044452	0.542600923102959	0.266849474474213	0.252249421509149
-1.02443104508605	0.434490501519707	0.231017502106675	-1.46865341568299	0.300550053485556
-0.528526153765331	0.256456512471679	-0.23322005251787	0.94044625131842	0.186133226674634
-0.309267063649033	0.260371454536982	-0.653772625425215	-0.858867435990862	0.316881410380835
-0.13105277553917	0.713079484693823	-1.25903379543753	-0.359877906121526	0.269951878512333
-0.235817791410989	-0.00389683665814693	0.23537523590285	0.801669485438643	0.350646492264657
-0.0171213241181311	0.314918888762435	0.30998017459474	0.0400613664240005	0.0449778694766446
0.497579875812886	-0.0603771944311744	0.46245409923607	0.646769913710474	-0.233359029721914
0.513022518545358	0.751459655665362	0.142931541002455	-0.942568317349617	0.292209741936333
0.528706676558869	1.34346828896662	1.17045894484228	1.06737218879149	-0.0864026034510742
0.90802737037843	0.300710320871084	0.356471951386407	0.68695026474798	0.115336704630102
0.173433396938983	0.803935592489146	0.795001663158958	-0.622241367201206	0.272962991803685
0.903720456693861	0.790460831258486	0.546620092856427	-0.0410573168187541	0.344711476158688
0.0619117482532344	0.720592381033211	0.813588413811807	-0.0857922502184801	-0.170877912116234
0.469730790963251	0.601524820976612	0.646382859667266	-1.24250743986238	-0.327981370125555
-0.105427647565951	0.501114192809785	1.0706054225317	0.772492853163492	0.207541503954386
0.45142183280617	0.609841647922317	1.24956128026651	-0.199235982753143	0.0710516131467473
0.297420422199066	0.994271048821867	1.48496743210834	0.322281658874108	-0.17903721605364
0.0153865709897992	0.517907931032584	0.903161956572626	-0.334278361131004	-0.389762933606104
0.134208174142856	0.91110141327212	1.23061466098911	0.63112539784727	-0.936821380763071
-0.188252096652128	0.921568256638184	1.5456164674613	0.195405419368441	-0.292911501714372
0.11739647284224	1.28040534243768	0.831571510375197	-1.18624778441821	0.0102315368734622
-0.206452033477807	0.784390213145432	0.81438431607396	-0.172551132719955	0.00502034227709886
-0.340842801763319	0.780807652765736	0.362192482261207	0.0457449281473211	-0.462179664552882
-0.240616183511561	0.90067892747499	1.22680055271014	0.0651210268613356	-0.248620173682258
0.00229788657249829	0.346096652385009	0.473450874457736	-0.803439817012113	0.0310196615934537
-0.0318397661079359	0.670036586654373	0.174327627186528	0.143926319430716	-0.656497121206414
-0.164262916535776	0.524770640864873	0.198273785078174	0.271902769114478	-0.35428074595427
-0.305291460862974	0.13120412310084	0.183622077983589	-0.577507724406648	0.157257444627021
-0.411638746961499	-0.0611282286871354	-0.722381888146857	-0.488957287106798	-0.251168836626381
-0.363615581767273	-0.398330693105781	-0.933264001862641	-1.78414628148387	0.079864170421269
0.184686900881246	-0.450261966336783	-1.83133438123493	-0.397375299065001	-0.185693585527348
0.17606647246579	-1.2980864552054	-1.75192361850071	-0.169567039756795	-0.326480680427445
-0.0131843584023549	-1.81137054228852	-2.40961459814542	-1.49646330492829	-0.00142143751819937
-0.0286921613929099	-1.8103862119352	-2.12312342063317	0.868755778836037	0.0336388267714897
0.131344849296824	-1.58818155522409	-1.67791619316154	0.16786907666298	-0.0731666777138551
0.396160298157961	-1.38835073108026	-1.62627688831516	-0.26469041348932	-0.209608739087336
0.0835815090353088	-1.51557866387027	-1.7830149783917	-0.596969475667448	-0.0479337272744587
0.0951577656894806	-1.75389277159971	-1.69075822641684	-1.24603977988594	0.102175241589056
-0.146987862915947	-1.50651356429606	-1.87413469837544	-1.31788724964367	0.273229885942027
-0.0647884991361843	-1.81881301138049	-2.07277896503909	-0.634524795853068	0.0581495377176199
-0.521473192409684	-1.28099825226939	-2.07503223561603	-0.598809588936722	0.17121590861428
-0.787572710419664	-1.33506528612974	-2.17337692831735	-0.462449360944128	-0.140212270892491
-0.950356842105897	-1.55247518404269	-2.34746176759217	-1.66704088691274	-0.00275464149375225
-0.620977194330241	-1.23050469770314	-1.94922933699959	-0.563186349986174	0.0257505735246033
-0.417761476525296	-0.686692249473719	-1.60826329980071	-0.65743494847939	0.18679721527889
-0.455488577570625	-0.976289416074923	-1.14096187725499	-0.408513667178862	-0.08762539566663
-0.388377055853187	-0.709012857844076	-1.25812621794052	-1.0200597494535	-0.257902408973649
-0.22392363581635	-0.600734607621807	-1.19169350970776	-0.726719599878014	-0.699238300788649
0.428238158066238	-0.412264461642246	-0.486763351902361	0.747476485501034	-0.20836681364394
0.528966964132571	-0.444909508306165	-0.827636030739221	-1.07806511092134	-0.261274326793673
0.563732689149984	-0.098627116691799	-0.407428887786279	-0.531556787151364	-0.333221036880739
0.870810472396739	0.510521310586397	0.550701955225471	0.349585096851825	0.119860584370325
1.07588638497864	0.663350274355404	1.83237472676783	0.734254928766832	0.178859606586416
1.1867975327261	0.659904641732972	2.00703772523889	-0.556678824643413	-0.111853971992852
1.40644035093679	1.19389776408167	1.82503201042079	0.89464880225481	0.153483954316986
1.36311301265345	0.354222178880817	2.05445532655512	0.553275910393566	-0.204348060147471
1.40866846965994	1.1324704837542	2.05827866770038	-1.6799546291604	-0.442083078280519
0.750839390925473	0.397506431184683	1.55453430683215	0.948447733474681	-0.229495655504966
0.783762885019081	0.704457983729247	1.32239784882869	-0.24559246579849	-0.333246637724926
0.394542096165822	0.145319806379212	1.48971432259811	-0.565987225235663	-0.0179830909033758
0.4473433130485	1.0651231807621	1.55320372102026	-0.25952789744572	0.0901025914718266
0.168709420935764	0.205815050372855	1.28525069172183	0.0473725945011108	-0.500831882689745
-0.197575759359436	0.480279350149215	1.35963916220403	-1.29480880508095	-0.000636375376217942
-0.167341348016658	1.29823618074561	1.66867661936803	-0.521023923334472	0.330014717244244
-0.241653645075683	1.2133706870374	1.30616597724762	-0.849287033590117	0.239230366148005
-0.976331922187799	0.81538306139887	0.55492002988162	-0.910753113025937	0.0512637724323353
-0.10297236532151	0.404512086935582	1.00270204351553	-0.0488325006392424	0.0534184985230299
-0.591137267738584	0.964548065645779	1.20702187964988	0.921702988529868	0.167937929464488
-0.566504731352577	0.273153482916747	1.117582955109	0.324257358995352	-0.560375849127759
-0.0671231092691571	0.545821278127532	0.2797403404861	-0.366117748612805	0.119704657073389
-0.328978985251252	0.691629867993799	1.12965168048811	-0.389823505585607	-0.309269401008588
0.0476994129721466	0.201912765037965	1.23243612111472	0.743503858071603	-0.268018191634399
-0.420975897459709	0.845742672518857	1.21189843450006	-0.192808459770588	-0.115840243696904
-0.62398877817448	0.354672418995768	0.953998761223937	0.00461813489421983	0.276512764087652
-0.59347461594962	0.682622695885918	0.068490454022636	0.380247718230174	-0.081900388988045
0.0496955957809248	0.856765558178046	0.250357268533112	0.00991676273028412	-0.420663715839381
0.29411508148929	0.136683284471696	-0.234864583378693	1.12752758002377	0.0261640845771843
0.26820822252965	0.922118290471616	0.512500944010078	0.351511436538633	-0.0738540422848692
0.691773335551078	0.777768225212414	1.42562509053962	0.976771539144288	-0.0235161914287956
0.535958426120475	0.986785261628244	1.53671347952138	-0.237238444366733	-0.131139466989955
0.728053851715567	0.519155700705275	1.66478873467942	0.0826867506204766	0.00251288807511696
0.476732707687949	1.05351416821374	1.26502065586033	1.22694579779201	0.228222617136894
0.27262247583343	0.928287508300835	1.20879290127696	0.452553083934502	-0.14239807541859
-0.487094240513515	0.947376252023515	1.19943099738448	1.60786533093011	0.378955209625128
0.207155356272841	0.247881404952529	1.18576110676708	0.550452730495416	0.0244380566743511
0.191412125084492	0.474053300901266	1.22889982306161	0.00161728616906718	0.291464344242369
-0.431255190560766	0.419623619431648	0.921681987901136	0.269110711882024	0.566467759168711
-0.526570140201112	-0.0713886110469857	0.593444238095847	-0.402925798589283	0.526269722960686
-0.119709566909816	0.125719306147005	0.388422465176541	0.659806628865876	0.495497056509503
-0.428405025310897	-0.176700700846685	0.708179410637563	-0.100732652831375	0.172939109472934
-0.471194892804014	0.339984360775502	0.656419050626236	0.192990135288944	0.291578177206909
-0.258345665399532	0.250387023788557	0.799051891548215	1.30316708278264	0.644957928351315
0.0822744639120658	-0.380709027548648	0.482602831000537	-0.167524765685372	0.206815306603906
-0.350054012566747	0.555935875152267	0.360837111329992	-1.09322273064252	0.534257424179325
-0.459451392191046	0.164489816564338	0.350447897928752	0.874096264189807	0.0420181972188273
0.273919513916885	0.308084647346217	0.34697089568339	0.716965617165778	0.0284710684678866
-0.382423777093549	0.13582795628332	0.930614353096933	0.67607051628905	0.386239098956409
-0.299284964883058	0.620806962318583	0.739331866839447	0.319377560548703	0.095207637600284
-0.283437109149492	0.387376681410579	0.846096915268888	1.47759700616325	-0.00119622410549896
0.391903153668283	0.067495364558058	0.238220589302228	-0.36305491972757	-0.153588303072597
0.0451756960806388	0.765974747771653	-0.165706895828941	0.61290460014926	0.441718654751658
0.172660654064446	-0.61661473650294	-0.552002735727441	0.377589118074625	-0.0542921072222097
0.295430269854462	-0.315771865454348	-0.940384382112864	0.548675073733339	-0.0729816630645785
0.970404013434959	-1.05432568767965	-1.88053860752318	-0.356523707476314	0.395660486562694
0.651663298735915	-0.978278987296375	-1.66936417793275	1.06848425813271	0.261322056695478
0.745282507332873	-0.981654915920144	-1.2301285836252	0.495187767331521	0.0334657540069745
0.515290318808157	-1.19306925336189	-1.81828285015368	0.681971322611334	-0.289814827405597
0.239991957766981	-1.24736990581706	-1.73082681449888	0.0343416997391928	0.0214254879208719
0.318871099560045	-0.969121090507246	-2.00657511672167	-0.7381822478237	0.19608236706182
-0.316140988285349	-0.903008685102737	-1.79018041647617	1.33022632644169	-0.339141079827183
-0.78031992531728	-0.857618105365295	-1.85089530723938	-1.06364826972159	-0.00569188144320098
-1.28277158846969	-1.0809119487848	-2.16972875431463	0.630560432704493	-0.295920535441476
-0.956929251461613	-0.700343363037265	-1.90294216139972	-0.101207156591568	-0.183792813173741
-1.13373192399246	-0.90066130848939	-1.55999414488969	0.853434732157224	0.408986934403583
-0.859305198831523	-0.695378465956241	-2.01106327782521	0.0368043349255509	0.212627124260759
-1.12594836410985	-0.737415001196101	-1.87524747047004	0.159146404139457	-0.0744744008996021
-0.55733699113986	-0.551243453088675	-1.81809920941279	-1.3850611428896	0.0855513796636383
-0.188468741759069	-0.487635145502118	-1.32862698282751	0.123869663052457	0.0239777849129822
-0.537659506489663	-0.379762054287904	-0.300902218332917	2.20533130474649	1.76979650850929
-0.762090070498345	-0.975804878898672	-1.11443476201897	-0.201345349499554	0.824905601089248
-1.17263025057168	-1.14023769687886	-1.21000904718486	0.256632565369968	0.581060969157187
-1.04881894126676	-0.648648134419275	-1.41303139307871	-1.19204853984497	0.313538761753984
-1.03404950365701	-2.02641469640367	-1.57711540067246	0.486017797526671	0.873488124843966
-0.87805538421441	-1.31834435895475	-2.21237051713724	1.91521150584788	1.04786395912503
-0.453091338648375	-1.18346126027234	-2.00742257028617	1.79635382220857	1.56698218617368
-0.562172301013277	0.152030778993909	0.255247667958664	-0.502057600572008	0.0495546688827457
-0.766328807351202	0.013030679031603	-0.376922388644001	-0.989660533036753	-0.206764554882646
-1.0097418636301	0.532873672235749	-0.433629461670588	0.8523623448919	-0.0479828906756858
-0.911387179086601	0.474777811139767	-0.871662045772075	-0.590810598110241	0.0720380850622212
-0.510727650658127	0.655501397184635	-0.476283062829459	-0.407361390450563	0.0989453534859884
-0.249963049610087	-0.306859271470202	-0.774949338236625	1.56717387766403	-0.298500454333901
-0.63758405765374	-0.851905988378849	-1.12243185619516	-0.407638432161893	-0.34051027695562
-0.49569085960744	-0.6042880342844	-1.06897937289073	0.488056456058202	-0.572592459061514
0.0407938349798551	-0.768412733767304	-1.03354408119552	0.534875378516205	-0.287035762963454
-0.333418024963133	-0.891041473008871	-0.819881554198582	-0.309574720071047	-0.81729733829492
-0.122496627196406	-0.774982666987882	-0.309591386736016	1.15935367445652	-0.0701724255908738
-0.439292530923444	-0.234263244069621	-0.166679675697686	-1.21059271949289	-0.339510291075719
-0.198232204083491	-0.521357356320491	0.767637282748357	0.286821179054816	-0.473406882327257
0.00189602661196811	0.0625369831094715	1.05183399827417	0.359858904743573	-0.079762471224105
0.231037495024121	-0.213686888662849	0.958518565401533	0.448857484865941	0.211904940853188
0.260235862523745	0.942388015356087	0.343911859097056	-1.48791118295466	0.261632109150446
-0.0232938981391887	0.856731160345379	1.63116417541805	0.391940075712778	-0.282444185670804
0.210280587954672	0.826487098149697	1.64480454677427	0.0618431909846836	0.0979249555473758
0.119707996844768	0.918737512904005	0.982746784930166	1.42468127497588	0.410223706408141
0.138411770630305	1.05767755122837	1.67633598630853	0.762241161440785	0.240215751706192
0.0908863991912405	0.792448625508991	1.532078592427	-0.624116733473722	0.0825334049627965
-0.100838647579922	0.98325964335392	1.40592035121454	0.179125145497435	-0.259583709334478
-0.568596397785125	0.909213410889751	0.933453043564731	-0.119047971162821	0.249157211393948
-0.320554471449187	0.895358893097989	1.31952735540959	0.054358180964814	0.0237723780931052
-0.418810391230605	0.448005998996045	1.31574608003968	0.273099882936676	-0.209144292881455
-0.379540510084328	0.772738723787587	0.564053433620357	-0.895512022097239	0.387814323113442
0.052591465593523	1.02713934376764	1.538642065478	1.55539882646028	0.00215827750577817
-0.135129355092694	0.50081210808215	1.19598122525206	-0.821288813868968	0.291025184530381
-0.210712940344639	0.0654373914099043	0.435297844036538	0.208633928019249	0.156313099109482
-0.17141677459416	0.28082684664641	0.956464963491675	-0.0847678415664191	-0.163460492026858
-0.179686787891821	0.547153222574155	0.62388280946098	-0.658985202236761	-0.158909496631684
-0.00862557979058379	0.23165035259487	0.00765699471770961	0.0224009982180051	0.195305878388684
-0.0922929965651435	-0.340060348995199	-0.0428958939705577	0.141070634696549	0.343724646497617
-0.237129014800029	-0.686954658215816	-0.113753792353091	0.42812408218597	-0.0504769337298595
-0.50155140041838	0.122744381613497	-0.210739417333639	-0.24993257758377	-0.599435778664163
-0.325139274849479	-0.111742138718572	-0.725911003036771	-1.69376061856645	-0.468612230400243
0.0252782144354048	-0.482261698668162	-0.389855663376448	0.0425520479475682	-0.666917628012366
-0.121360897025139	0.113192454935417	0.275756190140521	-1.13577026689977	-0.438435920142078
-0.168678737244229	0.245961279180869	-0.0680336184638497	0.114451029193669	-0.606483012350004
0.743844451663837	0.450030572930118	0.437748829173847	-0.147646812699249	-0.252517257085345
0.620745358451824	1.13516003361895	0.958258499499956	-0.0736947086585944	-0.31468853435919
0.514791568127207	0.805060406088402	0.398937222064688	0.351387168884076	-0.181529216733905
0.634127445784776	0.688316959806921	0.235532921224686	-1.1707266158412	-0.271012290057997
0.590453943091737	0.651076518469572	0.0850768146115459	0.75410957046052	0.200141204744512
0.655802866444337	1.26458877773566	1.06003309730548	-0.853659113172683	-0.22055943973791
0.596297432364915	0.648404952002777	0.214929886096068	1.13302684128764	0.351790138465698
0.332070816452109	0.785607762453218	1.02166717073501	-0.694775921926244	0.0432983098372213
0.5280020969827	1.06866862991209	1.18382002924786	0.483515829603358	0.0539503257946877
0.376734196252757	0.969191565133808	0.852419080884139	0.261515494966227	0.0266529401895581
0.219960991275329	1.10833617213489	0.963766012880004	0.470266140136018	0.0794789698793372
-0.186784019959886	0.561813296707045	0.608506609070806	0.0921333456653806	0.159854249409758
0.23922116629244	0.844962409887456	1.30376651443075	0.438398381088761	-0.369310936231613
-0.465276104928339	0.727028942723774	1.14231004863879	-0.147261335876498	0.142678624796432
-0.0616445185108117	0.610025800303504	0.604771274824933	0.638199792838506	0.0484977152910751
0.453661098203131	0.674452213077499	0.858692949481713	0.888826894481293	0.248757992816768
0.279728590622283	0.347965703013562	1.23562022719663	-1.64236322209312	0.0284273834826848
0.720683326572619	0.784702819355987	1.01251811564103	0.492363917901745	-0.501815591943435
0.808061301535252	0.459602305450499	-0.0487293347395891	-0.657754786086634	-0.0225040139502599
0.182789276378305	0.535849156978895	0.269309237900654	0.317120899082461	-0.175620826866207
0.593717010907182	0.806172643649333	0.258245631506327	0.614200943886479	-0.222002251644394
0.83373428696695	0.570952779488677	-0.131691544731095	0.117464790870043	-0.671772706163597
0.213388868204456	0.123249328193589	-0.609025735927123	-0.535889909136573	-0.343111455872704
0.764750686259317	-0.630571852010544	-1.36977826895184	0.221868325614504	-0.0759571909484606
0.861288679046758	-0.510043213741032	-1.74384414402449	0.777965449895947	0.17876419149162
0.303677444293126	-0.116486134181839	-1.31078310765987	-0.568668209066547	-0.661360606894372
0.660522052887895	-2.50642642201377	-1.82915031450315	-0.111752756715395	-0.327489190129139
0.539548680954421	-2.49339881606712	-2.76041523367961	1.58883436604057	0.349299027738257
0.706756884729442	-2.54085043877922	-1.39327617987488	-0.0804417518556856	0.0138760206632961
0.927886780532232	-1.2561914835548	-1.46307287317808	1.74219523378798	0.271560300429206
1.12265576876938	-0.431378585564083	-1.24462642174454	-1.41047688604285	0.203712087688955
1.23020290770724	0.167167078661662	-1.06019502099907	0.196885844585897	0.0400241259637621
1.38186533526718	0.548868828452376	-1.42209609688109	0.787328169457719	-0.355668695559818
1.58322302536941	-0.0443380745580148	-2.22218410547588	-0.681209803478786	-0.410790152874099
1.12982805829187	-0.2600428533943	-1.85142940996068	0.837802452351453	-0.510671710087333
1.01136640502713	-1.13015510749594	-2.36857944334962	-1.15023700465236	-0.354573188973335
0.670230472429008	-1.32877333066976	-1.80288588549807	-0.583101910982024	-0.375823492260769
0.655978608139675	-1.79141534811129	-2.29448171366971	-0.853670243445034	-0.0554485120690788
0.366423028244468	-2.69170644629029	-2.18349562993766	-0.0683902639068331	-0.727885781750924
-0.158269032205457	-2.0861396882407	-2.41783896108777	-2.40528781097998	-0.6271069543632
-0.0665847546136101	-1.97633393836178	-1.67200509471604	-0.691961935700394	0.246639266262525
0.189381012179102	-1.94019324938343	-2.11368489873135	-1.26995358784302	0.179254268059368
-0.258664078326202	-1.72547893493263	-1.64644286350127	-2.16509963678198	-0.269561233830977
0.518904649097269	-1.80222329620818	-1.7212340435984	-0.264370531395448	0.0458170783548207
0.474801515386811	-0.435308341910277	-1.06718495850532	-1.30843031735274	0.125189590743258
0.797987599180917	0.0393140999525195	-0.243130281662524	0.0540795502271491	0.520880168954659
1.19436806903143	1.16560456287546	0.404835490591385	-0.198963850627277	0.0730934714464415
1.12868425747534	0.232974274309187	0.727562242811631	1.68590721463501	0.0856249202480861
0.814425346334827	0.697909442140962	0.690845923639058	-1.37455099457045	-0.198572765837172
0.783966324962072	1.69885560609565	1.84118946714572	0.955672048719294	0.219986226879757
-0.00477703532808312	0.500710621589057	1.22143738940751	-0.174227299965128	-0.209257064960666
0.528377981387357	0.908836011689394	1.66303870295711	0.0064791362359263	-0.0798779912747304
-0.19147870088522	1.20027102166794	1.43097434980582	0.178362271144961	0.0248701570897138
-0.363291988957238	0.323840724058682	1.32504439090837	-0.0399603133866685	0.165591805150007
-0.552160733722448	0.739912109750277	1.05213349117512	-0.910195134917736	0.00728747631378554
0.0325391966487338	0.992852549909862	1.14658261509066	-0.123085669317392	-0.227796242761716
-0.235114328789902	1.47471897354538	1.79356966691321	-0.203266614628632	0.47497020433737
-0.0396223497794836	1.20244689308903	1.53758215197927	0.278884894757241	0.00533111015356736
-0.0592867150710988	1.04637169088401	1.17125918436512	-0.933141457993842	-0.0366769556680461
0.105289766762511	0.324870622412365	0.852176330550072	0.335746250234452	-0.0333632590063335
-0.295308018618912	0.612302128891877	0.901803122045114	-0.321389404940793	-0.158365773378974
-0.287541203413817	-0.612192346240236	-0.175418442669092	-0.802231202521116	0.00633754498926099
-0.790012866389148	0.096042546666657	-0.0464094139310218	-1.65308287403332	-0.720832799163092
-0.716774378662749	-0.691908246098531	-0.0448579235277467	0.519701144334286	-0.38068567202109
-1.528415817959	-0.300626964521478	0.119837376545177	0.139469494926643	-0.0761756245557884
-0.588846960049999	-0.62485912968814	-0.131191166545097	-0.649400727529908	-0.204317800157241
-0.43223137476536	-0.513996135616566	-0.135959227129521	-0.273410630036738	-0.193171079549163
-0.555285858331792	-0.501985834236751	0.124425534930416	0.797191122725204	-0.269111041508055
-0.540154211748187	-0.379918568738858	-0.29139348642795	-0.375499168006838	-0.188177394539831
-0.409827727983907	-0.309825272290746	-0.604005940798356	0.763072006909425	-0.607420884146145
-0.260139627727366	0.23615301913629	-0.219132110283953	-0.365955686612817	-0.138387373751805
-0.35560853157013	0.299262718220941	-0.198978515837888	0.595763782448979	-0.659346388085763
0.192268997990449	-0.0750508121465152	0.259580983727652	-0.13365315416372	-0.277880073492666
0.31952832611246	0.55380628967237	1.51237874806357	0.0874489944024215	0.115877038023781
0.381446516271068	0.594053521913456	1.05986970215149	0.475756870570927	-0.120783650764601
0.0721849019120252	-0.43692081481555	0.92813861351813	-0.218562482285002	-0.548764455396537
-0.167888819561554	0.206850153215499	0.321206913906512	0.212327470276385	-0.00874262735111937
-0.624844853684226	0.0203024765541489	0.688566339560238	-0.55745571041645	0.119187457504452
-0.788716646511827	0.100908034264489	-0.121216588890019	-0.245517940131349	-0.0670285611463834
-0.819063742058369	-0.25208336417383	0.564172557952723	0.366435453787665	-0.22492960470249
-0.679192647517076	-0.192203197056377	0.418260047112597	-0.763910342415352	0.181809246877003
-0.905079098335507	0.069980745936278	0.456345811620019	0.281840529402788	0.115943395326276
-1.06002307711545	0.185630682760449	0.433321182417245	-0.240531866797386	-0.00764403542442322
-0.768118918288949	-0.0418421372196391	-0.0248455350058949	0.241558641887881	0.223643038122801
-0.648212851141581	0.614180591821168	0.525116482987962	0.139741844817036	0.168307910645469
-0.497805145429039	0.454845224317848	0.799074387253977	-0.52609286581385	0.101763782658933
-0.497183835179655	0.397206137101951	0.723515052076861	0.266869725198327	0.501600449890971
-0.275195600091671	0.229477091822999	0.509576456763537	-0.0866580445697974	0.402342130430578
-0.496058044857716	0.383059007145234	0.256679983782841	0.680108582096046	0.112739986324476
-0.59470139559769	0.82524603667736	0.488018407088545	0.835582530360513	0.421761361579192
-0.475559947592017	-0.556940686490805	0.0883362310933774	1.18660657821622	0.180692795365107
-0.319219069555168	-0.142698703687299	0.254272571901246	-0.282291235864417	0.372934052356602
-0.477070646321144	-0.0926365065474996	0.431919200410602	-0.538803113469868	0.311104688092338
-0.377959310373462	-0.0407889449196793	0.442628278474813	1.31325023240533	0.307394316057808
-0.235875953418878	0.227000728445993	0.354526658133331	-0.601315220283581	-0.103751733593444
-0.264379212878022	-0.0408586634533071	0.873287693309436	-0.647880920609648	0.0312962274093
-0.272268993593462	0.158300878126271	0.134109028922513	0.123247540231648	0.277559674188878
-0.285514885806634	-0.0702606145203019	-0.0929148403700842	-0.0528369169994272	0.185889451506702
-0.0735814414398534	-0.677862919771625	-1.32984870085736	0.494355447536365	0.211694200115059
-0.0540169747238118	-1.31128671190594	-0.761819360891579	-0.962498727127074	0.364597846877373
0.133310835056786	-1.07810131832437	-1.45641910813259	-0.231058884509713	0.148280215914877
0.471294876916787	-1.51510922126273	-1.34264207257955	-0.588579902387985	0.0867757251426692
0.107206157236958	-1.21810421980085	-0.999440277171853	-0.549450675607903	0.116551206676499
1.02673810268047	-1.37218400114709	-1.55601285828218	0.116407793803406	0.219301799656809
0.177228627584185	-0.443635602376759	-1.49078569867806	-1.1467670845355	-0.0519884673187767
0.795017843773382	-1.0299961092901	-1.24181132763988	0.553343137697781	0.0734256385862583
0.987385810728414	-1.14009609782822	-1.31118991702061	1.25101319676063	0.0789827884891046
0.658823114508337	-1.39441680974154	-1.58719508088057	-1.65699579371889	0.324212225890003
0.813509795770279	-0.153156715256021	-1.52937086500937	1.52510594739597	0.260381915006348
0.698405131157914	-0.770275124930937	-1.0292137900307	-0.0331408880715834	-0.163230247912197
0.927046187221136	-0.933011697616648	-1.81181633190749	-0.560182465944177	-0.0808014470693261
0.849608370898815	-1.06663984294171	-1.76696331308559	-0.239578731450733	0.342971860368189
0.876336081969555	-1.63787978177344	-1.16703816258083	-0.0169802057918433	0.279221473626982
0.766478173334517	-1.07210270285793	-1.73671298003708	-0.12845653207987	-0.298336585661054
0.486233609580088	-0.867161225215487	-0.918167107139195	-0.211730316552611	0.25383864247396
0.0233979835505051	-1.63185602219672	-0.799925359079411	-1.46850140514994	0.0342433979575482
-0.0552316072993893	-0.959488406226228	-1.46214221565989	0.966199787907519	-0.210234942890855
-0.324682852212943	-1.25243503690542	-0.981802676497108	-1.04969591407069	-0.299355043465901
-0.639501215557488	-0.62396231037248	-0.958004761028361	0.433528021370283	-0.465092297196562
-0.0567976270699887	-0.535194280390968	-0.0626605079139016	0.683559612518729	-0.0622021695330166
-0.00315005490397465	-0.442031152909952	0.408615534398047	0.133789887185713	-0.371578010392951
0.0292911300827488	0.495923191691269	0.758315757859122	0.337700518565061	0.0226699712219743
0.13677782743403	0.054037440766092	1.40613806494991	0.0900560682970869	-0.140163307391599
-0.100005297460495	0.21735730186944	0.864179663717225	1.24314289264392	0.125026534282498
0.0193410695902362	0.696297904799018	0.782060718363001	-0.469740926628642	0.30713649959704
-0.167690586255353	0.623577710235868	1.21493450672961	0.708063637905548	-0.0244418486530194
0.139288470138993	0.766174210113561	2.17017093615273	-0.369886020102633	0.0690142357897076
-0.169097595827264	1.19283938581178	1.44654355995745	-0.109312255425855	0.276798074045414
0.0853764145923101	1.20852059898312	1.42857150879567	0.864928642619872	0.244677840732733
0.208199801032487	1.5090018757128	1.8929573914571	-1.71797444183676	-0.220686036583337
-0.103295815491656	1.217115677449	1.8934896082994	1.69684240488022	0.128736828900707
-0.260229974555931	1.15703311287075	1.21881252417518	-0.796639110037524	-0.0629525110561362
-0.311695051423449	1.15599172605538	0.948380294256409	0.879088732384878	-0.552990421888616
-0.110998339040323	0.896161859036855	0.9400007912864	-0.166954651756544	-0.158128452904359
-0.650997968198367	0.42433736530314	1.09221800002246	0.58908605965149	-0.0126737448525495
-0.153143873724524	0.556131992351499	0.579559862446892	-0.305432811395619	-0.0329811320653262
-0.0563791582560405	0.500645925288361	0.978505659178647	0.0214502640802632	-0.266650017229346
0.337977958691693	0.566553990386937	1.21502194712254	0.595301235520976	0.199969021625762
-0.261664726957542	0.161461518751921	1.17673699438621	0.508414173268462	0.148334533535289
-0.152559074530741	0.653505528785229	0.67821093354564	-0.664371137692682	0.360660826907867
0.0463329158676827	1.08467550963994	1.06234198624397	0.296091437261655	-0.017954528737537
0.212632434872674	1.32376221466023	1.31620937515747	0.369022657488826	-0.113787572591626
0.080354795989055	1.07217943963488	1.34598894130072	0.945776577160629	-0.190927710381404
0.171344431920648	2.08055824427225	1.14757204434136	0.215958062161902	0.160571024108223
0.198212585058649	1.48170555154703	0.241190385948383	-1.31772320651991	-0.0718851960924532
0.234388878769848	1.47092501677626	0.395835824385857	0.766735964883711	-0.401186552667527
0.571978994743233	1.07817748621886	0.768235714087227	0.247205103494822	-0.0589005705035053
0.6913206970856	1.61900125037635	1.2314745255029	1.20522859444042	0.188784490014105
0.5981101610929	0.136061437542316	1.453692527101	0.152248575612754	0.0362017945523915
0.579555307444714	1.09389015077465	0.989185953956589	0.388030012787198	0.0227429094847597
0.621020775221499	1.27137158705957	0.811575228401784	-0.24970646763724	0.444658080386273
0.353251854877819	1.37532847039854	1.06693638155096	-0.150951570047288	0.294444294185186
0.523725989708726	0.769669111625429	1.14281035051008	-0.278916940086526	0.157416777408798
0.0494349096194067	0.574365138686051	1.48031578448506	-0.532417335667465	0.0888906052297041
0.053852173413668	1.12428884414716	1.49318306601337	-1.20056810089075	0.556337460898926
-0.0341886964156783	0.999917572543686	1.3170445450332	1.90982748598646	0.4441082795019
-0.323519648994888	0.982487687871073	0.832662739658072	-0.0446620900358597	-0.219127842994309
-0.0374432030921335	1.25752384917698	1.17406153714822	0.280460818609677	0.3217388290857
-0.409958510003035	1.02018505132518	0.92042763901368	1.60283745711502	-0.0466620182049592
-0.158482434117638	0.765889964438282	0.800269819751136	0.556809387367137	0.596916430161117
-0.0686021540775246	0.995054791595792	0.98107857863927	0.669623472210365	0.460776958376166
-0.280729761585399	0.364853853800021	0.518757444693253	1.67564513155776	0.168975096007699
-0.224649920229083	0.722155965605644	0.293043482051687	0.339689188055932	0.279700431079746
-0.500339381652558	0.349054874230424	0.417569623834832	-0.161060252363751	0.402918536724068
-0.207210389566357	0.41439945040161	1.29224194861613	0.808727834040007	0.373724360859901
0.321151566397787	0.632099569838792	1.20211167243663	-0.042415743241221	0.248917349567505
-0.0904127388825341	1.00808678602429	1.51456813270658	0.429608920528056	0.609500116287212
0.0904493678492087	0.889425832909572	0.272637263281985	1.44833405931273	0.253572391609847
0.383174353222701	0.42569576160291	0.693878327623031	-0.963693399924633	0.240802237177862
-0.624263572592462	0.57008090472539	0.258496350806241	1.46754159212607	0.395582058217307
-0.581022046920024	0.17979906693064	-1.20576989244998	0.116090868001166	0.0124159008858447
0.225877278224665	-0.650684565370142	-1.2666514963427	-0.73607158107181	0.654825396646694
0.181820185537924	-0.0992690579694308	-0.759949712078962	0.918907787666722	0.504729293436183
0.121251458194895	-0.214468952877068	-0.693640073662942	-0.43819359136493	0.134885349717606
0.0987407842184193	-0.650451236978734	-1.63716210193673	0.213581086811014	0.0773117094263227
-0.168757330287638	-0.746182485171059	-1.68477640323712	-0.20302077398487	-0.186260697383758
0.00594524159407319	-0.899400417047654	-1.91046949110329	-0.452827556229863	-0.438939752642942
0.210230323519402	-1.90973734778079	-1.68499562802089	-0.112846607258458	-0.866955009612689
-0.086313299385848	-1.40296841681159	-2.23310028108576	-0.289144143193191	-0.525220486651354
-0.222525240457425	-1.76892520377988	-1.62285745076802	-0.000588098222944179	-0.38929537545681
-0.507408432793779	-1.44331898886574	-2.01532021380081	-0.964066359137974	-0.846920385730039
-0.921358102696936	-2.51592178618117	-3.09400635610775	-0.294834161957994	-0.733339287301121
-0.756937769797448	-2.20238284638929	-2.62482893193947	-1.6618097137779	-0.406403569453382
-0.856901495360646	-2.55441641284904	-2.55361850822965	-1.35938968934121	-0.89898545048549
-0.711954087565939	-2.46116329046233	-2.70138526325346	-1.90795998514784	-0.552968756072317
-1.27814378524279	-2.57434716247897	-2.11328253955959	-1.50396577457189	-0.233185756591213
