0.73480358603554	0.496729265224358	0.328455418079867	3.31285418154414	0.0124520100662629
0.0377099659494204	-0.224122149742908	-0.491985360837797	1.4698815146479	-0.18734492542301
-0.340311639232571	0.502766397975044	-0.371453718193987	1.76875053635742	-0.445269666838946
-0.410084619420194	0.186909116423945	-0.12692542421604	-0.457708688843084	-0.3342765151679
-0.111941875436452	0.291471065551381	0.25050247737359	0.17398926907716	-0.553236752084273
0.100101517748866	-0.192299938281802	-0.16579085671197	-1.08422379841577	-0.636921532862417
-0.176807066802414	-0.208755680004959	0.0953642112322133	-0.404725282746831	-1.25383702059854
0.327933335677699	-0.20679357426028	0.382147293675846	0.597518308024713	-0.822907461214985
0.0901492801855464	0.285592498596756	0.266487431158094	-0.331171135833424	-0.21256479041083
0.739942078591853	0.266040405461187	0.579086248588623	0.0083618354566522	-0.2364097201503
0.446655796899997	-0.00851879063260451	0.160898085049669	1.11725325319477	-0.387025205661795
0.738375320976659	0.183891376383547	0.527638979020673	-0.111710980868739	-0.754202232966834
0.372299530873862	0.197014741716532	0.441368896819491	0.6244329577131	-0.795281196824587
0.475466466175887	-0.0132619927870775	0.340318725672904	-1.13404075431732	-0.681618119069575
-0.0161028314782437	-0.385048834443848	-0.0646166068349996	-0.140589123168961	-0.770159835375465
-0.0395819801602407	-0.0500824436135559	0.0803787395349865	0.157037727155045	-0.959903801994877
-0.584885280985309	-0.0814356152348721	-0.160373918448413	0.176072365390857	-0.486432675208443
0.243121889384534	-0.363477693628357	0.0467646153438568	-1.67399162579966	-0.242048243963965
-0.0149241810840981	0.0428053572523044	0.0363258528090703	-1.22719360978998	-0.308781357173177
0.123038713935521	-0.286317888324196	-0.513306348682094	0.395512457468176	-0.391836459664122
0.331254229854304	0.024881931872074	-0.323175586815678	-0.228087120550643	-0.263022198459496
-0.285106001208653	-0.365336430379824	-0.222507452589739	0.43131887399076	-0.124769556147891
0.591005611186038	0.0907844029146683	-0.345849820618119	-0.288469023226072	0.459332512996438
0.378032473970371	0.208745315829597	0.546271716704493	-0.483008121531515	0.188894806710697
0.0987345633530386	-0.559244824844344	-0.3859725232621	0.284065048220053	-0.584539684031199
0.0425947103264027	0.0980784251977276	-0.215645621970519	0.0601504379015632	0.363812817232968
0.243975686648477	0.0406560874667093	0.0831289923118858	0.779112235357187	0.825755368792062
0.512483232552711	0.35656218444501	0.228344054295528	1.75257685240946	0.82174616375942
0.356963054475897	-0.171670836876317	-0.0790252762710342	-0.451234525046302	0.64451473382317
0.332879594525733	0.00998689108841035	0.156608546113546	0.823018308872522	0.447271659634929
0.566995924673905	0.080706046635767	-0.0247177107732089	-0.157778841782659	0.529885895172723
0.755906987887618	-0.0400911098882798	0.279575231268753	0.690352011981197	0.784779488844559
0.847429437483636	0.520037320554946	0.223150079615435	0.958637649502728	0.664970832597059
0.471870524584619	-0.31130100272432	0.586223887584286	-0.337710234854263	0.192298947585496
0.120058855618665	-0.0145462486372193	0.229284672361146	0.688559285403102	0.228757240700294
0.786502967839395	0.501300444065588	0.403606539023497	0.647988414673055	0.0380797121174323
0.402087626899886	0.270117755550143	0.434632429604424	-0.241933066486379	0.724865535624711
0.739717950575452	0.0669242037208465	0.630607084536436	0.137505673437644	-0.513965011263348
0.00591610082401836	0.560035822310405	0.2283285728522	0.0110906841583198	0.65372218053913
-0.255713218591473	0.185939725779539	0.374731154361047	0.16072252910344	0.0282651777863905
0.605064057010944	0.216521135815641	0.354713709313363	1.00775205321557	0.665983233948487
-0.0849906341009999	0.281456142950485	0.303964734322053	-0.982596073096736	0.294638628031016
0.001836510197893	0.185692195681892	0.000247911963165921	0.646078910746894	0.197281720950123
0.217137318376985	0.696984128557402	0.0183356776064111	0.740708369041975	0.316316486952556
0.180049993750604	0.267709387403385	0.847331793107538	-0.0988512478425682	1.03077873524351
0.660524475167083	0.822461434357422	0.640990207356174	0.420471035471864	0.556705117652893
0.451408305744481	-0.0118706303999364	0.542084945240591	-0.157479978777424	0.433837190672265
0.316693104837762	0.195986972306791	0.67224471986507	0.116693649341385	0.376534456147069
0.337483841906002	-0.498366427196157	0.378114746265808	0.622514979861675	0.510358611377847
0.167455188250735	0.253139873756896	0.491760843903838	-0.745987911409708	0.501223053984208
-0.522403990154644	-0.555090366645961	0.307558981308093	-0.125405270986418	-0.608249930249609
-0.321195803805935	-0.16578564771033	-0.0355261125124396	0.317201206490528	-0.0215940176613259
-0.155718765937542	-0.191204692708229	-0.370179529928631	-0.181461812149911	0.412155520248245
0.0499343059915998	0.0835187347180932	-0.544700106339456	-1.51456524897251	0.346913411236687
-0.324834486892884	-0.130411904434482	-0.525965870945233	-0.62948733084311	-0.0982174600844881
-0.151854712735068	0.0791491143464803	-0.281278917446719	-0.0388474672184801	-0.159830142904214
-0.177907590181861	0.081306025558596	-0.840352862248763	-1.18166047160375	0.291607591651976
0.194532555626959	0.256585543837307	-0.293644236116809	0.290784648358272	0.0963248934105285
-0.405476863982658	-0.490607842960206	-0.244008100222476	-0.721588757350628	-0.0255065648861503
-0.215115469471486	0.549016644150985	-0.393316877481525	-0.718503022574835	0.39014262487733
-0.0878905054448541	0.0449220897686136	-0.313840581106844	-0.555298334094761	0.292412103502113
0.183540023753741	0.605934718598656	-0.573579334974031	-1.92974959042763	0.557902330818805
-0.0733349558658748	0.0514152431189108	-0.628199593237072	-0.163667585087504	0.434070027338696
-0.245264062491346	0.0602111912449387	-0.726212916604577	-0.700283000894262	-0.319897759014713
0.465386175553022	0.110769071540299	-0.489954520708835	-1.25766874963308	0.198911299316043
0.357491287049064	0.170352510565588	-0.201976934402623	-0.368603367695364	0.0791325179166374
0.0371523548769428	-0.0628056761289948	-0.28594365891065	-0.307906832340827	0.0931454712648593
-0.13589369418009	-0.0633879265416823	-0.416676151101122	0.157336546090659	-0.0701655867562653
-0.333263708012828	0.183612891060441	-0.603189388674268	0.399874371025039	0.32780897315972
-0.0384043408636658	-0.0413711051416236	-0.218735048819131	-0.587735761912609	0.595019351706024
-0.403457130279333	0.399048130117045	0.131242330723698	-0.203277176202992	0.0329615776775509
-0.286425635863793	-0.086945558977228	-0.438850041095837	0.309809102274473	0.597936125471573
-0.348102740834734	0.0669517603046673	-0.00678122728523077	-0.0759112242917483	0.295623267188683
-0.254139138719216	0.205875588553562	-0.0770170723663323	-0.472013156751355	0.427763428174396
-0.299988197822638	0.164460242904048	-0.0104944470715874	-0.654571694869642	0.559424287744299
-0.606821768316562	-0.0122125664124809	0.0582293788118102	0.800220453141057	0.153945960772569
-0.459997329992645	-0.0939084836452228	-0.101308742779639	0.180597064350299	0.415177633589224
0.053487423212521	0.559973953916629	0.194562377408416	-0.276155096630818	0.0281324938809291
-0.128122055514707	-0.378305985260659	0.631539332358576	1.08702316014384	0.550816549056431
0.037687487449956	0.0920840009820566	0.566520886671801	-0.873490325234675	0.271256697409838
-0.42157069590182	0.133394582879417	0.204386587940464	0.546569887667088	-0.0329056251032509
-0.100050893463984	0.0358100065911248	0.368825745046491	1.59340442285172	0.395789136851796
-0.0531526741773953	0.427375471434595	0.601412955918709	0.0701054423924049	0.782709914434157
0.287923827191708	-0.250102012913933	0.588018305697725	-0.439273262051139	0.591481801809546
0.212523022976867	-0.0198319240345093	0.219324757581306	0.95567837971187	0.205621871488243
-0.723286859077131	0.0281825262364566	0.0951478705564884	0.53862285021172	0.452546610436259
-0.0190680697305677	0.103100312302332	0.642145034459	0.875208241432233	0.847024317478336
0.0470249627602272	-0.0185960326195635	0.758455605300177	0.1266154107006	0.765177081532715
-1.00049640690804	0.484745776942961	0.0571722889443797	0.905434663421257	0.0535255910835616
-0.394650413531403	0.318025128376254	0.323244887696849	0.691419004185812	0.854166446898326
-0.109617629952692	0.223286441160041	0.0194956394628649	-0.429534223420074	1.06791177790819
-0.188641039088953	0.231899594181457	0.375568933067251	-0.00175145045404614	0.832364853477567
-0.588488666190333	-0.65559112623462	0.185942822982489	-0.0727526837327024	0.570021904704152
-0.140126486108935	-0.00285773113956894	0.576291809097928	0.814882641700611	0.302512234571692
-0.248232962216417	0.00367593943903126	0.356272349026106	-0.0906359433016812	0.248459841899935
0.152250273769322	-0.489099815251447	0.656725077916589	0.732784593296415	0.304777435917153
0.135117904550533	-0.00150783894815142	0.120596545623648	-0.586223052864383	-0.400035108500462
-0.44884212844104	-0.102502595614862	0.342529502103666	0.225819920038348	-0.249803641365702
-0.131932114887116	-0.249493941563294	0.0993300085571284	0.497069664009507	-0.350413658016747
0.250349866430466	0.425818573200366	0.189041057309425	-0.257155176325145	0.0246811349317604
0.118671425808807	0.0810394481979169	0.380190346915559	-0.734492759198555	-0.419952983906819
-0.308546508739007	0.22681014278484	0.0385500619031706	0.31962120998258	-0.672064149914954
-0.282633247001533	-0.186252935472081	-0.212106490713795	-0.407954344887881	-0.695550736459735
-0.478216482480907	-0.157045206202353	-0.313675674670805	-0.339597322355061	-0.616345095822402
-0.0153561380728806	-0.0895864631834099	-0.0533635844814545	-1.46176980944155	-0.382222978298222
-0.629822020769153	-0.139708252654607	-0.618921960542956	-1.18999548517617	-1.30059961645976
-0.937026047446867	-0.392925160687664	-0.713531431195004	-1.24567063667716	-1.62414529153119
-1.29812630695626	-0.192412783615256	-0.838635857702371	-0.0166550977329874	-0.987189368683981
-0.685153951140489	-0.490218539024689	-0.600283339025084	-1.09421256203426	-0.404099132314236
-0.306550306760026	0.554953755481347	-0.734761513708902	-1.06732035230141	-1.01036913102867
-0.566270056781449	-0.909690124719978	-0.766711214357244	-0.418393218716012	-0.567870517309049
-0.627372325074119	-0.518751366232375	-0.777261184811082	-0.709266111346457	-0.698812606634571
0.156546016016861	-0.188775897003302	-0.55823735864515	-0.199030600292183	-0.341196397565861
-0.136470601598736	-0.409920362590777	-0.200949407925171	-0.785233552477279	-0.495145079758928
-0.357004141972619	-0.370503419794673	-0.606130547934406	-0.0580530153259009	-0.452722905668437
-0.275717992988456	-0.028690318432608	-0.612161504841798	0.179226064628919	-0.587122527695902
-0.30712568303654	-0.869652283378146	-0.556495538288157	-1.03142690493131	-0.408101412138607
-0.143406401863923	-0.103465703460606	-0.262020084013706	-0.404241481509126	-0.557241811924205
-0.110793083265022	-0.0494644574856774	-0.563725518684346	-0.601642918847679	-0.789458990291487
-0.278129908454007	-0.541334707823475	-1.43023099479504	0.581441144075245	-0.70291330860371
-0.310179174986799	-0.0806990768072645	-0.818994568774601	-0.628837210465073	-0.597354551044086
0.070239746604441	-0.183264410569183	-0.0619017393310473	-0.806711193376679	-0.661832657110102
-0.340514296618083	-0.123402915682198	-0.467770048231178	-1.21589945385578	-0.872711801258861
-0.201509569696586	-0.0698921891659454	-0.30781047329437	0.435960113713576	-0.755861182905645
-0.242276573409708	-0.431999453567169	-0.587065027069881	-0.553241871401497	-0.311031219913858
0.235030867749027	0.0505449645756443	-0.216355072305473	-0.142002328921966	-0.3424082554979
0.356417370667887	-0.0825568724609151	0.261469773503091	-0.171972408284162	0.181815188088462
0.113451645776363	-0.130498326681974	-0.36614369511328	-0.838268050876357	-0.0598957964281446
-0.0386565172402933	-0.111314721572706	-0.203177550302917	0.591751606468564	-0.039470291366383
0.660058836447207	0.245438922380496	-0.148645643545259	0.536549426051016	0.555009794148795
0.191735016216859	0.17105338303336	0.290959093505025	-0.205526082095462	0.693620909434564
0.607992963214016	0.243209791596771	0.0959435404552659	0.180561476071018	0.294691727398184
0.298556189194603	0.415792033505605	0.440159750348332	1.10519507568245	0.93140686207563
0.554178696841588	-0.0374145775414791	0.0980198001244503	0.064702313704412	1.07487548308686
0.442114935413912	-0.37701434282137	0.531171754150105	1.14826505746295	0.972174488025283
0.157635951079022	-0.1908979092661	-0.294517973018634	0.662584768113553	0.36142712114573
0.00122208435603657	0.230250279471393	0.0521392621389765	1.71711440628347	1.09042223974735
0.201703088539104	-0.127368160428271	-0.107947752004748	0.0399677739830614	1.09981504393929
0.534395124009226	0.433330955780668	0.445415235249426	0.452128084868564	0.962904009418251
0.055049774498149	-0.820901728571549	-0.0400362679599357	-0.614228724969205	0.190208485573126
0.254087559937242	0.0970762643715614	-0.256713068864241	0.834762561854928	0.289640461413772
0.135983517868	0.411266613147652	0.0338061171361521	1.34458464283725	0.617426084924339
0.581379332219397	-0.346974491091569	0.28036146261925	0.0774947818875345	0.468417288168936
0.189368469355062	-0.272883901100099	0.24202206389878	0.292559958413791	-0.0611007906671336
0.102400100339179	-0.593074729050613	-0.00233353133308859	1.70536796612361	0.152872089874534
-0.179355986296577	-0.219389953712793	0.259428235385313	0.211501621284479	0.31720548801914
-0.112804666721518	0.199799928508134	0.350681060551814	-0.615371724418447	0.373427650287318
-0.348497978177516	-0.483258670383018	0.447118385684117	0.479772465425583	-0.200464008595479
0.0379983918782524	-0.219177286803562	0.186323309754255	0.254981467724518	0.0520570437899072
0.428843632334131	0.226648077725907	0.517622773596574	1.31166195251085	0.124305494653956
0.574463623298142	-0.0494397420898413	0.646247409488822	-0.685648489803018	0.178661357542428
0.460489500385039	0.135330481591317	0.211878525329983	-0.203289291598002	0.181497784317331
1.00378340774317	0.1470035777068	0.057485478523836	-0.151705500733085	0.400639827241708
0.888275121003625	0.127657671370812	0.393708440680923	0.622702348004267	0.358014808679604
-0.155299689685295	0.0566786441307739	-0.248401058811172	-1.01847133832927	-0.12543367458354
0.127529309311675	-0.451432820954358	0.14757319884575	0.366385644526935	-0.65413535632678
-0.388779442811308	-0.32156716178371	-0.487451991227893	0.0185819082021937	-0.914799241513309
-0.559256590531162	-0.298994063453064	-0.719921121868383	0.186748496188949	-0.621409592500829
-1.11119913152382	0.112297151451835	-0.522295023501573	-0.25968598026962	-0.617205572307382
-0.774184300453429	-0.401241620053297	-1.11829647176108	-1.78293619548444	-0.822035066995893
-1.22098593433062	-0.62583372165052	-0.666616522957066	0.324523126663868	-1.20703845119148
-1.01616741671303	-0.840472150217063	-0.961031078557968	-0.324144997225747	-1.04057284524488
-0.737249020325693	0.0316040356214241	-0.241859619091074	0.613157621691719	-0.558386343069589
-0.796035308537671	-0.368747650814855	-0.443577806372262	0.429630525761306	-1.37147759447154
-0.890180537142543	-0.35964849337753	-0.569787955776209	-0.425226249833054	-1.1112645120005
-0.825376803465105	-0.191250556901973	-0.507543693731354	0.657214906368565	-1.28998408198138
-0.7595980679001	-0.153788989304393	-0.30847615139377	-1.5009829300877	-0.959480018588072
-0.716760442128855	-0.772160459691888	-0.36287647530897	-1.88507849476502	-1.22286645656413
-1.05638112879689	-0.71613601921492	-0.274930634403052	0.447886220378704	-1.42671184444638
-0.89434866667099	-0.745647222304809	0.105952313988327	0.308229435861331	-1.24798545798588
-0.635232744528264	-0.255105143641851	-0.0620449147226185	-0.508868825839168	-0.726745198566805
-0.768702981085679	-0.31775335385058	-0.645721429056059	-0.776662064017535	-1.3032512588203
-0.865380107357475	-0.27939863388609	-0.327010806444938	0.38920132655181	-1.21502613698093
-0.905994434647185	-0.181561476036605	-0.734146053327992	0.187953043595308	-0.705112097357318
-0.471324329827069	0.119389879053616	-0.115411358319274	-0.483866386897594	-0.697817330670602
-0.554121838989093	-0.437118415060447	-0.864717603438039	-1.04710485382664	-0.598672146463621
-0.832177221480021	0.0760458221547843	0.015567414709513	-1.17613258326154	-1.00666021956937
-0.441423008312034	-0.622257369295655	-0.396784585319708	-0.239198199571508	-0.432339041886152
-0.270245426901958	0.2104720073458	-0.0139012422560156	-0.990290852810025	-0.41480515662106
0.17315906096737	-0.0383623121746975	-0.0210620500864261	-0.934003891265293	-0.00451907552126241
0.159505193427053	-0.237274591857323	0.214077049876775	-0.847236224194656	-0.525739864984459
-0.284786797141467	-0.20587300120058	0.196973081964668	-0.00649378542214984	-0.511452090859645
-0.188657718818493	0.142634461979685	-0.0484267981794742	0.122326357813572	0.293542217804345
0.210859484129174	0.473268226729955	0.432144330361456	0.742364694109501	0.365603715047232
0.0915371339075359	0.0866189233146732	0.426698776628608	-0.333663771672388	0.569451180185079
-0.126685632489253	-0.439674186043074	0.640839887438712	-0.308491279169224	-0.261929773171573
-0.433500556252905	-0.145661627178703	0.463656236731683	0.530194562903166	0.545802347938965
0.366464933166148	-0.0927870161097862	0.347458151527097	0.0287831263865966	0.804742106222767
0.428144043608699	0.130813129780026	0.647997722350955	-0.529946830541829	0.459248809738973
-0.0177952097210584	-0.43047045897632	0.341689590506426	-0.334947971646708	-0.116755834120219
0.293999204728125	0.170543801398762	0.435478172150949	-0.00322884479328607	0.660956913685927
0.383248799978267	0.686553692623506	0.193891322777795	0.714664212443139	0.650786129141119
0.32671582287898	0.0526715611587413	0.724877770296174	-0.518596769690076	0.279812749119079
0.536278659305992	-0.0119213979128039	0.471698511410409	-0.0370596916519492	0.787534691199535
0.118006338471006	-0.00403035676858735	0.452825985306003	0.898795012882483	0.396702471149783
-0.183474839472085	1.1336379596636	0.465889835984481	-0.205929791352419	0.613914408513939
0.39196702879981	0.191668081771255	0.297970251837412	-0.75824249669828	0.678191864470959
0.0943278666812572	-0.0105185397225277	0.708306144559704	0.342951812789706	0.263624325901102
0.0600980708592184	0.220208660323537	0.610617951577844	1.33944809304758	0.561466568937336
-0.162368209308416	0.547170630279451	0.432294609734708	0.657947470209637	0.561456234738852
0.402102762525646	-0.489400022177934	0.64957267444831	0.621653649241426	0.649746838358793
0.315871116809135	-0.0817361832733089	0.410432171896682	0.262796113955487	0.756346080410325
0.474594766303984	-0.24305996996072	0.886193454692423	0.627581108350695	0.389477307352031
0.471924893560657	0.386774421374819	0.444540954897877	-1.50777656372281	0.893648657910073
0.916414698646394	0.313582801953759	0.587610882586452	1.2989538328186	0.680204142520457
0.764598613473126	0.207928330380694	0.469336172342783	-0.648729876958258	0.502016901782808
0.429594083437779	0.526652954449856	0.267097435712555	0.0202734921394232	0.369072153159071
0.26818929275767	-0.557837204987487	0.245481991034772	0.287260232207607	0.296604621356913
0.279420192682984	0.124634334247087	-0.181120204116921	0.114210942504108	0.597519950630753
0.206088704648449	0.363587444676652	0.100459365808576	0.360726362123073	0.596324154872005
0.297535315323418	-0.0581800005190917	-0.272570238599315	0.600726234929945	-0.0669404998113332
0.161899070622043	0.139809286423671	-0.153800071948764	-0.991844021649326	-0.53915477695383
-0.284300313249681	-0.749716527786852	-0.445952000920311	-0.837463060350225	-0.573289545934849
0.305834356314338	-0.172523108395337	-0.460292766640434	0.299611436039725	0.0575212535847672
-0.0626963817110367	0.553542951058022	-0.123788343907226	1.0677704621785	0.737978876004853
0.20891424410231	0.189015347601025	-0.186566196271389	-0.90697975634341	0.00597313886274344
-0.27299863540001	0.47809797093369	-0.295316085866249	0.45188341170904	-0.129015569549722
-0.40675281587706	-0.635305412291743	-0.578425825043473	0.229680185186951	-0.808211649472891
-0.200313706289491	0.160462591137388	-0.156078182823428	0.0347965705941241	-1.09997286225015
-0.420818233250446	0.105756509049982	-0.37477567740511	-0.397181613199733	-0.469976922637128
-0.149117384151043	-0.190035471172063	-0.812444486874864	-0.28300046078513	-0.871736022541584
-0.254786312197747	-0.284032205092139	-0.295207866126152	-0.395186924775943	-1.52523221609739
-0.545130156020719	-0.53950198836849	-0.582725935980206	0.0136176221792972	-0.800413202317624
-0.393475144564215	0.328156057819904	-0.502061944363683	-0.598820685761011	-0.86518430005939
-0.235664262883583	0.0207262696151876	-0.184159418537478	-0.232596488786233	0.132421835281926
0.122816607976363	-0.367174614262376	-0.612765934037964	-0.927988594821383	-0.743683930979821
-0.08684803671268	-0.404131336606545	-0.325197844499582	-0.339999713936405	0.118629714744617
0.199775897843157	0.369373659801023	-0.110208151006992	1.03803003262097	-0.0337495555081416
-0.118790433823913	-0.0951658072310841	-0.238312688898335	-0.191419988024126	0.367786431793903
0.602869502081272	0.228885378301918	-0.488646377508664	-0.713953517239711	-0.291569007209325
0.0900754090057513	0.00172773743422893	0.0972079060394599	-0.717882452610075	-0.140325613121257
0.406481060641616	0.0388539251153124	0.0240619837230389	0.135840156809995	-0.042011194560553
0.229847086631867	-0.194466488376672	0.389943022142259	0.558485153254102	0.268515560441298
0.928048243645064	0.197478146829785	-0.076330536421113	-0.96531972372571	0.216203697247803
0.451514786401533	0.0394570840569632	0.172924604154744	-0.332527668746102	-0.568157513054758
0.519458167797483	-0.0549463199244598	0.178142257786098	0.504115170413352	-0.214817707765129
0.44868248644692	-0.0454517134942623	0.318818158211202	-0.317653339868303	0.142073798537648
0.682519415366775	-0.141825973197577	0.254938909375546	0.681151045856081	0.0770908174494538
0.760663157291234	0.507117322269895	0.0312295774590169	0.269857879352893	0.245098921724678
0.408217816422431	0.428759814992112	0.395607614969541	-0.307849685490354	-0.185359190262253
0.863770593921105	0.47814808681796	-0.112628324636363	0.697892682324945	0.378171358760525
1.23876780055406	-0.0899747424476823	0.106595918297709	-0.564423686817906	0.678345303413633
0.529732426698854	0.538001087478093	0.396228589293998	-0.281846751747636	0.293523507726176
0.40969384683433	0.114261989557369	0.186239924857984	0.539704882674105	0.669199030692214
0.740236781788215	0.691941362903942	0.194445402251953	1.11251101696471	0.7051757276535
1.02299641636495	0.600428263140311	0.203498238600515	0.142067168978258	0.893406255344242
0.96722007745631	0.2460020743131	0.849190737008008	0.260574467067727	0.406068714061179
0.717424626556419	0.60850252489447	-0.049485510399969	0.892067351110244	0.49943199812026
0.670580503638169	0.293567086845435	0.293539880848142	1.07557464517265	0.547146453489453
0.516869501594499	0.272440505821603	0.652787754993952	0.104867174477652	0.681429439613875
0.335606123921208	0.284689386251865	0.417017354896005	0.28897130897981	0.76287387462627
0.416396879388074	0.315230753928449	0.0918228075433319	1.12676781841113	0.60771988664807
-0.0564618090349361	0.0767000357663482	0.243764587463253	-0.0277761986396705	0.621772498387941
0.182844167779267	0.209247786116072	0.38396397970891	0.426685008449395	0.819014680053321
0.0848275623298417	0.169114173521006	0.505672204205236	-0.189554029373659	0.950222972847306
0.278011293244161	0.00280102188881273	0.559773971478484	0.373239474741732	0.653970697356555
0.326273376198998	0.508342472606356	0.366041663334206	0.603876281669514	0.660087347553548
0.722085596793817	0.763700076420381	0.576513206728853	1.48058580217477	1.21613581998088
0.739610687407444	0.930103939811802	0.814514346707162	-0.489297501207626	1.45599385814139
0.0739896001851148	0.690418870933238	0.443318159713328	1.31753785790988	0.568235234236768
0.275543199214644	-0.216562985399258	0.201035494368895	0.120929626033613	0.865492964829071
0.118827635907685	0.777724704536489	0.424417641453532	0.409233228517835	1.03952512131664
0.140560631218781	0.00234281505554755	0.209850044381124	0.307157491040289	0.676054921178155
-0.325830178758211	-0.537271428775659	0.0188377792529871	0.638952658964205	0.187796909586222
-0.35328854123239	-0.055344427792966	0.0319122500935568	1.06422911535093	-0.144639713490715
-0.292258640769235	-0.342963707433048	-0.106760433638626	0.578537020313326	-0.647199831423505
-0.388530667116867	-0.172068820869828	-0.241840308367875	-0.681243428528714	-0.678401048306501
-0.85540823464132	-0.48831032245861	-0.722299715952698	-1.27126847415708	-0.533023823688682
-0.762420645442749	0.0259345198387634	-0.748745617236241	0.972731628137784	-1.03397875566761
-0.941374910784742	0.171710509178372	-0.432300472386896	-0.588191532722494	-0.653736199810319
-0.918057132858361	-0.300182992245745	-0.446807753484665	-1.28818199227607	-0.554506950221621
-0.725317452567222	-0.402087665470749	-0.770673904819698	-0.335000915360039	-0.726534386829493
-1.21243325121658	-0.211450917717125	-0.29494579120097	-0.292546507943181	-1.07734653781878
-1.19709113825299	-0.557164896767298	-1.15422074410025	-1.24140326636292	-1.26364843666506
0.915784960055782	0.573612038769176	0.475391165384543	3.13482311445952	1.31996765251955
0.0400018200414933	0.463457331468002	-0.174797005994453	0.784300557523829	-0.188926792404254
-0.0383000967226008	-0.317274624132867	-0.873669223314977	1.09619679933967	0.0746603927194655
0.115035250572354	0.572958610922565	-0.34160302938049	-0.425116145328157	-0.29202562609646
0.0473199668240318	-0.534766315255454	-0.398124469953916	0.687117135612847	0.0641130253597268
-0.260586074970048	-0.229833802880346	-0.519377030965383	-1.27624620832977	-0.596204125768193
0.0490332327791496	0.103732418151232	-0.269666736914291	-1.22903382931177	-0.706806677270403
0.19978783101091	-0.219501130894811	-0.0833086058666954	0.760848126148683	-0.483185698190598
0.226901404982558	0.45714873723456	-0.0572505377933184	-0.815000102205331	-0.253369606184203
-0.0229941445019685	0.638837015425932	-0.0224690785822605	0.00675147488170083	-0.283141704235466
0.132650983517767	0.445121523546206	-0.161035937050708	-0.255222143232369	-0.0348108888983383
0.203827278248716	-0.411841091068694	0.110488656530346	-0.565536044830952	-0.163792209446595
-0.0533376812415172	0.30114715267333	-0.242444318459584	-1.07209087386456	-0.369187377976967
-0.0148274725747102	-0.0317734371573814	-0.282898290558633	0.245047643589988	-0.745257466139805
-0.294520637557058	0.335518253835552	-0.307719850284211	0.37929750820471	-0.450751053445267
-0.604046893223295	-0.305806286655707	-0.38390658209117	-1.42029660023717	-0.306295678399856
-0.327848075576921	0.092555228131719	0.104235732795776	-0.730312816393027	-0.77430753868346
-0.383571332199313	0.723275483183925	-0.0241949917198161	0.584212606659841	-0.424464581100948
-0.438537577467039	-0.0833115552352696	-0.244498193227951	1.03588133537533	0.119908030850018
-0.288512163048703	0.753654819245324	0.084412198660425	0.209694598373733	0.250360777797361
-0.217740044636763	0.166807479417858	-0.0658933708949955	-0.239252426699052	0.332004072161831
0.116402650937916	0.146829017747419	0.316527969022884	-0.233028726366031	0.644787932431203
0.0903960764197883	-0.137866710126096	-0.0550186236602207	1.39306101820248	0.577631914710449
-0.058251017115031	-0.195269216363974	0.112928209592907	0.841162716186537	0.700373551623625
-0.275995309877517	0.175236272313335	0.170023026568485	-0.544006426486259	0.392900263179008
0.113651206274026	0.0216810603634653	-0.093359872161443	0.557496459453595	0.869698023694397
0.289312242090462	0.00976993969254491	0.482799352551817	-0.138753563751177	1.00145560042554
0.0198406765665608	0.0309045384583605	0.125743971899391	0.912648599855376	1.09327545164428
0.411047157392456	0.093658114767979	0.474918957559885	0.351935629652258	0.529980693424229
0.780041514924376	1.11593994643701	0.666991429124461	-0.420149696047071	0.218337478346685
0.440341993450598	-0.461077493129507	0.234892839775515	1.22918590274063	-0.392890088915953
0.489213834193972	0.0466837550952175	0.48859531570651	-0.133530078663821	0.352723541080966
0.775684594206056	0.168016251720057	-0.130661097990816	-0.236196736879173	0.38111397478332
0.056047420668424	-0.378069222932328	0.28588952788227	0.817682208981592	0.502772822204362
0.21623042980326	0.0336239569248497	-0.037620558573547	0.578659572877014	0.229723432454823
-0.225665938484384	0.207588257618863	0.457700947143086	0.918702902453783	0.118961085681913
-0.197079185619308	0.179890758111216	0.161773434131818	-1.45145877492891	-0.0783421709068652
0.11443899787476	0.0428303949582267	0.674670371755384	1.33334659376501	0.587224020469201
0.0373845406610565	0.504853913154433	0.510640367285242	1.24772223095038	0.410339288543153
-0.338540761799042	0.117088554730082	0.312689442058035	-0.420934798509144	0.486081134647141
-0.109366297670213	0.428451269942558	0.241366623777543	0.755572342066123	0.757481933393867
-0.139219611315379	0.551660951076691	0.916601942849107	1.46821467113571	0.410234205985229
-0.0767199019157745	-0.296774443245578	0.637668569834274	0.64281687009431	0.040967899470478
-0.218575305440395	0.219638774268441	0.563116861548351	0.202684771697406	0.73175260594625
0.0894007791919159	0.296641097394492	0.732340725267724	-1.17093506200886	0.472017251175765
0.657958607827333	0.103747281164972	0.663365254960473	0.978199314297783	0.983663985872182
0.275351645955525	-0.0725504057869976	0.893123406867404	0.481715477466531	0.7272348240318
0.690594960451924	-0.45244143653927	0.867923473166861	0.126281272700299	0.927246386384354
0.370050030662745	0.238954970769813	0.667721076995466	0.279988813748256	0.926875487689537
1.03983434169374	-0.182364052164026	0.500831365668414	-1.51511586972388	0.598673590659033
0.793840887955127	0.482196773174109	0.0914409294057506	1.35155155660509	0.913381837550714
0.983084618949943	-0.536410169500979	0.0899495933443577	0.408913978949889	0.35029641307457
0.884680836056126	-0.13830456951168	-0.202558356162353	-0.878154534359983	0.190492057810784
0.897089402915141	-0.0256944133728928	-0.333693977035663	-0.736403315470108	0.054559347271547
0.842674753747074	-0.785163077220644	-0.358595486149945	0.499025531490059	-0.15080081888052
0.343164942619443	-0.0485159091382187	-0.496574440886662	0.485171660380116	-0.230407570085334
0.0681650811845755	-0.31057262706698	-0.414774908565644	-0.441768403802833	-0.295456628642054
-0.122295051814015	-0.37076058940606	-0.0453068462894311	-0.396973099817851	-0.647673218106818
-0.23858255872558	-0.125599427675129	-0.538575593732384	-0.896323214402875	-0.250430718247456
-0.394282955242566	-0.249641599472486	-0.241779132979146	0.140945315569491	-0.880658628713804
-0.754913245477441	-0.487349546944158	-0.310024461651445	-2.17716121247282	-0.614988596472583
-0.469531814890507	-0.757627999253336	-0.511041235654668	-1.4910114154182	-0.774625742310443
-0.139214403614804	-0.0448837985701985	-0.359101862541931	-0.289401723829371	-0.957743037385677
-0.267102350937129	-0.365731913045806	-0.513673216574229	-0.090978733228155	-0.346486647687788
-0.480027233872869	-0.0199832454246236	-0.568705527569856	-1.03546742543156	-0.991448083770379
-0.401875834352653	-0.336853780672949	-0.551004577319008	-1.48510318605335	-0.540475442291422
-0.571408663278139	-0.617706224306818	-0.715249495620271	-0.470558882794134	-0.763429666073306
-0.349754468213828	-0.389190520000513	-0.493184626261468	0.653967544332485	-0.175582513768724
-0.495969660971697	-0.328871484881507	-0.321127026528258	-0.983375756270273	-0.242362510193264
-0.507367086479402	0.531359280890577	-0.223251933860669	-0.556996790068419	-0.184383747495918
-0.0733191808383738	0.260724319003141	-0.0617976882267213	-0.562735180225103	0.0193892868439189
0.0028445047393778	0.307614849298215	-0.0140276694419622	-0.24338494184194	0.169624513818751
-0.143884034944962	0.337625208864118	0.474847205925876	-0.273144551695784	0.0502445912928915
-0.223912487930571	0.20305644669472	-0.110938043111601	-0.0892913322825745	0.0512546944068224
-0.304067992945908	-0.141950432176627	0.351933793034471	-1.13766786754184	0.584963868796072
-0.156817992473983	0.136265913739899	0.376421227999632	0.221403070142555	0.0100371296462992
-0.237656932734756	0.218299831396646	-0.0600593260566056	-0.573173436973726	-0.0489247019118158
-0.391586318693789	-0.00990915707903437	0.172619692521209	0.00622194146936717	0.198506998180946
-0.0153624778739486	0.136149553604279	0.642510625319358	1.13200986595714	0.0500785800329965
-0.028890475373465	0.00598534457474383	0.103785883143067	-1.07732377900501	0.285537196543513
0.228859951060811	0.129611798614919	0.00741619970801247	1.19165666733642	0.175194254891056
-0.157416960743607	0.219417478605759	0.388053970406534	-0.0188693380064899	0.573507053369615
0.0547875147062071	0.34966653009848	0.432105999408718	-0.0432446452747948	0.491423301399196
0.751985988377397	-0.196806374334588	0.0911516488438914	0.298674702367513	-0.0823719938751367
0.617026996131269	0.0398238647525684	0.384923931300453	0.00726256022312073	0.370016190864287
0.412935810384601	-0.228430971320171	0.141228071276897	0.490908046952742	0.310718910425825
0.201421357764873	0.272391666188032	0.359564358199058	-0.091634616874092	0.299854983061501
0.469098566381425	-0.374211494220656	0.28746739779125	-0.164845988096074	-0.06893470411127
0.240689989605063	0.591065666013191	0.0562324413543356	0.415100591176195	0.523508892592512
0.0272050299798068	0.225574971197441	0.25976911449556	0.649311894473927	0.485457725605324
-0.163987725061467	0.827634531586548	0.274271231123823	0.232869957572643	0.288216642714899
0.113155366601586	-0.615836125491659	0.350064275221647	-0.479537475945211	0.393856619217047
0.251814568917399	0.478734337843505	0.22427955014214	0.199171058031007	-0.0224269089122002
-0.092931175567194	0.173061449814721	-0.271267291613209	0.251527591871146	-0.225801263544046
-0.264723067108527	0.158186013356967	-0.0830015553710537	-0.975627757772876	-0.103790991373445
0.0195511591106541	-0.167649624802051	-0.31416342791822	-0.341860747966591	-0.54596627758346
0.253328556844999	0.447460637976472	0.126171881903544	-0.848629652000843	-0.847358061466571
0.0805929470160733	-0.0516722982617135	-0.58174551526126	0.272455385430951	-0.716170664497462
-0.0292931882229997	0.537041889100447	-0.542029767756421	0.0161925659084069	-0.623411762014295
0.269044546256379	0.00555634858654601	0.0957329666421762	-1.6242898207775	-0.154669475755902
0.448291586417257	0.580667163619604	0.301005474835639	0.705967943868261	0.123308742312141
0.565729626926977	0.0713728274122265	-0.0937191612406544	-0.433289795965429	-0.113762575949795
0.11618212080544	0.16680811235	-0.388191697408794	-0.821067610744808	0.19892085845014
0.394543426190231	-0.436831780106686	0.200897332163567	-0.0872209407760604	-0.0561604240539029
0.63280345719643	0.410441255296374	-0.148154810515154	-1.17645184054914	-0.445354619218868
0.185446176912777	-0.265094020060589	-0.217230471389509	1.26879854729161	-0.144977970598467
-0.148536184960122	0.417304407636408	-0.765604745482277	-0.28107118106594	-0.643449451415386
-0.289091507219327	-0.299179244577328	-0.793412567509408	0.878203228040819	-0.667408006763761
-0.525995807348795	-0.349845015577147	-0.623839742020696	0.38504757362573	-0.906584819853753
-0.529345636361778	-0.00556757140564576	-0.887782365779444	-0.0548753737854773	-1.02271827498251
-0.840993488772197	0.369915343740751	-0.873848404121361	-0.572072852903094	-0.815881843988091
-0.678442795682725	-0.416587430875389	-0.739418553926317	0.636155138206792	-1.01599972325759
-0.465447041941015	-1.03905031907267	-0.53411742255331	-2.46339313489368	-0.712597623359752
-0.27760634902681	-0.395227729151659	-0.741675160033525	1.22814984886918	-0.551648083920631
-0.237599514823337	0.251351201043102	-0.558044294303526	-1.73752752723515	-0.867194426397239
-0.391300898369027	-0.465528309708211	-0.55524579444603	-0.515798779711599	-1.21177165452049
-0.49293742539394	0.385969236939105	-0.20641072868548	-0.438955924886659	-0.723184450522972
0.0014571172737514	-0.203478257231785	-0.141479747033427	-0.264172734984202	-0.344215655078618
-0.204604649294084	0.176883912872726	0.0641297904456684	0.0240344524289555	-0.50360543996516
-0.521805725882693	-0.0891914927665093	-0.358896178179448	-0.345441799780977	-0.799355831130429
-0.140784644792749	-0.351249631000008	0.0703917154811	-0.221450572885216	-0.359291856958063
-0.496142700425604	-0.562782914230921	-0.190434440789999	0.203313271550303	-0.708677236875533
-0.0985611823432911	-0.425493678698067	-0.17659242351048	-0.0110935978289478	-0.319648927740276
-0.0978522638295461	0.277659995437121	-0.446984311287118	0.363096855171097	-0.09125891930287
0.241768848101665	-0.264577435108862	-0.185901966245899	-0.770625977872508	-0.508215333012187
-0.289853597345129	0.17075050227217	-0.270236009154291	0.52290296504021	-0.522028394372945
0.194010583286277	-0.614504182860477	0.0884768919195287	-0.557578403373312	-0.6350876909594
-0.0624695920714516	-0.306460583097599	0.0450264205349303	-0.868087571904392	-0.11025030175216
-0.473399635018039	0.348505051316627	-0.253985732213363	0.1569167962799	-0.144506601935899
-0.31112098413237	-0.482569653789491	0.149147105487913	-0.23302170588335	-0.725505179598441
-0.531349354246884	-1.15880955400209	-0.159055726092052	-0.396814775521391	-0.483521652880493
-0.47783313515732	-1.38692035128863	0.355686529677604	-0.536709176373796	-0.506983754408631
-0.391324477461354	-0.132475023457757	-0.044327969365395	0.210721085373432	-0.123896923477735
-0.248810679671114	-0.220570953087303	-0.110749861841865	-0.657757816445665	-0.46028934741198
-0.860351348836697	-0.524556003783539	0.0743636958631972	-0.463897054802308	-0.295434168301261
-0.770278246050367	-0.602998781217056	0.642053375414678	-0.212578804369995	-0.20159408989954
-0.502161630664475	-0.150758973748091	0.216825810195491	-0.363155951061805	0.227801672685597
-0.14088710012219	-0.108866758089861	0.354297838094694	2.40102568962526	0.929623526458096
-0.180660232465938	0.0734301843563552	0.427544614946394	0.13215938314668	0.281069903674255
-0.0430658917030598	0.0525284242741518	0.777658033938652	-0.310952382253597	0.0255999881139741
0.203348838206577	-0.329033301496332	0.0748786673681449	0.764760543069608	-0.169591617269076
0.434328011950838	-0.242952947002739	0.570523309241181	0.452024320052831	-0.272422580321308
0.448440026599307	0.0567695727228003	0.489145308957902	-0.126772725141347	0.103712408035607
0.183214927032406	0.249443347593331	0.524502634688658	0.123283411679031	-0.31831100638703
-0.140695080309218	-0.146583927413759	-0.205797501392503	-0.603269009598417	-0.285178079900454
-0.334314121364885	-0.604356103210253	0.318652909969295	-0.03966197526207	-0.481994017091061
-0.430918743340223	-0.240214921134051	0.363724671781298	-1.47364139286028	-0.355422351206234
-0.389713361351689	0.150833813690095	0.379043811557285	0.227485360843836	-0.17753012695432
-0.596511141051919	-0.866669314710716	0.16258962752136	-0.81861343716086	-0.638904530279423
-0.362715650364104	-0.991493732108627	0.010096054560906	-0.969806425623548	-0.172276324134133
-0.0786720700655598	-0.400236827997057	0.254535037309464	0.557512328837444	0.150601233977227
0.0601727126292565	0.36087011760224	0.0434957008869777	-0.0916470932830798	0.595065611020103
0.387990105835983	-0.0698269565136965	0.759610404620619	0.899881857505442	0.923265025929325
0.319558724099899	0.256193748109172	0.0800961794412125	1.68096046495857	0.376202692295805
-0.149899013809025	-0.1696384547773	0.470531288642889	0.162200598254564	0.186421708714111
-0.0719196779123709	0.409409724020901	0.213424301669548	1.33260903166533	0.154325715711051
0.391969483059658	-0.0765325809627551	0.157903326547676	0.612009709966866	0.314312441422233
0.22335783174153	0.0829228672209101	-0.429201122816759	-0.226544251509609	0.112428929179097
-0.146310184682279	0.184474452024626	0.227247524800182	1.23377829807311	0.222201031225669
0.0712200402936386	-0.310678672888005	-0.836380989358049	0.0443504850209491	-0.141843087182955
-0.49726041795556	-0.7189817453721	-0.168947606386471	-0.85515344190281	-0.117721242519231
-0.46362108470071	-0.0696841270306143	-0.30446167441648	-1.88500171747903	-0.298665106197554
-0.113373221303611	0.117256703549247	-0.404710130092989	0.459509533605152	0.257547975593133
-0.393901765251829	-0.102252415279149	-0.563791205459525	1.26425117260971	0.140491982255094
-0.416224764427238	-0.139209312127122	-0.539520116739991	-0.980404837523536	0.0332790241527639
-0.888404459602579	-1.00190454193042	-0.947845480147276	-0.0633299658926571	-0.592812158705152
-0.73674288456541	0.230870852471649	-0.284743679233719	-0.175573253106977	-0.58215644878019
-0.625242885767832	-0.560345717934571	-0.649233322986789	-0.956884098051076	-0.439842030433457
-0.718532841215066	-0.352879460395261	-0.723217170127949	0.726093308406985	-0.0352602339263843
-0.278637794200394	-0.431036591168122	-0.895215142061831	-0.908078030963338	-0.52521953151815
-0.890368342742872	-0.513024633394719	-1.04892962191876	-0.551325870205706	-0.114603326688953
-0.399456443856166	-1.18529417708347	-0.933251945251874	-0.128563611920531	-0.137691841936493
-0.521718919846393	0.236987129225524	-0.767646867396914	-1.01193501473347	0.119782309559318
-0.137358340786108	-0.182184342560657	-0.599479340734859	-0.445044478237392	0.371450939173919
0.0973127817812914	-0.224450823467072	-0.209654567054716	0.223514037014603	0.204660983052103
-0.00992385676079301	0.58827630730173	-0.146560881132633	0.350403589443714	0.298235639955671
-0.148132303611169	-0.185523096323659	-0.0130798087850361	0.28315301318453	0.581537624365304
0.0484795024188651	-0.429640427330091	0.135038868420084	-0.39064369027457	0.154149054011674
0.421804338674308	-0.202746675911964	0.268741597058275	0.335226821934324	0.487236715345686
0.19973864427003	0.158436381737097	0.474003981379388	0.430899774752909	0.103383625803978
-0.0337443474965119	-0.486647652525005	-0.0180035376255219	0.228247186531006	0.228586871072506
-0.342099865927412	0.0690523530645777	0.269836547105141	0.879986915449562	0.548304676177842
-0.123279393215212	0.444347538577955	0.501821012568334	-1.39768900788666	0.312430409004795
0.068458266202052	0.148829393857588	0.219677854523929	0.141840068866596	0.302703012969106
-0.0710090519321324	0.598801814233642	0.274928625602502	0.805863728001701	0.829878974996977
0.0712441410270801	0.172593660436242	-0.140580639238285	-0.45559181947371	0.765582677464877
0.026107022730816	0.243199470807384	0.0268138259096344	0.0190331133573194	0.494194036078562
0.16720247805761	1.35851819197996	0.648686419817195	0.967481683790856	0.774866110059769
0.21129738362224	0.834143837404013	0.124001885742827	0.971978902712894	0.816692124671101
0.110349304204222	0.769081483114527	0.465260698274383	0.335227103609767	0.913570218597837
0.182265047415797	0.699876715612966	0.440674763517907	0.440477096440186	0.890754118958135
0.137454755881932	0.691404598082436	0.181638369886775	-0.19747994725362	0.55811486536389
0.330033991060728	0.293176421549493	0.282243353320696	-0.294499063008566	0.808462307989877
0.155325924096602	0.142857856393083	0.259845716580211	0.857282755809825	0.524722545298799
0.0166812927383218	0.255839488929539	0.0388408978576959	0.776835369680452	1.11391516147471
0.305391416890763	1.05485081254594	0.749985961117572	0.635734188146178	0.699983098657679
0.237866843690783	0.136439975862535	0.695278813803574	1.42126537074664	0.802750117823596
0.174507274444857	0.525706229236202	0.00823105309226051	0.586671438165328	0.726085978587534
0.255045699033398	0.723030740201753	0.443439103135326	0.759087733501487	0.409853492969822
-0.00688471550456631	-0.654156422719659	0.125589706568346	0.0106631450986446	0.262774084846742
0.0885488937270338	0.291550439805559	0.711274873313846	-0.368783569275434	0.250457389453926
0.0236224895514399	-0.043102839601834	0.338948721240104	1.96087359784763	0.351939115852383
0.601451083695692	0.158178398024164	0.41505979671401	-0.257214331591718	0.386103363253677
0.330132056244028	-0.806747001347424	0.223933050610994	0.4824563827168	0.164482133063325
0.624563498316888	-0.0334994643841424	0.353401424683616	0.187119504951934	0.252673756808118
0.719336388766331	-0.548503609039503	0.504591245649815	1.34804778804931	0.721195085156351
0.948767821450788	0.0706698118599837	0.214887372002275	1.17561347083264	0.490254950970595
0.296208197006148	0.0455636111125447	0.0873623235920494	1.43704668922174	0.433028299948845
0.546930334198933	0.279226267304051	-0.237623247023512	0.551983276292107	0.29428296755802
0.570193697193518	-0.302905916369042	-0.213869483135895	0.742419872488353	0.1157724345768
0.469669658677026	1.0528934047674	-0.213841247102327	0.856982974502947	-0.0224067413066321
0.203613344122062	0.328604351147972	-0.226198697972499	0.043510280333006	0.447999972838566
0.229737236632579	-0.163116100894899	-0.378411905652796	-0.621850510290648	0.0287665199582858
-0.0646533757832534	0.104337880672632	-0.668677420134334	0.183296649972038	-0.260890952404474
0.0261704306415569	0.344709209407368	-0.507168983506949	-0.0595974939750498	-0.191500915335241
0.0629805754846717	-0.248122284455456	-0.417372557090716	1.14471933452041	-0.382668422790932
0.143567341900741	0.525633951698629	-0.661412937614459	0.170607202660253	-0.264702062313602
0.0169699248689328	-0.580284809082585	-0.266778413245725	0.333442039642376	-0.548444055434601
0.105601855189723	-0.743412368672611	-0.493146879149778	0.845318894340842	-0.499746238877512
0.0393976578081339	0.569362664518104	-0.233614932398342	0.290843398290452	-0.183879521494169
-0.0641870301929693	0.229107937366162	-0.702951652416774	1.40279759243616	-0.447887125864366
-0.517396160881473	0.135126690190051	-0.715983049223711	-0.0910493233251694	-0.469516088123802
0.0530431263996803	-0.791198014594217	-0.67669462835619	-1.14540077204875	-0.715089220487479
-0.229002171758624	-0.0750560418924279	-0.325827353396011	-0.0596362787064929	-0.465804255528058
-0.128981432913701	0.0345507578107734	-0.77581207172173	-0.148123302054421	-0.582833967180451
-0.0283499300346562	0.554497347973597	-0.582122213742577	-0.112288666011616	-0.521072265713893
-0.237075513364392	-0.414149641601787	-0.735533001027405	-1.21844106829408	-0.293046934985685
-0.222905113063874	-0.146605528064864	-0.236358574578386	-0.12118189819731	-0.648035076875181
0.278817578491228	0.174262538895392	-0.00725002017125002	0.490153283353477	-0.235425011979955
0.101694906060853	0.310534474547887	0.121897051744227	-0.363508246318044	0.158869344022701
-0.0889614128971954	-0.744331636700554	-0.140118519352014	-0.218268044160967	-0.0721822354337974
0.0633473954034666	-0.150955250608316	0.599383772969912	-0.305376709422489	-0.224080370223325
-0.0767447001766318	-0.0712303138860222	0.184995536121817	-0.315219727347848	-0.297188377935361
0.258937860624152	0.00925677258010694	0.330109894015118	-0.296260228471486	0.0317839060707126
0.0850734121456005	0.317957414756405	-0.0479115550833785	-1.0502444430378	0.100103914133603
0.0633291405848463	0.451053431958825	0.18112274610193	-0.0943424631422919	0.0583101760476646
-0.157819819305837	0.114841647879435	0.319590179035196	-0.373517311107923	-0.276877155629014
0.310769440590756	0.213067904084797	0.214936469054887	-0.674892042385791	0.108533393497332
0.19303038404981	-0.316015056335163	0.483343112929837	0.985349964245102	0.0551056254578319
0.136486567414212	-0.208031086103757	0.100365580932589	-0.358604790338638	-0.0852462872611317
0.279828320058031	-0.0822280945775706	0.434362968402011	-0.202872253964726	-0.0270791574803164
0.238705573592867	0.010268464221769	0.83849211653903	0.512813172038778	0.456454669892265
0.373915683472364	0.17568512550746	0.483676188096793	-0.81464147323511	0.19817903383822
0.144343809426007	0.21912302011687	0.251156064842061	1.16721799098087	0.0810334459200006
0.0448989970838208	-0.376361515920823	0.387745964040743	0.0176238429434342	-0.0873628529496833
0.065927507779159	0.235383932508476	0.629702811161504	1.72154680281793	0.529122741975661
0.211930668595391	0.157839796273907	0.342183908979565	-0.727759980046893	0.482668808159637
-0.0266603511348715	0.155951949077505	0.421515628875346	0.590450726786746	0.318903210254936
-0.256959412143392	-0.143467254230168	0.474965544202839	0.914971942476455	0.22263383091762
0.213797088816183	0.336515529671254	0.639940423687724	0.821891022409799	0.181372396305674
0.078827134400828	-0.0992402205015708	0.833729356907837	-0.409329173245488	0.867033326995579
0.0392117927345964	-0.0225089831301411	0.40779381076441	0.520625194107927	0.26821252267815
-0.282436544526926	-0.151454665423654	0.714642423229788	0.747443611329518	0.529690270713492
-0.118883260697676	0.203886321952845	0.60334907890606	-0.366707325981943	0.503645877400081
0.364889238851041	0.23740005208558	0.92870121101014	0.795378046638547	0.529189500205901
0.393324480552184	-0.175801846941659	0.768582752298057	0.78092181089402	0.741780032289269
0.8652327769088	0.421265251728364	0.708530545370691	-1.46563085307254	1.27655121590684
0.329721377557476	0.0912668194573247	1.06059500777739	0.528669157795437	0.713204385622647
0.97144848203447	0.0480062016183833	0.867544804365026	-0.0364386153635443	1.02765789435383
0.781210585315305	0.396836326426951	0.780039261731741	-0.456323139714647	0.511822116096699
0.267918172094966	-0.22474618181099	0.350769404927859	-0.734622774389422	0.199042799678595
0.0944146628638484	-0.217278732569039	0.00932892390610793	-0.575635567079743	-0.201590420657014
0.175987051698037	-0.204843009336432	0.204194328718475	-1.40419283505732	-0.142634794330335
0.259260956245253	0.635530991546248	-0.627190132374052	-0.516363677753793	-0.523890050049037
-0.2772680676622	-0.292981827551969	-0.544711470614669	0.289148750927016	-0.740808923436272
-0.12167882863789	0.112858733022248	-0.67780587180555	-2.28768846140796	-0.834678970193018
-0.227699416397637	-0.334032820792902	-0.617970558505227	-1.03618889741206	-0.769372916772711
-0.170801661034428	0.136626050283978	-0.471959884507488	0.0719171837509353	-0.918275576771007
-0.363855932777435	0.390414854860861	-0.838395695050469	-0.731395097244666	-0.827427902808022
-0.623384510831326	-0.359282487324232	-1.04428718812696	-0.632631455923865	-0.976209609550023
-0.557022649077919	0.113980645452557	-0.791771135413907	-1.63627340561935	-0.837370194640263
-0.442943460223569	0.30723948947132	-0.815879679915288	0.706335807567628	-1.26235958426389
-0.516016937846816	0.0500526662118914	-0.776298260861866	-1.01545295859174	-1.06107050658411
-0.659862992666819	-0.200040548344018	-1.0074606314375	-1.81038154037485	-1.1589869073242
