1.80211326077134	1.42002996967198	-0.213583987979737	0.336711890054502	1.54927371797429
0.804865132561688	0.240924703028803	-0.562092952095175	-0.00980835179524552	0.189186591278603
0.196717669264336	-0.367871066136682	-0.636462644411597	1.14686765809972	-0.148333141618189
0.116195890372735	-0.152652702633102	-1.22871169561466	-0.962817788814196	-0.402218325727208
-0.481426325818511	-0.335756917655985	-1.22147356732004	-0.69155001237378	-0.923333327387745
-0.64389616042652	-0.244926455252002	-1.03727574250196	-0.124272864601563	-0.786246233519207
-0.548078818892184	-0.294811752615371	-1.00490658366792	1.13755694884613	-0.605621194443488
-0.445880209333482	-0.36794365168496	-0.874531010035913	-1.18370340719708	-0.509027111374721
-0.27927316602716	-0.55132783255635	-0.28289775543125	-0.656775991595294	-0.992712101567119
-0.305615734828704	-0.326176568160818	0.0117229940055036	-0.410373833160417	-1.15351102264443
-0.144416970017583	0.23467482615079	-0.863366782669131	0.0647235762639564	-0.376001663510757
0.0316993006798911	-0.0315527663973582	-0.780746453828217	1.03348706997177	0.070902361429813
0.169273432500794	0.507415563343728	-0.0419564201739523	0.409983132293135	-0.220734994536978
0.202180783348923	-0.252015348455718	0.70362634211225	-0.807481563354836	-0.454945735576253
0.0743720509462894	0.0743894228886814	-1.20960672336161	-0.0646148405394859	-0.239356699133381
0.257645980238894	-0.130797946601841	0.359016670727325	-0.490058264352739	-0.422954848374711
0.0398065610271413	-0.213150095736268	-0.374645473805697	-1.08383483772531	-0.199571712375948
-0.343380216755464	0.200896291504206	0.633003251089945	-0.561368346784557	0.264001783020353
0.181464351939821	-0.377866450109368	-0.642594956691342	0.161253722287344	0.291505782620587
-0.0974173763122461	-0.506558871520856	-0.25968105801753	-0.283823065479367	-0.06758885109018
0.494027925324094	-0.217264522265021	0.19773211233794	-0.274798503775318	0.0463768790296282
-0.442003133003037	-0.640261841167031	0.0153408100588947	-0.411611845425069	-0.213004558349825
0.119536045715293	-0.366810958212404	-0.747505124452068	-1.35487130106029	-0.328523792224181
0.291636413216835	-0.777072052565084	0.651092674535035	-0.201932758739508	-0.457747085571731
0.439282563381115	-0.584816635022795	0.028409233676822	0.560058830326533	-0.319982602037443
0.479397703896049	-0.155093973401077	1.12933474798373	-0.451869589684926	0.586497709871406
0.555745611642583	-0.550782974521456	0.526626189164678	1.32621658862267	-0.303520783882741
0.529266477178224	-0.414663847263195	0.7754228345107	0.560883710661899	0.0924749071193695
0.557960803466926	-0.0536361387676535	0.197660227633344	-0.604153218871988	0.0731605176218976
0.473923694863224	-0.224562548303414	0.0181048907912513	0.254515130900103	0.271501590078449
0.259700890996403	-0.822562141291712	-0.589268608142171	-0.030245544315462	0.2183835428075
0.138861793270125	-0.147984337193876	-0.345852963192375	0.960788968131459	0.419075074133882
-0.00612382790548424	-0.2305855228098	1.0206505156027	0.146689331833721	0.0536575955360445
-0.307765965042215	-0.33364307248675	-0.56829925607959	0.0789328490038684	0.602058029721534
-0.115333415992588	-0.416263721926808	0.176130699057912	0.731228232072649	0.0495577915345062
-0.0235997813251683	-0.00179981541083787	0.623026132204668	0.848625709946802	0.602432803456624
-0.18723250309696	-0.323581918231284	0.240930698076724	0.417879404138446	0.89262077646215
0.14410011486242	-0.173368218180455	-0.149119446252511	0.290165463830114	0.297082181514453
0.402417111232367	0.0294885537596483	0.459475744002079	-0.363089869314208	0.36782140184529
0.15411351916563	0.248020908419195	0.395022721438181	1.27484923386707	0.980841189578215
0.230759554161512	-0.549202853041818	1.21636190408045	0.552641470627065	1.37245601378484
0.465371020890514	-0.802735848321007	-0.361909011418007	-0.253140942617882	0.544917338202345
0.328819597645613	-0.152230038745741	0.762088785083042	-0.136769282562794	0.399401205192493
0.632499476441753	-0.211249663617766	-0.277640891992505	0.0665717300639588	0.669389228069455
0.678184738526469	-0.195930293391834	0.956467035605786	-0.505743652322656	0.762933156927773
0.387412443818028	-0.340275912315843	0.504229701726083	1.33518051171551	-0.387028525225317
0.49530619387481	-0.25317044651318	-0.146482403763638	0.917650265047254	0.0625956396633442
0.286290302702618	-0.18143317256368	0.824037417590831	-0.787795907346406	0.246489668054413
0.693660980562295	0.325060512081844	0.214570570425781	0.744058084796119	-0.00584511338390767
0.259337432170986	0.341742246779874	0.993252062546925	-0.61034156021907	0.342181702918722
0.276963125782715	0.296668520327111	-0.834035957597779	0.619117962264418	0.26583585989654
0.406710996674048	0.0809687453506719	0.448788960019937	-0.296903270284857	0.811856781625191
0.264471828481518	-0.0237596681216976	0.126377825890442	0.205467696356657	0.423935230194806
0.151213634578063	0.411774862919643	0.618074339454205	-0.834524370412689	0.480659920252441
0.175103718380767	0.404937029299234	0.19908402210487	1.00623050873974	0.844234463001158
-0.0102715756318285	-0.227892240773086	0.317353575681701	0.309132542821797	0.93693125558307
0.0731005907278822	0.250948008392974	1.20595533439498	1.31989811491532	0.730605107614609
-0.218583279218617	-0.00949123695382292	0.0362610402988044	-0.938614415889552	0.670733076086458
0.402590133818785	0.197431613199165	-0.401241667866131	0.875079515178132	0.804281855591643
-0.0121048257972637	0.668135213016408	0.769134582182959	1.27149689236916	0.886077202463676
0.301751857298897	0.329602775485591	1.28031497405215	0.303330735820948	0.691463264262046
0.223106019775296	0.484465843243292	1.54638919553763	0.653400084102265	1.09083771695354
0.38021474310703	-0.0679752166668999	-0.046387868820349	0.999518439929404	0.693123796628329
0.554454291674823	0.5320484359948	0.0811038336406508	-0.391486626894552	0.670261626375166
-0.249555380355994	0.267330465360724	1.08863262447811	-0.259449629687142	0.68968740286221
0.0336541881498176	0.333048698519972	0.507009237132158	-1.38495729415323	0.797582002791961
0.0168899743045474	0.236154646270832	0.582972188745753	0.370891209776595	0.685762050432137
-0.141275542149086	-0.124215161295891	0.345216632661927	-0.318242074308	-0.0709939385816639
0.296452417662346	-0.587066649167564	0.516041027685593	-1.5337144753908	-0.128550136521791
-0.0259506454960728	-0.145113331468536	-0.774996303244777	-0.485370719810909	-0.153432848200092
-0.0215112665423333	-0.118377772689917	1.31497772692942	-1.59052389550414	-0.143071955870356
-0.424946095496773	-0.326637662683392	0.631170048722514	-0.361079995073636	-0.25741554599872
-0.300683445655608	-0.00564610485866865	-0.573255346005685	-0.878399269224996	-0.440251641749125
0.034435503716888	-0.0958239660062644	-0.00160012459851982	0.0273118540318341	-0.354692635024093
-0.567481842023158	-0.149958975365225	-0.201990582010591	-0.734249100641253	0.0399352046476827
-0.0868536033587356	0.0328265738617046	0.154634700360337	-1.24197575754788	0.153776006055474
0.228857926757569	-0.0923931241355571	-0.0392422924936517	0.848541782455246	0.59911507671961
0.18895436685274	0.548143117682042	-0.366381585960351	0.461182329958356	0.268717027223375
0.152850898579238	-0.341251696842322	0.283356449094575	-1.22423432792079	0.0560394779363136
0.259492874086412	0.349932830703394	0.343315220656935	-1.17795644021846	-0.0391236443160579
0.401805329234703	0.206940398357316	-0.143556435595148	-0.334599561028935	0.0761698849683453
0.445028529899801	-0.00919522015454255	-0.430413467989378	0.144383869693862	-0.674922162490331
-0.477623676773026	0.444259341947887	0.335819846641233	-0.505830035122822	-0.488141753362338
-0.149980152146571	0.164961619901198	-0.912681534208724	-1.16395916911785	-0.252588024594285
0.221919771088148	0.270345213581473	-0.279366197258745	0.210358374862885	-0.651049614691831
-0.602818466209497	0.0185519066086573	-0.534716726673427	0.565785590354046	-0.737742547332262
-0.0490706908320508	0.0300560644736827	-0.801111932792218	-0.557188490937139	-0.842969142251715
0.0729243704086193	-0.354881290851488	-0.429133633538159	0.357202394488587	-0.172286605193106
0.0391637813805587	-0.230981133087625	-0.137830018343458	-0.345901274971651	-0.77320000493413
-0.476414927409157	0.509675481289522	0.174200236824834	-0.728537578990764	-0.814326166528359
0.101797008444555	0.00901706993023445	-0.501817775418978	0.358642593082585	-0.104035468170951
-0.106063436664732	0.822713494813411	-0.150058699687342	-0.108054322567775	-0.581729151293382
-0.32876115343197	-0.0558610230169224	-0.288613606543719	0.716616813163109	-0.443437310575501
-0.381489799721893	0.287771911154612	-0.856467983815664	0.182012448193866	-0.152754318985187
0.0656756364598834	0.542064387956381	-0.397238802772899	-0.785932000049062	-0.267942280285196
-0.649771050284478	1.19006522536377	-0.568217078410801	-0.0605421178448102	-0.402693359460531
-0.571114691954325	1.03618148380368	0.322024862575272	-0.572579465930773	-0.481608888993667
-0.956755082587088	-0.411717250349178	-0.677640058792912	0.485301967809453	-0.712103992209956
-0.982783843238671	0.405835881650963	-1.15000456982578	0.313747894351488	-0.787471104982519
-0.97565895434602	0.103487586347779	-1.42216747317965	-0.159207337056119	-0.86748761374648
-1.04577425981198	-0.0546553431788641	0.418752158931066	0.313068015629855	-0.957967115556304
-0.732418627445887	-0.282016722224537	-1.27935889114613	0.651339030677963	-1.191562396426
-0.728815894599146	-0.336869571198112	-0.996238593515526	0.354352256967772	-1.14320739048112
-0.816347651752327	0.569529675411955	-0.476963703290888	0.0953004996321801	-1.71260108545127
-0.790281068642443	0.128983617784178	-0.841285653725927	0.144865084365638	-1.60648855399826
-1.24941384361535	0.0695686698810123	-1.41891129452334	-0.00465033958847341	-0.923246505109628
-0.613282991767064	-0.533073664909011	-0.954750343723645	0.124715996455718	-0.836517258032663
-1.0602921629942	0.139809601657238	-1.13115635391312	-0.668069918556101	-1.133680058521
-0.767805413363861	-0.218514380099977	-0.340982872774489	-0.569777404002579	-0.735932907302007
-0.421536504050862	0.294705521366528	-0.786573770408121	-0.590527153785503	-0.700653277461864
-0.661306346521626	0.154902384699193	-0.524677384704788	1.10349175510231	-0.877383816710345
-0.950561580481394	-0.58435087119059	-1.12435116122715	-2.0594462060245	-0.347286898518614
-0.616244340505826	-0.245142834994388	0.212753965035926	0.672633842234108	-0.903465778624222
-0.328662590049832	0.253963009115632	-0.520987885446044	-1.10588249826134	-1.07826110987999
-1.10049095836403	0.228512988735283	-0.843341018251511	-0.593038626306691	-1.12053701731358
-0.803057974478964	0.668189707183613	-0.355324056480193	0.140552099032917	-0.793763974927217
-0.780898823996769	-0.6416720956232	-0.368230448932247	-0.152736790193192	-0.0138762058424232
0.247122192296951	0.446109242436388	-0.366372718248103	0.548651705950746	-0.284040169861402
0.049062144702499	0.259511030501485	1.29389089993116	2.23990877685999	-0.155736349299022
0.645419801699161	0.0680717420027945	0.112118339602814	0.749337996842722	0.130012677056254
0.67536081266811	0.70661690338559	1.13147610171654	0.204289874183254	0.992990925334274
0.85305213871095	-0.150610100297157	0.0670512378211161	1.97791353119472	-0.363727013275111
0.257922225580674	-0.297547348395095	0.366771607924527	-1.23120313374358	0.142786150976549
0.389110336825494	-0.308492766289685	0.257778597751566	0.334782171486074	0.0798639758541368
0.179941087329359	0.260188689931495	0.746976750384416	0.194142453544207	0.20284680635512
0.0757886689349615	-0.142436503252288	0.562114283548213	1.10027562777072	0.330427028201703
0.0530893635003713	0.246331759317266	-0.0153953086018185	-0.181078814304496	0.206049496253863
0.133598278778163	-0.139041128035718	-0.100404890573681	0.173632950153537	0.480872794136543
0.10961276140334	-0.209153958997936	0.273350308004056	-0.939026665864957	-0.220742564902091
-0.452748967576125	0.200441237273361	0.946491999190986	-0.197022491245895	0.379119222026509
-0.028614468960775	0.197388270533005	0.880688679116952	0.356888583037953	0.164293895330771
-0.212041432194677	0.104878640921129	-0.307843998644539	0.199614390821492	0.676807805233078
0.0337359963834549	0.302344770264651	-0.12649342025995	0.699797943286257	0.45401250016009
0.0908838503094954	-0.43677792612264	0.0286030250322087	-0.0305018452849965	0.411369900212874
0.071710632082872	0.453109502535098	0.783578792589495	-0.470680021750397	0.559300930906606
-0.0481242623424929	0.249110122826249	-0.236687268425705	1.05319375358844	0.879774651132073
-0.0648411394168775	0.267145428647689	-0.112933200676693	-0.000123258462947028	0.787339906663308
-0.378440057723864	0.00372289935767903	-0.135724847017015	-0.529376301963937	0.801984758138928
0.0596667631684496	0.371967691764451	0.314700399349852	0.0289857139527501	0.777073177668121
0.309629572638014	-0.104587159940084	0.285754573171058	1.00153947858729	0.969484400863284
0.199470233700869	0.762466229455871	0.823447044355293	-0.145386890011058	0.66963305228496
0.048118617483037	-0.690490990114227	0.63950675271686	0.638345786592372	0.597023930814673
-0.040425382853863	0.214009313106177	-0.274679474389115	0.446604048958169	0.916912082320761
0.286769716840297	-0.183782590453304	0.682321391268878	-0.763987343969456	0.453159621823118
-0.07963380243522	0.0976929838331059	-0.03383153306524	0.699512235989561	-0.0109154965760176
0.00780040355028558	-0.329575253811111	0.042984651421156	-0.613078068955348	0.0159383378321212
0.0718947352090728	-0.119371154880066	0.652012211533017	0.417329464899529	0.331763417414217
-0.199038625940547	-0.240248829445415	-0.471885579451038	-0.4017570643986	0.184459289286216
0.202523518180088	0.243209803841431	0.597331330724612	0.129348527624302	0.100410286855204
-0.101741723663749	0.498686556265066	0.448647015779191	-1.8648264667666	0.166758793753763
-0.211897116413163	-0.0348587738102609	0.34553536063434	0.261469436749623	0.32897246477793
-0.348906837214275	-0.116568541103077	0.192307332661825	0.0287800583433879	-0.0306276254978546
-0.192363069791622	0.122207814668844	0.414436027313873	-0.7114743860834	0.323100963980611
-0.198852141522116	-0.0741632826149224	-1.25451470998498	0.176311157251781	0.122152807872531
-0.281067636675927	-0.125764221496362	0.683124780432323	-0.0740335856442198	-0.0961210206192972
-0.201364275787341	0.489889650617517	0.886710639297417	-0.101140929904792	0.44990738409523
-0.512166377460137	-0.211948471234457	0.231280505578968	0.18923905228337	-0.219279223771104
-0.208963258146599	0.318553214791851	-0.0240690181350053	0.266288264270032	0.66640435305472
-0.47712495652337	0.453654484463236	-0.0271402275140336	0.330398409428159	-0.109107016105002
-0.0417163840511499	0.292278247102311	0.292545626493889	1.39957038990679	0.656910163295481
-0.0722629671665326	0.476238072985316	-0.0297513662266157	0.0617783443866624	0.607677983371244
0.525634032540255	0.897789676541333	1.73495784544797	1.64760121936006	0.963750768068956
0.446862593768597	-0.0844471765872005	0.645633524436773	-0.534840282165827	0.556885283332564
0.449183107506091	0.37727209776785	0.457489622650482	1.12096452935908	0.880506263835196
0.39148031484462	0.279387066416749	0.22539756316794	0.196548404702165	0.304428855694457
0.517396839903072	0.229740239090118	0.407078581164527	0.371882631770301	0.766904104398076
0.624759242351679	-0.202387261239365	0.747335261918046	0.0795999553454288	-0.132489142339841
-0.173036698170685	0.472989059589199	-0.233352564212978	-1.3644164502119	0.192222269213041
0.626754466930102	-0.00888478872089519	0.252956527951025	-0.827935743176611	0.243869120924755
0.15567921153895	-0.20154533589408	-0.417431416274825	0.298087090988225	-0.343651925196201
0.172159362935689	-0.0101582946802638	1.38784181112091	-0.486310184945742	-0.254140321196619
0.0991402723394351	0.0247786862257431	-0.418323868060079	0.834853175097369	-0.395241753290716
0.650457977424462	-0.265380975458665	0.495837063332019	-0.507712446522851	-0.0461590679277539
0.26392690896292	0.175952419268548	0.477349317228147	0.136436670807676	0.0637218463368403
0.135052145521279	-0.0260703178721464	1.10269666157595	0.235173580348279	-0.664654665276103
0.379665458527144	0.223025774974286	0.0693253260883266	-0.283447717129975	-0.376645572227389
0.31152248183293	0.161227107256122	-0.393408896493869	0.979723082205434	-0.102439517826727
0.227318337423895	-0.0576785718875662	-0.145149221488067	0.240551161298838	-0.659020961425341
0.197429784032444	0.168142391514684	0.146518052252877	0.191786450444273	-0.520110585443789
-0.233440715394121	0.337167757217827	-0.187364050535958	-1.08499053019897	-0.581842131980554
0.0230871321404913	0.303579353631173	0.49168883502258	0.268164483080427	-0.0497617807697603
0.0979215979355506	0.292553627688585	0.807593674503574	-0.146977051536276	-0.592921271894643
0.0694833585113039	0.187201119850472	0.410121893931664	0.855743464634595	0.114622824024786
0.0128087321770676	0.136977265910858	-0.181908657396758	0.221307021232582	-0.14731407407127
0.537075310078118	0.0630924277015938	0.24785666011714	-0.192644430508071	-0.113674297237188
-0.269347410347653	0.566539871289516	0.49741964205598	0.324371737740861	-0.172447185389662
0.441415079296745	0.580567456075407	-0.0600631358751207	0.561325399892383	0.224155335008616
0.13179671739209	-0.138854724861383	0.605966090591709	0.580751775233395	0.358902670707133
0.130962086208347	0.37674115787226	-0.643522152412384	-0.121819249117931	0.0532347046579693
-0.035340227586794	0.38834324745972	0.538477425470844	-0.392774636838031	-0.345395409167273
0.397556301790642	0.25804976817218	0.666179889992045	-0.390069681751151	0.108865126022193
-0.107358520535338	0.0112168542343248	-0.107018648843169	0.79914362451119	-0.0144382657298862
0.135363002582973	-0.204153079468682	-0.0174406428297847	-0.97261958011108	-0.644788359018591
0.0097967416716358	0.0134569190363237	0.520595374304654	0.942297183586172	-0.417049184067185
-0.0628709207325003	0.0866815485130353	0.093857307858925	-1.28010813904914	-0.562048700852784
-0.0598329697874593	0.400404049062209	-0.915661280345046	-0.354899185383897	-0.213580639767291
-0.158479205585588	-0.115690315408773	0.0227498544466893	0.5818212266124	-0.864426850817543
-0.260436353336337	0.0195888134224759	-0.112710135033076	-1.06741153519933	0.438853408834596
-0.19748907474582	-0.193103044164176	-0.229679843834171	-1.43534836272843	-0.548205634949808
-0.736833794831194	-0.865223573800611	-0.916004311952409	0.484222369371851	-0.471181813128363
-0.673941769113554	0.130938455319297	-1.08613593550067	-0.930097040837578	-0.837238546750476
-0.443971879572625	0.149277777178284	-0.012103223486507	1.13496640287958	-0.601284432481008
-0.229530564769028	-0.23933794343052	-1.22985447177304	-0.295162728448465	-0.520799283410864
-0.630400725832479	0.188714344221273	-1.22800937883835	-1.75152307487818	-0.985453148072175
-0.635226228030198	0.425349420328204	-0.12919937440625	-1.35359626730651	-1.09803345718851
-0.872622131108963	-0.00948641423280073	-0.539268957647398	0.326026592904561	-1.61427014147306
-0.715122796258903	0.4530178349015	-0.889863324411741	0.11451443595074	-0.214394154067049
-0.766015900365415	-0.598668976689615	-0.825007983351371	-1.48705527180939	-0.945431116709916
-1.05244487775132	-0.176315598839394	-0.810276960080187	0.324609119958127	-0.258050746228379
-0.600238503667214	0.0394841462459651	-0.327304034754735	0.423244817824877	-0.670602494742075
-0.318032955559493	0.117575326946938	-1.27190481495131	0.388768250350429	-0.486463927491383
-0.441373369989058	-0.216910213867502	-0.353559472547775	1.96856798778999	-0.530000745468013
-0.0809486575349517	0.0718401929179789	0.238395918888579	0.647765824293584	-0.267019003771792
-0.0115422205569756	-0.566520008117892	-1.04259091160468	-0.216623193417756	0.118629825031443
-0.374511621983317	-0.221201505690905	-0.595447046460353	0.128791717551714	-0.593780107622589
-0.037395933725306	-0.217973433386366	0.149587267863458	-0.284331292029728	-0.412961060681621
-0.157848663985964	0.42857030896734	-0.58121485455043	1.14468072308371	-0.0223114926542706
0.399191631164395	-0.271101276144791	-0.701963964742002	-0.560595276114741	0.00289193305772072
0.427830544675599	-0.171710294095629	-0.333948767649507	-1.43825446806012	0.23073497696801
0.138726978540932	-0.33376277469332	-0.486357503693249	0.370237122419526	-0.390582355775791
0.447852091523086	-0.618571587210392	-0.290285619506761	-1.22556684259938	0.0415055932751432
0.457946742002315	-0.415489605206966	1.28960833439061	-0.138133278476827	0.010301892953954
0.452357894049635	-0.670318031507774	-0.225554146517444	0.750461681910442	0.152800772266526
0.411108868789079	-0.674735390769629	-0.156756214455391	-0.750196814833205	0.0535287092053646
0.570267584983965	-0.206371425994223	0.406689956463247	-1.54350175516677	0.592799376122193
0.23699250620768	-0.571198689765039	0.309878308154491	0.466663157779282	0.264753604089984
0.519038534085393	0.150107338807618	-0.553608288165551	-0.764816849112974	0.0397684717826975
0.328024611046753	-0.243990604617595	0.332671058159988	0.142398970291751	0.891555361955142
0.482276294801566	-0.928512913625174	-0.564195154655692	0.307170198284865	0.371875543314466
0.464808388528597	0.235406750517144	-0.497784126182551	-0.198836070106037	0.59794181951405
-0.267895104591437	-0.0203213234307721	0.262314712439449	0.00946322364555718	-0.132203205812132
0.111590076483867	-0.276464279872083	0.0196941888225488	0.043108995292285	0.107142259197102
0.112557486748424	-0.43828062887761	-0.685385068465565	-0.17443182914907	-0.0530065830806248
-0.378389189924587	-0.0655781092270659	-0.818221482957208	-0.210663190199605	0.202360221424324
-0.0201281457328581	-0.154742032487034	0.30319990383399	-0.550514393678762	-0.237824544284317
0.0431153941052263	-0.505932857647671	0.344008166228568	-0.0022415468689594	0.246212171898902
0.0905509633133843	0.0133297231016632	0.498732581832487	-0.152618573658036	0.485999939052105
0.524833600871204	0.0729738451118377	-0.169502178452597	1.15945276051327	0.824369718231201
0.653552253882252	-0.3666266189992	0.161932893413808	0.0293627066895121	0.830973231387428
0.641754911340976	-0.468034902141533	1.01397192806104	0.609762843138213	0.665269227749667
0.649156779589014	0.0945305984601739	0.0199708617986253	1.11432143024678	1.34819749852705
0.595652763973669	0.177567489830486	0.889559960484381	0.923829459276923	0.55527241402199
0.454874196498902	-0.154426991240269	-0.058142670399024	-0.709522696597218	0.768511140112147
0.300923428894701	-0.158593486969135	-0.537421150027448	-0.633332421664613	0.322221884185336
-0.0959583492610164	-0.859547577941055	1.40672759325181	0.165736186485436	0.20725720866974
-0.204282129938189	0.255567873032456	-0.16360510370056	-0.0101225703176514	0.0841796161738464
-0.114156899939893	-0.788532950279076	-0.161079730378417	0.311441620973807	0.225254382074122
0.0415595354016056	-0.713259276713286	0.963386706141567	-1.05627432265968	0.0723002498910865
-0.376472829652334	-0.141648624876929	0.134713662327893	-0.204721609648945	0.234090577928464
-0.224293637968377	0.238924693714848	0.297907144889793	0.0851304209465446	0.531874752642214
-0.141844032396643	-0.0592087121485772	-0.627654699504722	0.531583826372189	0.772747330610503
0.276838082081426	0.0459912867563568	1.39562609252459	-0.238760056435703	0.514098534638506
-0.174528427633708	-0.365271210505754	-0.58019154864638	0.104134080812925	0.434318402617008
0.200187788671778	-0.315228962722126	0.152276169424818	-0.408670485137827	0.471533991159831
0.217387900197811	-0.332478689123772	-0.413647102374658	-0.899177665601235	0.142387922287545
-0.0763128848804362	0.125708268180003	0.283413147969196	-0.758877137465528	0.0019913718073349
-0.734256008854992	0.0381298500971937	0.202408217511172	0.685315911531901	-0.464999614661158
-0.155209680414137	-0.127182204555549	-0.248785234970343	-0.49677476712518	0.402250420588192
-0.0845287604285795	0.0318232123122171	0.412636085629655	-0.0596530754296427	-0.55492673640154
-0.116829420777985	0.285693787707121	-0.51310115508131	-1.77385083872453	-0.727693277080251
-0.230332542917736	0.518772277671261	0.342927513082395	-1.51028506118664	-0.228039184016753
0.657712425536151	0.265827855459562	0.118914603435812	0.129613182243278	0.590762047521491
0.326915818468001	-0.268080801534714	0.471808309697994	0.649025312001314	0.0775007556583582
0.222857697984431	0.347939719844545	0.631222371102529	0.567201881147645	0.00796742374636674
0.189951423236163	0.0840352592063659	-0.275090361709819	1.73984142310001	0.386309460879143
0.134910970939753	0.495261203251159	0.519425121604169	0.278129525728068	0.604770153558986
0.417328377101321	-0.235782211578925	-0.195552517097795	0.883615631159831	0.48645507221703
0.0121037968494801	0.0859620283764863	0.74744197218627	0.086633126713386	0.225987953129447
0.323908938879349	-0.0614461251338027	-0.336265397005479	1.31617455982085	0.464961052011813
0.663256543690092	0.156701509204162	0.0567707497791914	-0.456502131928079	0.290236385164825
0.560998338475578	0.161000262661717	1.17126580862117	0.951332643158472	0.593182161579095
0.355904474880218	-0.109637330982896	0.24312726787034	0.346486743349375	0.453056940529848
0.593130319322369	-0.28468170150297	-0.350581064656429	0.445424931965978	0.339516425176104
0.606974877067808	0.100541584976133	-0.334698615927244	0.414887341379326	0.228130887017787
0.350419666467783	0.462880421703789	0.918387683403048	-0.648974808162179	0.195031067090863
0.515461969657604	0.0307211501846269	0.108348665031536	1.23493434925327	0.298113864394225
0.284528513726554	-0.463850554643754	0.390089270818614	1.04852312268402	0.467151674604451
0.535517946987435	0.0114550174413218	0.0478853992156857	0.037626771822551	0.420016198917123
0.144429333065135	0.0287720209125237	0.576993603582011	-2.1942769537375	-0.192032189868676
-0.391323939843053	0.0216940899208266	0.9390470117852	0.173307808547724	0.260312956149081
0.388834421048951	-0.0407779761936313	-0.179733396251902	-0.280121976707261	0.0972094619782299
-0.349987776448035	-0.092802392231359	-1.03699663117264	0.0319111939343949	0.113538786676067
-0.449417642838978	0.0254984372434868	0.69034957189323	0.270574709161613	-0.525689890700809
0.165812037764194	-0.323952986170967	0.321184758891281	-0.23698236132985	-0.5072396166472
-0.137939487412645	0.0111870776044942	0.139122982473095	-0.465379960220877	0.0928907168078486
0.0365034826217997	0.00836535633181968	1.25149038533388	-0.10624922808775	-0.131825546628696
0.434258554363879	0.0810406080334856	-0.334115431460713	0.0748955949382933	0.306309091877242
0.0742014812585448	-0.18456593417192	0.631872802528582	-0.226144114936263	-0.0246543887936029
0.383584806651349	-0.362487479163624	-0.268866016445039	-0.197370057165319	0.123213500277092
-0.44152585380627	0.0444848675337415	1.05175309414128	0.0883616164716996	0.403777316162159
-0.065474441538018	0.110524253375147	0.888946498633675	0.514296835206962	0.374078534096126
0.416458674803293	0.190840758337279	-0.757611261013535	1.43230228643654	1.09207125281602
0.149241287357831	0.0581391900795465	0.127644961311745	-0.130778247296441	0.578136206249547
0.150382786691734	-0.135962241331041	0.543966518681027	0.0525203367654473	0.490035995851185
-0.275762615032576	0.193070693602307	0.464670387027105	0.626572269060173	0.244756422042522
-0.272464684530545	0.383681296396318	-0.213430705108646	0.315310248988566	0.510728582089613
-0.176695746896064	0.0353988694746428	-1.59947651849437	0.664067266580603	0.0687071189125995
-0.314830371645625	0.348062259979545	-0.365451145591696	0.195859945566386	-0.518250254277216
-0.433482494389435	0.296867558336004	-0.705467367492733	0.199506813250917	-0.79014472636974
-0.388574362816174	0.0204967557247784	-1.04715578069801	-0.223636093067408	-0.74024338451601
-0.611976886365417	-0.494842629216228	-0.522668729317063	-0.925050466042086	-0.97756421585108
-0.830996823926675	-0.356254906461092	-1.42450727236929	-0.549640704644532	-0.401403585405887
-0.350545928579442	-0.818785255586506	-1.49364167195595	0.783095625137708	-1.09199709949155
-0.448292954356029	0.202436661826456	-0.79178884358906	-0.806699857876373	-0.725372417660154
-0.698204358030019	0.0524377808584335	0.490915903807664	0.342376463840775	-1.21658654343927
-0.57080938632885	-0.0255044211672563	-0.540396675530141	-0.781964696333013	-0.8283740555865
-0.968954666452791	0.162537527215967	-1.26939189805128	-0.767787167008734	-0.531537702796718
-0.608123366121005	-0.244530676984217	-1.6346958786712	-0.147324927638896	-0.249163950429486
-0.816848771170999	0.0615567087546653	-0.92447450437295	-1.31925133917076	-0.961550074045362
-0.766925496945405	0.565913326944372	-0.571757690212082	0.0273855147057902	-0.359016460207817
-0.738917977824024	0.187759153604511	-0.902986758197721	0.833307616783162	-0.252510450656718
-0.49707943755232	-0.107292756744276	-0.795846063318496	-0.661876646601162	-0.426155648783667
-0.399321261980811	0.67170154571073	-0.957735468751793	-0.0221218527147199	-0.811711641168373
-0.210788006594504	0.777372497343221	-0.867130986923498	0.186288148816219	-0.162148266047619
-0.612153707810599	-0.0624793805087736	-0.180853250814081	0.234465640651965	0.12641160961172
0.197968027763387	0.356928737198848	-0.249493605636913	1.06604764781827	0.0235859834575611
0.0180310375622166	0.688958374217833	-0.674156533228743	0.292816493857936	0.350068625469925
0.351001195221374	0.626662262530463	-0.00747795174994093	0.546861376020127	0.391685901539165
1.03235218480009	-0.310780663323635	1.05113159913513	1.70641400950839	1.84436007212316
0.733462599408827	0.492513713171943	0.474375139478158	-0.066008314810912	0.583813657651074
1.27363520133148	0.341845014603046	1.04997328875217	0.316282405992995	1.1073895192344
1.00862079334673	0.23599424492899	0.832990301229578	2.11983513918666	0.664814576130124
0.94955859820408	0.639031110159964	0.672615134350951	0.277114166228123	0.404191265209138
0.823753562781648	0.00451182432142857	0.696361256036101	0.39813865775699	-0.209507005530447
0.259013400299038	-0.0594820794032808	0.529858370851127	-0.351411307633555	-0.225712606430962
0.172483081327374	0.28001132061336	0.460763223731726	0.405622889095024	-0.334833353353537
-0.0820594256489461	0.086480862874532	0.277676478579871	-0.0168370441551249	-0.388979197884251
0.403904108123995	-0.0436813279978074	0.119342545158164	0.884871663362541	-0.956325239383796
-0.114487613491544	0.284400787904743	0.10516288289915	-1.26152181612634	-0.0500820533531756
0.266012342167093	-0.224150825628324	-0.172214055264279	0.779425848627683	-0.279299027164087
-0.0988542155918682	-0.226703685174912	0.177293841798963	-1.58083909313812	0.0379202833311996
0.0880177943946551	0.00594910871529368	-0.659986284760861	-0.294064085641997	-0.403468961004725
-0.323903446941333	-0.162767390075693	0.59843526444803	-0.214339446793229	0.185446188557657
-0.257629745217892	-0.0509690298131227	0.286089190581368	-1.09665760957452	-0.412962151343604
0.00723115101777956	-0.302041472932409	-0.406070358483014	-0.32303982762131	0.0188787568578777
0.137598050326046	-0.297760784915071	-0.0348250528116059	0.854228813192365	-0.272254221118921
0.488353487656046	-0.102758013374842	0.802988152170697	-0.313946552413669	0.493523348572744
0.271440932441657	0.0686062315333015	0.228967266882043	0.558636087209135	0.334306770762636
0.482878275096735	0.29272729176544	-0.166283068317453	-0.903280491163813	-0.584649545205784
0.39103246298419	0.358954884788854	0.0666714498007458	0.699172661976018	-0.363956418328501
0.412473193772016	-0.0310278731996979	0.395978559094665	0.214187147420606	-0.204366923858749
0.513328874511513	-0.422653746781835	-0.0912532217648372	0.598801278718455	-0.0823063078419868
-0.0995035803658322	-0.67028405073771	0.499981777982325	-0.670877342053709	-0.205959895177969
0.290185965912693	-0.119352019948424	-0.473100307759505	-0.453596842698838	-0.902345535162118
-0.402210999527941	-0.348023061017207	0.247439482908603	0.962194542814404	-0.791359108180322
-0.150717208514735	-0.618830399950653	-1.1659068984606	-0.0623229014304266	-0.439630052748156
-0.255381562166784	-0.641628115939702	-0.0534443224983745	-1.03422836698966	-0.52964173053679
-0.553497867867237	-0.0976755349928603	-0.0250852574733016	0.289467434782974	-0.335201050367535
-0.485303393932012	-0.744942327786252	-0.20683934019943	-0.473282249229103	-0.633506056901524
-0.279982469555112	-0.246727775156088	-0.495842250334905	-0.60034041814889	0.019695657291863
-0.181172147923373	-0.318262528178441	-0.164696918339674	-1.68906685383562	0.298744767113098
-0.038254048072884	0.295988029783814	-0.339789103342218	1.12609571539233	-0.387535810950189
0.299868901177589	-0.28539681541733	0.225854191863995	-0.62231021455135	-0.176248213046931
0.0775028675692225	0.559380500377436	-0.164976695594168	-0.178707781792158	0.0218903031773673
0.0876538539430322	-0.22206111133341	0.555911119206968	0.713578849917436	-0.143551801520313
-0.324262457354693	0.292890402600699	0.593578130611824	-0.24813850833189	0.102937092443751
-0.0140504150246424	-0.252333683404538	0.3904687084369	0.743137386101035	0.2026841351212
0.408662031221633	-0.17181808985717	0.577270764019938	1.29803138482508	0.683444507769525
0.32115411787063	-0.0143795275445724	0.560048172585166	1.01646316222968	0.0223885225737531
0.178402972008951	-0.127984811241822	1.19229186412821	0.0874628796671571	0.310787555946423
0.371672563337701	0.0568960502816665	-0.136417511376488	-0.408789771365868	0.431388658215144
0.213878294945481	-0.402740786873797	1.30968285584767	1.1700203305165	0.0230989610094934
0.0333708632875689	-0.300093545824589	0.970783752924599	-0.15054652768409	0.235568851967183
0.0287892394085674	0.332956197084698	0.100566758257771	-0.137252416520522	-0.153345273101279
-0.168720767815446	-0.248010060729568	0.790959105800354	-1.4325613835382	0.0907367246721564
-0.267489192485468	-0.502414689093199	-0.448531557675623	-0.591688806902853	-0.343302495390907
-0.156167369087665	-0.0397574945719346	0.214795891291904	-0.475023782802486	0.437048638037938
-0.106053435976104	-0.269376276189257	-0.372758277503062	-1.40180166805999	0.0727776945104164
0.0580634487407822	-0.124905713586993	-0.933476995761393	-0.946950296784084	0.305294591584429
-0.100700377611945	0.00286980852141932	0.296953745159729	-0.575518711087039	-0.0160459978243801
0.0556251634011311	-0.0177602308894471	-0.100674923581073	-0.973382129309276	0.188951046992681
0.282596724934845	0.0949634040105871	0.680420490492413	0.932681780619462	0.356727217425481
0.307144481398716	-0.164390888171389	-0.857414259219941	-0.126905390690606	0.698208757911672
0.337669348446915	0.449145729467732	0.0448110365415833	1.27865596060733	0.470340898003465
-0.0727086623875422	0.0449717217528725	0.506914032999876	0.23718039873781	0.481702345923984
0.343851516848672	0.11253784264405	0.276136648500365	-1.23943844180159	0.464629005563683
0.286727696803493	0.449138330713711	-0.291687433135256	-0.581388054211049	-0.0457113008262024
-0.109698603652156	0.601594102977851	0.158328059280606	0.58389475022388	-0.0815902388590872
-0.0518962713294293	-0.393961781586721	0.108742283491336	0.409738182684614	-0.011382016684123
-0.0338995048692615	0.0132303527174105	0.419680239413522	0.188107002667327	0.0943386193050601
-0.084649096161752	0.141430278285629	-0.35905553675	0.352079024704035	0.341332346522259
0.0378052171157344	0.032633156177721	0.126238223586589	0.404592605213812	0.0935669951071082
-0.332776717076512	-0.166208015548535	-0.257566722465204	0.71172858484525	-0.116345413251862
0.0860346649117078	0.200811713731172	-0.201527281790468	-1.25254707922145	0.154988236216637
0.0935924164634334	-0.156458406303044	0.618480731378954	-0.434699212734551	-0.205987297430099
0.0363112777427634	0.182651521975766	0.364188703084595	0.480382886429829	-0.151515516063887
-0.057700864255448	-0.027134249356133	0.345141649468819	-0.0430192982778528	0.050761075885123
0.528427717687633	0.10084601186847	0.818385848124855	0.735376616694285	-0.0567952058559584
0.163515578926639	-0.361333251188461	0.0592801747609021	0.301227684370285	0.11914560835025
-0.0174567090937781	0.220095150044133	0.380978235252237	0.078867050226638	-0.13491404152691
0.0132639792421079	-0.181041720438415	1.08680357710208	0.396520863205256	0.547588574768915
0.214443655472093	-0.353136041693345	0.223461156997408	-0.605134129911758	0.45747336181771
0.710421256505202	0.224959147257931	0.040796526805591	-0.102194323044043	0.173160586120981
0.0348973095768432	0.129775485227367	0.266528271712004	-1.47214665074731	-0.0470414276131746
-0.149132466206874	0.0240177585039323	0.588804881555717	1.32900040958287	-0.324837628542059
-0.37955239891863	0.244643075539895	-0.864085191168393	-0.0121871766178369	-0.141270923734282
-0.473869262241597	0.746584688558545	-1.36907703535899	0.627013534024622	-0.877018359784057
-0.385888272833541	0.192128349972521	-1.21335160844647	-0.963280854940191	-0.532462891471626
-0.80794553339288	0.367311633935446	0.113363577828533	1.33181777658506	0.0835901966008476
-0.274632693652269	0.577122941028644	-0.383354061167259	-0.49007348233031	0.067578350160178
-0.37889271916069	0.159906853335258	-0.158047823020062	-1.39131294802683	-0.106282756535466
-0.544584206019786	0.0742215711895229	-1.02254551286027	0.638217744281978	0.192764542380948
-0.872036314783732	-0.100519147528725	-0.619136830270779	0.123424593175131	0.345888939921031
-0.321457100807453	-0.105473608216459	-1.2584747465386	-0.225367379054948	0.0466065659176779
-0.688498893770664	-0.432317144138652	-0.526889290108762	-1.11266456254493	-0.870163570996506
0.116500104956052	-0.230126968372245	0.119549645282232	-0.874368624066637	0.463866572543031
-0.149622776963993	0.0854270915582231	-0.476274496044314	0.796737279248676	0.159812786113957
-0.11222264877843	-0.177469691886158	0.202350806889639	1.54838671411297	0.0222330860425211
-0.574885804185867	-0.236918506123321	-0.753509093954356	-1.41270008779412	0.67565618297823
-0.246766065143466	0.26666991690953	0.186128919652465	1.58985158556493	0.178832975846166
-0.162054517282591	0.0790276135528218	-0.0663442736405607	0.158870620379884	0.48052821950182
-0.00748103904378601	0.523684143842865	-0.244317680168573	1.42811565495229	0.44246093905507
-0.681335208102552	-0.29591906808158	-0.0802140342914473	-1.46072705087163	-0.0921506119729157
-0.438724725308762	-0.212255145971483	0.135877474851348	1.61544611213741	0.292679976999522
-0.377026582741127	-0.134965825901986	-0.820520131902994	-0.292884963537221	-0.321350171067359
-1.01548339568966	-0.232496776310366	-0.0211949078631901	-1.6830063214768	-1.1125295153693
-0.810223010785066	-0.812919365316829	-0.854308062921229	-1.32684453962452	-1.58515762218766
-0.703747665029017	-0.170919239149173	-1.28565693151354	-1.51306080950257	-1.18709475292487
-0.543882718211074	0.0386732566201131	-0.24522730020478	-1.45540224222048	-1.33219244706796
-0.927309362085338	-0.48167954852903	-1.22986030404216	-1.95627415430666	-1.04814224702041
-0.308213416433353	0.14702679887394	-0.973739839581758	-0.859726341048204	-0.46990392692106
-0.200110743212439	-0.0894835351273608	-0.221222178124438	0.0141981757743502	-0.399010574057819
-0.163150076487256	0.13181317907329	-0.637733912861132	-0.867185020972654	-0.385869370693245
0.246670493666021	-0.0541186232631261	0.31233321589996	0.534969964379376	-0.217199919526985
0.252406794125992	0.0773712072187712	0.358957078409646	1.67037968146923	0.315559126743316
1.04180684116436	0.192116212158064	-0.390928756258105	1.23851057911667	0.174617793339467
0.350210601356166	-0.0613750674455555	-0.272081614287082	-0.937549578730667	-0.393186667565618
0.978610337332249	0.0757428984885482	-0.461122515374491	0.853366927582037	-0.14834824316277
0.694070035892557	0.415366399455854	-0.316004746334904	0.296651663315851	-0.340095319123657
0.440002174110335	-0.422098778504814	0.32868656991924	-2.57621402301804	-0.276696912400193
0.502933365163865	0.142488306273005	0.407650829575378	0.226938622507654	0.0484218658114022
0.726056670140697	0.0282645663754056	0.277505889616286	0.322923455685497	0.42215592758022
0.345148014413455	-0.138221517975947	0.253389608192746	0.293980520932048	0.147676750301378
0.409103456035406	-0.424453585315239	0.959070814198714	-0.200051011986155	0.0593314374179132
0.19367984187479	-0.134924214604915	0.278624879797914	0.109874992832857	0.830120929462956
0.260009644049196	0.0256558023802297	-0.244574848636774	0.270053350778792	0.708953867840099
0.278969702127145	-0.372475954813724	0.239601749853507	-0.124090681607679	0.2260254781638
-0.416612451980567	-0.0448549120319279	-0.159909072959771	-0.681545585779127	0.361263281524792
0.287714206645022	0.0195337099275655	0.450190061749462	-0.529561248719415	0.678563758885873
-0.0151990476319219	-0.415747293652129	-0.314324522132724	-0.84916044667599	0.762042240681676
-0.274838689205963	0.337687321508078	-0.141465519341796	0.071818816960225	0.192145850371879
0.350273603016656	-0.0868702168500702	-0.44612509051472	1.35455962282906	0.517757287118804
0.139436612438533	0.150777006249517	0.0152514166909038	1.25252236563262	1.1256261216876
-0.148341014205689	-0.359210447999554	-0.0884331137389223	-0.252784042843422	0.104783275167654
0.354187600485145	-0.56747098302894	-0.353663478395239	-0.827379673046869	0.727301581851382
0.547801255252181	-0.0267225737255685	0.68558436127174	3.23577484679233	0.814838009851731
-0.0149141624262808	-0.29409404636607	1.06903223753556	0.998353967219797	0.773418922555229
0.394693946931013	0.087937525534879	-0.0727446397985999	-1.46288546790008	0.663480496773808
0.285813273270644	0.140967025939864	0.0782253124547571	0.949040274872492	0.692208090990617
-0.346188079621703	-0.217517432230344	0.187519163235171	0.306825950846514	0.320156986120555
-0.40240892207682	0.0261967916860726	-0.503308545800797	-0.483317040517065	0.200971250831314
0.0199421145408377	0.299668328431383	-0.038147416787635	1.03610672512037	0.0692673037799338
-0.258280839397419	-0.0618151801977629	0.784247253884607	-0.219583753056913	0.273517172179403
-0.245807359867838	-0.191654803424938	0.316980838769489	-0.312844680144178	0.171801544978999
-0.373463554974864	-0.273647736837932	-0.250905080145958	-1.18275492193281	0.385338625932056
0.11288085248518	-0.126557309205995	-0.182746193158795	-0.100445970456161	0.23495466326694
0.0962493473155733	0.781169707191483	-0.404319320569593	1.59113768603938	-0.0385582064106087
-0.0224841963136786	0.315391523001777	0.292220235149877	-2.23687557320784	0.137934669509684
0.779082904792636	0.29911263569475	-0.0760562714391695	-0.802109579855004	0.239713663293896
0.327629341598807	0.21339418573241	0.283211273904716	1.59228966553329	0.690984575593163
-0.120372964116854	-0.216550299251235	1.07319658576468	-1.34376860785971	-0.0894668232053568
0.507697399594339	0.191911681901708	0.702592634061609	0.356699114801557	0.370697579592683
-0.00208120962325934	0.339581279214931	-0.128155943425307	-0.483710373203454	0.882772437511803
-0.280375560339589	-0.3003711897027	0.572157795402303	0.460537139520138	0.313992285242493
0.0146275720251066	0.60201013811741	0.822099138888942	-0.458458082889275	0.182678903170938
0.324349338458953	0.154895364183513	1.18280991532315	1.95253341269323	-0.199899807523126
-0.126513731555012	0.470368617317977	0.316921495817828	-1.51182114727911	-0.154676619455627
-0.482671873265211	-0.151153585175213	1.12446689922986	-0.689801449063522	0.0701446353871074
0.293523828124971	0.117912694236657	1.30183478567073	0.442304228259076	0.0165352584683629
0.281306798632658	0.314944429463616	-0.512604812899878	-0.206453816788757	0.119624696882321
-0.103083038920734	-0.295333190891572	0.527885001406797	-1.5813494862116	-0.270432531266085
0.583411795630721	-0.0232584048713156	0.35157808934735	-1.10450652823216	-0.279939154329435
0.639043958463921	0.122956730820349	0.0513718235803885	0.193896985727293	-0.0555851802300917
0.409361139302416	-0.122949987052599	0.415624555346189	-0.439826206535404	-0.242855389718038
0.733150081688591	-0.573564841512698	0.392019608730333	-1.62642100575237	-0.616003657549572
0.465787475414079	0.113333658844287	-0.0706345833242395	0.0386344948193098	-0.64211667569783
0.123909954653104	0.30604166068121	0.860411926615983	0.332326162696345	-0.616868337081053
-0.0349765375522726	-0.398801533936256	-0.541893155437046	-1.04973899274907	-0.765491213892187
0.366541457095296	0.352285703629758	0.558943896224802	0.967682043405078	-0.590108319055609
0.189781053737561	0.107852976276971	-0.712397644472178	-0.885701090595534	-0.48723878822779
0.0398422986863772	0.156399069834918	-0.664192623294144	0.0460818399393065	-0.543070339785168
-0.497025087745968	-0.309489079399194	-0.296139594703041	-0.0645541128530897	-0.558768081538649
0.346909186102042	0.109516067832581	-0.0516708396971855	-0.493258728958357	-0.302022017782149
0.259715295983232	0.248907539277806	0.264550379252966	0.463807486404801	-0.356703171771691
0.330454011450671	-0.229929965156262	-0.396245557532244	0.749261381396978	-0.475920226221517
0.501914437691673	0.422493502450095	0.795604785969716	-0.758727156030392	-0.309822088323714
0.889936904728697	0.652299420020079	0.436053463485529	0.317779666092463	-0.514516400196803
0.830942052369501	0.00358328116278152	-0.366246648382742	0.639333840710421	-0.173440296744927
0.43981787763985	0.103101796640343	0.533180337637903	-0.181747945108238	0.197075221367857
0.937415895289627	0.169531707790519	-0.271076939582866	1.32854288432463	0.330339036803505
0.431812905498316	0.371142237255441	0.712925608322761	-0.285765431000493	0.0779204660423752
-0.223193092267614	0.0146945500257123	-0.701907787769139	-0.446939909630832	-0.0346322956538986
-0.812805370724745	-0.223702151925891	-0.44061300518365	-0.0794278420860815	0.039713962043031
-0.138148400996869	0.088896714906337	-0.184781030016071	-0.271454968018143	-0.080185731954528
-0.880672578530385	0.136157182699743	-0.164522081984227	-0.967571716838539	-0.313419821662234
-0.961948236027543	-0.432625214243182	-0.455830423839674	-1.72487238519536	-0.185211592983129
-0.77543111505172	0.230296342840849	0.491306709915012	0.108640235444322	0.336652274285754
-0.270877846059272	0.417612680745952	-0.599000842908113	-0.35174797842582	-0.0110917772079876
-0.394433817688863	-0.190671887028498	0.652099813813442	-0.462307968053368	0.117366491261951
-0.496672215761916	0.0467000407588393	-0.689157129386608	-2.01954418322644	0.116745076194229
-0.329275981537553	0.0284832489301874	-0.118812333155905	1.03202508673929	0.220532862437741
-0.232105302616818	-0.0241750858143689	-0.472732381893501	1.43824559327684	0.28422162327392
-0.379960852529188	0.0959235062655236	-0.729663451718678	-0.608586682413486	0.438192660239456
-0.355091083987291	-0.102056989643179	0.23713314610319	2.5663208187035	-0.0309427779172705
-0.228108493721912	-0.156542636608152	0.0484459337227896	0.300383498119455	-0.390877610160816
-0.671164257608802	-0.101930780486931	-1.12176389298344	-0.643105947714549	-0.175894824645298
-0.747979227474169	0.215023133056003	-0.363299838966624	1.02786675298307	-0.858688553874007
-0.336640735497556	0.232547083813872	-0.643529317278218	0.856565392929128	-0.733800552228979
-0.642707018195815	0.0600005223394566	0.243762060461813	0.897046073962374	-0.610545956493911
-0.586624793256785	-0.306309055576938	-1.76529560756843	0.405387867515865	-1.11096139600687
-0.856531356216578	0.0726146892202977	-0.046336602841334	-1.6209966361234	-1.20951782658909
-0.634343831294864	0.428539207146218	-1.07575996782408	1.88213462670702	-0.789899086538289
-0.785838534745425	-0.232515211954951	-0.883565614631414	-0.666703762841436	-1.10999058858012
-0.560155245022088	-0.350401783086751	0.0528579001040894	0.160945379290496	-1.29274124645653
-0.747173122729998	0.0202634794188794	-0.349587551356162	0.588491298564979	-1.21240429778078
-0.429181112729937	-0.237247003703265	-0.335099288246043	0.8361558078206	-1.0640922659956
-0.59643468790302	0.190060259491489	-0.261163302547044	0.903133144380116	-1.12419054676155
-0.691250926421009	-0.0148717625860234	0.495420196511757	1.48393528901001	-0.37550359144455
-0.418863848264058	-0.0261488198010694	0.235846659922623	-0.299357701748096	-1.07503684235118
-0.631517603916536	-0.130675399605682	0.0087638907710806	-0.30604371487494	-0.890807878005943
-1.0620899411156	0.13413042322562	-1.00393434712606	1.09566819719202	-0.408553577784654
-0.556232319057346	-0.0659942462886872	0.136239548932664	0.297927305307413	-0.510537558374959
-0.0178106017077759	0.618459225253251	1.40795531859646	1.19592072477182	0.252359906966588
0.533738119258294	0.551112212426703	-0.742615975707209	0.626443818468871	0.481039132385899
0.239161618229417	0.468300412635972	0.317804916798627	0.82030144761699	0.669780491769431
0.904850743404618	0.397602828678356	0.624423305187756	0.350369771180008	0.862161891824734
1.12043296389922	0.0299352359126309	1.4721310035778	1.578257891467	0.547828488487587
0.857728689277152	0.411615903326177	-0.298411838320083	0.0135685092190266	0.63279992364657
0.835669018552721	-0.104626808330252	0.721968314534221	0.100243699868031	0.70635892000474
1.25929864199346	-0.0466288150317481	0.0588245931213165	0.907689594156983	0.687557723232012
0.522973303125034	0.194386718863726	0.568400957861706	1.49981203798923	0.416837749191594
-0.0271774574016003	-0.330376024887394	1.10423945989988	0.552954306736594	0.552427514195061
0.463390638134836	-0.35006479897901	0.0529018989646115	-0.435224264504798	-0.189778672803994
0.540694152463617	-0.592799505925927	0.228520823595382	1.13019705077749	0.423544344606596
-0.180304845172781	0.119059011386137	-0.0064122797958471	-0.0164729569913181	0.26032810405625
-0.350605982304813	0.103539395205	0.707587882476333	-0.0840317446530124	0.64380995709347
0.25888893756355	-0.0119161216165923	-0.653333542479148	1.42032235036697	0.0226356598712091
-0.115505052269186	-0.188159164388558	-1.00574832328799	0.28127206641724	0.494955672072701
-0.20041137899193	-0.221798940478121	0.1076594802314	-0.379093079774346	-0.0419026896880922
-0.196245570378998	0.128058077418287	0.0441264804198208	-0.279489899467609	0.217543752095951
-0.439265629488756	-0.289043292811584	0.440673199514753	-0.151807055283736	0.642522526673153
-0.0763827683903206	0.0823858257960857	0.397679635044728	0.638442370432988	0.460385942320594
-0.442878080425902	-0.0699083759271143	-0.280300805389447	-2.05327500893094	0.402821894678808
0.0910591604040034	0.113441174579304	-0.22561665418634	0.65913432053691	0.648579944063485
-0.29894059437961	0.290640802058583	0.183816478181143	0.777551891870973	0.715630069011359
-0.0494526076020338	0.594706628511028	-0.0636231987200863	1.33484828882422	0.391365737503092
-0.0201038417023935	0.185373571408414	-0.154239822326873	-0.33883033063311	0.145543630150812
-0.105024381153181	0.104443604132012	-0.465025171756506	1.13487226898662	0.349264180060312
-0.230702832298124	0.0230630935100984	0.280256254437529	-0.0745391611119141	-0.097670742479227
-0.114660834654582	0.0180807965586225	-0.22269565229383	0.789763716312355	-0.203418437309917
-0.458971247782082	-0.142088027548151	0.0735442595816887	0.12573918087808	-0.509075847781003
0.123654178026556	0.311106324528515	-0.449166495101881	-0.800553047397597	-0.148740439084706
-0.489104966931292	0.211630361659902	0.126684589449151	1.30967310494965	-0.193764476583436
-0.65875988932799	-0.270003157548667	-0.120075289715525	-1.10748381553489	-0.0268496171071073
-0.47199920627106	0.028339868332881	-0.0983476857991963	-0.17989766411259	-0.2486836031202
0.144529679929583	0.13309133176083	-0.317876844659339	0.888739622737461	0.425048553441924
-0.214373629355267	0.10619520578318	0.252997972646235	0.145255405144983	-0.0164340268387444
-0.253261483719761	-0.185157880092897	0.154533661972527	-0.783149846269109	0.305731492936117
0.0578406759931976	0.195292560301276	0.672814136911219	0.794508208857344	-0.442592179828171
0.298259377136114	0.247581302344725	-0.394885451958193	-0.281424200590056	0.372244293509653
-0.13194525705472	-0.0676453665567709	-0.110115951487954	0.259776174970144	0.462209694322025
-0.326736190121088	-0.0375262138652211	0.0574766588039535	-2.01257291768553	0.379746087173727
-0.39220430035512	0.246973921084761	0.706544236218587	0.390317284939158	0.958254254830335
0.193552839506893	0.287418316212755	0.440062682421978	-0.144407845009999	1.03139494150747
-0.0774702949532427	0.435371068837073	0.87436638053983	-1.03858628628393	0.9618038860474
0.524741437741992	0.559864989865095	0.685182107347737	1.18745567583318	1.29392133923777
0.764146619595736	0.64566889931291	0.657630092377662	1.52857284140926	1.51875681395918
0.387294958830528	0.505025164671064	0.667914090395681	0.489431078682359	1.00088463881656
0.45214608638126	0.104090359048714	1.35738817588034	0.542324540183241	1.31126103083793
1.00694709404164	0.372139886214887	0.346963111159611	-0.232211085017164	1.03328194304946
0.5104561563169	0.325605088117163	0.844374180713664	0.501018185815236	1.20468830926568
0.792546264216853	-0.212241183417133	-0.115663897563267	-0.0435176652396336	0.323318755145685
0.932293291660889	-0.173368208446717	0.590374032482553	0.0253594493292323	0.424328311783847
0.54080824653395	-0.131968295083502	1.21593998890644	0.80919656946672	0.191584722922121
0.816961458204953	-0.396769362057261	0.266994886763839	-1.48962330196434	0.0595341030529705
0.520518214122215	0.277300259432427	0.267742104321507	0.664689068224328	0.184267991117982
0.703099983837093	0.124209917823102	-0.52992956839695	-0.437498410251904	0.30625848234513
0.375607529436154	0.448361505855075	0.370851260487105	-1.1182318325821	-0.336928261931567
-0.0797748579444429	-0.066970647551829	0.502660290006982	-0.513970796129407	0.454598593948199
0.509682081680589	0.358021355686145	-0.360800395708995	-0.934222748917238	0.251855660081556
0.119959796562822	-0.176824389049446	0.1801078231608	-1.18978215024271	0.404833024859989
-0.0746929745339613	-0.0651259847147929	0.32268144492204	-0.0622389115889926	-0.259437765508366
-0.0413486832268804	0.268519828077052	-0.505274053249673	-1.074044184428	-0.201491030084602
0.136791894256946	-0.254238963733076	1.0669834487892	-0.616964124189943	-0.349587195206173
0.123439458254609	-0.206856955797076	-0.230225266686782	-0.0257920602076721	-0.506716323711943
-0.20004645934427	-0.0154875157335113	-0.34344649312633	-2.04587830452978	-0.77045188895791
0.343882030395224	-0.307873613900276	-0.30753997649236	0.907296814629523	-0.566539660534834
0.161616186602363	-0.222895344479838	-0.0957223693900666	-0.233924476958276	-0.525710150613337
0.0908580281625181	-0.259578748490433	0.628371468257137	-0.123577907558844	-0.355864647684186
0.166726388634379	-0.0832072118723582	0.375166272580642	-0.855220921973589	-0.803050962016068
0.313368682099486	0.154755495474994	0.117414819037912	1.43698387530625	-0.0328659792046567
0.555939689364363	0.488667307950941	-0.394321578392225	1.31038504638381	0.00619072258749999
0.379435013211078	0.116857774370397	1.30424753961042	-0.945366589853777	-0.409703458272193
0.412359753113914	0.463583177352189	0.22345790319294	0.223820359705566	-0.380222659256408
0.530948339582575	0.0836093821988881	-0.379478550802037	-0.555772888912423	-0.144727835854815
0.584826937991258	-0.238689521881528	0.595332666547432	1.04990306568523	0.000643829760842137
0.939922129069515	-0.406993187301544	-0.00282963983181228	1.10216854227221	-0.598777753745551
0.308726587486667	0.250632396251603	-0.236850245356762	1.10348973472677	0.119874725694263
0.160152630344875	0.120432031868365	0.350164639385769	-1.18513569217901	-0.300083686563949
0.0388152262066981	-0.166148575107414	-0.707449206354997	0.507760989734218	-0.821152016287589
0.261306651290663	-0.719173621192686	0.684882018126684	-0.745083498372186	-0.624638798427841
-0.0858014009573246	0.00986001341276081	-2.06393249563409	-0.110957679582874	-0.456887052675344
-0.175438036105982	-0.459155163991924	-0.722262488231071	0.865702905491317	-0.461573776404811
-0.681748799123576	-0.233984744130602	0.0286139198086007	-1.29871771676103	-0.659008765260121
-0.462362684254635	-0.488091184040872	-1.25194584439063	-0.704496208613594	-0.547156132043221
-0.358978824120663	-0.568174266073281	-0.0980870505096401	0.00308315608596843	-0.510132183862913
-0.498137838016523	-0.21449884500733	-0.757456655737943	-0.183559659336581	-0.890429879013618
-0.790129094385164	-0.688217620219378	-0.452209967852362	-0.717310662201999	-0.832504061273818
-0.467103158839274	-0.272810222004371	-0.419755442433434	0.799065895501	-0.341547373413141
-1.09820093133021	-0.88165695228941	-0.491740814172357	-2.01288443691851	-0.837919294098535
-1.30718621956388	-0.566475147114562	-0.920435346240048	-0.632553309730355	-0.60274049534396
-1.36939987960369	-0.382049352321975	-0.702141832608436	-0.213486120005977	-0.800815584373938
-1.13277492484444	-0.193567189793104	-1.62961765712078	-0.730003750577816	-0.615918967078784
-1.39562600126864	-0.680532003147072	-1.12192116552286	-0.141922919441986	-0.694775074529571
-1.20403062381443	-0.168287268889907	0.0185085752721083	-0.558776269871618	-0.397969288943834
-1.05191093509711	-0.119957081194396	-1.11340894448252	-0.551142594994951	-0.495745939457317
-0.918950986299802	-0.728561163147858	-0.997733969001802	-1.78606282343924	-0.00921485109371265
-1.17045195222997	-0.143781699834609	-0.302906092878967	-0.520706041327723	0.40069192255817
-0.658742227567105	0.165188380338646	-1.27092122681484	0.122286222785472	-0.0772609399166944
-0.429652186298133	-0.0847880738198514	-1.01053220057359	0.424178703837547	0.881487234795605
0.0464928216461954	0.10355362152964	0.697527288606964	0.0206309862797259	0.514759315245813
-0.106865064404279	-0.0597620747988031	0.18658975109703	-0.291721630652739	0.315685461563379
-0.0422594737164692	0.106821706466908	0.661061728977175	-0.234391793811997	0.527756065567612
0.250850199648009	-0.3431859676184	-0.653087290108508	1.09398440966243	0.26507936809495
0.0861233323218865	0.218530454041205	-0.310679427647597	-0.512943444949612	-0.176482535093902
0.111671676905483	-0.321941290090111	0.710519366125101	0.167221598668775	-0.264937274927649
0.552605452882673	-0.0797429012398252	0.651235039979848	-0.439836629496506	-0.0277145137431575
-0.181190350603581	-0.0324498444918184	-0.592003650689984	-1.21511915689095	-0.363957434935676
-0.337825808908124	0.074503308177629	-0.149547551003993	-2.4494290644028	-0.17767034941084
-0.367541812835474	-0.880298647122648	0.132089532114521	0.0679567836605508	-0.380681477922649
0.442147869574887	0.333564385855368	0.130116338933899	-0.380665372052634	-0.254542941199163
-0.0671291151664237	0.26574190239934	-1.66948082702482	-0.931916633566612	-0.284106491824255
-0.426427542417685	-0.671354882837142	0.231873376111663	-0.583197760764635	-1.0227017978918
0.027547953765844	-0.0593537696499947	-0.524128570841793	1.02555635117132	-1.025777698109
0.627069899650844	0.232095415399173	-0.986492576588842	0.523462078730503	-0.450280166505226
0.431281330431793	-0.157077477979326	0.568573910081029	-0.229916445525624	-0.130564817571872
0.218138491089336	-0.150155335606575	0.0859743514630954	-0.88283858843821	-0.18940008755466
0.668077150726231	-0.100825694757906	-0.74648264466229	0.583777417805335	0.0495383238229499
0.779589567769373	-0.237756241197514	0.802459188601881	0.393211527612525	0.260135045153172
0.802115629190888	0.116922228586358	0.144970058311183	0.236105864904616	0.0425752775429937
0.165474154163	-0.260876053000074	-0.20898125925304	-0.790825096825801	-0.0846570960991962
0.367680382999666	0.0135277400787133	0.819125558590426	1.18229838076826	-0.0735737416300198
0.48086750927981	0.0894029658743422	-0.073032431963853	1.28307093442612	-0.0203656357587711
0.45758761409102	0.233701263752456	-0.18741208693477	-0.92398665861301	-0.0747887606102137
0.102090787533343	-0.362259841727792	-0.220564890029094	-0.369947113756719	-0.0200925315207834
0.104142127393736	-0.275377944950522	-0.248929582962439	1.03855141256258	0.0254974966239522
0.652710622006068	0.334733178288154	0.244348601744829	0.572102294744357	-0.0726779822929836
0.142788135559763	-0.00286964187773625	-0.367946625076707	-0.600184149549884	0.259259020011882
0.347207097754777	-0.169911502555889	0.161875487574085	-1.57111334662234	-0.387579694290334
0.868661313946026	-0.257705626246227	0.126276021247216	-0.0614680729073173	0.534326541012621
0.661051754527013	0.436582433939138	-0.133553888791216	1.71076391068054	0.329615039438634
0.144277634688112	-0.212849350498372	0.204441166273919	-1.43110872832943	-0.209738005909276
0.25511529337779	-0.315642039764701	-0.0780599477267565	-0.710395024731089	-0.268996168896004
0.660815284972556	0.081520574308362	-0.624050234490601	-0.380955168600557	0.380862775928414
0.239400741093514	0.121568201713382	-1.21229376087678	-0.355592984502875	0.109299824432562
0.0781060090244768	-0.00871834377079403	0.838849589017266	-1.65744894600522	-0.182061536232664
-0.327451520346759	-0.555997892689037	0.882459863697318	0.545482745174561	-0.131016057200823
0.0054374014818308	0.373262748439752	0.0228754256387559	-0.609874671255218	-0.303400716838506
-0.19909611348585	-0.217779867971093	-0.844943312488332	0.995026155640049	0.220976570995959
-0.216866839902335	0.0708570317065072	-0.0112201947613912	-1.33756437661897	-0.0691075502934138
0.158806914201185	0.104356759900602	-0.104576545732244	0.398984644174878	0.0450590238981043
-0.204567462103724	0.672950461409141	0.320431535929312	2.68319898780647	0.877419891146455
-0.336693396184447	0.202228325074156	0.779433055806191	-0.183867036978254	0.2214040602063
0.474261977617771	0.286350597644551	0.374371638327087	0.913801511350993	0.367139765283796
0.647229608274636	0.853062133274368	0.312639176358023	1.59573040164323	1.51591237181402
0.225454709850191	-0.190913538372996	0.517159487658092	0.168382292945985	0.771097658135315
0.190663804877124	0.311392560997485	0.278886543374113	0.831424825403806	1.16556456422653
0.298595179959238	-0.255844593139546	0.914050336137829	1.6821383378252	0.715319916307086
0.581559092462489	0.134404802743704	0.0980660781794565	1.55837148432186	0.493365715467504
-0.142571514547987	-0.607402183827161	-0.153925765323629	-0.260512757981905	0.496941641469178
-0.265819021941867	0.0518467600184626	0.793398573061323	0.129258041403054	0.541079731580697
0.301344598779807	0.226587024674981	0.0150545658901489	-0.242894317239905	0.396017019259362
0.0581260753776027	-0.380844011016563	-0.204900550553416	1.78928762561314	0.31382917322158
-0.330701941689692	-0.288061797689766	0.495015712544579	-1.49497149698485	0.000563605115220642
-0.448886566940444	0.159092663394598	-0.175345492702144	-1.84400787272445	0.469180812145885
0.304533627203284	-0.384122944801172	0.213491401196179	-0.81804676839151	0.140791505877343
-0.422527450942479	-0.0409934194565301	0.458191317006366	0.562964002042503	0.431953033675049
-0.0921431051307361	0.091044778500817	0.0370132966766156	-1.59796622091547	0.85715531323353
-0.154828223947943	-0.656595515481877	0.677506656573622	0.36273205891934	0.139577374439393
0.0728273827390658	0.495397007864674	0.424858262482417	1.32137834316406	1.16658336396858
0.139325069850448	0.644707063550443	0.849725260634594	0.67796263044675	0.743855658589349
0.0101877557679968	-0.0705864568024652	-0.523611688748463	-0.106568128471974	0.809902755970027
-0.250876538952786	-0.15459525310722	1.20633820247434	-0.110271438008491	0.745692547763225
0.218828906631696	0.0658662015274487	-0.847797723732857	-0.884842048986804	0.708557120907614
0.134128834821183	-0.334884788384706	-0.489376077336386	-0.00239601567433396	0.277797100957444
-0.0790508960061138	-0.584520055209792	0.503465471921277	0.585540061008017	0.447197333077576
0.345050149634615	0.783207087412005	-0.119172653161936	0.649753326345632	-0.230434256040456
0.192988521767749	-0.0693460079796968	0.671297677110143	-0.221728350792921	1.0980329625732
0.2756152936888	-0.125524303713095	-0.176509461784997	0.268335335628834	0.924482303148215
0.109435211084772	0.417984207188519	-0.0397309141639905	-0.442253330749437	0.624648714669709
-0.0659938624838441	-0.0891830810242818	-0.236071062293943	1.6221161378231	0.415933410386769
0.67540529898004	0.241281887555718	0.886709384511949	0.0159800457301715	0.943275724605101
-0.0485890548023147	0.259681117819128	-0.115262868740992	0.232114365575304	0.729143906951407
0.118500602318432	-0.0862772536898466	0.313175737559696	1.40807400186241	0.720268631336267
0.347695414603124	0.157836266353084	0.479126358037923	1.0166942823332	0.59329974808636
0.385603041124463	0.153344391886618	1.00287187135243	1.01901593243498	0.6216384586833
0.289152308682715	0.666787224212006	0.221614972442436	-1.0105196202236	0.84649872080748
-0.10661778681653	-0.0751291567858504	0.163479876566647	0.611484084902567	0.517855752710292
0.389517266656763	0.145757322941844	-0.119319876281854	0.28387342801042	0.835804893764735
0.134505755356869	-0.0194040940344773	0.452788822523775	1.29598932867564	0.577746367606154
-0.412338165605304	0.0668822958192556	0.485548474063688	-0.996570424374927	0.562173915017798
-0.473751732632578	-0.297136239370173	-0.592045703748848	-2.21584052762972	-0.134490771969357
-0.181247578801169	0.00399679007518091	-0.375971053380357	0.836061940384293	-0.544227900645811
-0.414936846929993	-0.0489643564175853	-0.393446189495478	0.209468564006339	-0.566866309805898
-0.61747559199689	-0.0542492560372353	-0.949771729331546	-1.79409974245245	-0.6217207709649
-0.990940610784636	0.0372073443223238	0.107188441760967	-0.89787885343543	-1.59974913163584
-0.597574456681769	0.130179285176663	-1.09654022059589	1.51123646046573	-1.35888233872137
-0.73195275756799	0.370083093783741	-1.13251953498069	1.24126636459968	-0.766341367584518
-0.902911073774415	0.0957158795940127	0.411009197893314	-0.126018468123724	-1.27991171779917
-0.71969776514088	0.176754057630854	-0.0872899534063686	-0.916544451598146	-1.37153065064202
-0.813100466109084	0.337546958288518	-0.74195509251951	-0.201885267635395	-0.977049615601024
-0.373849386397198	0.0131875980793181	-0.989690921770438	-0.889597165389504	-0.923083407048708
-0.662104354347453	0.247506678644765	0.484021342115733	-1.67701524000592	-1.40568704557919
-0.0989881289485766	-0.356154436298233	-0.482535102234534	0.650891300974368	-0.579939493311097
0.183145620241526	0.0313694274255782	0.344961330164105	-0.590321792478039	-1.10984183334973
-0.33438313269441	-0.586981477895863	-1.480064238979	-1.44004307861119	-0.812365845340336
-0.758326236503489	-0.177700568600642	0.187165156713459	-0.302356659976687	-1.02057540453461
-0.267280205517326	0.324778383320884	-0.617948743687691	0.00242724240561928	-0.539911086824176
-0.229713720496829	-0.376228322458936	-0.367979270643493	0.533627431785654	-0.768032019928426
-0.712290644529671	0.284851072843034	-0.183452370861011	-0.987864756777319	-0.790974149147342
-0.351980417199815	-0.172384549222445	-0.962691506808189	0.421961233943619	-0.200294002248623
-0.232019940096709	0.112878082780452	-0.363803619442088	0.0579902177942899	0.073182174115067
-0.212561747514813	0.142060176828069	0.459925233210936	0.376932464280109	-0.026143373619598
0.229855082107797	0.183394807456052	0.222612955274369	-0.247507933184457	-0.00837684068755049
0.773147285873148	0.145521936789617	0.515732671896692	1.19548356486966	1.13223862830932
0.99287095038114	0.118702851471005	0.318646720383181	1.57057612848518	0.752245475815165
0.656279490045571	0.285055084821098	0.870492700889737	-0.189097910636198	0.108501878164057
1.07423921050494	-0.246971987329903	0.852822561390059	0.875590621510062	0.52878210585043
1.07471348558887	0.0450887941588524	0.614395781419898	-0.566397313006436	0.0511906164664061
0.412311256898433	-0.450293206906794	0.0804307970612401	-1.85042646508396	-0.49243691446729
0.150912410530735	-0.580757059894603	0.379850258022239	0.588737454674427	-0.764336775590274
0.352451892399595	0.50492294070064	-0.112849593500231	-0.175839669235882	-0.696539462846199
0.142400479266719	-0.013455397246942	0.0949681088161639	-1.11571866034095	-0.888978292427746
-0.351807676598953	0.0754860822883862	-1.21042792134193	-1.1868283102699	-0.0131946382274423
-0.156526866692851	-0.0688915787710445	-0.0262594653848795	-0.409586704917992	-0.508260619024823
-0.041586000315336	-0.223028705499956	-0.792040398394348	0.484721046699478	-0.447189150976412
-0.233308278623946	-0.113802388723542	-0.783423162224429	-0.511177806200041	-0.335916710308201
0.0769892602668873	0.108468270839538	-0.792513672398331	-1.10555736978055	-0.560950910720072
0.0720794061063668	-0.3299031685603	0.852602161987877	-1.04376612944372	-0.620424390674793
0.550554726476717	0.242916336183993	-0.410246129136442	0.178230127585977	-0.250340037690473
0.492080955827284	0.529384477384043	-0.0304048860823672	-0.112417508973629	-0.74173776927206
0.553037257341336	-0.131415304302758	0.769354795163749	-0.837100896158983	-0.241602304159253
0.601196131302611	-0.231460274520706	-0.11380991327975	0.0877245775725062	-0.82933383879957
0.713385810966471	-0.240236029820514	0.0738739932994509	-0.244999720228984	-0.333042071187684
0.687514925822135	0.0440634205793214	-0.303408711662532	0.278793164838661	-0.39435909023923
-0.0314960166562843	-0.188132317836741	1.1645272590236	-0.906196704816899	-0.265840901176587
0.531276962412598	-0.10173335573715	0.337140589976432	0.359989527660784	-0.211624085068309
0.137258377054185	-0.0679956220263321	-0.460587643126653	-0.997746906339438	-0.223193942408382
-0.102080524876974	-0.0629157372420142	-0.692713821523076	-0.585063847351904	-0.237675559284432
0.290321503494401	-0.878020530361112	-0.108637985041351	-0.969779170845036	-0.661893421864444
0.00103870241031862	0.592054762033219	0.536561235779119	-0.154188179306828	-0.279997667821534
0.364333794448078	-0.30893573630557	-0.112608338332757	-0.617570787924909	-0.0387684192969889
0.0725118238621977	-0.301176561373378	0.606429827079534	-0.496500746714397	0.0499872487858767
0.0785043211932693	-0.136958413811552	-0.194493415295002	-0.141099978281641	-0.0663985460964427
0.473229593624778	0.246360384719502	-0.0178136891931037	-0.275889948161401	-0.0880196702530288
-0.0469957821382919	0.377348110321316	0.951735912725845	2.07485848706604	0.748680599817097
0.84338498392814	-0.300138251204658	-0.280563920532796	1.09342635781881	0.345380086848358
0.000721728416386702	-0.270517593131025	-0.117711804335463	-0.638044523244218	-0.0323109360831857
0.719327599764505	-0.199026305215416	0.363430318703287	0.64887836140021	0.594675796142527
-0.0455156479087779	0.210011879779862	-0.148766382567992	0.0328898946373557	-0.0134034862304609
-0.00108852797945041	0.393760288377468	0.956563645524859	0.741059404213948	0.250545927035504
-0.325906465256632	-0.157333249475369	-0.357695569326155	-0.168851107711203	-1.43318873474772
-0.113065711749342	0.257042226693656	0.214696788048989	-1.02029227189557	0.0225271487747863
0.217192078579987	-0.13886361166361	0.0998369945184687	1.9513950796793	0.275288351090867
-0.213346075018871	-0.0424958646277038	-0.237207610551138	-0.791617084330404	-0.529970202073242
0.442075586489586	0.0261834487553349	0.939077792931509	0.568307097269496	-0.013439745460777
0.456697083669669	-0.0602779324384006	0.583060228101618	0.960593073965698	0.377285071668488
0.368555383682176	0.424510760136654	0.876963298858696	-0.413075685794165	0.557708400642526
0.154723622766899	0.110211527644757	-0.142872553194703	0.433675355217845	0.264974158171441
0.466485282099336	0.258962428327454	0.689757379351718	-0.309819768660886	0.311333321196282
0.154408539445531	0.319140910426508	0.203189650006991	0.0264475107811152	0.448599254250426
0.282184459054365	0.175832598973317	0.859815868515606	0.321871018409226	0.550305370136852
0.0673180899142591	-0.0978437603059807	0.169096272453935	-1.3800970644165	0.342420535364337
0.25236027287882	-0.175973307604668	0.518415102310898	0.402967925673836	0.99283146159939
0.142773292159786	0.10026637111243	0.540224437612322	-0.0814875596222744	0.541489863009427
0.000768618116986719	-0.521420479862834	-0.089908176503127	0.00477752781377522	0.829700306409598
0.100014606823037	-0.171678028074811	0.396790876793183	-0.138979516789292	0.47034974103282
0.582750886303759	0.252241397074223	-0.321489866228978	0.273232704780801	0.596306459775334
-0.246926203422839	-0.129984395509377	0.364857199851165	-0.640132505307791	0.46458107718872
-0.393071299735051	-0.137438416862933	-0.451717347253576	0.566034020621566	0.0626734207835885
-0.316538801440434	-0.375753820253726	0.0592710233548498	0.00514023954288967	-0.42104201180232
-0.411012512699475	-0.1498815920936	-0.663869336444616	0.71242302732192	-0.271525426671707
-0.332088751429646	-0.130020775028044	-0.0583395777729916	0.402888246636054	0.257818420635191
-0.379345878280419	-0.0649917396930156	-0.347188983572727	-1.18210998848965	-0.413108811428502
-0.0992642600849293	0.233482521419665	0.0602403688806562	0.355778330917559	-0.0221880307668422
-0.135263808349342	-0.131798369808675	-0.0999930084376602	1.88981510176412	-0.455812775735078
-0.0491086977328977	-0.420420116891612	-0.158262048495933	-0.379598695799163	0.49710157922392
-0.245579613552592	0.23750746150659	0.962548000261697	-0.513512055405327	0.31697992874556
0.0834804766163961	0.670303984810032	-1.03604184041631	1.28099496507112	0.809651326333525
0.342150740731265	0.0982191104427679	0.571199467198107	2.80776184030711	0.566768598475989
0.0159486849177819	0.474134525228241	0.788384892467176	0.289937762221928	0.585000033613939
0.530579172667545	-0.324015640553425	-0.425626635070223	0.400466172655764	0.509323058946562
0.0256623945508486	0.305801931074402	0.431369059995	0.227688622683404	0.730216529948124
-0.0899744865107024	-0.0173121798104619	0.471919052220828	1.60583844639279	0.441469102520273
-0.0553226856472306	0.0299640839778295	-0.139755538890897	-0.227838616378874	0.356827915678747
0.022412807674306	-0.403570077110524	-0.170484434328502	0.270267358066613	0.619480530522808
0.299630514337636	0.240399125279536	0.417920822436055	0.929924854717343	0.439445882254305
-0.108879742873706	-0.571417686645285	-0.472472907291154	0.449349152682924	0.55115193440299
-0.262377092642522	-0.0550637931097401	-0.0135002525856731	-1.09747636187539	0.290972863210682
-0.34331908708727	0.0585398325980087	0.870648060412416	0.561635488442095	0.743049379097535
-0.190711535313094	-0.328958289785419	-0.663427210369071	-0.343023879066846	0.352126313264825
-0.690425302753076	0.042823955142471	-0.872636774695874	1.1522147094332	-0.226328677787449
-0.806269457087005	0.0439675415176736	-0.248848220652554	-1.36562773409882	-0.447492067563286
-0.521449965781249	0.544777718808438	0.115360294991096	-0.652265191320044	-0.483716102492417
-0.480464336367364	-0.0922048508465724	0.0504809263234058	0.735566777831594	-0.451689225317048
-1.23400605417757	0.260498310639711	-1.71853571145086	-1.19148147215194	-1.26713674172835
-0.662636003839251	0.104173216177637	0.325293548037589	-0.760184212347373	-1.03754910985973
-0.785093221441996	0.443228587312375	-0.572094006591736	0.915175032506853	-0.780146463726962
-0.729791308760255	0.732016049894133	-0.638703688628778	-0.7405317894632	-0.312831079756336
-0.991092895756571	0.251373954585721	-1.13948972907963	-0.636720521240598	-0.825059400798871
