0.307060451936957	-0.346043102961458	-0.119730000566417	-2.33335941917073	-1.36322530463644
0.503357185735465	-1.80524469809451	-0.654722726912315	-1.38675433731235	0.426439012027247
-0.180866822525055	-1.33850537326972	-1.71122497444713	-2.27578200873196	-1.37701130772731
0.372856880821439	-1.04768320136555	-0.73816756195787	-0.023755572323862	-0.55394868211468
-0.0393638356139103	-1.05741422781537	-1.42990234728422	-2.65549692017472	-0.655464209090812
-0.0078125576837064	-0.544296497692111	-0.409970782599091	-0.937853808049118	-0.651210149248054
-0.174137328226435	-0.936117288190861	-0.58432275093447	-2.10363666756883	-0.415947520339103
-0.326195936465107	-0.894021847696428	-1.1534884259429	-0.798145379344868	-0.892093627067784
-0.406745809230127	-1.80912634485187	-1.39411174091905	-2.61128484558626	-1.17515617230881
-0.588190266297053	-0.91559415623045	-1.77257376459431	-0.643930758606419	-1.48998328477831
-0.835934718215922	-1.25278872637942	-1.18089734188922	-2.1027278646451	-1.36429252907984
-0.690899115829759	-1.15737157426642	-1.424537988023	-0.819019732480728	-0.619198041167353
-0.760838683755248	-1.02586736080279	-1.33710173287365	-1.34330766613563	-1.37635775477342
-0.677155630666495	-1.07905844792146	-1.34626346105927	-1.13334997698519	-0.995425288500814
-0.358971459541178	0.0413734414469659	-0.907182040091674	-0.347201501880397	0.788049130780181
-0.265843891797329	-0.0894561181784472	-1.13062693659647	-0.607669979933506	-0.0344305317559056
0.332411630418059	-0.170691695973524	-0.400308426998243	0.509523193902324	0.574277058357959
0.251530945475958	0.591731349926042	0.706420836320137	-0.720628388276476	0.668722383304965
0.729258806006424	0.0905694967392566	0.835519202798364	1.12607593885518	0.45977407970701
0.0417824797203082	0.275650817761696	1.07095354211553	-0.18940141095991	0.324924944119382
-0.174447483494356	-0.437273562056533	0.172639892313916	-0.692378989814036	-0.18154382528495
0.338053908152123	-0.320772601372394	0.540646213488514	0.197675004330843	-0.151664675078279
0.0768722915905656	-0.736558646616324	-0.101073168620361	-0.918260635145641	-0.232622517828795
0.254007775352219	-0.0363284243307432	0.22209550202739	-0.0404914252001645	0.22077141485488
-0.202983621275236	-0.228282775195851	0.789398168609606	0.413666011534056	-0.358567146570547
-0.183580074635396	-0.178921448698634	-0.271344235080656	-0.682865953281684	0.135630628205542
-0.621058244771018	-0.557118191533816	-0.126497213937852	0.579326858234046	-0.0976690654732037
-0.0388978850885675	-0.339901703970373	-0.609968277397624	-2.23878217633375	0.325609116417043
-0.135899828481865	0.215497549651656	1.02384323303206	-0.173582789141506	0.167364698079484
0.0651117298380555	-0.529194633793287	0.217991497639886	2.06221684112675	-0.0392891659435698
-0.379705725230059	0.508204560656772	0.0699139547140936	-1.89355210971514	-0.419766363389014
-0.208248944211382	-1.0684596133204	0.97733787058148	0.464071898577517	-0.392124376589412
0.0101748681238902	0.112515396008956	-0.137039910059754	-0.74100222808303	-0.151003013968005
-0.0102359207598099	-0.111900965721009	0.72033499263808	0.595113575971783	-0.642361820337397
0.0657760940389667	0.507725890231537	0.27232440034106	-0.0864375207220511	0.79793785296706
-0.222212834834059	-0.0119012573114642	-0.342813698551131	0.274948131768914	-0.514013741184749
-0.0368260189635842	0.348934792576738	-0.322334200941942	-0.112584624158544	-0.49627649376145
-0.375496980412707	-0.320828879646808	-0.980135917202496	0.648874628260889	-0.563345219555282
-0.395821841155032	0.408511362144755	-0.654135440573075	-0.525657871604209	-0.364079015148099
-0.320026150913782	-0.214052536191368	-0.598013543437417	-1.81958132463989	-0.947965803182609
-0.418392840740878	-0.314871428591081	-0.966927836631871	-0.568629751481872	-0.879660353144616
-0.0816349594764391	-0.636664035919824	-0.561774315651602	0.563399828825938	-0.889967964390941
0.00208475083560157	-0.0783945353800886	-0.471343130756551	-0.749017470173376	-0.54777344588201
-0.467055979096117	0.0483072748771652	-0.330133855063701	-0.122153598099369	-0.371913591270669
0.306373658554507	-0.100706185887658	-0.559439109430199	-0.388960983742074	-1.03967744594494
-0.0870554235631632	0.0339266648537618	0.283773899839809	-0.00823580326265764	-0.54955589405799
-0.0516781541825613	0.581272515538791	0.139110005963072	0.428729628883564	-0.532188401493852
0.256952911576178	0.495795837900363	0.161994854031614	1.07891857969149	0.149695696036499
0.38743408964273	0.445564264959475	0.688344693689779	-0.600143485251373	-0.442108787730439
0.0644087559809572	0.166926113791213	0.351042765292747	0.382040027483675	0.0705152184227125
0.329632914645985	0.0843631929555866	0.863530323877538	0.0812174031575993	0.182721604279119
0.186903457252925	0.256337062809037	1.12881013088846	0.0604125847414187	0.203439637399519
0.133057686581301	-0.271151736979791	1.03092116106956	0.174137368328577	0.440945164233735
-0.17283244122914	-0.0240933328387609	0.608145820626028	-0.311290762048468	-0.0975774178030982
0.287614961243771	0.0901216216969438	0.502375805161129	0.312105741933348	0.289927429713797
0.0151089588695075	0.581985154360684	1.0665415459549	0.49123256689009	1.35742361329099
-0.0131161987783921	-0.376819848936512	1.26538889976532	-0.199859777166197	0.0468629280014094
0.00603482866005337	0.157516978131853	0.915450717703949	0.119691737603639	1.04958361394929
0.202815778871374	0.579682422569933	1.59561570137818	1.00391229741406	0.0852626974120218
-0.0848571238906023	0.655208450554345	1.77785814738259	-0.253775331436155	0.290709566028187
0.1842096344105	0.29351558356225	1.2322840979393	-0.302958705799322	-0.348173892120575
0.670575277996336	0.254632250397852	0.753361700621997	1.69572497972204	0.251122941517306
0.201043815132756	0.150964489338971	1.64947406695514	0.385840509702328	0.49292071857281
0.149963504922223	0.420032213610285	0.951444164614068	1.17045049452133	0.349492855393404
0.113633588712935	0.320401315104605	0.159211654495167	1.59687539472743	0.0313157291620296
0.289578133308592	-0.22788452561509	0.720942728206862	0.464461593346904	0.441825444320297
0.140792009396697	0.545232094150793	0.362740067855825	-0.717181098100425	0.628315557981151
-0.215736253114486	-0.344146499294689	-0.422519727299611	0.790553297764802	0.0849079241444061
-0.103965650603601	0.263447374291405	0.0990273123044896	-0.244309437611288	0.229220341081684
0.337524334182346	0.173823464666177	-0.0545690532215107	0.0761492782663622	-0.243694648013466
-0.15395786759115	-0.126062454512546	0.601251661176135	-0.0781558478960136	0.781567797387746
0.374673683805491	0.348538044834674	0.283932461120134	1.08918559440108	0.507796720247468
0.260069503093857	0.555497567707944	0.0349813265531193	0.339445040632783	0.419949557120614
-0.10503067754284	0.117458019181566	-0.0830440742990466	1.03059856280077	0.320816090062059
0.409677526267839	0.191115868655054	-0.0982792609785463	0.467248929416028	0.0273630292745778
-0.0870251967104343	0.0251029859101171	-0.0412034836103574	-0.384041273749114	0.823429372612594
0.55645291317443	0.561742223055097	0.102408682161121	-0.476820975199745	-0.343369338182672
0.142839587689413	0.292938151594717	0.134990421632066	0.273700899740739	-0.137869633917136
0.0139960709023473	0.0557648990554574	0.0897024451240363	0.919686809330205	0.224753624925793
0.583430679363186	0.330965621420998	0.270978312584955	0.102814138029063	0.256573348997104
0.538320789684665	0.501493655004075	0.632908926566377	0.644131162995183	-0.419994489944707
0.322341680643119	0.00705673519880547	-0.290075142331225	-0.249603579339401	0.563872138739417
0.226774989436436	0.215527501241484	-0.436886927850614	0.385368577649134	0.00392552341766035
0.416044523928236	-0.195847571514964	-0.56242447918653	0.378994030279904	0.684750028269096
0.115045683401878	0.720432683707267	-1.15163610529886	-0.100766325249019	-0.194215757116394
-0.441041929472061	0.285412320188402	-0.750051024866456	-0.706389170073311	0.148639664904554
0.179763821882883	0.024793426171407	-0.527355741329474	0.233488744698918	0.162550919825002
0.0826006486872778	0.0493960083349927	-0.0192233060631213	0.579520972539242	0.0238512046055317
0.041916608451067	0.346195134320071	-0.00476036606056231	0.572692892224333	0.2324791354154
-0.193722973649808	0.047053724330134	-0.396509430428613	0.0686125347880125	0.208649721459055
0.0843942689083033	-0.0372735716944997	0.140615101324295	-0.319383313646318	0.0421962961309655
0.0612316731788657	-0.0508508810618583	-0.4784110440884	0.455628237108109	-0.265859251441316
0.298085871687667	0.338289214988218	-0.806814809968982	0.840718556053589	0.388360400841531
-0.167880415526286	0.416998940922576	-0.510437298788686	0.333833172106043	-0.888001174338089
0.158513603344639	0.0748835660485919	-0.373070930129629	-1.42990163123852	0.665150407012172
0.236525106684582	0.652826680651757	-1.24262665837748	1.11916494081907	0.256256326755497
-0.54947001059452	0.343909526191819	-0.83478942952239	0.191788872042235	0.385450706198423
0.411601449543948	0.496964444538988	-0.633127381218514	0.387993469184267	-0.68310636335423
-0.377018768947935	0.436905689814733	-0.647260656410301	0.0442165295986967	0.649416806605093
-0.381034861318794	0.389536969376993	-0.299831855143907	0.0816549902036346	-0.297490527089481
-0.12691449760588	0.200624928870104	-1.55532943632484	-0.569609127253442	0.390404756843398
-0.333531680422437	0.610647931693532	-0.00633652611851752	0.338585909297594	-0.331349750301343
-0.269318453224757	0.0183347682158925	-0.982810276805334	1.37700212898128	-0.674517759647553
0.301061312714657	0.344653763543626	-0.0300563303111142	-0.497387065523696	-0.13083008242974
0.0244649422572005	0.148225073570735	-0.337948548342193	1.55174891852635	-0.180979065457928
0.187941547191049	0.975188989713561	0.403243540751944	-0.0802892734361133	0.0682639899457554
0.0811676213592144	0.475552414705085	0.82522990919866	1.15729548280697	-0.583482928967706
0.686079883717966	0.343319382872473	0.372722726840742	0.419601169346575	0.472073934966748
0.364879547586452	0.444785352646139	1.16681255658259	0.939014950169395	0.524742680622758
0.372898143505339	1.0806059029692	0.663657850372912	0.770079484742369	0.11613097915928
0.220070446734027	0.479093072638201	1.13793309063832	0.644431333895533	0.585286415054902
0.506895325582	-0.170846594362517	1.33038572142754	0.0604109171004185	0.923432125374852
0.19435507018049	0.169824140647546	1.03301304023914	0.665908459854751	0.681005107502709
-0.0854167876563492	0.177195988744477	1.66502025514012	0.176346151530287	0.469485064104628
-0.276559172195321	-0.510052047775433	0.763535341867744	0.771391228695424	0.366635020047192
-0.0221313816753879	1.22282855531898	1.59118023644047	-0.141817968969781	0.225846128464648
-0.321487716053707	-0.342400131854813	0.164971591489154	-0.84182883755779	-0.124535301152354
0.173830905818975	0.188818971723895	1.41352276088007	2.5786585569507	0.920273567022123
0.430695796109957	0.0635719094695561	1.73037807437769	0.254616413182234	1.0847982948915
-0.332811648939327	0.194169391989018	0.672945491758916	0.324719289499161	0.88211334502228
0.211071562843939	0.285809974447185	0.770710687434673	1.29796115529346	0.574754965971167
-0.223210420979632	-0.0569710064795666	0.823159979268915	0.283973806963554	1.00081447248663
-0.242330895290136	0.027477453695931	0.968037645697488	-0.144246401793381	0.503451772295005
0.135244186286304	0.349129727884886	0.769879529593394	-1.04382838393997	1.27527783069899
0.0519019688202827	0.0156157011901586	0.689072666163273	1.36762521129931	-0.332690039233918
0.214118569895111	0.546348224276178	0.23953733548166	0.093319149613296	0.273611647665961
0.167662609893751	0.376355606331296	0.621507513592931	-0.869399613761281	-0.249168189717704
0.125096905400727	0.867540050477179	0.373260718515137	1.92921830800235	-0.878497528828514
0.162120038002171	0.247348108124883	0.802569281894018	-1.07186747546121	0.947632772116393
0.179433363772101	-0.623949346160817	0.276673662317803	1.43082462628145	0.221047777829407
-0.347998977792101	0.240901969336522	0.901780099355873	0.418205822500009	0.989901640729579
0.215336692528405	0.445835404135697	-0.00805477049360663	-1.00002948215308	0.605284394246427
-0.582710754391282	-0.0224686308791066	0.464440793662087	-0.571071104211538	-0.261870392771595
0.53423516569181	0.56226681604536	0.780070509656345	-0.786212621009326	-0.00372775275334496
0.0869472437141636	0.806450360973554	0.541577405919214	1.23545146221538	0.14994819527153
0.19251771631087	0.313320082554135	-0.587866758899664	0.15039796933972	0.481005021049363
-0.0813626170931309	-0.469741667161741	-0.406336577287683	0.198679995870742	-0.271562111213955
0.256906568764692	0.42267203196631	-0.89521303058228	-0.29602266828136	0.00824087644682674
0.290361783596876	0.291266063208139	-0.158519215100031	-0.377034815722152	0.309334960881728
-0.364700298785262	0.303947986274584	-1.14777827452378	-0.142163989255438	0.0364053711479351
0.0729685492237195	-0.23878637284861	-0.950305836850193	0.0562396505515211	-0.775457639326995
-0.353643799645961	-0.298180918060895	-1.23498084044961	-1.07678877952805	-0.213081872957124
-0.00301115262390936	-0.852797855899523	-1.42400169073207	0.760408324641803	-1.05470666965605
-0.672177565163308	0.36537494660189	-1.61326058911113	-0.201332641956844	-0.485335558436951
-0.718962619488171	-1.06658653924081	-1.53445926702932	-0.0166885991814646	-0.366866644631956
-0.343574381377977	-0.322303224206966	-1.23041911649768	0.0340535076796521	-0.0948398612331736
-0.279484545452417	-0.281044170181197	-1.04836878021609	0.177972489971986	-0.212608511058787
-0.234949656222368	-0.554216606917538	-1.41994647732118	0.867634775727484	0.566617434676011
-0.0398223596078706	-0.00588586926300068	-0.923591757163589	0.500533080902721	-0.236171307642069
-0.159406359951644	-0.190025612800403	-0.578284242368989	-0.0931111663489093	0.329854701068707
-0.252506378799452	-0.0680607419736917	-0.782140429383207	0.406624017203574	-0.32580241527358
-0.398696905442786	-0.580742881490632	-0.777622230089355	0.0292436858391282	0.104099879938518
-0.0630445598527326	-0.893474188586807	-0.970056683054092	0.1902522854194	0.15611437130083
0.00812961096034273	0.289175780598039	-1.02862386075698	0.999963034552675	-0.517203911602621
-0.14207481250018	-0.262576310915211	-0.0423235036043821	-0.304632607910557	0.0433975447781094
-0.376771105424499	-0.0664428493309732	-0.70809577080118	0.304531513623153	0.10485338245749
-0.235407103968571	0.113337481147078	-0.731228242000153	-1.64245277903311	0.067909212476253
0.0784698330432759	-0.054759809639348	-0.0574367267908934	1.43211353221648	0.0915068773427644
-0.477581130850883	-0.208661294562489	-0.243994441747783	-0.898194919793019	0.218481690164322
-0.027982765185046	0.255786711487448	-0.524495774138855	0.681391920741688	0.602064016089335
-0.268933630333424	0.130541037547487	-0.407576229769905	0.30074063958877	-0.000508923345791295
-1.65279812306862e-05	0.473839407808985	0.339910912741595	-0.358868560240405	0.0036472328807478
-0.0734541014128481	-0.178917635542995	0.233311056504556	-0.345199345201373	-0.210814590057436
0.0215870587940988	0.11511017895267	0.354465222143025	-0.45404701490484	-1.03940770630009
0.248517330457848	-0.261656993571299	-0.0538157835995577	0.203543616881181	-0.226785866604294
0.647900545462761	0.373732730521742	-0.0228469075554132	0.867925612396301	0.137618672965785
0.283554910883886	0.0867570752262787	0.568276651265489	-1.24999655179284	0.0264969421009516
0.282428027226769	0.0270453153472849	0.415538413709971	0.864874531176864	0.881671912325791
0.165602596587765	-0.211789119132547	0.723833557964371	-1.22195486644461	-0.619470849834952
0.068962361674096	-0.0619894725276086	0.422969636363044	0.153807988606622	0.0547422310345796
-0.0278982824305876	0.0495590990673648	0.558500246388675	0.0599905281247808	-0.183124110399169
-0.0126083581161191	-0.110312219251002	0.375264860445815	0.940630219268404	0.188762983178762
-0.264238667980402	-0.147057567904423	0.33372293538021	-1.12098286256563	-0.198542731273859
0.0673395446651466	0.304974728829811	0.973221099590472	-1.33856813778438	-0.0134439000591066
0.199261283925352	-0.404795866300103	0.216398144450441	1.43779852510233	-0.53564679172958
0.140470609087405	-0.172291362343523	1.17275971510956	0.269432831084897	0.96513452060898
0.281288493847434	0.621266060707263	-2.13012212133943	-0.28189057909293	-0.169003077820797
-0.21076863272991	-0.356194881033117	-1.603864015036	-0.230273950456363	-1.50557627653319
-0.704992618915176	-0.56200682558381	-2.18440856325963	-1.35475470357866	-1.0335285248859
-0.210242855042388	0.100081528833159	-1.61815777091109	1.18375701465446	-0.199085344218899
-0.40494963027734	-0.315316241830743	-0.951985073357473	0.533814188674769	-0.461931942070368
0.191141255889407	0.549608587731387	-1.0809916714302	1.57395367871648	-0.818673434439916
-0.0855310401803461	0.0391564605884848	-0.198416169745775	1.384992285072	0.0833891342707366
-0.244489727476583	-0.523662892832243	-0.79093111944213	0.157126061483059	-0.295762049637393
-0.127334801864774	-0.260121225864049	-0.464192458559358	1.45258702860075	-0.603936169303121
-0.0274334055046521	-0.134356345377895	-0.413353409064392	-0.491393685345111	-0.426605755149887
-0.0401528684938121	0.274760901774989	-0.216516317481779	0.545983891346877	-0.152335678360346
0.354505370910095	0.340938570785858	-0.0545624396853475	-0.143913786390759	-0.435562164449762
0.131966039335497	0.414137738628877	1.043876641966	0.122134070196227	0.025611439578097
-0.331808837575138	-0.0709263133919438	-2.05694951444061	0.104736306831212	-0.736938332803756
-0.284155771413305	-0.20346082015426	-0.063150377655464	-0.28137667975745	-0.0564235078290171
0.118723213218192	0.0305959509401406	-0.0278366148691297	1.56362615916829	0.804802822227235
0.246022268114302	0.613206481214522	-0.209604662703829	1.71416414402159	-0.00309347342108978
0.414613472855322	0.380308628089798	0.695286405051057	-1.22720538142612	-0.378968547601674
0.347192299787674	0.135770549375153	0.0452382667538241	0.793275509287728	0.530360577381172
0.0979389201107211	0.052350339783681	0.129621803486489	1.34687358243252	0.532488798433813
0.519975078177585	0.248086407604525	1.11087431347127	0.526765076512237	1.17296957718041
0.199827790241208	-0.370066839084146	0.362525294152502	-0.446782848353049	0.0686136121142019
0.646905320724367	0.00759131023955851	0.96677107716291	-0.148082865154234	1.51433044482166
-0.112186744333395	-0.18982498072122	0.792291386054671	0.988769371682387	0.519321362363406
0.127328429230565	-0.184690659477994	0.611555501184582	-0.415879573916431	-0.00972749711423975
0.557745032379453	-0.522869738349165	0.302536870750817	0.980441042653881	0.226490240790104
-0.0523480925351362	0.448059927217921	0.382160591358889	0.589112517854933	0.341742286843997
-0.0944874526255526	-0.346281539184543	0.225494921691825	-0.0753218303642223	0.190534344610444
0.423283251757354	0.132706145981988	0.317286763726817	0.0683369734920207	0.826984415279521
-0.135967518089704	-0.341956004245706	0.504390685182949	1.23023470700419	0.0966478127469239
-0.296141047754847	0.197989789895632	0.749387140302035	-0.256110925436471	0.481586570560716
-0.230372075252142	-0.267428761637329	-0.236931325517666	-0.700692724176629	-0.0716763431151273
-0.312853539983957	-0.269800722161157	-0.270067348011717	-0.590602465887489	0.487698496415502
-0.188367438771533	0.512973347746516	0.390197470466731	-0.35449044986301	0.00219364890433957
0.0250048674275221	0.131084322432436	0.207318760890268	-0.0635637609062972	0.626467254093647
-0.274674045176321	-0.0947708426046459	0.085845874475429	0.501077886164297	0.625442971708504
-0.186366266167032	0.143917250635959	0.310232615574179	0.359330134077349	-0.133001636737527
0.0390792743998929	0.203306495195465	0.193900365756189	1.35182321254022	0.968420176437741
-0.0606728248159192	0.444489174266606	0.648084231103335	-0.583133494959829	1.16297465401684
-0.428624320236152	-0.210764617578246	-0.335609770058729	-0.745244952426886	0.36631899690371
-0.0955939048640478	0.67513363890386	0.973042712059678	0.676703515136963	1.04620020624398
0.185942080892064	0.175655213224678	0.111307829913165	1.24092172705038	0.297691223281438
-0.00599085881206293	0.545749289811473	0.903924020447852	1.29621994637066	0.189847786987435
0.132115982804532	-0.0538015262607577	-0.529688658177035	-0.928980496283343	0.517980630553456
-0.326838716370549	0.35204218119042	-0.317441116392421	-0.218955932810702	-0.150183968585516
0.380419611155081	-0.0512039805494292	-0.0160469663797711	0.903062704127015	0.897887164631044
0.317559145340046	0.748734979964238	1.04646877726347	0.458475116843747	0.777041419366936
0.332937690290439	0.825994864564031	0.195104289407958	0.191097166531269	0.0169436940248882
0.310949581493421	0.00939286066992909	-0.10523036478498	-0.225839097415911	-0.129909961139827
0.435376384241845	0.345197534646258	1.2193782097804	1.15024851702825	-0.17706946943774
0.165051451771194	-0.343505071475554	0.488731996486955	0.402010012729656	0.171381812455027
0.332222193357241	-0.0451505727910558	0.129009254558741	-0.0387260300506498	0.120692630409457
0.235510565753141	0.556240827728743	1.5022076028749	0.23706334972529	-0.155002090937301
0.00516069070845539	-0.411646956642711	1.15666319588393	-0.179264313344612	0.723748334679166
0.0500255942701036	0.522529847127185	1.70488854953572	1.06804512008331	0.685078463016612
-0.164029969175779	-0.220755300391377	1.16182971824768	-1.46983273570711	0.408481139064366
-0.272535424184966	0.144969631499356	1.90854310417711	-0.0228756854696616	0.92140239568732
0.0521529725432537	-0.654005182615532	1.36048580422052	1.65041477128208	0.0299925105275765
-0.134507530776426	-0.0131729300059682	1.24956076577081	-2.26585326549991	0.336840087642908
0.0373509199255998	-0.31537018849154	0.823345105467301	-0.191133080809996	0.918341686871707
-0.0311422839245053	0.450389100409636	0.942600574749194	0.753918548402817	0.263184115983847
0.0770333022069631	-0.324889904126863	0.983387181507233	-1.71014505971568	0.00527056640661788
0.205615423136337	-0.0825595443001971	0.76669094711269	1.91537950252727	0.294511368012953
-0.129403543748246	-0.090197773945422	0.98382953483894	-1.76118706333413	1.54693073594525
-0.0726942266580607	0.6350164159304	0.9016227166222	-0.768498965551987	0.266233742999581
-0.14615885909728	-0.552491294172015	0.430418212943776	-0.409173781067239	-0.117858157908729
-0.144668492685248	0.135878918483294	0.68216987524306	-0.953863112822172	0.587219830571797
0.101234979788578	0.170038221465713	1.04028720828158	0.679881830052213	0.335192137902254
-0.0952904507822794	-0.274545364950795	0.309362621997397	0.430601517007416	0.640838121003418
0.183501843012935	0.456658659582419	1.20283012471298	-0.357915174124052	0.997638642929966
0.0518474891542663	0.676523505764506	0.547469427471337	-0.282348246900223	0.0972352797476034
-0.145602030661015	0.763912006452082	0.984195594351859	0.284457558961246	0.244082019361113
-0.197893102447379	0.124221332046024	0.625783179280179	-0.843604466199052	0.783776780444823
-0.0421690481202774	0.294667476138846	1.15960295853765	-0.166544089541329	0.452219007795829
-0.301128780318789	-0.0585795788904506	0.402959709014798	-1.42946636609226	-0.300732749083852
-0.0248394438339447	0.1072544747358	0.561027673318457	-0.494074322764293	0.351173348878413
0.104011116057169	0.935056474098046	0.449956027864434	1.03680718041677	0.342594522418728
0.37076685234153	0.12258854087538	-0.60459468539148	1.55895636124886	0.235950164727521
0.183884521690516	1.16068004314549	0.502284966445889	0.0377655420326144	0.0358731902905258
0.0334345998728665	0.148774336997675	-0.44889619410534	-0.843350719531081	0.385682784433273
0.0756652548316618	0.783472261903428	-0.381152429423927	1.09670861272449	-0.377149358858571
-0.065333214170752	-0.0819462686750102	-0.919465552535833	0.336018321695633	-0.917539611602383
0.0654707503741299	0.584941821546201	-1.17060280225839	-0.760512056846434	-0.812697196390196
0.028866076565493	0.396405285813952	-0.209709672135901	0.428187756720793	0.0896826337213176
-0.164547059237122	-0.517492343483357	-0.742441240543666	-0.584036884751994	-0.715123631613933
-0.119654926254987	0.40368464158388	-1.84177654501484	-1.14392778931012	-0.450807908341776
-0.275505308032971	-0.200693262689409	-0.930976702008634	-0.47919684295577	0.0136526583083711
-0.176620566578455	0.223505133002568	-1.12830267164606	-0.77602519217587	-0.526163876529345
-0.308896298616515	-0.343588531170665	-1.19431588732412	0.17165895259985	-0.0631256638900149
-0.432139721046384	0.840419731294607	-1.85979538917988	-1.67293067625645	-0.729807707171519
-0.364824366982651	-0.29505705139763	-1.29104229858907	0.0460430905725644	-0.296795454073427
-0.165852215854195	-0.145685010801093	-1.06843802435139	0.0194324234350264	0.335649927184318
-0.234880265712251	-0.358426859014088	-1.02942697279092	-0.453983235120973	-1.1548091777737
-0.284513107649895	0.0331550745151024	-1.77006718060819	-1.3931852326097	-0.9644006171463
-0.326253654460423	-0.141648268081741	-1.20085419176327	0.035904222575174	-0.0376288866564534
-0.479209606828179	-0.0634786646851185	-0.834189280434871	-0.324052738328174	0.175873058370289
-0.0523967430261463	0.0936763495562843	-1.58670139298601	0.422220336104982	0.124013476840236
-0.494900830844899	-0.360577446239352	-0.655536968369349	-1.35350012072008	-0.602432217958249
0.197864462665313	0.564502321300435	-0.713493374170489	1.22247442786068	0.226240832047285
-0.153406084054688	0.478600822055304	-0.277064743696377	0.223349622851157	-0.305736704066887
-0.115182395084477	-0.509632091488265	-0.809808566911521	-1.16901694846133	-0.0141501953615679
-0.137167370749425	0.139039513348331	0.115022808778854	0.863271562557713	0.237840844453573
-0.37577343252815	0.780332784298652	0.589592199909618	-3.84758234982153	0.668903581319685
-0.518373467082923	-1.35027241324371	-2.26610567891777	1.00248947320897	-4.08155769664878
0.19211031077588	-0.144192896069104	0.113145215022948	0.33628861444036	-0.927605414285818
0.510226590347128	0.77650007956973	-0.416699133496407	0.751449605966315	-0.691985513683241
0.647929867696141	0.815905058770195	-0.0852173409941262	0.531347389608082	-0.00328781513420733
0.559104543163542	0.569135093452304	0.401713284935518	-0.0152906649958847	-1.13320256261188
0.496573993990566	0.0198889547663142	0.380203230776846	0.338846038506565	-0.493501995360876
0.42464891601987	0.766860155609745	0.899780186166011	1.06614188452987	-0.627311474089114
0.220904039709806	-0.0606823252414697	0.551805139980572	-0.226619839004834	0.268482852966377
0.251867579901033	-0.0293909208739608	0.26266226294691	-0.214493248665221	5.39887234590047e-05
0.105055534805705	-0.365063263750095	0.739252374515071	-0.578032912497842	-0.180193778669968
-0.0347434994207107	-0.74910980506096	1.28592450365165	-0.584060546587152	0.479349729356919
-0.160538522405031	-0.4403558839701	0.711392053616614	0.364964633600752	0.220245637813135
-0.396819267188498	-0.720644585944968	0.33328827763332	-1.65395506080706	-0.207039023001053
-0.0679378934812864	-0.955448441195927	0.398465821458	0.217287973776526	-0.0926843987106572
-0.459055782717875	-0.293591664635039	0.137511908288246	-0.777139789067069	-0.218396998599092
-0.138784758401587	-0.4594505385678	0.14218919685287	0.46620780221883	0.0427142389371775
-0.0438098841158205	-0.909595909993846	1.37786476672477	-0.666020724113321	-0.349663552080788
0.202817295081459	-0.368083669035264	0.397501844933103	0.34836536534395	-0.149110281068308
-0.0542147592691794	-0.881975304277889	1.07723696052502	1.01888544357389	-0.52104506714908
-0.175384678537337	0.372555763362128	0.720733803791922	0.32424088808043	0.0130928163465079
0.365737338575104	-0.989691428675703	0.774103185148873	-0.0288148812658853	-0.655239681650579
-0.229079778963303	-0.48042613516129	0.331449776358518	-0.721377465416711	0.160805195445872
-0.0543857687031157	-0.0121584162701649	0.532683141895403	2.04030126203079	-0.177897460998944
0.0376289333071843	-0.402775151119011	0.408562684341016	0.14762831758204	0.606321760895446
0.021924719205589	0.118923713745166	0.23167229636517	-0.803514738660326	-0.30326259904232
0.164179526813938	-0.808422199096096	0.763647098778853	-0.284721743178873	0.31075701644213
-0.096516813438157	0.134727453630683	0.0350350742206379	0.362576981430194	-0.412099436874674
0.307334749752253	-0.50904007947551	0.562676385631041	0.914650574428125	0.809624754716421
0.0394790300160015	0.285090090400409	0.681965428209911	0.248710606587423	0.188537623387959
0.340884727076137	0.548643427478589	0.694546453003906	-1.17288661485763	0.298290657776086
-0.0939722414093412	-0.320846647003033	0.439770030848075	0.644295845142125	-0.69840698456939
0.400069217805377	0.959843776023057	0.617136934007467	1.29131754645825	1.06841266657429
0.164656851231897	0.539760277864188	0.685963410085093	0.191429184552337	0.732893605361336
0.151085746928322	0.430500357212285	-0.0940109560372858	-0.150617819215483	-0.605374922253965
0.131508522577583	-0.35095700223309	-0.0349351179254917	-0.236763784674982	-0.503245480702842
0.297562525117855	0.217377571530162	-0.165498358997297	0.114977775959721	0.400341956056736
-0.462069223753106	-0.192766538869141	0.111421627761285	-0.169115209957198	-0.00678789143559414
-0.152968230463414	-0.668000078351328	-0.315499760141275	-0.651152573984895	-0.0296546578911555
-0.0114917779386041	0.543396635923318	-0.366871610483922	-0.439405521382905	0.286877648746179
-0.0892104336100786	-0.50775357296881	-0.422530408086034	0.587261048157079	-0.642051289094352
-0.151797396237554	-0.0324302490548029	-0.628270653108398	0.734246115237454	0.554624204489652
0.0526810189626216	-0.200017991238817	-0.585184939274429	-0.931826095115125	-1.51600513305533
-0.192392544019331	0.21519836043855	-1.24645177990499	0.089413643900214	0.154861085598247
-0.127643007752765	-0.49609235370523	-0.307350616981329	-0.339710918626649	0.0337845855834911
-0.226622363031466	-0.624357826451117	-0.763710987766191	0.210375719674381	-1.18030184127616
-0.012648927222961	-0.444030949732304	-0.543391440261714	0.507165647232893	-0.125134852684163
-0.0747967521947809	-0.0872810500839201	-0.642557984822036	-2.03734621514747	0.559269871860097
-0.383717910720157	-0.45038588833385	0.650723270426341	2.05899586301948	0.274694814431858
0.132502936132418	-0.445370515495546	-0.425253307422635	-0.892558438820007	0.0576778341677829
-0.203949936515652	-0.399627147654971	-0.0364231196075198	0.724341673385465	-0.267546178748006
-0.19179343584818	-0.518444837970713	-1.0958965097763	-0.0849148202867175	0.0996078688116854
0.100621967198648	-0.278228277127011	-0.306993475003828	-1.23954906946263	-0.856082193785646
-0.188431091348381	0.102676595462743	-1.56514217064828	0.282299078449717	-0.867872182416322
0.0808048114450574	-0.240625010393307	-1.27007968603142	-0.595112481257578	-0.561712400152704
-0.230356227646474	-0.834738517035315	-1.63715844343364	0.308442099202523	-0.504098551596322
0.0124825773728406	0.270592936284006	-2.00759994926065	-1.13600903515782	-0.156416779176001
0.149854378178919	-0.0504220402130717	-0.695519333152036	-1.33821129496565	-1.04908133972737
0.0959415623729236	0.205996255251652	-0.969108485839528	0.3357435252408	0.174017670777151
-0.182808932087422	-0.507091053537974	-1.11871327877304	1.11914422572712	-0.424915992600793
-0.254296799332903	0.0557344355817131	-1.21553895371166	-1.62592897028068	-0.475970454972031
0.0189282093642739	0.146883204145497	-0.228869399148864	0.374833429755451	-0.626783700444029
0.479924055170945	0.477773216208506	-0.822850215188467	0.349064348269444	0.173308579634772
-0.0165642190851429	-0.0187868589861427	-0.399056728629064	-1.69629176478655	0.247045957142979
0.324118186143771	-0.396966860753199	-0.547025084564525	0.608398228448261	-0.364138297402093
0.0492198425513676	-0.227227004657762	0.471344579084032	-0.519896828771627	0.282130034203948
0.486561329842897	0.423413480661864	0.101355054806781	0.854801277603548	-0.0785921534228779
0.211217039643245	0.269811095804103	0.198693271744014	-0.369422948825899	0.223521374180655
0.0902865691183137	-0.473992032449463	0.708853049736854	-0.9728199013744	0.648238113295818
0.0900846090706005	0.0747429310269509	0.642801431639991	-0.824117930386782	0.479227740829721
-0.357380139198866	0.424402336539399	0.865779634667617	0.946910968165796	0.501898323515042
0.25770186812198	-0.996358777686467	0.431945321640096	-0.408061836166676	-0.210273043792746
-0.122863595497993	0.412875140090581	0.790126379641727	-1.53199837069122	0.0561762443184149
0.147257086667416	-0.342122818144575	0.737667352278105	1.0522724283278	-0.0451693341283664
