2.15386843142357	0.654577244255385	-0.245504577270798	2.99047527989308	-0.0565393691150155
0.808354135915701	0.13709976845588	-0.204028943885493	-0.39796232979353	1.2988508463602
0.996262740327161	0.85059618979846	-0.843820462191515	1.77367498637825	0.40740962234764
1.19484366573661	0.964614661500486	-0.616954708689661	2.46734846733924	0.46091150704241
0.732861120162002	0.429603791036259	-0.525171318721659	1.06670357283863	0.579696610953492
0.836871449465931	0.570002564052845	0.11025549509178	1.95173283120471	0.178596670081911
1.20591928602803	0.324743546180207	-0.165098143162657	2.02831065720909	1.31625740610684
0.529365375306561	0.363680194125918	1.03967567169922	1.49961205127364	0.468777490178097
1.09913612728499	0.302910391798251	0.154190881351781	0.736979158641646	0.514269605944399
0.508590702736832	0.301387442643262	0.765918446740026	1.53851095866051	-0.11343724520921
0.625124758374541	0.542267502570915	0.980519915066041	0.245043625297435	-0.0537924287035568
0.595994564715763	0.235806893677328	0.811317747588397	0.71542785048957	1.34424760805384
0.51373064722069	0.401008762719161	0.704994953065297	1.4986344021354	-0.631889111818346
-0.523736634138221	0.544682098178578	0.391906374093594	1.42392588681972	1.33132835895632
-0.00302740226812435	0.0623886672841841	0.333442194404532	0.565582299937515	-0.653389228183087
0.482940311002551	0.276497494900708	0.0574076083754549	0.202432948258125	0.193665098350806
0.560468849492085	0.247962365826677	0.784121612696891	0.0475792113153868	0.458661595505236
0.20454349759219	0.58113659265265	0.56325613703203	0.592500710786579	0.529195251976811
-0.660526785075464	0.358986802265217	0.795162505451055	0.473262116573667	-0.424751859592031
-0.274008709044864	0.403742670543102	0.746633079098078	-1.03955558466812	-0.176875789195043
0.0703587213477599	0.780948911014667	-0.119003507497824	0.624508306491545	0.511098379309077
-0.207707997864967	0.512313905348674	0.430352000148149	-0.163580724484088	0.0254236987463201
0.0983849009264312	0.125024369119458	0.50910343575912	0.141427872489675	0.164732842392133
-0.287842264316581	0.408168805166472	-0.00436729626744041	0.615670135707628	-0.964334285584459
0.164391209756462	0.83038747698085	1.09677561636911	-0.0767670973545577	-0.135779758140384
-0.0514046847394463	0.175302581033965	0.134728546832025	0.0281981858991632	0.797704175225576
0.0512945301522272	0.320839380896738	0.390737415257146	0.812739756444301	-0.668735814427126
-0.341072372590262	-0.024059705268303	0.522598330520097	-1.29069661079006	-0.199962024435666
0.0518526840093396	1.12833476635716	0.500654995997167	0.218617607300454	-0.0660041943788569
-0.401357350075459	-0.548243479822377	0.251719825595793	-0.624148805601371	0.471092846149063
-0.262914093816315	1.16192963473972	-0.406297231752035	-1.16243685478662	-0.637556595535644
-0.568472493377414	0.539853927759373	0.362555069114653	0.919616803694371	0.0536792274481117
0.0887085578596911	1.42737664001594	0.388756555665734	0.31044702183885	0.383920177030968
0.0523440589404983	-0.090298022534715	0.190549818868937	-0.103798518665192	0.274309276234092
0.317085433067447	0.780447818711533	0.251574880550344	1.18330400726319	0.335516666452889
0.434773070419184	0.0940879945691259	0.237192512241127	-0.39281653869225	-0.595808001042319
-0.122336527915572	0.226549850771188	-0.097539731791107	0.183081826863377	-0.272740414625504
0.0490177280386257	0.717222720855594	-0.249277955710903	-0.320180269018301	-0.641619347778231
0.337397264306516	0.0955168947394742	-0.495085310327046	0.638192840891779	0.219988323818981
0.595707523840719	0.0460802986050871	-0.0221514118756326	-2.62583901176308	-0.547070979182884
-0.092794311832846	-0.166716109997149	-0.484924961963764	-0.388302847046947	-0.552690911266225
0.511785079955715	-0.112346111240464	-0.739906146220194	0.179533094960872	0.137365959648486
0.902411862504421	0.116300287477071	-0.602065484938074	-0.396800772616725	0.085188537057917
0.629567060990994	0.00287474110150487	-0.935379279917609	-0.741499188689091	0.321833680341477
0.461237109265949	-0.268259483467723	0.0611583093109277	-0.322254434784304	-0.0278068006625194
1.28435052751157	0.245178482505717	-0.0845344254696616	0.486469854085058	-0.351997595308959
0.944082140256941	0.460002167175386	0.128328154156536	1.32003965415288	0.821595984027701
0.716286948346225	0.559969511228055	0.386409945506025	0.611619730069277	-0.171128207271038
0.222160148621831	-0.35595797684893	0.0333908474131792	1.79874911598796	0.729512049757469
0.132232531969571	0.00163165467750802	0.105138724007284	2.16273632217745	0.15627666704846
0.240081225382602	0.250673080105116	0.268907276205981	1.98450106098019	1.00562598696359
-0.40060803250751	-0.221808180452947	0.0178366662030327	1.5770957337911	0.381200995132461
-0.775487715563951	0.240879068627636	-0.3481255676298	0.226170689125275	0.438414592016131
-0.615981982954161	-0.795407061030787	-0.220912426347292	1.93392843647985	-0.267636161502527
-0.747012930865951	-0.179306483108184	-0.294061050614378	-0.353053004619836	0.657236329556852
-0.709268771459354	-0.405489138866325	-0.838743074250745	0.46005325268053	-0.72155231021825
-0.399016970004095	0.500579176065044	0.372257868864302	0.712852083543618	-0.0202512422116925
-0.532419865036282	-0.0598712133298595	-0.091762792685724	0.123628903600339	0.262597888867255
0.0685996502512387	-0.33123371604363	0.467343997572326	0.606409625002065	-0.0999443325078297
0.206756431840656	0.750484259420841	0.521288227827132	-0.464815515300774	0.527932262305533
0.0462773171712033	-0.0698752096460489	0.496471159575536	-1.42723047686606	-0.015990984596783
-0.572058595847081	0.17793549946652	-0.00534707822639633	-0.130719452577799	-0.321063807691267
0.0576220742587457	0.785376060566778	-0.44250370100148	0.0486058951591045	0.332710634243098
0.441444077380809	-0.412888815969515	0.078786223607763	0.673985319948194	-0.243636565613032
0.451323000176491	-0.103665336193531	-0.654403927362691	-1.08039035213723	-0.143082021636148
-0.170103290860045	-1.29484710959056	0.162309592339771	-0.446770988624906	0.419924465697962
0.258252931070638	0.0347775981245193	-0.35611594579224	1.47926135027379	0.374131489031475
-0.220582961169247	1.17373041278548	0.24007475788619	-0.0524045960303885	0.507790107622963
-0.230226146755052	-0.0931228054408162	0.261341695421259	0.560135963793792	0.308352163822734
0.0084030769829475	0.0109603865543218	0.670058680209772	0.672162318244887	0.00349206617686448
-0.528564899948796	-0.552180239742636	0.761762505563702	1.39380250632492	0.751305302565736
0.126170927404311	-0.239394836519637	0.527104025092864	0.136980594606007	0.301496184454323
-0.350711876025921	-0.186960260125659	0.759099813234509	0.55904597125503	0.794318707393518
-0.238734578872375	-0.192382887526878	-0.380532140204873	0.795975537726225	0.415287963454958
-0.31015686865888	0.35180810229488	0.0226006652066506	-0.338288588619515	0.502020493046209
-0.754928570088596	-0.017357644485231	0.124566560198112	-0.736534699983341	-0.280597628914392
0.00496237538665489	0.278500868368074	0.0735890893379746	0.886016186665	0.275184356711936
-0.0494597305753726	-0.246957852865557	-0.244154995121224	-0.298377490829484	-0.598276968752464
0.296413590252887	0.341932648318793	0.265985837911798	-0.738761350903938	0.672208431543551
0.278311595300595	-0.432183911472909	-0.0307631964220731	-0.260540577607594	-0.123978451264345
0.310650854862941	-0.273412887231598	-0.55446649682415	0.00698716811189407	-0.437330327042315
0.252752675782777	-0.353046607790662	-0.688830303253183	-0.169672297087367	-0.0110870331630661
-0.161485100535992	-0.176163631259454	-0.170124876667217	-0.274934948716988	-0.8446601898785
0.329240368677532	0.0242954430952058	-0.665319408281927	-0.249898134421376	-0.0383271567920371
0.204275941254951	-0.434451230749696	0.113727009210906	-0.148185273144187	-0.110706577800663
-0.448518350988353	0.145861589962564	-0.125501104536	-1.07548266813585	0.121323053806382
-0.857538390226165	-0.492545514139093	0.852835575299176	0.976291303534359	-0.308459529727726
-0.351994740913166	-0.265641080202494	0.300080749514112	0.800910509248436	-0.112850307381172
0.0173009768297651	0.432367510291812	0.814780961534911	0.205004760673107	-0.162601761160589
-0.265308654197679	-0.800265088776745	0.895011482138233	-0.223406594265829	-0.443857882439974
-0.154681319943963	-0.375643114261861	0.492775469330369	-0.658001937099684	-0.103660112439486
0.0218696751234541	-0.239308149572776	0.525991551408206	0.19200810484279	-0.208220720235757
0.107224909596117	0.0175177121326283	0.821610699990682	-0.971353563928293	-0.540536280246914
-0.305728139660161	-0.112303943752314	0.114989203390859	-0.833048892953729	-0.110273976086626
-0.211060686053137	0.178085153584299	0.639191881907	1.2191374767967	0.134120692910986
0.716289669040127	0.759071726286575	0.503838091545795	0.212105918857579	0.0659632095661467
-0.539432698043361	-0.397143205603039	0.522213092219454	-1.42792251947121	0.701561895608978
-0.296829472950149	0.183465334840594	-0.10760879447161	-0.301534205970806	-0.0958263679728261
-0.227907679068209	0.134460998921536	-0.188923560741842	-0.692306749278816	-0.319441287778156
-0.715737951232907	0.139829040870639	-0.137400429451591	-1.39650641107572	-0.0422195565889235
-1.02382103326279	-0.689293126931818	-0.387448162724585	-1.1309281928472	-0.275806181049209
-0.9010066005305	-0.176234160234693	-0.279034899173025	-0.60140886328997	-0.600834243872733
-0.362047874274448	0.707453933347217	-0.309310021109372	-1.7274270164641	-0.601141073636297
-0.208285497655447	-0.157278425278829	-0.139790269464717	0.721154112114687	-0.0333583756036615
-0.079193647541545	-0.0691870526500905	-0.655005686908653	-1.8118246825382	-0.144141362668001
-0.410447620282718	0.198585435405104	-0.0658829297817424	-1.39474834832634	-0.762818529252667
-0.268666245088246	0.602926404900808	-0.36375526237777	-0.465318257878756	-0.144583895855361
-0.274730439957183	-0.557444734241823	-0.0180747543811206	0.167683674163616	-0.262750337031706
-0.903814958937685	-0.123135250258974	0.0428356965750287	-0.494011339328402	0.141572008362725
-0.436486850545373	0.960004715277792	-0.69842939733421	-1.74485054535744	0.0485695771419426
-0.946417425588801	-1.1834473065403	-0.000246752809713004	-1.52392248906488	-1.28306363291389
-0.967106277163582	-0.231586048168733	-0.245934493677017	-1.22509569799623	-0.372582708833055
-0.952893497423353	-0.282230767376026	0.0961938943491898	-0.4216818302311	-0.816647444750543
-0.851061891615425	-0.417419546032778	-0.156021747129317	-0.464739120345755	-1.16331206279966
-0.489941331251307	-0.819923846005917	-0.136623701745075	-1.04585062345856	-1.03002543787873
-0.354856962732197	-0.0353184275133521	-0.00576672029290382	0.446816230552229	-0.194378957307699
-0.270055388220774	-0.898526764267548	-0.0196515281874718	0.722327017422096	-0.842934864585069
0.365469785254723	-0.031151767257513	-0.396266326996388	-0.246782929885563	-0.0893811508069876
0.44281191532012	-0.172892352941943	-0.563772990143763	-0.849297723856141	-0.0893638522293991
-0.0648960033787614	0.053014594376657	-1.26013650668768	-0.881165968192276	-0.711625401600997
0.300591343345468	-0.297441768034555	-1.17386307855609	-0.599973677853744	-1.16668406402712
0.332378549252161	-0.273739208500618	-1.33071364734539	-1.23427503389272	-0.499917935210899
-0.0610055686108274	0.442253144384898	-0.446975842515306	-1.49067775200665	-0.84736427446971
0.135325925615253	-0.44564377278482	-1.08588760095711	-0.944625393900621	0.287507709038241
0.216654613910287	-0.975219029667269	-0.507865690594726	-0.00221291155549418	0.376749622297203
-0.0625742545235698	-0.127008653472783	0.157245842825736	-0.0320727659309633	-0.126112053650202
-0.234521199439765	-0.787698416744356	-0.474500417970648	0.450726516603348	0.503844897006594
-0.234522655651938	0.0174915863847168	-0.932087505190119	1.00906007697499	-0.56707265664148
-0.303817472103568	-0.48928515427871	-0.304126564765921	0.775786143581658	0.625288208692822
-0.326193797818137	-0.861631550788928	-0.504392601547886	-0.0673937884025442	-0.158004845357887
-0.520503687054244	-0.844750780006594	-0.952750491873053	-0.634655013966237	-0.305280000878574
-0.196543922362629	-1.10267507690487	-0.960363502539448	-0.149513304383433	0.460590804878221
-0.506092863219672	-0.653689557805418	-0.679887141488512	-0.786216233117572	-0.717507589514334
-0.250549830730992	-0.496463016748826	-0.430115283335638	-1.21603465147677	-0.149985636930876
-0.239901493780742	-0.897662268674844	-0.789770917332073	-0.0349946603859788	0.812749166355042
0.17840262110562	-0.281625877891942	-0.103249268702367	-2.21820454849417	-0.190988043950306
0.0339024092471397	-0.785243342123808	-0.594520694560051	-1.00484275135518	0.401270329708982
0.17637064649404	-0.101552154316476	0.368054946046344	-1.37211751629593	-0.457497811237607
0.330240436495745	-0.159987049867128	-0.710364664114854	-1.38722955812935	0.0827331515048948
0.120818807188117	-0.429890585793991	-0.397668739967988	0.195724682777776	-0.139964543562266
0.399457826644477	-0.0738931023189502	-0.916376389555104	-1.27895731559377	-1.31228888749047
0.2258829346767	-0.466431270162264	-1.13089712757226	-0.538440045905935	-0.474042794853031
0.126762336225256	0.682687053266885	-0.268603772379803	0.488366767477978	0.409366910951991
0.204980303209979	-0.600231569738225	0.207915575435085	-0.526788499567588	-0.24513533277421
-0.0229082687866502	-0.421975322789684	-0.100318912589257	-0.292006393880055	-0.0558462851935464
-0.414555646342821	0.013062458413812	-0.0127711637048098	0.0976661518420599	0.621075890802106
-0.374464792358746	-0.429186856137012	-0.0213612771590841	-0.0725604445358417	0.470821099050407
-0.319276342630884	0.252131524911131	0.334308388193299	0.700197026925269	0.796720606468041
-0.658364220113281	-0.938937364811912	0.554521328614548	0.0716957562725839	-0.218355334077746
0.1516350386486	0.124372018623533	0.520350074690943	1.63220289193414	0.715841350566072
0.135639447661239	0.167524516556466	0.207908296857149	-0.0845940213884377	-0.183178953853069
-0.285623919214324	-1.24046955625957	-0.0360470498767704	1.62600016203268	-0.539325913090705
-0.0645635197984477	-0.21427491355816	0.139266025201316	-2.24490629147073	0.970541268301427
0.24644449725649	-1.09794784689411	-0.000653269450488826	-0.0300969995615606	0.424567665564179
-0.230880286152608	-0.201094465413579	0.248268953610533	0.000220735011407398	0.788638732285904
0.142103751581153	-0.698097557965229	0.254454580490958	-0.707992380549587	-0.164637452337966
-0.300323009580299	-0.43018412549308	-0.437835290830537	-1.11475093749523	-0.682798128549336
0.220981555284509	0.165254657918808	0.417502888724077	0.668557682219104	0.185516097725717
0.95433414691839	-0.740063859437853	-0.204971659603989	-0.979920731743928	0.637265653091013
0.245228979584629	0.736520411144694	-0.210910046323701	0.695690371808589	0.0697286648239507
0.485034655485189	-0.821854895892816	-0.657970471803531	-0.91399500096563	-0.943678454030315
0.157902648444527	0.327191996364312	-0.513566246494484	-1.30450051251543	0.336439240463545
0.445116901606902	-0.604783206046136	-0.568015165474228	0.136486035275868	-0.859302502134439
0.468734645103338	0.162002888737396	-0.0910515146608009	-0.455027196974129	0.865410348865519
-0.207444815355767	-0.315288901876238	-0.0555945527352377	-0.590303499921342	0.0683328371616173
-0.210906432793626	-0.535494466466601	-0.0730268540481834	-1.07927487012117	-0.336846393488854
-0.24672445835477	-0.472843598977419	0.250648945100849	-1.05935417942757	-0.548383486337427
-0.182092492119054	-0.16161900032707	0.276773359933522	-0.757917021290492	-0.394959734430829
-0.25972185395008	-0.127243563800274	0.546842353345912	-1.3563561490044	0.479580441025696
0.211091528955283	-0.407036579553593	0.754931657184287	0.25528683288442	-0.327537114430352
-0.654156172369609	0.196980860017544	0.304727455039492	-0.905965951703048	-0.830339512557939
-0.324089616724281	-0.605898985744664	0.149437722433555	-1.33053431586548	-0.242330882888522
-0.201265187804633	-0.491189364065835	0.50478783197181	-1.3291363742123	-0.119957401013488
-0.352469780720926	-0.303658892979081	0.0952557215535005	0.190039823863999	-0.406843038767344
-0.243354069977269	-0.60878346989095	-0.0185990078961711	-0.499573122376273	0.0968995396571072
-0.17059811974656	-0.610898106311391	-0.506690560194177	-0.490215049716323	-0.30530380347797
-0.455607984589691	-0.40774975590229	-0.802451025566724	-1.75137503673136	0.47930107965122
-0.410251799852133	-0.41180338688495	0.417236711632752	-0.562985032962036	-0.682391923837875
-0.343426059204523	-0.0967273798072765	-0.394288239707532	-0.33377205461462	-0.287769320146124
-0.558772884058026	-1.05695489386394	-0.144205622229848	-0.881336024077286	-0.361416967271951
-0.99546564184831	-0.29455010203171	-0.229389132766071	-1.60082112986811	-0.483704362144727
-0.235597370995376	-0.322439334284274	-0.166974964633268	-0.0649099953201463	-0.603391970143013
-0.305516756311207	0.25167204664113	-0.165640014049808	-1.01844648264871	-0.811511780561966
-0.8926219096367	0.0670433765496563	-0.501430423955548	-1.25325143117893	-0.473156123680528
-0.478551100353408	0.0563328327547761	-0.398111461682149	-1.28936100103507	-0.243228495303193
-0.397310699848173	-0.278568003108016	0.208789225553371	-0.534047716644418	-0.54836138078631
-1.03464839905271	-0.288992134746183	-0.0395106973129846	-0.403748864437966	-0.16730920159482
-0.644429492426498	0.094234784298751	0.361565263776525	-0.146361384297577	-0.44625004233447
-0.266615794874111	0.461081342124908	-0.194763370783695	-1.48957591517818	-0.291641803606397
-0.292376532302173	-0.563222454492486	0.033852869016544	-0.836182771399374	-0.16580711512601
-0.507555303936591	0.26877792016719	-0.0802503423901584	-1.40169721947237	-0.132429519535219
-0.32674244419119	0.246878039424128	0.451517621907457	0.63530383133209	-0.422099066541945
0.0374225713257825	0.358459282034467	-0.0667773130260118	0.261195498712269	-0.519737817554429
-0.350100100334344	0.0124026936882895	0.406187760244253	-0.856548890509923	-0.510430381656873
-0.233325213684263	-0.203931963349305	0.644281038084444	0.187438881261278	0.434781474916228
0.201173680879378	0.0516391271315411	0.177020948489978	-0.900855455908867	0.131600537928166
0.172392957296978	0.447421567527156	-0.275017632191561	-0.0090367838901783	-0.402726000893877
0.919999963728035	0.768096948758274	0.352819764585372	-0.0230257281224067	-0.369983749519864
0.494537135258516	-0.449460182234533	-0.528461352678163	-0.192132080900323	-0.0705538986176398
0.0033805186482802	0.210395901360716	-0.841962574992831	-0.33842672392022	-0.813152894089456
0.677537347465445	0.293547593922531	-0.653071751315267	-1.84700086312203	-0.578114052744839
0.0894102973439403	-0.413437009146229	-0.569036179764113	0.830443857062245	0.412290155158975
0.165342812502758	0.78179122948505	-0.0130644789008346	-1.08686180523434	-0.367794517850521
-0.255101264101059	0.103589719239293	-0.336467063100839	0.896291303778077	-0.818933924524576
-0.251700463662233	-0.154887327969832	0.526070281168666	-0.907328728750248	0.187023007509733
-0.349987210233422	-0.00656726980681301	0.119496923162984	1.32021297020323	-0.0730756717585551
-0.334739214901439	-0.270476220289593	0.539482451303957	-0.0429739527885656	0.26192210396849
-0.451395245546183	0.0869170224924385	-0.127981733566804	1.35784243427617	0.691760637777189
-0.628402178072301	-0.252557422756809	0.628002306767862	-0.179449060613727	0.47929444026088
-0.079555701897156	0.31177201388215	0.0951441384479549	0.203290371005253	0.00504937790212556
-0.640266671553536	0.289378915032212	-0.0267276629939763	-0.440596482347266	-0.46194967866767
-0.217495139342191	-0.409994852591254	-0.0845533042824606	2.30430864542575	1.26483088930536
-0.281324752255032	-0.648618039444655	0.272348656700803	-0.477942339766569	-0.579885875300306
-0.587459007642129	0.544873352075856	0.446422872661868	-0.283944463174471	0.685424584208678
-0.452197463982002	-0.299247182598054	-0.666029354480503	0.506556588834851	0.168080211254538
-0.653845339764591	-0.475181972149443	0.189177965699759	-0.614097840272072	0.143642205393643
-0.130732240582642	-0.292537376922444	0.380134186509032	-0.758855480914974	0.19348856227062
-0.512003913469761	-0.132916451520579	0.19726089242778	-1.42738479330733	1.25748977821092
-0.209121909895367	0.331658540387515	0.275635816304877	0.0382248110259738	-0.695121959518995
0.152176645650142	0.0622258466522191	0.00370635563430295	0.0267020703663941	0.69522861674132
0.380572897403342	0.0534961531454163	-0.11551852951283	-0.0567621435841785	-0.288382485922501
0.809814213743939	-0.03573133309108	-0.467470902999275	0.407191078573562	0.19809591127415
0.41231998544912	0.37444749142891	-1.15385076039688	-1.18862626544776	0.00469271708402134
0.207093434104071	0.00898498366622126	-0.522246908186095	-0.41762323288265	0.673495438565148
0.496611464570358	0.447626048023549	0.320800240494377	0.181484118220348	-0.782610403876918
0.0318373365804291	-0.175745028660459	0.546672465562435	-0.197241351226753	-0.35940526631866
-0.129497386824937	-0.227201816045377	-0.114617630474869	-0.615409649377629	-0.0450454749208602
-0.157948687662007	-0.30411617131252	0.351470480688368	-0.190501715085675	0.156416392420217
-0.333729545263489	0.260942560560415	-0.0860849706250834	-0.17578267618919	0.244064355601346
-0.40237522135849	-0.465821447420233	0.26231193303907	1.30070211870118	-0.0381487345846039
0.153392828247027	0.0698459303936156	0.577773504556359	-0.165193199342961	0.39622398109743
0.195106645068396	-0.371699982228061	0.591786615846653	0.627749736903076	0.260897544892217
-0.558280454195226	-0.174493344619156	0.442954058539627	1.79288518657756	0.281512422089599
-0.172215502061818	-0.24154394136586	-0.240049278184895	-0.487589037801719	0.299430781446709
-0.171286631353066	-0.191447295141375	0.565263868410313	1.14726266181119	0.151545155858858
0.145880410222294	-0.449353339562131	-0.130368776656118	-1.02427786825647	0.122389490761553
0.18813083119841	-0.264232247804192	0.232157912299475	0.94959718617787	-0.0551582208941764
0.4752451790722	-0.110910971962389	0.626130259854825	-0.632765212947107	0.837041652509912
0.499421411606991	0.156870850195741	-0.232612025865609	1.01996928151487	0.194700414088911
0.51619494415843	-0.0122002294451405	-0.466213624489142	-1.02164333267215	0.0699508581105761
0.377544450977181	0.0846358098578952	-0.594261607078027	-0.258271256443883	0.126991678897436
-0.125064831361104	-0.64026853352089	0.0335192385988348	-0.796425000716674	-0.51808302519678
0.292154621474864	-0.209907463546911	-0.435389716721087	0.450639348665626	-0.688215534666829
0.155241650690649	-0.512586685706387	-0.00332846339422907	0.339852427698318	0.0519458051541865
-0.437169217464698	-0.394767623905024	0.162182679234669	-0.366422837509181	0.320601919118346
0.0300354436732909	-0.153107697399426	0.139362091003494	0.862196803650853	-0.370384086778015
-0.167485922885736	-0.508741520452925	-0.415813708370515	0.0371800112160666	0.672921466196873
-0.503689358630964	-0.45874043339398	0.391630328911248	0.141671497831069	0.0598061227626958
-0.105033361360685	0.041568897848548	0.224350957706472	0.856490239971284	0.185399716324592
0.162125945948458	-0.534810724873547	-0.182819419177415	-0.33132746008617	-0.0969461086126754
-0.462298404551566	-0.19586660443357	0.266606162383598	0.435637544510545	0.339537450396399
0.187103537006535	-0.638109990067332	0.25338820985896	2.09437470508113	0.431627043601991
-0.283154626799495	-1.08621092093183	0.636201658368986	-0.458103728180787	1.04736189143259
0.491647557345355	0.369333077221756	0.168222833268465	0.940953589547696	-0.0534938314533419
1.00462938790396	-0.352143474441681	0.294686154029344	1.13449457373341	0.785699730234999
0.731340597760487	-0.0671846734602248	-0.00742762362257166	-0.414731084791114	0.381420111466852
0.918573386396286	-0.28035898871377	-0.909629304284855	0.893192002822769	0.682135466029026
1.27223352387327	0.310921154762902	0.103749341128961	0.773761927000804	0.0676232544484371
1.16950282036776	0.56891323663393	-0.981245324667495	0.656968574334119	0.319200820927471
1.04952769508574	0.350721932121502	-0.516890638675818	1.44702136317362	0.17567343276521
0.726906850560382	1.21470321998278	-0.438066056812827	-0.437144994172965	0.222441469118779
0.513132291235894	-0.713669650694506	0.0874662992875252	0.912424654138322	0.23082487658895
0.376463954858791	0.261696730884498	0.113246978147927	0.300882340358964	0.41709813455843
0.525811855256449	-0.225104188628199	0.859205671518042	0.383000641988829	0.464119448344195
0.39530172088838	0.0408698743229238	0.18216618270853	0.140637866318687	0.0446669041462256
-0.0261913771492908	-0.0479328471656034	0.361342365306353	-0.383511771468569	0.087155937892758
-0.125239734305341	0.0934201218268907	0.840586513024691	-1.36311962180569	-0.390644198215923
-0.141516279608226	-0.268558509348829	-0.203273096104854	0.413884036750113	0.347572827639088
-0.211150671868682	0.236144988929676	0.005516562532785	-1.14786597614315	-0.0517437063130369
-0.31284346689959	-0.456636141174449	0.0572100903803731	0.609770044967031	0.668482291457488
-0.48121339900025	-0.110791006025653	0.140040920909192	-1.62078387138392	0.137173293730933
-0.585517637694517	0.0925347918838182	-0.236709935443766	1.19407630754873	-1.24212818072637
-0.125049425195942	0.0811020624908255	-0.554986527022045	-0.588759392985678	0.14986304495667
0.454017518108524	0.380381820896089	0.166203469787589	-0.491277976436394	0.322640374552744
-0.556431661729085	0.15142914873784	0.110372252994695	1.13419060913448	-0.0254621498157025
0.00289145754189655	0.167441653307639	0.236274698462878	-0.410355944692937	0.286868000208334
-0.293200146579986	-0.201501303683467	-0.0129861481317186	-0.0558903546550713	-0.709370563786229
0.254970124559617	0.730720320342489	0.46642497379621	0.226223981106146	0.236043031984035
-0.00537602961604532	0.206750396863182	0.348652073410292	-0.718009796665389	-0.292615697242133
-0.182638193845731	0.117740716727073	-0.431226831152379	0.298498220148162	0.130667744807467
0.01155342482161	-0.0304752973404494	-0.120090853206615	0.21504205538563	-0.442133740441474
-0.320698451122236	-0.237442579352012	-0.306914141550234	-0.645308006040243	0.520546357640689
-0.379578631732806	0.107076722855232	-0.259076931626817	-0.282326762381855	-0.218245692112056
0.0433990502012258	0.640743260035224	-0.787366371824164	-0.122824601190134	0.482226030292744
-0.364209576019046	0.0039044729823262	0.487944363768903	-0.785752815593856	0.418455770976712
-0.105112959815932	0.271812116184275	-0.432579399529333	0.0109282989032657	-0.180450207199648
-0.318633239714718	0.811369207579843	-0.159037607767308	0.290060790979942	0.637160383503946
0.0281703425660112	-0.0757404377798282	0.290460431817242	0.84820643438788	-0.236850957044995
-0.0361315203271762	0.959525450381248	0.0516773757024179	-1.41687717044804	0.12900223813328
-0.41430929476403	1.11604484832567	0.149915149433209	-0.647456172713606	-0.701527728393291
0.491904048787597	0.433265517074876	-0.00873497372495755	0.1749228543949	0.472801019034332
-0.319822724421197	0.759509188209895	0.332944803522339	-0.532975712651628	-0.779260897623194
-0.0658922228869919	0.4816091815888	-0.24290968989089	1.11126827087045	-0.145715107819797
0.194011831481828	1.30139638442372	-0.334334185454706	0.20696078473327	-0.764579472929712
-0.255773284735304	0.594592592645377	0.495852487362294	0.0361179982996101	0.450725779746866
0.493617281129123	0.60753345482695	0.489447085825408	-0.647912327198388	-0.578541765946484
0.180932203571176	0.516470280754685	0.419598588589347	-0.335251259088264	-0.219541662968401
0.445634079517091	0.873284194729713	0.556451500734019	-0.405003361528208	0.00710901747528283
0.569359845641573	0.241777460801998	0.201172026743452	0.842250100951655	-0.234424159673199
0.354188921121562	0.421609589283082	0.476981769360494	0.0151226899202965	-0.520502329682262
1.63847669086637	0.522769619627151	0.0452403626298598	1.51438507770726	0.214160958918121
0.744839022902487	0.01052907833743	-0.811071915705955	-0.0361271721331237	-0.125243134791333
1.30198178994143	0.3500810874904	0.264170907494322	0.52045293988694	-0.403829375985654
0.618178741551646	0.645191027461326	-0.229397258185838	0.939492325497834	-0.407201238153479
0.598965001570336	-0.140477340018993	-0.00714148851700597	1.548989149685	0.524986654774153
0.330844332941418	0.455995620067654	-0.052665203520527	0.409584409886439	-0.2896765886774
0.168388909136963	0.367816280960594	0.0509895261208563	1.47644691599724	0.397210899640177
-0.0998065177117422	0.360729652223764	0.366215659952801	0.95175350868698	-0.0215191520770443
0.0975821199311427	0.613238640730674	-0.150820371766977	1.00056499113291	-0.236046858185918
-0.199540364667369	-0.734375693371498	0.505465770445235	0.59590809554157	0.769789885200425
-0.0486809261730566	0.849563158070263	0.0126927877774043	2.39646803162741	0.40896182497251
-0.0608662076769045	-0.0842306713773007	0.182127203215945	1.46520841070923	-0.312995536890678
-0.145279020484665	1.03476168447463	0.14968501020439	1.85877478218762	0.541100320555991
-0.0164013575904754	-0.36082628139401	0.339130517012199	1.64889619089587	0.0731687137335045
0.100535327140477	0.196938569363022	0.0170237463177741	1.04462714963878	0.215777033905347
-0.502540624951851	0.618754454396244	0.504844156352027	1.5760188696246	0.451583558896478
1.62626387611926	0.760620909872582	-0.829829270969109	0.75666690451427	0.0106799302022086
0.19157121420915	-0.550841872982941	-0.83601436343891	0.728365838354754	-0.142005229666933
0.218897180372583	0.129259819728154	-1.50244283755198	-0.479672234440831	-0.34703627351155
0.109273853569205	0.467139496468843	-1.38298749496169	-0.524938784558918	0.0204693582907493
-0.0579091052121407	-0.787297559118786	-0.945287199700058	0.741942982448173	0.0765951016490238
0.0226707656648448	-0.08264089501621	-0.49238573319186	0.847403022314225	0.237099289258435
0.214869765796716	0.103841162630512	0.0313350718217849	1.00180551594581	-0.403722945102387
0.104512738420912	-0.442688766805622	0.145482066291399	0.363219444764275	-0.37405543546415
-0.162325559417488	-0.457934855108391	0.01068829374875	1.0627498462369	0.352477576355329
-0.483808508862253	0.149629446583442	-0.0985143661975873	0.541245655176451	-0.191879227108992
0.0290980743493561	0.68927451708957	0.994777789895078	2.43933054818729	0.285524451311154
-0.535125934862007	-0.17236823278072	0.323711752258343	-0.321305098699647	-0.556404408476884
-0.260514826246455	-0.79214374171314	-0.172864483218621	0.336223778051292	0.244257215550367
-0.219545318240196	0.671710773549772	0.719731352273608	0.38846907656879	0.250390265703398
0.0629283090056422	0.200244183226015	-0.283557198310279	0.193895325610469	-0.134156629438158
-0.560110235986248	-0.374909892358349	-0.390857742156166	-0.64158307229844	-0.198045289825033
-0.0145019728412976	-0.128411603154196	0.304490342933656	0.900590479379713	0.126457899753406
-0.423145368459328	0.25158166324818	0.0972600447753496	1.44215123283246	-0.51723030573807
0.196617930093582	-0.0328285719756265	-0.290998512794548	-1.26853227971767	0.366136418268753
-0.121562493358572	0.446876247425235	0.449055710189676	0.889925691407704	-0.51118672934401
-0.185124060623063	0.345015722828108	-0.160406478171302	0.739663189992754	-0.0915447957234461
-0.446310909433288	0.514518290935705	0.463209324115049	-0.586035769250411	-0.524818470748596
-0.147052485739435	-0.0460997335822356	-0.412995144902063	0.117387582229987	-0.39786256737906
0.0698325667716236	0.595871576087538	-0.280014710199666	-9.08394461969972e-05	0.367831677676163
-0.191188622428672	0.0129049647959418	0.323098228576105	1.08041655129472	-0.193367109090773
0.17150802092842	0.407950828922176	0.0198464115990167	0.0487824208819128	0.0233544246107726
-0.121221308756819	0.632948254199796	0.486158550825027	-1.04824734968396	0.62879096251103
0.0642356285160628	0.686879057209566	0.63437527533128	1.21142184721158	0.166452923314269
0.0215203503143051	0.781356343185312	0.319914004020999	1.00464349044246	0.133616032353487
0.157122595992142	0.321305156643536	0.0291294052491773	-0.961522678465499	-0.618373721147954
0.174454431971961	0.36142403674212	-0.114565222432523	-0.0877451218159955	-0.146606722342589
-0.252492537952108	0.0697941223834447	-0.0879888880624543	-0.402760278814855	-0.997979670455358
0.155217599653293	0.451872010569684	-0.0279324662289396	-0.177326805036046	-0.32207777299734
-0.024939823698341	0.285637005299737	-0.0683850439196522	0.0945421239431364	-1.20042626987814
-0.53438724339937	0.399865502134795	0.584981433213563	1.15726223617356	-0.187257072274346
0.443915199192003	1.478585575553	0.966701234575917	1.20568546622288	0.10839406011265
0.453411573953832	1.14180133842093	1.22532042176213	2.42530288367745	-0.19995909437466
0.745665435143062	1.18802701350866	1.51007388442348	2.23013278289865	0.382872285024359
1.09770865256632	0.501894691916841	1.06100569479438	0.724666474803469	0.723820490827355
0.775561026553655	1.05530024869551	0.539455830510691	2.04275735644678	0.665981002390628
1.29444875672463	-0.222939680351282	0.461300105764257	0.70198169983934	1.09568511192562
0.923268059122379	0.79877532639861	0.247619137011171	1.35317129424701	0.382201625638072
1.12570202137279	0.366272066739687	-0.337213878324781	0.575175381459577	0.0920506953565957
1.30215668989623	0.0116089365070505	-0.223071207632728	1.46016978629439	0.131254433127542
1.00441394648561	0.184873609656597	0.0074984297657994	-0.924678042313239	-0.221098854891249
0.467345989732928	0.272365220834076	-0.233383279891079	-0.242520647466446	-0.0493136531084032
0.936309811994706	0.955643724962255	1.13873261797937	1.84122489393869	1.53157554249675
0.60944666165423	0.582782062180512	1.7137285927871	2.22527016161384	0.712353476173226
0.411536019376786	0.387880254187535	0.76944724125861	0.862647978609312	0.434913332618712
-0.0515933978296507	0.302480590761392	1.14536418780093	1.22268487085762	1.5332580365329
0.358246101637106	-0.301620303008236	1.11825216763929	2.19209527344082	0.354152726301115
-0.0887162266551352	0.613229916088588	0.449929235239043	2.07295861061405	0.726626219549562
-0.140219231578497	0.136014383052842	1.04274550931661	2.7947259886629	1.12222715582071
0.0612679936939478	0.0315666208120122	0.831483442251515	1.28410430772576	0.678080528692432
-0.0796768214107201	0.589160717985088	1.06258802931556	2.13851002914513	0.539225928818715
-0.0589644637657333	0.56595393424707	0.725730058031699	2.23618797901334	0.753951880519362
0.502277654527364	0.869306036445998	0.0703487709868324	-0.489055462910489	-0.424723703356735
0.753856351921214	-0.60667939985191	0.02161342331551	0.1973069740979	0.995993993141495
0.962208420994951	0.691363586843344	0.159454035948319	0.337963910799013	0.451942463252688
0.682729276039837	0.812247315205621	-0.260590692582309	0.265089321343672	-0.0192719578032274
0.162233111856137	-0.272172559226195	-0.99279680300176	-0.516898504697929	0.365294099162556
0.300971609677495	-0.249083771071715	-0.582022347012845	0.0197597530598406	-0.340412681955419
-0.151874225217134	0.0353302444101987	-0.349729779647193	-1.17414038418445	-0.366332265689779
-0.408594401278191	-0.0289556761018748	-0.575579329344648	-0.327534750675034	-0.216379892576974
-1.05440060233787	-0.288402770645354	-0.267946264430014	-0.862883282653422	0.654416689297992
-0.125151992312509	0.699057528248975	0.382477028842141	1.65429057292438	0.529557607642639
-0.0834645808919843	0.12852286171739	0.55191861469258	-0.534813921771622	0.183589518095298
-0.23927832182483	-0.25289907627513	0.578920100171267	-0.468437869876766	0.502414621924401
-0.0690126013701012	-0.162768880018579	0.63126408184758	1.21856388309078	0.428369157881195
-0.0589006688850099	0.464096568545185	0.497609322045517	1.10413559185734	0.552327821326519
-0.357525280101105	-0.0938352169859723	0.116419255524649	0.306027982368336	0.853177376268087
0.0943118795603837	0.709221958907593	0.116204545057673	0.569229152999154	1.00851127905359
0.432365050692741	0.139036794701285	0.373013912734555	0.620992306240899	0.797856152915997
0.38567440348872	-0.239183083826088	0.65822813790607	-0.642254464365971	-0.104213600816958
0.0667675008795025	0.020793714985415	0.822046513096348	-0.595291792485203	1.16741680990055
0.29498172702912	0.0318367833097466	0.548614061941377	-0.714111174452703	0.280663822752695
0.323947621201286	0.277073288680443	-0.0265399843915546	-1.53706225928938	-0.590748131683516
0.48737171814569	-0.209223720582346	-0.583809560873155	-0.258704158763488	0.144345049773792
0.398722167066052	0.658383995747762	0.0407775154665871	0.00656154370314769	0.296555794381658
0.462903723718684	1.07678635113935	0.033834328067855	-0.0512776471309414	0.187000290770881
0.39561706944779	0.332997975795539	-0.785403145626272	-0.777557854338282	-0.185388984254445
-0.105778619254078	-0.365610917992792	-0.540772395348054	-0.885662149917439	0.833782406744743
-0.292680455362398	0.138858310284647	0.356629339693124	-0.914280410388846	-0.0243587123821172
-0.173748593076375	-1.12317648759903	-0.146055519811301	-0.591721318913983	0.423739451159082
-0.304407848868905	-0.397137091093039	0.356174923204458	1.12441790302828	0.26304410817755
-0.107061784851124	0.258546308012241	0.452366985063712	0.551315675346222	-0.258835272051695
-0.239225519436815	-0.397330586713902	0.369686233572849	-0.144555554138139	0.826786455202953
-0.0420963801063482	-0.245020287527371	-0.263786997490901	-0.352052487493002	0.149438340078136
-0.476816411943689	-0.147197426433069	0.37934803197196	0.918184472190481	0.399342840890437
0.105758016772173	1.08262757775386	0.0384588574370981	-1.5255818752139	-0.0291714291557547
-0.0416555541950865	0.0788376906484935	0.163341253125688	-0.609724687086853	0.164408368807247
0.15212408732106	0.738882286885418	0.73793912541701	-0.084145231253214	-0.380846416956295
0.353216925893132	0.0696842370277116	-0.190776193217691	0.304862144409563	-0.77619303048575
0.301248275588333	-0.400473152150355	-0.829425748921165	-1.91313315082538	-0.441354193591602
0.0590389734989451	0.207932438178596	-0.504084709816218	-1.26271287679433	-0.489002505531658
-0.00917127697582888	0.380368267199436	-0.919099279732285	-1.49693972185516	-0.217369795805186
-0.249011540732933	0.0427068920755076	-1.70365360415339	-1.70929443274575	-0.927141278810902
-0.750018680382918	-0.263713353246877	-0.787239700694222	-1.98007973765168	-0.129888609843037
-0.245812168098502	0.039653197466671	0.0261085049791584	-0.904275631065424	-0.592836791816153
-0.17345697333151	-0.145111889907528	0.0759384758539815	-0.672351356315823	0.0350953269323115
-0.487154383806994	-0.529239842375651	0.0950474142591852	-2.3254870120361	0.216731518282302
-0.303769154670236	0.465006781978851	0.224440019735948	-0.529013776393416	-0.0535143953231319
-0.364792540800061	0.428487989963629	0.173081793537006	-0.293827133044389	-0.25695213913684
-0.276124673607418	-0.11485460296715	0.238249393759031	-1.09975003905858	-0.508577756752417
-0.499181050943429	0.254830489602815	0.411265154443181	-0.324003283562974	-0.424445823457562
-0.240924665827691	-0.324178240111343	0.535433441593813	-0.811652634575009	-0.302451414447349
-0.00241447595026809	-0.143831023657927	-0.0390638618981284	-1.73676691889745	-0.667908988129234
-0.379198471350862	-0.936890061178741	0.275875504819574	-1.29261817556858	0.208038694605536
-0.282273387485124	-0.258944993855602	-0.565566978802608	-1.84362834075688	1.50351628087079
-0.854757776314897	-2.11308502129903	-2.33397440530613	-0.653123662766871	-0.710727758063552
-0.370856236560065	0.462719441739969	0.111394102987626	-0.598594527285578	-0.0500685329209213
-0.0601162223175332	0.224197101332545	-0.0114696808332617	-0.489397919124546	0.111567785684426
-0.0229259784096105	0.598850729864949	0.618218478114254	0.209475524324413	-0.836800571828138
-0.392069631428989	-0.324183087497755	-0.208721176080386	-1.07766539143161	-0.935526739479115
-0.662383281386082	-1.07730186251431	-0.98767782401414	-2.22785125974259	-0.196296161883337
-0.270098220448271	0.316151137103294	-0.544090924460432	-0.30539806633084	-0.684117301788083
-0.459017910697336	0.118908687556406	-0.011038928483597	-0.60640100285472	-0.717806956755879
-0.565539213328967	-0.264689472417533	-0.261900471816295	-2.09248118691615	-0.139135785559969
0.0592747195864125	0.00259481663547067	-0.131428904362304	-0.264644555703802	-0.39618613074072
-0.5354495224391	0.0892867535310658	-0.0458442179455931	-0.70566066451307	-0.617094752229097
0.0194037809336478	-0.0234823814235789	-0.566188365543977	-0.651331398249068	0.0263996051602411
-0.65411764313461	-0.502381480888102	-0.794595300678327	0.255006497579385	-0.629011838220344
-0.762199748266882	0.486780250732216	-0.769396210157771	-0.730395697015593	-0.570359839985549
-0.451841409124063	-1.48961174936343	-1.17347479764357	-1.87789073864081	-0.799280090231457
-0.344922600873412	-0.617277382242945	-1.10175892772751	-0.805920559208715	-0.305573280572643
-0.710826339847904	-0.851559623995732	-0.803849427458425	-0.390403013477615	-0.346859894732539
-0.426531248641753	-0.239987945404913	-0.704749935512275	-0.67367222294545	-0.954728482473254
-0.632604628109705	-0.888726093801802	-0.567579712031791	-0.578089753794035	-0.848504823215686
-0.495286475976608	-0.312780045177436	-0.679062896283682	-0.602274149400503	-0.964186085590258
-0.498348251992001	-0.523761588049121	-0.636220709542085	-1.24092339332369	-1.15053438700376
0.229973404514268	0.14873103223543	-0.65828577882125	0.216717238151133	0.749245060391121
0.412672149490738	-0.780442891851782	-0.894398479239914	-0.583519395198833	-0.394271568441845
0.230139221496098	-0.422634689079539	-0.662281189441954	0.129034252825535	-0.338135641930167
0.42794899105294	-0.142210962487629	-0.523135541681292	-0.850513519280777	-0.13104467055743
0.92865632666771	-0.724088056824891	-0.111191444646291	-0.246297100855021	-0.182704609612938
0.235319240153035	-0.111299567755073	-0.0580139222786023	-1.66244033495868	-0.789740576369694
0.309462165123269	-0.630622296398139	0.352658642582862	0.317922283899295	0.114940577049936
0.168440003601515	-0.752901644017665	0.968316213595741	0.199945453247857	-0.169033866137596
0.207482563295978	-0.841606574293598	0.296433440388294	0.764692946578413	-0.421039355849469
-0.213727937965785	-1.21088704184635	0.161937936773063	-1.10617883837727	-0.4095516577547
-0.537844367911241	-0.664550324255523	0.187100917603421	0.475900751670573	0.410966179726046
-0.140642044272689	-0.0875868438009787	0.810836715575262	0.636330483088216	0.687487607583723
-0.248207243942407	-1.06260475311954	0.242913708125109	0.626980740734947	0.109529986415389
-0.266169120588167	-0.727860244547214	0.701138137924916	0.0304778706978018	0.186366524238801
-0.440084581614226	0.501115144598533	-0.152502030974512	0.395758544409479	-0.158995595811339
0.276981758766558	-1.01323351040118	0.26840136477233	-0.85125130099148	-0.332983719935228
-0.150863636105729	-0.628455809302152	-0.138864741980153	-0.685103809540918	-0.583858394470047
-0.116623358412461	-0.737166919863754	0.417145439501675	-0.869771581585068	-0.515087998827795
-0.557854171994287	-0.151511782741944	0.355926371537074	0.00769327849098907	0.694943949128964
-0.092948241170545	-0.793540504589722	-0.298420772647798	-1.25855639303071	-1.27391826061285
-0.339318752249202	-0.498179117949421	-0.196661938161931	0.238505769092135	-0.025314448197492
-0.528642796787298	0.173918477507262	-0.38358756279695	-1.57111060097097	-0.065640521254904
-0.89598635627653	-0.212961238168085	-0.0536743655741559	-0.453844985385166	-0.16146094629325
-0.29637994835043	-0.129136734695981	0.13214895304366	-0.902090404495297	-0.155991544016194
-0.826140247288156	-0.354710897288754	-0.0464425694017298	-0.570641841752992	-0.0206832583938206
-0.73199650117724	-0.134617043045213	-0.54520042110887	-0.177812564950988	-0.780208821087926
-0.776544359193774	-0.495562932044685	-0.361785019996687	-0.352019115217863	-0.850616793988682
-0.44872307565816	-0.274742055967861	-1.07081874393427	-0.72907368892913	-0.0966128469548683
-1.21567356044294	-0.617314234876358	-0.190967197380696	-0.210772773266205	-0.43832209049858
-0.0389572672916809	0.461103961899588	-0.573411898453477	-1.37281536446707	-0.466104214605635
-0.618149781330616	-0.418979987698456	-0.327665398369229	-0.766135224335627	-0.808884928764836
-0.36403617896685	-0.975997960956005	-0.504208813160984	-1.7745045341244	-0.711944438676336
0.108153070641676	-0.867100078865116	-0.105731241319517	-1.3357782601869	0.0611886078138195
0.149408889157466	-0.374288690307533	0.035726497514529	-0.377689794379742	-0.236157214671296
0.218250814932284	-0.375989429439597	-0.74322107304674	0.32321289732638	-0.228596202262143
0.260081135668494	-0.274792891176644	-1.19778148701933	-1.3266239324688	-0.215377626163152
-0.103926392865882	-0.776978058681163	-0.477872027653944	0.740225191710783	-0.0931128126522279
0.180776581088519	-0.263554977939641	-0.248837244203438	-0.434981048345168	-0.871577761761137
-0.221357045087039	-1.59071426820294	-0.280154585469126	-1.06080385465281	0.300532533353279
0.148300281372841	0.114758254107439	0.413061603724909	-1.15756356158425	-0.205655174377209
-0.209760655995762	-0.779731748231977	0.367366663022661	1.34454235014764	-0.41060176635936
-0.475776287075978	-0.706032216789276	-0.350408160705516	-1.05209575647762	-0.502456397992192
-0.0180983830222458	-1.35724103264515	-0.137132088631708	-0.860572941634884	-0.473670124257371
-0.0933551361875068	-1.00484804201581	0.186152757567755	-1.01988560099607	-0.0651171299332522
-0.363295761640882	-0.616017063807082	0.139929642060723	0.591399354441614	-0.023512710074816
0.0175640907185875	-0.384061876557973	0.110861485632864	0.0323005221684597	-0.221402937469886
-0.361679657756268	-0.572384163445142	-0.26869341366437	-0.982207892787715	0.159130966132796
-0.276094864274156	-0.341807695889033	0.0875426731653769	-0.456550770882701	-1.35766672386578
-0.114166939790595	0.142495965682991	-0.468949829236061	-0.228407112897504	-0.500657069221006
-0.369281941092799	-0.618462184320156	-0.0837113787468648	-0.384411549080055	0.383511328150706
-0.22063946609531	-0.327582511598748	0.288597183260999	-0.442094748157359	0.375432887720786
-0.276285109041617	0.481506316114184	0.263651100171238	0.925202141328591	-0.456666543472608
-0.275817438141939	-0.222709631667	0.381244007911069	-0.332293147694748	0.0343603948895453
-0.233734027557427	-1.19782283560158	-0.246872311647079	-0.969854132584522	-0.676802713720617
-0.329770788440009	0.202606114121414	-0.351043585214797	-0.913467572004169	0.0383429661260369
-0.432852680652568	0.0548292169117429	0.0109238733117639	-0.576450995670561	0.243991740344421
-0.854783467337119	-1.10394715555293	-1.17695088942561	-0.423835213339963	-0.609435428151472
-0.369150031291972	-0.199355636478178	0.27182803557072	-0.664887932005331	-0.0116768211904975
-0.242790782178379	-0.619897925752375	-0.423239758272651	-0.104929489648783	-0.442081080291877
-0.676659737905695	0.0929669423847476	-0.191027604562448	0.556924139105037	0.16636137646212
-0.228621033395068	-0.608532683525882	-0.112927373668086	-0.564174590414984	-0.343634212684389
0.0597658962386362	0.694770604017193	0.649688320128354	0.345899466213664	0.405746902209326
-0.0875805305539778	-0.53267986618267	-0.27509673681299	-1.44446500078457	-0.452003868248539
-0.109346949316668	-0.52102432478712	-0.653886873812699	0.157046855969497	0.0276369323610824
0.388097320305669	-0.270062239422512	-0.742720544926757	0.120929999957666	-0.0547535673821543
0.405341084745019	0.0242471150196662	-1.31690798906658	-1.05294288674946	-0.177038822857454
0.0178847015983732	-0.638459509073358	-0.966926318125711	0.0965448503481346	-0.310393769015614
0.0741234429418977	-0.681187484250823	-1.04583018919731	-0.394702843490446	-0.529044113174868
-0.390741915038843	-0.621294538897439	0.21122219625969	1.55400500250362	0.512342377614303
0.0884823300275203	-0.457851212067401	9.57888695633664e-05	0.48434811473387	-0.409279223199761
-0.25893465257611	0.25525777337428	0.0400846384519625	-0.236156278776903	0.616653673660993
-0.0393737262158855	-0.501907148383617	0.927370331262166	2.53242302609564	0.301267928578947
-0.395630417385442	-0.72871558424383	0.321519246347153	1.43570888156866	-0.220267468970954
-0.276150841446458	-1.21439263759987	-0.249885030864878	0.496636806948468	0.905929514433269
-0.409292420700392	-0.491591307798271	0.304730120285913	1.24767494864398	-0.181905897984064
-0.373186736937785	-0.0690568245286883	-0.0217748386464222	0.577243605618681	0.15746023947197
-0.555478017956106	-0.512230942113326	-0.204307852770112	1.73435531444571	0.414872621634176
0.0818271100904835	0.658853647741958	0.541129417035243	0.0945160999744371	0.831862299369744
-0.0515550642258256	-0.449143126200076	0.371318823538185	-0.457848488899501	0.676733182854414
-0.116163026755543	-0.806432591154975	-0.0570572773309957	-0.679087863752434	0.321848616560326
0.301096288395632	-0.267757030544826	0.282556796084434	-1.3435831146183	0.405883668927054
0.406047504950493	0.851110054843107	1.0641164485855	0.778678603174232	-0.139652519937718
0.488327342349553	0.283600363534139	0.753431876059794	-0.0398504785367705	0.36228432922677
0.593425801666943	0.134577550964992	-0.109700248850918	-1.05694782897171	-0.421675329095821
0.806090178762873	0.915666710382464	-0.563961009803754	-0.34998633512852	1.12946373809307
0.6899242850639	0.301976054310914	-0.107562496605486	-0.622339983318616	-0.0656204745255831
0.523571436152133	0.372268139874947	-0.032576300375635	0.57288854954658	-0.458677727389078
0.463535649429281	-0.116282015295404	0.29922697046056	0.0850327603833084	0.358836089343636
0.105240692967358	0.140815363877113	-0.264435517764788	0.870009841342168	1.42417902733506
-0.219995172257826	-0.278814507459662	0.320110020754116	-0.0477443962415362	0.121819613063204
-0.0500080102542236	-0.24816242083591	-0.296559443798809	0.552860930003211	1.15853717746627
-0.267028079036787	0.105665588879883	0.636985059971019	0.741409734638534	0.630355802800099
0.099525807852666	0.356428256745441	-0.164439594244152	0.617359158358053	0.701144558551099
-0.542475496929969	0.0678832238054567	0.314615109039794	1.13020106936696	0.211221650644059
-0.160149733939339	0.0380563018650274	0.177762671726169	0.255325569578208	0.255383491349897
0.038754285081081	-0.126407988156736	-0.438203423827841	0.308897137834077	0.401574340355902
-0.401568570481764	0.471525058255748	-0.179465983743326	-1.26294036240529	0.312971638042954
-0.345486682923249	0.274578106242258	-0.354628571264221	-1.36555405914725	0.800552055835295
-0.585520199793756	0.342609532285319	-0.626415045922193	-0.775985965315274	0.533255888599288
0.175963508448607	0.301783899274821	0.398229669234415	-1.93453950911537	0.522902132975464
0.612812317233694	0.466809167131828	0.434871056343225	-0.658744163567489	0.265241025791258
0.375068072341548	0.271489518395877	-0.367325903747655	-0.279833274835176	-0.286932347755683
0.439167391778397	-0.179681188653432	-0.568448237922589	-1.54633138345026	-0.0291187576287429
0.659158901558059	1.53904427069291	-0.360751107608785	0.18506325882726	0.110193407321498
0.859122987068678	0.139654668958874	-0.525665739693866	-0.560126448806913	0.0119246065743888
0.342161885248706	0.474816147636821	-0.38758960588907	0.849727621786353	0.513048099189565
1.11279405623917	0.701681707802083	0.308730159741213	-0.365134868277166	0.519944319324672
0.373802157705257	0.432366390099918	-0.427443583712376	-1.35377399553986	-0.0983969978301623
0.166663347986455	-0.889634587939488	-0.0816910136888412	-1.34800087365459	0.349093297934723
0.364341863149213	0.501272167509382	0.664302402562752	-0.0355868896135196	0.482103813609196
0.232049183604906	0.0989818255327551	0.529593370057649	0.652193255162359	0.754198181833265
-0.384652875840176	0.175923990801486	-0.23899159886476	-1.28412163787212	0.251305440143298
-0.137155680421699	0.517922695800387	0.246167901735695	1.49395919396327	0.163519020835386
-0.0193769307860451	0.0576404580699029	0.959023771365036	0.578556992217563	0.816876755195072
0.138952284140184	0.016457637820172	0.151672878993653	2.90137956946451	0.560943853039965
-0.857163539704112	-0.446061649148191	0.240565501797877	0.451882361075834	0.177041214473505
0.140109768429933	-0.269391945641035	0.197575012449424	0.302671662172515	0.727286546718548
0.342288753345167	-0.0625871417067647	0.798330238162243	1.07929598333763	0.103710826884284
0.249383310781219	0.729640916687948	0.156656290572667	-0.147168111596352	0.149762354069184
-0.0598942896034849	0.896644791597626	0.0546925760685658	1.58322196390642	0.143688919268821
0.91685447147115	1.24243356289609	1.33352160097905	0.0504848096457243	0.373590188067889
0.909559141257423	0.858288796743225	0.493078810684359	0.798531099277722	-0.646276138804879
0.56315768668869	0.0401161691508727	-0.392643630114726	-1.78531406991577	-0.390119560469656
0.438656420257108	0.368275487326198	-0.804926101004288	-0.529573040602005	-1.05392980621679
0.449424558808473	1.20898419983125	-0.0439052373789416	-0.294970180948001	0.232388631920258
0.0272326331644542	0.849827360704062	-0.429956060302177	0.999410576524509	-0.621964044202368
0.0102100054235749	-0.372141223017624	0.340142473448166	0.702731982415883	0.0970659492239372
-0.634884082044711	0.462553070204502	0.458985844940965	0.870397825577696	-0.0621719592353553
-0.18048719744515	0.738531583360206	0.788498362543302	-0.57128702465355	0.269474793101617
-0.0502608188579736	0.454712679205983	-0.158766072595828	1.13520691156719	0.413211994726633
-0.604685193140614	0.549490639410693	0.563439180494569	1.1509889416972	0.355238811200705
-0.145483355385371	-0.206385583398635	-0.33136390897316	0.841198123652315	0.143328693713941
-0.576831099417584	-0.266231543562689	-0.288616143486798	1.09151749314964	-0.0607169946151801
-0.210914107905321	-0.259388045896731	-0.230363767913656	0.397979101627971	0.399563902249298
-0.110092662401365	0.196180708382017	-0.137758653382576	-0.072975176798299	-0.745879111663361
-0.326884177845414	-0.108591455136793	0.0283624516773716	0.805834804289658	-0.0401094628805438
-0.0687796160586239	-0.0305773632971882	0.987987658583213	0.51857265527016	0.339736482110511
0.00891622173339398	-0.0264198374489806	0.34272007567905	-0.880513418075618	-0.133191499492827
0.298619388729016	0.23621963054757	-0.276782626408982	0.603614395418772	-0.0151533029671965
0.697195093365723	-0.025185164490737	0.917252708913663	-0.586952994474197	0.758541744116793
0.534185896635704	0.44319763912668	-0.113280675784435	-1.53820382638998	-0.491059750338014
0.36427901336483	0.359009649710939	-0.717234808386665	0.5492234564851	-0.399065760203798
0.310319689213882	0.247221449441601	0.0834447020215125	0.409924174008311	-0.361352700784631
0.912118525254645	-0.111521245595474	-0.0687820146355111	0.289626481852559	-0.0828156777294673
0.239079003542532	0.231610902829809	-0.0645658923857335	0.75172402178161	0.184660651436655
0.232666777300492	-0.386748220570457	0.18182465345733	0.269632362872128	-0.145489101223827
0.3586656688344	1.08815421009597	-0.048933886642375	1.39930181494659	-0.229267916051113
-0.0173564898910981	0.0586357631508496	0.65323222174531	-0.0951575929814121	0.47933605547559
-0.367711754434486	-0.0012814596711165	0.316101198639104	1.60700029955411	-0.0543055465961855
-0.0579075545770946	0.100196993986616	0.0527274081402521	1.33125021624447	0.551321803796979
0.193627250314118	1.23018439131265	0.52031869727024	0.253992836227951	-0.231754634200743
-0.444815252604833	-0.568328863616342	-0.0963263634463292	0.399966559447324	0.33679526218949
-0.164607277555785	0.260915852370148	-0.0749287142045803	0.74340506130165	-0.468907572160721
-0.00619989514104638	-0.0237091308208011	0.41605530183009	-0.159080424356694	0.0452936632024323
-0.0638504028872177	0.197696459810226	0.605791487046723	-0.30007159006672	0.239537527399938
0.111686882382789	0.209595574247159	0.260523188688212	-0.369679840724958	-0.557451990544888
0.321154405474803	0.191153524478357	0.712488269853465	0.451950723566861	-0.105830841249156
0.508231791270116	-0.0383506953395047	-0.153003543875598	0.331456076334071	0.0295220486504295
0.552276603417421	-0.199168398671292	-0.576590580990481	-0.146308252739358	-0.160123789940353
0.00260332931017261	0.504039747792411	-1.13305894042238	0.0185404116598343	-0.906360506991673
0.079685830921317	-0.443058352635328	-1.05412674607639	-0.373304546474424	-0.711719418496177
0.15745505320747	0.784209193279157	0.0717724962656121	-0.677905818014809	0.196714536787269
-0.114700287479066	0.164221114060649	0.165181114717057	-0.430102692053677	0.0211042150718102
-0.194579765729747	-0.297604785675982	0.434955258804794	-0.61862012316317	-0.626639194305903
-0.393594219831226	0.350695567522067	-0.293475517627464	2.06248702672849	0.221078307616282
-0.0881166786579854	-0.454418721913904	0.553639045293877	-0.611728404520406	0.0729675343245987
-0.0411828914261591	0.34043853472386	0.459061326369743	3.13449836801638	-0.262012521253429
-0.205885059733381	-0.331762234578544	0.458843526722563	0.135777798266259	0.700007112478793
-0.353384088148308	0.0124692698727895	-0.0472412899785168	0.725598635349268	0.108790966959478
0.423099134663689	0.256201318214521	0.720395998313813	0.882588634653013	0.257644522167183
-0.277419909134126	-0.227211160651381	-0.023902718280304	1.0098457787343	-0.135215412767626
0.102374563461296	0.268701066889187	0.135799458020869	0.802804270620127	0.0782400497206185
0.188588081739436	-0.406137088202646	0.284373100323635	0.328690938779021	0.337186463151797
-0.395473358641968	-0.0612119011463099	0.303140040200173	-0.178503054692646	-0.0750531775811975
0.160535395821725	0.660835997795586	-0.156414901516215	-0.13092352909674	0.143892771336714
-0.0554568636982858	0.18406683470683	0.520313935863321	0.460220120149148	-0.0459183577943077
0.498235081529501	0.8332633291963	-0.697943164468843	-0.49909777560502	-0.926095808844308
0.446054065928728	0.663368651681417	0.00742205593588161	0.842103329007713	0.023240956207625
0.478268428438141	0.306677545700154	-0.237632134344206	-0.794496668316464	-0.575509993194716
0.126207598994491	-0.516292245868424	-0.474318407422756	-1.96869289415044	-0.0312585196228561
0.246113329867616	1.21396114971621	0.525319673952677	0.690699555830603	0.376267948861878
0.462153871556172	-0.165597100015173	-0.215001327979246	-1.37500336046127	-0.270709799231643
-0.142088109107383	0.567840820853668	0.0667273919548888	1.47716016615182	-0.766375275562285
0.219088515539781	0.00648257904782142	0.201214775505054	-0.540035843393841	0.315564610699316
-0.393130990830827	0.574813746455643	0.363211820452226	-0.197428385926965	0.305050295766746
0.0533673058772367	-0.30689491830652	0.046030143291858	1.38425085720988	0.115907371220625
