1.3644769516985	0.824073883807542	-0.729012984584327	1.06497567719508	1.32500106600052
0.143849845834047	-0.365890400596829	-0.00552449274339295	0.454710479305226	0.984535930278615
0.0747771364219718	-0.348029020498928	-0.368955347449806	1.03719720442754	1.26015238907869
-0.0939594253461375	-0.128244559792479	-1.06471567016439	0.448667599926617	0.547812995446514
0.12283705132648	0.318762222696343	-0.319255001538411	-0.535329894143039	0.391822056101818
0.547624556580337	-9.69947035667829e-05	-0.159672849560125	0.56357415754739	1.28906139590961
-0.0306530515648186	0.233736842632334	-0.859949230695446	0.0937544686706289	1.57385515214774
-0.0912958654111816	-0.156151984487382	-0.904042556998379	-1.00670648891827	0.0198753084348825
-0.165389116592973	-0.730633874916076	-0.781796348177725	1.31943950366634	0.227996227090686
0.123592679818484	-0.41543534766908	0.354393316342553	0.847806603538082	0.896667398584524
-0.173167847780772	0.173953212757988	-0.478806273028906	-0.258550554194771	0.239068097258903
-0.498223576548844	-0.311034096478592	-0.639012692459	-1.09965520914033	-0.0840183728420573
0.0776275358126184	-0.512426661113269	-0.22762371030573	0.565570609200758	0.519832282350083
0.0395536084474589	-0.364703475210139	-0.040140538481257	1.51307162140528	0.411904192110138
0.177088322526011	-0.0698785995060364	-0.460623554038812	-0.127405239414417	0.135477372271502
0.169088953831634	0.494506286257633	-0.0347046607307723	-0.628787169082298	0.354924365819753
0.838405117367124	-0.362506266248107	0.641734265870663	1.89372601521307	0.979353537149774
0.29782317021966	0.145581231314548	0.316801744559406	-0.883868311499158	0.595965318652415
0.433551616870274	0.649261847755077	0.102748644909028	0.278792798758282	0.763377584305214
1.01369028913843	0.491577886863693	0.978825887452268	-0.390986459891978	0.0195929278831986
0.392630908724152	-0.148444329294837	0.14383833376756	0.751082981940494	0.464393722609802
-0.210291020428922	-0.0771843386567678	-0.168023533908481	1.06248115409112	0.487680090402402
0.386444822539887	0.347745744557593	0.3602319127962	-1.24338883643796	0.335145458461947
0.430721715274429	-0.32507715133852	0.547367280553239	0.697303261235996	0.891789019013256
-0.180644303129462	-0.0699171206624631	0.378156556980194	-0.130975672264432	0.337272488961444
-0.284810092550604	0.452563334386293	-0.0563274986907726	-0.725351279432186	0.573888421681379
0.931381049062341	0.447411603859234	0.540294190172486	1.31573912785041	0.9771937145054
0.025939529219812	-0.231556233414323	0.573751087714086	-0.305230449627664	0.268536488878953
-0.106688812431716	-0.225817290475237	-0.12945187836153	1.76258527754405	0.730117489812898
-0.000937203104068252	0.372347706115318	0.331234962833638	-1.17654303582239	0.481406584218444
0.387634400164097	-0.71498129961455	0.696744285505962	0.656820543237684	0.14583060175929
-0.345311155509398	-0.502994438496266	-0.109897463921943	-0.0575757183467549	0.361881258964387
-0.655887255742552	-0.686424175648427	-0.370655344255796	-0.0733627833816487	-0.0526819871958133
-0.0829398740153388	-0.525935174203691	0.346562287174888	0.247256587103673	0.490271661237014
0.00605193673247008	-1.09807503387452	0.191442543814722	-0.287654547295923	0.181524618623236
-0.84097245098394	-0.356457545599463	-0.358839709313441	-0.186733084246394	0.796819182166029
-0.170926285036498	-0.605689015048986	-0.194419870076813	-0.4643679338748	-0.0898230398971288
-0.265988730656613	-1.18822346804461	0.0860266518902144	0.336313546484552	-0.054888076035006
-0.742977965595423	-1.00944237869477	-0.0346642260269223	-0.355227170319617	0.304896797924498
-0.863287412151244	-0.689222998620326	-0.337650267302096	-1.09501500014716	-0.204911602822296
0.235641509734919	-0.624917217232958	0.592283034060267	0.0179759735614522	0.623343844606361
-0.404413298167449	-0.568397687053176	0.365001361041712	1.03620090363322	0.902870736193535
0.00305066727031189	-0.320387081685175	-0.375999486300738	0.725932532001835	0.230928948288648
-0.246881894163887	-0.297071938769037	-0.383127955988903	-0.945699533008089	-0.706515631968321
0.179180586742355	-0.848358966521731	0.393331162910517	0.625431527764719	0.337756421990362
-0.4518698937335	-0.359299429715243	-0.172132874074782	-0.588124911129336	-0.257399333150228
-0.782374628062437	-0.819290447364955	-0.575254326269895	1.09070383076362	-0.15175595062505
-0.329289675693082	-0.943308366382491	-0.442884151527832	0.0255403674309517	-0.176761009058392
-0.36407613202434	-0.521867318620699	-0.149729402538526	0.657535375350903	0.136324123797307
-0.479207418885131	-0.483809395127924	-0.589461465787574	-0.160547797557912	-0.971374691706302
-0.812779346324224	-0.69798583722976	0.0773894859287882	0.316692761442552	0.589157603161168
-0.00891487696122341	-0.568194035643357	0.28938167905063	0.102922251892497	-0.244255720033912
0.00131081870754441	-0.871871010790557	0.509988398173336	-1.56467795297984	0.17797322829193
-0.311082052660445	0.22100359967666	-0.133414080926389	-0.250082205004055	0.0569172892556212
-0.106797874154139	0.147129379975927	0.228677250819569	-1.06446550259232	-0.618326251932058
0.475753590424291	-0.60612619367482	0.875646805028337	0.186434706689846	0.449803287754586
-0.405457992747126	-0.500071076523793	0.326515800197324	0.0676003794856475	-0.0744508445889256
0.304582076797425	0.424565162740275	0.743137286487743	0.140558706267502	-0.507083941808924
0.361204173657628	-0.170979429782843	0.9549650273367	-1.154874698674	-0.167730574665803
0.0565673367875472	-0.1652253042715	0.820211763144211	-0.90793184741295	0.232812119973177
-0.450319555950155	0.128501172075658	0.713027451614527	0.319824604233883	0.0621081651802722
-0.443263602829385	-0.335013033927745	1.0015688283449	-0.517490500340049	-0.389465522742252
0.271034921766956	-0.350321230169852	0.942508187091961	0.829686671862419	-0.471873848244315
-0.626607331996242	-0.340592043163908	0.426675955404838	-1.06553770654141	-0.562284473931018
-0.49278527722452	-0.3686684016902	-0.162939258659397	-0.820661533795636	0.493340980617204
-0.239089877575504	-0.654501102680236	-0.18582377615356	1.07656678838036	-0.961639453744215
-0.227820704644771	-0.650778050619639	0.297308657481376	-0.782767804818759	0.722410972949351
-0.560269570147108	-0.138775113099191	-0.434815789400281	-1.53826725329437	-0.737051555702262
-0.0251411041506774	-0.706975026684875	-0.331716380473709	1.30818722831771	0.505861230569045
0.452131100194343	-0.949987050702437	0.264792465017323	-1.05703164465407	-0.505599271765353
-0.266668142775182	-0.015583739265796	0.226678049986887	0.857648348010494	0.000339431454610132
-0.121649445406053	0.0189288731116425	-0.042420455494584	-1.26271725546907	-0.630508027819043
-0.334167911804075	0.248407444454642	0.190585135660921	0.387850778413547	0.270529395269504
0.501372468965956	-0.31405390838229	0.916035667168454	0.426487875927983	-0.0999335016322961
-0.456798544027899	0.16985216352975	0.0592440798698898	0.516265055655716	-0.267924561897201
-0.468784756384746	0.351974275116856	-0.332450145926552	0.111786230309976	-0.174175322531869
0.135085849339235	0.453832108606177	0.105871370457481	-0.00292492309240258	0.474362038041249
0.355653823493386	0.411968176356299	0.17650286224101	0.22362325656864	0.328743118435285
0.045317644727815	-0.106702316702058	-0.305960200820975	-0.178294584029316	0.343005618928865
-0.0660550900172465	0.440287064137277	-0.371945631265127	-1.58044823646892	0.34822598967832
0.383248950547721	0.456280936572395	0.256078133156129	-0.515179549930824	-0.106810269660619
0.181439652811414	-0.0727855839970753	-0.0914198394629765	-0.823423294364684	0.233186439375492
-0.021259950514822	0.428270915557616	-0.297308739430971	0.196285561591236	0.0208329577730855
0.094543443748553	-0.669832704190409	-0.178333855762798	0.451133989191802	-0.426303197454403
0.153061518282975	0.259511473241185	0.538354507059732	0.511784960303862	0.63691786774017
-0.502123553825117	0.131434301519293	-0.473477918544208	-0.233031518178636	0.050125045470603
-0.355883210762163	-0.392338913315657	-0.769267342186083	-0.423530007245691	-0.0530988182995935
0.520358050766128	0.507336727899269	0.060527089431609	0.429854343393543	0.763290350193139
0.184684478012174	-0.875910049529049	-0.18779004370584	0.940735789047219	0.264958855843948
-0.289255808469152	0.966340562312472	-0.866289585324878	-0.860229151488402	-0.234145978600296
0.682190085925403	0.335891160789668	-0.0436473978743522	0.15784001059625	0.368902852774554
0.558329339245345	0.840137623265163	0.334792925463785	1.09589775736443	-0.0139448930509583
0.018926568260673	0.30949140284088	-0.127758225333101	-1.77944594613133	0.893301839082677
0.146861829550082	1.05673201394319	0.119242682577005	1.14241836585327	0.209533970242011
0.0925701615557345	0.47022923634809	-0.150636432648911	0.984174147016256	0.619350754310205
0.479500137726514	0.716567631654968	1.11094115813022	0.160179582917498	-0.0912354060699067
0.0707442486899683	0.386956442957704	-0.579225549816005	0.0421296383596283	0.0806133835097191
-0.288911231820549	0.321650778172022	-0.475570831002488	-0.652981565399307	0.427184449936277
0.13455435928054	0.868929338504139	0.250721124632687	-0.540554510459523	-0.758935659811708
0.197629765912474	-0.113151591325621	0.136412559389065	-0.173947022876671	0.435510784914581
-0.309294454251205	-0.314660212467779	-0.480423844639253	-0.125826213116516	-0.27400149724802
-0.581793703054654	0.115973751188503	-0.769162100716722	-1.31360391567723	-0.868234574955822
-0.01552885978746	0.100999306460052	-0.11205787735637	0.560864781479034	-0.604129189447531
-0.195660486364573	0.337360596511402	-0.498833124152665	0.788626561526207	0.10840699238485
-0.412359812618942	0.148005754477835	-1.0585366978149	-1.14733728539164	0.117504624444462
-0.518593116276631	0.0890423813467509	-0.463975291086423	-0.204237345411325	-0.655441719900802
0.125585914477639	-0.50966414276073	-0.236308525449232	0.430359339076512	-0.83615264361287
-0.0689536276351212	0.556748272014024	-0.0581000796825143	-1.62308510462061	0.152561799350524
-0.380347248212105	0.420634545153908	-0.119824249142818	0.0439235896639038	-0.347080703421601
0.168203168370427	0.683497642131291	0.502669034973046	-0.340146321429978	-0.721240347025907
0.364510615479315	-0.156267131780557	0.662144285965698	0.0542422478177468	-0.389481971825493
-0.021952642301248	0.167948736012602	0.0498139771633003	-1.89437475097734	-0.239221649013905
-0.274507264557604	0.371744063423533	-0.235636951761187	0.39671667715477	-1.12112464538511
0.309741578983892	0.188709149935685	0.0988964169360652	-0.998462382396087	-0.0869319891443511
-0.0185075490304664	-0.183298141023804	0.453299943926309	0.137654969192713	-0.748910778287916
-0.385463248796665	-0.0842476710423513	-0.354420557565185	-0.8046664467718	-0.698481905403031
0.111827350329661	0.120515635422078	-0.424066777908829	0.0995734718635008	-0.434462489026867
0.075516958547557	0.813975306272427	0.679586998090355	-0.401610490887696	-0.382404778584311
0.0566939672382208	0.0706336450458555	0.141625099761239	-0.278539663310026	-0.152223805683743
-0.409331595910396	-0.244257644414409	-0.0502416156646955	-1.078495923699	-1.17724351605886
-0.50158988956641	0.615302458440292	0.358593889569222	-1.50518880686413	-0.883794295339469
0.335410710995989	0.203715831681357	0.719158641812081	-0.103923956455275	-0.652160091025278
-0.261635695353406	0.0899742566127967	-0.224516830750466	0.287906563561531	-0.180194903499611
-0.524953829769967	-0.21770873893164	0.0113303433085891	-0.218334757299584	-0.535013442579675
0.31161375778999	0.461066485461021	0.521353145898553	1.72311016289846	-0.230277884835018
-0.0872390089773809	-0.716564767821556	0.921966811993354	-0.961385222223098	-0.241429488865606
-0.365812946119571	-0.615955720304898	0.258660136415358	1.77711213188432	-0.851305162800953
-0.260084101827961	0.800346190918379	-0.024985237036661	0.937921084185342	-0.427202681797922
0.529842331837343	-0.244245544163733	0.718807410861365	-0.579857657067398	0.0234135846013489
0.0484615073979549	0.499279353978387	0.0677126741153878	1.17916506557853	-0.451042901465397
0.124328561469825	-0.0335536350600207	0.287381696972273	-0.425137969501324	0.262518690886823
-0.146351902815443	0.72821372322037	0.779268060271272	0.51983233795003	-0.69436586024811
0.52435628170893	0.169956864991447	0.355261601458192	-0.477309541199355	0.250290549232604
-0.304596819610712	-0.438864940277991	0.0425107675155118	0.195948245078707	-0.0970101665586263
-0.155979197711081	0.920723199379998	-0.335705645807381	-0.516226170691503	-0.10834953570415
0.474176728091808	0.0910085454378167	-0.240440062402829	-0.989475331298831	-0.819119697320228
0.740154554516221	0.42977935142153	0.128156692717777	1.28904198153922	0.558605648145498
-0.000167687737639732	1.11125486729808	-0.779010439728972	-1.33658235762374	0.366317746891818
0.413617253099612	1.26837643926559	-0.50933525468112	0.719609148026083	0.480000439238104
0.569298373205118	1.4138464473408	0.0820247638503182	-0.851146654453513	-0.870445909613297
0.94690178058176	1.22661925462196	-0.0199341918341677	1.77733083003986	0.246643713751936
0.6442660873889	0.846494931395231	-0.488512148703086	-1.05537189895473	0.400327587803186
0.102591837115924	1.27944800558149	-0.10660843986065	0.517800961452417	-0.105101588482109
1.12776101081031	0.636065727690686	0.285509808671337	-0.942313894365732	1.00445983571102
-0.137199927703038	0.293566723048273	-0.180308374191772	0.862256240757398	0.29725379270807
-0.0285554383334143	0.198957029467514	-0.718956261618265	-1.06237708350631	-0.563136208588661
-0.0365545871886377	0.597304791824407	0.180308526082738	1.26079642491826	-0.673368942861911
0.404046562641786	-0.181025804361949	-0.356259237271147	-0.971242691629534	-0.0036854006539853
-0.0895087562449085	-0.0193014872407279	-0.494443630897941	1.20014382883514	0.154319623812649
-0.43482867827332	-0.214284662390596	-0.929067118065477	-0.8120805316558	-1.15161818149576
0.483251639794821	-0.935805102430126	0.173690321280954	-1.01791786236467	-0.140718381709908
-0.316147948734877	-0.267679363386076	-0.455275249403022	0.510504725871584	-0.033237109317829
-0.327973855966809	0.134918276149919	-0.486448821393235	-0.149407452531472	0.523710088115734
-0.484936465394252	-0.482013270632151	-0.119896818537973	1.04604131223068	-0.356410027105549
0.146420767549775	-0.421797510608563	-0.00633037042357525	-0.129089512613932	-0.0484907266792769
-0.308473687761281	-0.423275001913272	-0.296999707027226	-0.43066014341839	-0.31817193557165
-0.152715482879729	0.282916382641329	-0.197489251031877	-0.584980505153289	-0.573884796892014
0.38895885068605	-0.644833665849334	0.0403329742783371	0.775558292256871	-0.252679177584479
-0.00481089149495414	-0.317431805726839	-0.335730311466237	0.566143901180023	-0.454492615179806
0.0371327223947309	0.104482302107081	-0.823222377790387	0.531840700718394	-0.561689730701509
-0.236521406081064	0.332637586165014	-0.100179613310283	-0.982648571094215	-0.706657386197897
0.185688694273	-0.140499718412193	0.437272705547133	1.137085927837	0.472542235613509
-0.330067672245592	-0.00087894616792789	-0.484102834965398	-0.0366921489531368	-0.788951852204243
-0.376771736380582	-0.0418313383874015	-0.621501053736753	0.320465009853076	0.174850214311539
0.0117218262984176	0.0362893883903008	-0.382142535013984	0.733714319358784	-0.881851119802886
0.145766698744632	0.152873129058773	-0.0695075224653509	-0.388182566251404	-0.739220927231341
-0.0669471391775152	-0.29364456486698	-0.39909376114874	-0.339886162676484	0.109696601931437
0.323815084079152	0.612139759176263	-0.0517140083858721	-0.954611154710783	-0.343445293240936
0.57332168410705	0.542517829354666	0.65275566312817	1.41734102379645	0.242995098462776
0.132417249687456	0.17635021043045	0.152922966000319	1.83471764159358	-0.381179762781471
-0.0490588981186744	-0.134581142956106	-0.107096804739683	-0.175240203766761	-0.831864879943092
-0.362590353642805	0.327742438952014	0.109836183986144	-0.298615735371297	0.258445332111572
0.472926760658602	0.630715635620741	1.01041102996133	-0.455352577459424	-0.46634988051373
0.0300800823638788	-0.210909043836667	-0.0548070777433784	0.541858933460145	-0.743263470664346
-0.250818665231696	0.620885062669073	0.0178883462228343	0.677085293436419	-0.999458664157296
0.350827107500734	-0.226200419576146	1.29084133747992	0.0126445702362384	0.393010329596127
1.72828500323104	2.73639406564203	-0.0606162371197449	-0.894574470065487	-0.323588504592502
0.459340896683718	1.14158926242805	-0.610656336373696	-2.45201640917786	-1.19625710542654
0.344403643205693	1.51223689387107	-0.223482248396694	0.025381107346773	-1.2975069514646
0.434550445732035	0.200790547393697	-0.615511993884652	-0.206665392618205	-1.00988167318428
-0.154081857606879	0.466319222011364	-0.664311082857999	-0.738416240948881	-1.09684842223846
-0.230238912316133	1.25519555344346	-0.271204592988984	0.0732395511715908	-0.938999658845566
0.274379029042128	0.616544589046106	-0.472376930896635	-0.524183607934041	-0.74764933320829
0.0321682144924805	0.456150098236102	-0.469818799240098	-0.463412219079096	-1.17694606668191
-0.562961819445136	0.883851331167698	-0.876245539696206	0.473038773122672	-0.915785344259282
0.113296942595562	0.767793013135237	-0.411401281459181	0.470674606117795	-1.68806061529935
0.133156113914058	0.534196434909719	-0.115262684737262	-1.16083590259211	-0.531971628265369
0.0216535821044866	0.561630572726527	-0.742349913403428	-1.32875331145876	-0.923309847020526
-0.163678786652569	0.569748829424007	-0.852997677613468	0.0552896182916045	-0.692122133401101
0.240081609786262	0.883015031492379	-0.585824172450486	-0.0614511167160954	-0.962911536262627
0.00462444209721502	1.00476615624188	-0.556104517748636	-0.650405414862065	-1.70896076314634
0.0770009903723369	0.707427983234073	-0.334474460788363	-0.898842260139722	-0.69773868670875
0.149712162983253	1.33906329627997	-0.529564199207814	1.04903996417355	-0.558101134635804
0.501965702362389	0.439780128409493	0.00755838956669181	-1.20601686265662	-0.383665620500127
1.00405393113289	1.37226261538124	0.498634252766072	0.953694918877487	-0.659942696729625
0.98373052252341	1.40730722335742	0.267027449173454	-0.305833756322728	-0.0189637150653872
0.316773240531703	1.46556422816697	0.0979412265314602	0.285757543811186	-0.0968955719004095
0.887497827503834	1.22691146688864	0.441305851302825	0.0290492476623978	-0.598763760700967
0.736704635981844	1.19733847857773	0.725392952520553	-0.474663948143478	-0.0208842830314753
0.725892219368213	1.06414723911275	1.28453538601807	0.914182095130888	-0.382888926857441
0.618451813878293	1.21200150654683	0.353014095572361	0.914963144626831	0.8697834671087
0.69635550934308	0.163648556530087	0.892010382965435	-0.841506104878606	-0.189911453712152
0.968223840361718	1.00010939897081	0.303080306122288	-1.07138821526895	-0.56652947450619
0.183530154543572	1.0489921809558	0.0874793567682851	1.67462533048267	-0.0102808152862562
0.536194096259117	1.06840271004712	0.543367207757888	-0.497762641315366	-1.06526603633843
0.730036594503018	0.0560868409823388	0.818421019057711	0.308337909147973	0.283740352974264
0.354795301589807	0.366274188190251	0.456684580182001	-0.687556613041833	-1.0097963365935
-0.0365680723116043	0.616554166317956	-0.207989554012735	1.38649513902314	-1.07587158977336
0.335429598817697	0.613740623511087	1.07469839407879	0.997872431885161	0.515188452276714
-0.452524420247464	-0.892747604993024	0.530972384387548	0.0864851010972111	-0.279068927034544
-0.680349856953708	-1.37320716326081	0.0657471832132779	1.69481637216091	0.705172750454855
-0.641942407532806	-0.658907055629541	-0.213674515244175	0.750519191296002	-0.370681608494954
-0.284761734377057	-0.514899711007494	0.359561558106345	0.36957635997531	0.645338223010503
-0.714358113859287	-0.938456208931762	-0.442533236345238	0.606553246335694	0.42074972229788
-0.435701443651011	-0.7783116772136	-0.380103984582842	-0.178486442447038	-0.140264650116207
-0.676422939837852	-0.880722332022432	-0.037961815325933	0.232912987798347	-0.267910822910059
-0.760042674823562	-0.984701543938958	-0.114256089046742	-0.108123724758572	0.997396043166256
-0.258918862752239	-1.48727708277009	-0.0290089474507985	0.625056975373161	0.288708115711983
-0.541157644160502	-1.04191407370506	-0.000302080209131372	0.185008700863386	0.300071011222942
-0.205524862910755	-0.443414127313451	-0.267430407269911	-0.151891149290788	0.0841161593551067
-0.13503795172308	-1.25565298012516	-0.0587980430621043	1.14388618303937	0.168215930189275
-0.693575523340661	-0.935359640481858	-0.578126086022761	0.124116619844852	0.155068075524475
-0.459118340310319	-1.26370487049213	-0.416166955379898	0.0312662427241674	-0.179130863955171
-0.246712789148733	-0.890584299331782	-0.181793658580362	0.883083269367672	0.866362725333933
-0.636125181243458	-0.671368963278723	-0.313012470924646	0.141147916001647	-0.301739908442339
-0.30132806516715	-1.40957599033254	-0.415447707421733	0.863872080600545	-0.0157608898636827
-0.408190767247858	-0.694035100382683	-0.377383834503973	1.72451674084933	0.377727725667259
-0.40400743459426	-0.843299167978557	0.0118408883218639	-0.566897485870791	0.429170570098968
-0.292410041778674	-0.531981368628242	-0.00349166617223484	0.345944861319923	-0.152140263079743
-0.45173482506522	-0.0874945071414998	0.138773845784507	0.585085328955599	-0.580172526413928
-0.167524296698992	-1.21498247838271	0.780113569034268	0.360756000970823	0.734123390153956
-0.33969611141448	-0.510702785185225	0.366520310764117	0.709375030726279	0.130608947947058
-0.473075838724311	-0.427341046380312	0.458084879001969	0.637419695411134	-0.636541424212713
0.0502039310230262	-0.31146960525405	1.00471360823449	-2.3476417792072	0.440305977370471
0.0830939058064909	-0.716671828863907	0.845381976883474	0.348426013697929	0.190667529936414
-0.397156065438943	-0.590331992013059	0.0488284256493433	0.168510840704496	0.488747282237279
-0.346638191127205	-0.199908675065733	0.451607480752295	-0.0993385816237501	-0.272398371918304
-0.241024899106448	-0.0246631233642206	0.570464044687673	0.883459611353314	0.576994997585396
-0.408517626651275	-0.735564194908366	0.535931963630877	1.16041636545879	-0.251231878188171
-0.272929017145978	-0.0592176927903247	0.41862460279641	0.258980367017298	-0.234525677534179
-0.278205644410499	-0.400308199186368	0.666571682504522	-0.00691013886586819	0.857123747223597
-0.345748344758509	-0.527317841838616	0.929647574306112	-0.497094056197819	-0.163951670441013
-0.64411879325529	-0.677637350518202	0.654284243924122	0.818320937499739	-0.0568242806195859
-0.201463401410842	0.510559418153406	0.116663564940722	1.34762000761681	-0.104417046311001
0.0301459530506787	-0.631976579048506	1.55821728100339	-0.755906568978069	0.353614938353944
-0.466702457061466	-0.567503747524766	-0.0162880869682426	1.25465513247838	0.3290025827623
-0.415114061502969	0.332971066490431	0.672095533033126	0.3902441567561	-0.0624377005005947
0.33676893363007	-0.361048012043828	0.716341090953946	-0.310653590836378	0.206778557898666
-0.194659791811427	0.187527959593277	0.392110960123178	-0.897256140994173	0.227497971945794
-0.511664163751291	-0.939353278061918	0.480439355024576	2.03588546021655	0.102287741661073
-0.417747231510441	0.365425789376164	0.297336602124587	1.82029019207551	-0.206068110942682
-0.0328776999725324	-0.429031751660702	0.190930203462882	-0.583420903874501	0.43753456076172
-0.31228514603186	-0.488246612743317	-0.797924516424131	-1.34814491233865	-0.374247573492598
-0.080690279230978	-0.280982679465363	-0.508670736677249	-0.14789793911649	0.302867292196748
-0.445678160127365	-0.336610501254429	-0.880367792769209	1.61607125892285	0.429364237981571
0.289578762195636	-0.542597981046064	-0.269141103681978	0.0153653718110426	0.171745848097736
-0.312178849416018	-0.369339524777444	-0.549590621163157	-0.974094971267884	0.04220807877231
0.097467146878635	-0.564714245413506	-0.621801167982633	1.2304018209967	0.257468548571749
-0.0512423755351266	-0.604020598882207	-0.600857719482845	-0.0713476449137518	0.503516977589781
0.31170318210611	0.405684269416436	-0.340381349711828	-0.669559213072747	0.519015808849387
-0.425129667616205	-0.370924725755249	-0.0848438536642955	0.862307058114938	-0.25834702148418
-0.0852792764125348	-0.421664157717022	-0.682965564957847	0.00435048603290379	0.39595134168414
0.00897144624193523	-0.655023219355396	-0.190103337165601	0.463235910609028	1.09645628155753
0.0055319204131097	-0.215071726192607	-0.214630989628575	-0.853631774303624	0.451220845701286
0.118552380068072	-0.683600287750137	-0.140551993761706	0.288817534739366	0.238788708705471
0.429064982629953	0.171241076861656	-0.581585523331843	1.38412487580666	0.37677226000705
0.123595425785898	-0.339091646358871	0.168011917025405	-1.09988487636503	0.926795009819475
0.188585546571188	-0.273615967367222	0.01587309607371	-1.3758672976326	0.881295411788597
-0.337140700000955	-0.936803274322996	-0.458924250859998	1.29542041079297	0.199106243311743
-0.406184430604746	-0.442047081859454	-0.00860000703231226	0.840682760223292	-0.246353188772294
-0.226032960168537	0.371646702923378	-0.682499811938991	-1.68267778442622	-0.63014960989478
-0.0859562292449219	-0.679657622865355	-0.298603760693425	-0.288725396796783	0.407425956081547
-0.0535102964628025	-0.847084709842583	-0.631700022822687	-0.0824762354232372	0.431468213076387
-0.481653296533585	-0.499646684024576	-0.827877512364762	0.800673061564907	-0.370583659966613
-0.200242132129972	-0.425721677219443	-0.293502032650575	-1.37348866935412	0.314287647616083
-0.277563567741835	-0.186582913949416	0.0812796250110613	-0.513911159572517	0.255158123872118
-0.0939637171385978	-0.074183311282578	-0.65011017241969	-0.401781997702502	0.76097670698302
-0.139547912244713	-0.709239668207961	-0.532087064261075	-0.0724197374025478	-0.146646107282542
0.104101750346143	-0.500454488392524	-0.53614210010985	0.428325071609286	-0.44508057537512
0.0930040362402152	-0.385048942081715	-0.676414214406061	-1.65594734966139	0.752687332940554
-0.120709633344284	-0.0600575369702676	-0.361819271527477	-0.954803450623284	0.29036025653549
-0.0932201970094085	-0.569638581710915	-1.23537284693033	-2.21350641285031	-1.03270114599116
-0.105668889254042	-0.449443231384376	-1.08424731586519	0.568258392819431	-0.219962500161683
-0.164076899561812	-0.324476434203481	-0.802280233910444	0.664687404503359	-0.102901285714129
0.413325257223797	0.261504944128116	-0.334346089967647	-0.71962340723165	0.388823995482404
-0.177653721531604	-0.308828359438707	-0.136147606607285	-0.312148856419482	0.0197382965284134
-0.526963599234206	0.215994293146169	-0.225576777150258	1.11692569621255	-0.217008576911848
0.360125085973925	0.354357738532521	-0.324353333866554	-0.269830253782112	0.378175301903289
0.212626966390291	0.10348327034042	0.563558110482697	0.249228375939657	-0.437589682779974
-0.0549929804948614	0.195520419606977	0.31315245059367	-1.92062028503758	-0.162441776048373
-0.135627453974616	0.199357749389243	0.242672753156757	1.45432550123315	0.4141217646438
-0.0317546897632753	0.48174980105715	0.894612226786193	-1.62247163286475	0.452761039913124
0.203870689887159	0.347147968920008	0.893731044759253	-0.764347747302245	0.720622163865272
0.41567860032857	-0.319560861444884	0.699904470765487	-0.918286156602987	0.327258165516235
-0.0245982280106764	0.302289242123622	0.586266431559813	2.54264443707478	-0.395863844825858
0.067478955035881	0.165435643194667	0.870683249404876	-1.48614758599973	0.918515472891539
0.0104261985258378	-0.42726905443586	1.13863213460559	-2.54815334357261	0.21960814763169
0.143051023263119	-0.317303702669507	0.62565015938998	1.21010842170734	0.116870828220686
-0.267850039402069	-0.235019041098132	0.693059904548684	-0.486892495930084	-0.810889692634894
0.0825538359194968	0.141627856322291	0.639321560291587	-0.23278966696754	0.997960151777506
0.290831262207873	0.0612949593678115	0.690886804512203	-1.40318501928975	0.371735643249223
-0.115533605523936	-0.275569800935556	-0.164721690537911	-0.21963629024928	0.263083625634743
-0.0901051659902096	-0.648822599729167	0.266350540731908	-0.385358099661992	0.398280015755551
0.231457094565826	0.435685919479031	0.853159086802987	-1.36372828818107	0.573469323935932
-0.356895582185783	-0.0901831502131713	0.83679613563711	-0.378531798365775	0.391894368926971
-0.244717276162118	0.187358872192769	0.408011923031694	0.763400666713867	-0.00343287049415716
0.0438839602682807	-0.0826090544405702	0.489490502645061	-0.0891325495183732	0.778500159985353
0.641469448195678	0.528978092314986	1.74178796057522	-0.686006605056233	-0.540434422012032
0.0683841785416808	-0.164871737417608	0.972292965557385	-0.186528365110369	0.56875439392134
-0.350366232060064	0.035981201091599	0.286415126650397	0.797569680093618	-0.352620151143137
0.401497408995408	0.161249375465201	0.22886696305436	0.19353558399906	-0.0354704255908762
0.0345104136543743	0.369809460031504	0.865802814050885	0.327754406557409	1.37864721551962
-0.087984814692443	0.0810994655700088	-0.492233264568739	-1.25520701771467	0.0907831239440589
0.0685764318665224	-0.419462706594735	-0.310507175368534	0.889262279534902	0.253433004322461
0.402293413715063	0.82768653106479	-0.290372116394631	0.896871907829677	0.637180347119291
0.504411282346158	0.112764270570384	-0.462341798584456	-2.43067337106875	0.898686685044166
0.0578495392232171	0.108563596902422	-0.815499211203652	0.641697521766587	0.149151339084141
0.266113634852212	0.525972344008415	-0.381475344592851	0.427427034837916	0.709021498542922
0.412003059773089	0.428615195669593	-0.287409115002829	-1.04078902547895	0.0312871547954455
0.412922777007535	-0.291417141107515	0.0536030864290627	-0.634366555443158	0.495753614207361
-0.33842531407559	0.107717567714086	-0.886167694013171	0.441910603663873	-0.0512283367281307
0.143046774119996	0.0984141235923334	-1.00946799817231	0.227608301201596	-0.175701512962989
0.13551826501398	-0.363371497083675	-0.146468320681584	-0.539688401844882	-0.338851613396229
-0.256401098992287	0.196413235968925	-0.819746766691357	2.26808555508851	-0.054295821144745
0.122702379152532	-0.339125160982578	-0.356934877485301	-0.863584996392573	0.312639347951982
-0.220052950687344	0.780741219350327	0.0105521563372159	0.015802159406569	0.862907872665516
0.278336322696682	0.271109375129244	-0.11312965010854	-1.58886525275647	0.567231080197664
0.100746022528484	0.435403349321917	-0.259042371390229	1.24054053759194	0.0107173842835309
-0.159485458500394	0.177869923010536	-0.488595441764781	-0.242350621665588	-0.34131013140306
0.439742679045764	0.560075833126877	0.350859971112799	-1.87684655606878	0.52846498612373
-0.142720365772183	0.351657197060697	0.0702730360064368	1.75534582678943	-0.465941071603684
0.288157581339761	-0.0588206363008657	-0.492026049781438	0.35237498879636	0.348668461964134
0.176120238094376	0.347730187635645	0.0953817734359621	-0.365201245818556	-0.0622100845741762
0.190026511719066	0.082004698124236	-0.00630029388805845	-2.08541488284743	0.524367586539754
-0.229888609584904	-0.374960549713289	-0.758556446521126	0.106609339973539	-0.487584389418469
-0.237388547531039	0.164872947348488	-0.222780846760346	-0.460874932104809	-0.62675726803157
0.153462988278176	0.0455003785124727	-0.196239985988126	0.848332444919067	-0.425513030602093
-0.176760773622521	-0.594081957831554	-0.803295147688494	-0.418660207636848	-0.336864125058761
-0.25498643404237	0.189604023528086	-0.777408393760571	1.65946220019799	-0.685192427323382
0.0106519811060384	-0.202170701386266	-0.104059594808874	0.352468315722944	-0.0602778817452064
0.0407694158539047	0.532879433220602	-0.739893723329202	0.0766469470855876	-0.26307326826548
0.116615254364573	-0.118665780457231	-0.341541830928005	0.451171345148338	-0.121543287007344
-0.0359325614524557	0.22685468367338	-0.487391068089468	-0.518966693521945	-0.0928524835536286
0.183506624378586	-0.0788637688535955	-0.0222537971294516	-0.604116299119213	0.212489478133852
0.192811791741071	0.483262576633171	0.685961854774184	2.13500398186803	0.898944073589681
-0.0927180940322235	0.371000885058689	-0.367043204491154	0.081582884443732	-0.400921769044699
0.280833037871368	0.723404143271733	0.3148304600191	0.770066950976021	-0.169533456909175
0.448680545833971	0.508071619893613	1.07035878854334	0.192577841520191	0.236313069701129
0.102633822638648	0.280438110630144	0.645234673824762	0.456205052131944	-0.00582820572272198
0.0510179171340787	0.193177858334877	0.485069699218152	1.8794975542313	-0.411547481212033
0.220712305482359	0.218444554220983	0.404637382230149	0.434759313701459	-0.507534504707179
0.334019955609737	-0.240297351360781	0.527072939056001	-1.63680341905566	0.218937156772026
