1.04684509542109	0.528734912108609	0.161489992834564	3.02603115553605	2.9357527334535
-0.0113556547055774	0.496477282191592	0.112078636660907	2.30071542348698	1.23812985243339
0.471234294953935	-0.515231737898111	-0.183970462433401	0.408846670654571	1.07408983678834
0.484296361594394	-0.253092955845407	-0.289504584118771	1.28901420448266	0.985027873024634
0.367785730927487	0.368054390927053	-0.364859224648056	0.179037845097408	0.690391617406203
0.0235263943043501	-0.474840025638815	-0.245106820109212	0.322224604581298	0.406394781315778
-0.0676669048133437	0.159701047970142	-0.567701127136771	0.634864467629721	0.073457454161361
-0.294564115735481	0.199957774900804	-0.506103458741352	0.154860373985678	0.0852113178586542
0.189197248682785	0.0625874835078563	-0.447383826773846	0.842655357118626	-0.0707498513302027
0.842402794055072	0.138266328302329	-0.719208481609092	0.395396879727714	-0.0711594289675721
-0.191704037086368	-0.273213812835941	-0.799212966950337	1.63802209926014	-0.147650416833708
0.121447751650349	-0.299047139541382	-0.651053312761222	1.0188570070331	-0.0807711188836549
0.511662391417002	0.212174388897345	0.0663217732980117	1.13988292896089	1.34958903651038
-0.0137019069508676	-0.350873268808214	0.513775953097797	0.383540698283122	0.680436769004159
0.134350120641701	-0.653283115757639	-0.585781276608519	0.0288461582541667	0.0659098137993624
0.00548975184914719	0.0793587819369193	0.0393846299094928	-0.106114902626736	0.453266626778343
0.409719086272315	-0.0193411534750709	0.0670354920202084	0.770525633569396	1.02930248703643
0.29768415588032	0.159463847722536	-0.384512271491436	-0.583371312848756	0.180622736546469
0.13048699428402	0.128745435700937	-0.278509387314074	-0.31880374851042	0.326908727173299
0.188766631457837	-0.0376264556848388	-0.21226638923409	-0.704259809278608	-0.21404987895916
0.414804653943756	0.440082305228602	0.468392773840336	0.991226522713445	0.586883135680461
-0.078577851185588	0.128639848367162	0.34199642691034	-0.665647703195426	0.342832416704984
0.6267749907185	-0.0662150685564521	0.0873408853622303	-0.543370376186386	0.287341819058374
0.0409796276096519	-0.348059849977757	-0.472502700263936	0.445642816443332	0.25701122568747
-0.150713738345376	0.268800824179246	0.254632781610898	-1.03817579740797	0.503719748223147
0.041857065712713	-0.385512976228639	-0.207943465950246	0.372254797587569	0.458824589546898
0.0251397416121912	0.252471037969371	0.100047035359218	-0.435610371245386	-0.261049685938638
0.0180201052079637	0.126967960725846	0.46806707728232	-0.660770579805997	0.0103650030518922
-0.121734606750027	0.0643230339814622	0.0912901737511832	1.22911160250216	-0.396761259170643
-0.273730961941506	0.479623546607011	0.272721245336662	-0.757950717084982	-0.527425891676792
0.41354678527294	0.0474884368324494	-0.0470694287380487	-0.542275792466006	-0.650209600584156
0.14203434108847	-0.149562634298248	0.171299586895893	0.540833580806251	-0.313273781602265
0.0374083284210298	0.132520584407111	0.549545820243296	0.471924948978597	-0.0423815384844321
0.620339507327218	0.0690008808043174	0.608824737409776	0.177640834886058	0.187258443463761
-0.209704366048313	-0.0675154328996277	0.21440073710785	-0.943855015079783	-0.161515455158494
0.0893195475643639	0.197438152019605	0.677614654488354	0.731307308912278	-0.13037697324413
-0.250679299122622	-0.183936142359945	0.390713326503951	-0.523787763431239	0.083923482327476
0.293761582109546	0.550968062528624	0.467209425067914	0.404518771470223	0.315648722133713
-0.228907743094115	-0.423765617169501	0.418516916928738	1.11462658985019	-0.00403596805083136
-0.140484192016778	-0.0602738555360606	0.28320999411679	-0.494748074473113	-0.330551404483921
-0.494808385993677	0.050596566628769	-0.0543380409927329	0.594781553990361	-0.118468877100695
-0.126800673756763	-0.396101594729182	0.16885961444986	1.32786989472553	1.07597535092102
-0.221557340471108	0.0895797076186192	-0.204291427234067	-0.862048456300649	0.195477491908985
-0.277534142600084	-0.244035674238631	-0.477294409196434	-0.431286872078251	-0.0982717342974069
-0.586232682863839	0.13990887429477	-0.371557154348623	-0.534600960679665	0.375127028031775
-0.524844963690536	-0.0322302147584621	0.033319889804203	-0.356061543073668	0.241423793692465
0.311747835309082	0.0810595468811531	0.364472083946558	0.28097262128653	0.492882314694575
-0.130854419999392	0.32484322817744	0.0536811973244499	0.187971696445546	0.607291341037057
-0.125531022678634	0.699549614182363	0.310102381212057	0.144742439717954	0.179511869261489
-0.175505164835879	0.256942882628606	0.0590067665219726	-0.160939344103243	0.166134944991849
-0.555208079428969	0.0685715452244608	0.486422948269133	0.536126312508363	0.61386836077006
0.280666741871779	0.688587634103369	0.490667346266369	-0.59764335089359	0.835551163596899
-0.225617531676308	-0.0257241607666024	0.229477476074377	0.641145487118845	0.16946231062668
-0.597757305949658	0.626867355637676	0.530816584418393	0.338141829628491	0.0520800351997837
0.214423866819024	0.719979657038634	0.405607054127927	1.19384547513316	0.454372851365031
-0.319801833894692	-0.0758840018236501	0.806487113086393	0.844838975646664	0.821138422762914
-0.104290790202303	0.528327145594147	0.587757707744564	-0.0305123172565762	0.121640779497039
0.0386741783325464	0.286969315521858	0.392622020840644	0.835294532590095	-0.0756354866243219
0.0747418218738245	0.0902366074462725	0.647713527455903	-0.141203040061027	0.245868915067985
-0.148030047859993	0.138073899913646	-0.106712231124738	-0.172124742351502	0.00125558578617028
0.116916472608707	0.503113765653056	0.994185083998206	-0.528595569112129	0.482618892422058
0.220579058205015	0.452242125698334	0.69906804805736	0.53668354859274	-0.221349569456299
-0.298186582939543	0.0861202423944106	0.0714371122971152	0.464634863871774	-0.174480989024394
-0.03176395065722	0.589654191381616	0.974276592816399	-0.0932095125334169	-0.227070535572344
-0.564646844385177	0.123953423954492	0.745012620145576	1.02220044759674	0.112864003614436
-0.0473440769839332	0.289889875338759	0.466785490262644	0.13572335915922	-0.42381883144847
0.138379387576427	0.220549356014699	0.631955914513981	-0.138410310555718	-0.0802978896654667
-0.0611414824534323	0.327291529973957	-0.126232446011578	-1.2112432787624	0.0894418009495092
-0.302569440888189	0.452409840582904	0.396915118382621	0.170859599587269	0.0516066644618115
-0.306503701224921	-0.078306701809427	0.194616275884375	0.0282441322729272	0.00978249576972456
-0.00755336064800904	-0.242118361669691	-1.24904987494935	-1.13511754383294	-0.345058505771273
-0.766944080929551	-0.74984989147845	-0.405180142394845	-0.79916201482907	-0.473149838792888
-0.114167921206389	-0.371511147763847	-1.29386279959029	0.5978256503891	-0.0939468486850508
-0.299298978908263	-0.775901302342298	-0.975988679813484	-0.377698590256567	-0.866755965842814
-0.343980310263768	-0.42439615441196	-0.678056455551565	-0.597417789608252	-0.988565470855087
0.325031472145665	-0.412139530378878	-0.818105140671221	-0.332681974919289	-1.06473668217154
-0.488903088164715	0.0893349868289272	0.0659405576533432	0.785383948846351	-0.98859912437821
0.294780079524701	0.151390557057215	-0.582812683608582	-1.11599663695953	-1.1150465311985
-0.0846400032704926	-0.169829484621122	-0.51917025998592	0.256264426908094	-1.61239684579664
-0.0129081927039139	-0.115804809211795	-0.116422922316085	0.067680251725774	-1.23757949814761
-0.172582155297722	-0.153887557129621	-0.296544674277979	-0.394139993882698	-0.624058873424955
-0.0952651468556901	-0.16251673218194	-0.272990621271672	-0.821485124174419	-0.0998872602121259
-0.51107251346091	-0.180187009717864	-0.351167134567412	-0.0850790443661544	-0.751116037219166
0.132929283204166	-0.194047195156678	-0.803637425315789	-0.57087775869534	-0.948105313780785
-0.539704182502283	-0.491969004493214	-0.565565264260607	-0.563519192660604	0.0885914448997857
0.232970873612081	0.285094627800121	-0.368893458327917	0.145199727345672	-0.302182085493571
0.185471742078649	0.292162336313682	0.202378064043734	0.779925732854951	0.00726300879787037
0.243542684196718	-0.196870703817445	-1.03838340084106	-0.673111807867212	0.182399315396744
0.0325930795113631	-0.726180597641225	0.0333675001935232	1.48718111190594	-0.684461077311387
0.944818359838879	0.0849381602259297	0.14836032546736	1.21761780385862	0.527635111755705
0.141652634933332	-0.153878185192894	-0.215988860211469	1.35807159457297	-0.0903980251119741
0.772646168335673	-0.25113964300853	-0.224299816340627	0.896633589407221	0.600782651547504
0.903717352090316	-0.383366276219337	-0.197391047415474	-0.571006977863895	0.419644654563561
-0.170753755166851	-0.106993661786604	-0.406480851005676	0.897825473222242	0.125241518745382
0.31074004919681	-0.00268631052628749	-0.282354800979018	-0.580904725902276	-0.244747334549814
0.578702635266503	-0.199157897371123	0.287477137641967	-0.106561370040025	-1.24644701583993
-0.240121236659783	-0.133059859572573	-0.267735159484539	-0.469357410800289	-0.426102238184893
0.215628923046954	-0.313988026110353	-0.165408896487434	0.0962270701050662	-0.469069537632864
-0.0184447081464934	-0.35620250456946	0.22693408696021	0.196258985422304	-0.250821222820392
0.0994394539496746	-0.182196541306873	0.103155068250342	-1.21045581223218	-0.444936191013282
-0.535191686724204	-0.502563262972669	0.290887428776906	-1.17524540678134	-0.722442068702746
-0.224136478917892	-0.411629076087033	0.187802160998572	-0.712311208645832	-0.710075859272447
0.387473140717277	0.0335803309090145	0.0421900540412202	-1.38689984009594	-0.385953325541896
-0.360302156213739	0.219354691712281	0.518972122677894	-0.358903734770099	0.121531944585438
-0.146734285133924	0.421629505513382	0.734642886296445	-0.961797601880368	-0.0589084351051278
-0.330954964525226	-0.207019058034229	0.373416630273019	-0.210877988426631	-0.164880693648272
-0.262646075187968	0.398547716957276	0.285210381002325	0.540906831298129	0.612943841143244
-0.0104815960340441	0.592431228429832	0.618102267974691	-0.0533241698386565	0.343234473532753
-0.301940646289058	0.0939159725862375	0.795592375718667	-0.600962500355757	0.165227867738955
-0.0595380237424319	0.146055289901933	0.498732413101925	-0.872667979407231	-0.120053234565901
-0.463897413747049	0.380074141376374	0.229690615363841	-0.954740296582939	0.336198975247791
0.349840955394488	0.0440065150317685	0.518424739534438	-0.350426066924207	-0.013143924058873
-0.348220698018863	-0.505555374418221	0.388100205923167	-1.47948162815144	-0.590072036395055
-0.126239927742894	-0.218638960307471	0.231312955156288	-0.659342508164051	-0.799684521939768
0.492685396059164	-0.116766631074841	-0.230570271384016	-0.371641512261594	-0.375377617938427
0.0503326705869592	0.224150222974028	-0.450881818088601	-0.74976870919991	0.000990655370542171
-0.0209561823135507	0.428853422603281	-0.21963113440835	-1.65597937658146	-0.646348833401701
-0.330564018770785	0.0571091270491157	-0.306275176820144	-1.29408062309521	-0.364928791673323
-0.250474359057682	-0.18734989201351	-0.273309502452529	-0.0580293668256913	-0.105874538186685
-0.423546440105742	0.229292793710987	-0.232935578889604	-0.294050178095916	0.392394307950722
0.0405708216178523	-0.0175038386325602	0.373666530550853	-1.25617110620889	0.74137120764107
0.353775122986669	-0.101803083937797	-0.0917496552646261	-0.764704714015636	-0.65322548067372
-0.0728424693959998	-0.254597025017035	-0.0300988463890525	-0.0743734520976561	-0.0635622368133718
0.103904239110688	0.0144267116366069	0.287381534618182	1.09214143016779	0.0380544235485404
0.484229181075151	0.511282074031134	0.509730386064834	-1.07065279298857	-0.104368368771434
-0.0455462276358174	0.0899939232464225	0.23321761517223	-0.929947359843679	-0.577541537998259
-0.312123533774277	-0.237584751721185	0.147061180361129	0.0381087565914626	-0.455251013863118
-0.0501498008007813	-0.0322648205365728	-0.253647843848915	-0.439322627419279	0.578852149814577
-0.174739399200645	0.421812651969429	-0.206633867969494	1.28086034805017	0.460128596225031
-0.0512989461212183	-0.0791188194922397	-0.000848039334419884	-0.448591936457508	0.0895268793880598
-0.127459234025916	0.0903684016365985	0.215281330179449	-0.238489950557392	-0.442045426214767
0.150841356752748	-0.184230678693419	0.0884813872005429	-0.999870120890077	-0.106130296185715
-0.521605724932228	0.401689554229381	0.0266330077013274	-0.511116485638345	-0.639407835948745
-0.489795981124434	-0.0884803106102612	0.139676380835851	0.731107431070538	-0.269234696614634
0.372731568675884	0.371490175564939	0.742729140196231	-1.13607460277914	-0.43454118322569
-0.156906645299959	0.0148039439066297	-0.187296907985027	-0.939958721703259	-0.592329734973441
-0.367043869635932	0.187464552671686	0.252413215781269	-0.303541169003203	-0.565853982039316
-0.141035483487423	0.374938145525768	0.236890135714009	-0.460205466272572	-0.229678284783379
0.563694479068006	0.407098914214585	0.439078116867866	-0.672550251346446	-0.659943147165066
-0.430762537733738	0.274709715620294	-0.142643456197682	-1.09308475959712	-0.616014263628154
-0.198025672188285	0.191054087985385	0.342659857961932	0.219644290533369	-0.177059926231388
0.470246084485305	0.11216857820976	-0.300631380857322	-1.27356859102857	-0.00306069608940384
-0.365933433673877	0.0439983847294729	-0.521045726626062	-0.46230066093241	-0.536669126254288
-0.0174522063972224	-0.522262270665773	-0.737857112804567	-0.379568053922612	-0.625278551868649
-0.0172456543265519	-0.982178729620141	-0.756211545901649	-1.19292770400014	-0.185121668245099
0.600017511002784	0.0942897777913892	-0.303375080761024	0.954356335141493	-0.219988276311255
-0.821720131212861	-0.220706653037759	-0.499331249058234	0.000472353735271962	0.148544228337432
0.653570052940313	-0.428962384575797	-0.0790563410777244	0.342299800483638	-0.0310382613351506
-0.504953507773627	-0.324982486406391	-0.371856994818504	-1.3668036343256	-0.778924249528558
0.561101725082212	-0.217972957569068	-0.0959426449064266	0.203357788323258	-0.234314867285814
-0.244222818210428	-0.174835091497377	-0.0975558963311272	-1.38418844749211	-0.0630182949909124
-0.140640920411519	-0.315627045398985	-0.496245071485507	-1.3595792951439	-0.344869817716846
-0.409033605494393	-0.725464679584253	-0.67483556238196	0.884014850033132	-0.37899564296183
0.418975063096617	-0.842731138377807	-0.729354671038072	-1.27968175788612	0.0785008828862906
-0.316922567346056	-0.508257417725845	-0.6169228197645	-0.515526007179422	0.158098646389232
0.10307292350246	-0.0581017171303479	-0.298284998117229	0.0318637273048971	0.479036926689054
-0.250837291855465	-0.177144714510536	-0.324880964494369	-0.664154191449871	-0.0540300788706186
-0.402255698126728	-0.351474315469256	-0.771327389788114	-0.201330727328691	0.629419664459882
-0.0761420126479114	-0.0993084902973927	-0.0467634383218887	0.253522215654947	0.430734901957295
0.381456713534158	-0.39873576131635	-0.201926272910269	-0.718999346563802	0.763054919151397
-0.388482845689179	-0.508064943859699	0.16451687751246	-0.766369086265025	0.0171918505010884
-0.622129619701477	-0.687090108499304	-0.748067945573142	-0.527631965257392	-0.141511290418454
0.301915407304064	-0.434289411886146	-0.338109412960167	-0.438967444914624	0.102369057996007
-0.366672154902124	-0.264864820419823	-0.274178685166288	0.488564693555014	0.533263886201491
-0.18746649364675	-0.661484802990716	0.0698790816709152	-1.01070149705295	-0.295436378293167
-0.487813178527561	-0.20641681825755	-0.579143234496063	-0.80235985534645	-0.47579521603903
-0.476224231984758	-0.261295785434001	-0.546348848841829	-1.14259005007178	-0.618881331218003
0.0677851451609887	-0.106010021007684	-0.0389477726482497	0.581443329991458	-0.561964574216182
-0.0969374952044525	0.0426467156605053	-0.140147833860675	-0.658520001011955	-0.525845960380658
-0.430035150163082	0.434390478155533	0.946577495769466	-0.16012054497862	-0.977618382714654
-0.470981700274337	-0.149650618857923	-0.445370936153743	-0.0978062351415917	-0.796724928687329
-0.483652373454817	0.367106571880783	-0.154676618692428	-0.171019309389069	-0.744572354352504
-0.244731885041368	0.255894650357699	0.747373002354745	-0.115655674063039	-0.226958911798667
0.167876926035007	0.172753849086109	0.291503406740525	0.102379156565773	-0.783890526249977
-0.73076024723327	-0.0534100159045069	-0.214278384196058	0.243008101372327	-0.856891639878524
0.142182924557756	-0.316622725959576	0.24847285804668	0.371233196228363	-0.740201548532122
-0.0657544501968403	0.0666527444138297	0.505856641138644	-0.801333509152159	-0.211310894611098
0.202750251677287	0.362390069472941	-0.030917110058553	1.24293567800903	-0.130171621085989
-0.0676403369437397	0.00926930377527801	-0.253726171965791	-1.92485691703817	-0.0695419910177336
-0.0866613013145914	-0.470695172175163	-0.0596057796671373	1.03306799816846	0.221633541882506
0.391621083627265	0.350840104399151	0.0210096695368023	0.484812048472054	0.225802577716632
0.0682115061120926	-0.437790722858251	0.388779168303221	0.385443408445196	0.934141977664881
0.45218289236127	0.148128672125587	0.0266933767900224	-0.356604343776011	-0.101836331906824
0.0938334183603086	-0.0443923124268115	-0.0786697420735179	0.361508131289963	-0.611583965015522
-0.169350359384221	0.323039327608459	0.108572932433898	-0.797374558960752	-0.68079608849382
-0.0256366672300592	0.465558965186386	0.335755545112763	0.0358026502939395	-0.336677260865713
0.689347380178534	-0.00869558021191457	0.807212019317054	0.527804537179292	-0.676748967985971
-0.135735866210137	0.617274061733696	-0.103226509504616	0.464994316089857	-0.815876889476575
0.250439406223275	-0.265641991976781	0.648699138689858	0.389416227345165	-0.786208886852791
0.318471935941322	0.115488791047681	-0.198192684857032	0.616877089036521	0.390890885650083
0.375244729725831	0.623023797929177	0.176598486548272	-0.670113966016012	-0.043634186894879
-0.26797196505549	-0.251578059909227	-0.625019811471188	-0.168570315181065	-0.804506881783714
0.261391050786284	0.162484529105261	-0.330998450684579	0.241943122969321	-0.67755954607333
-0.338200651179731	-0.196287572493186	0.00339686145231533	-0.00152569343614282	0.378818389054576
0.199542268620185	0.256699360625232	0.129366985305947	-0.350915355783559	0.0807290130079408
-0.162372861879224	-0.442112220567117	0.177716996264488	0.0682223755435401	-0.589575467760674
-0.147789513688263	-0.315933947903617	0.16861287200422	0.281911952246544	-0.0923752173318591
0.18458013854374	-0.305984212198768	-0.181830706559932	-0.0230039008044489	0.334302408437361
0.152218654086364	-0.237632855096179	-0.339087290361401	0.523442988182317	0.314501987095706
0.190269689725286	0.459136928631923	-0.216781913615598	-1.33593496179158	0.196064592889628
-0.471789710706289	0.0465198906881164	0.432624170981855	-0.00839489528811846	-0.226301895366351
0.602799424588669	-0.22608497599611	-0.181323300330343	0.17809440446776	0.183188722633674
0.174234569353581	0.143636897861604	0.464878376782123	1.08831732472773	0.395113992836253
-0.0788575749479454	0.042485719338071	0.537005394343196	-0.782285685019225	0.479572157130862
-0.0153847284557362	0.364082586920508	0.628767927967252	0.0654997068879897	0.0961725507881072
-0.013001298976886	0.18116368346868	0.491336262215445	2.06658252470932	-0.0410920909330977
0.0430735747889705	0.592801150092678	0.394143352940529	0.451659392740558	1.19682563675744
0.169274973415851	-0.338822070639962	0.336792097135829	1.79969088518978	0.958619306766187
-0.265650867160375	-0.0974986044516634	0.223758465318601	-0.54035135026304	0.268686903270114
-0.252351026515938	-0.129719777080004	0.532767296515728	0.354809298256218	0.636002288987545
0.438392898358606	0.163991573881539	0.18031687770579	0.881287916015261	0.712003597287388
-0.0487957282998373	0.195713083253294	0.160122935015893	0.491814157126621	1.05921474047149
-0.219797179431179	0.283227251549292	0.710513583525427	-0.699135495093816	0.489376217507834
-0.249523873339772	-0.138863805736612	0.0732005649371221	1.21095169607991	0.248779584852423
0.106848357570217	0.417659327186923	0.0755616431354693	-0.787420965293998	1.60129032282434
0.0615818474851633	0.250624390902804	0.0377933135549089	0.869315232063565	0.901952980669156
0.300173750367869	0.739349547505537	-0.213574420193428	1.12203318907458	0.0876725277686169
-0.192200851070369	0.214795572054368	-0.495065911792843	-1.14405341984947	0.604536802663576
-0.293962041406459	0.500276105717893	0.0337967835796592	-0.766659052725737	0.00816465979431084
0.2151946732936	0.136187535297043	-0.263372225691566	1.74751216810438	0.626359565487597
0.640061054476514	-0.0961656748396302	0.178924036918429	-0.098327810809014	1.02752169331476
0.0936519124257279	-0.409929214819076	-0.0951917671409355	3.09528008736402	0.244832795124448
0.0826522236851653	-0.41882570556114	-0.0282020286520842	-0.617667995023862	0.51795672223254
-0.252535185618413	-0.0364339875175973	-0.192632314531444	1.4821240365939	0.760323164894564
0.860450088941895	-0.315361979525404	-0.585112715229136	-0.462564228218872	0.375624391476229
0.260942302928366	0.257523475235616	0.173395512918597	1.17813472668754	0.553121597422334
0.130688345665136	-0.404077157370538	0.201943653033823	0.717594699974792	0.272533580681989
0.923706616234619	0.20962956094027	0.128050470681006	1.73977073551434	0.469233879233658
0.39600899671862	0.469079670410738	-0.0794247393594169	2.32379899811939	1.30336650472323
0.336461924487882	-0.0180719968232982	0.275831439461019	0.143770902964702	1.04324964441426
0.773162933328426	0.331360832789422	-0.00106763548958433	1.29309995329597	0.0238325448279808
-0.342496930544838	-0.0451332058429076	-1.06372881975906	0.398839343259019	-0.994615086987492
1.37430782389879	0.40083710333382	1.01905181367791	3.47414669925164	2.75041599585607
0.164919625627599	-0.0263154459038464	0.0835347790130635	0.72753561059872	1.22105067475123
0.735546634163246	0.0884642150736936	-0.416484723330589	0.0699695959615835	1.04740629146137
0.253554554731865	-0.47149556164523	-0.250400856247225	-0.399287022448794	0.0241457683448551
0.385343091164423	-0.477648973305861	-0.478082562456674	-0.194760610095802	-0.166019684359816
-0.100645340123339	-0.0059630626574263	-0.302058856358834	-0.342003720903225	0.0350250102542278
-1.02905122027768	-1.28680498710462	-0.514906376908535	-0.908565922438767	-0.370623882490895
0.823845915241722	-0.22392219847023	-0.495831264912115	0.302556818091322	-0.379674056254385
-0.568665323357122	0.157935350199803	-0.409090820309408	0.928151774506887	-0.673877204002809
0.015103812193184	-0.198040274495721	-0.712900617439585	-0.180380296380505	-0.931423754793161
-0.112097873051264	-0.626116640154921	-0.6206739299513	-0.579286588126854	-0.768081267712944
0.362806942572843	-0.0295214344660822	-0.245259649293745	0.708321942784821	-0.725251722284312
1.09475243292681	0.0692237838827076	-0.272590170129048	1.38541769954784	-0.596793899192153
0.307637406854848	0.196527728679051	-0.343486021210454	0.505891990734174	-0.7567428498291
1.02977884840424	0.0184424429748143	0.413428595531368	1.39981435740848	-0.044662294090416
0.086562101521347	-0.533088143495837	-0.283792109851218	0.736611035207709	-0.178966837840585
-0.281486396221611	-0.588886732002894	-0.330969735191852	1.32123545086443	-0.455667869857118
0.503935183750977	-0.0323247081804588	-0.612996652340388	0.0341491367563337	0.00847252651881203
0.00658446077381751	-0.514060335369721	-0.123406638227318	0.0907100806640998	-0.390380952855413
-0.0676218541340288	0.0710711144239261	-0.456972759021922	-0.562045815976586	-0.11085543768047
-0.260122010497756	-0.0407817129299066	-0.280994861745048	0.867300769959628	-0.0571715720104322
-0.0367344101458056	-0.613240514459834	-0.589696509304678	0.277737797515501	-0.628601101592341
0.442658213326793	-0.561644534146008	-0.582553759779911	0.598409088311478	-0.0759153681196743
0.0623839578449293	0.023629096814154	-0.313481373323834	0.0174648106246074	-0.315228458075743
0.0824821566590893	-0.0273052909566291	0.138221642939555	1.83538191848518	0.225607906771709
0.438174971043608	0.0466283634027852	-0.137590941539471	-0.438182428969874	-0.237990725175744
0.38921522316182	0.0296492083651812	-0.0255074828343839	-0.0923916480428144	-0.152422902740676
-0.209323928340631	-0.377344542893892	-0.0993525806805555	0.0113202368662442	0.164764931502859
0.106887428237372	0.275381233029045	-0.465027646191068	0.590410629322294	-0.0397929267334577
0.0812729402565405	-0.226273154164202	-0.141416244174612	0.632788621597466	0.0966236786772971
-0.24460739222562	0.431426102766751	0.495401395218861	0.566275810510843	0.368128306965534
-0.600476870617802	-0.012815929232446	-0.0555621653445186	1.05195054553346	-0.14446320832604
-0.611149245091791	-0.395458882415415	0.140584983104189	-0.111097494717424	1.09723782257354
-0.25863317982036	-0.724821891324828	0.209979283085494	0.723579367507709	0.520846165204121
-0.119700784131281	-0.20036678431259	0.16650644987081	-0.754631529793838	0.455486745177537
-0.494480356537769	0.387784424016356	-0.134268881316085	0.00139701130525003	0.658043366891187
-0.595799783562746	0.121779400213506	-0.0764027042553133	-0.880873962704566	-0.0617385338185515
0.103667961805848	-0.846726284764102	0.310657104268389	-0.642872439873508	0.28559840472322
0.221976724888815	0.195178492635051	-0.14794653327488	1.1696659316637	-0.596219937184309
-0.076690778248783	-0.0135123573786515	0.139855181874479	0.114722058828496	0.50554956152086
-0.1680090090949	0.192980104808756	0.519074884011655	-0.795967115833393	0.123938341571344
-0.491038194972991	0.270819051678175	-0.0873245535776589	-0.341234982965598	0.510599869514988
0.133744758016224	-0.123621916796975	-0.0326883362700551	1.28748088653906	-0.147813809083528
0.194552919566357	-0.141966098848796	0.248055294685131	0.175327614278223	0.578901600784494
-0.32135466760438	-0.0163651931229022	-0.477766088747568	-1.33355972701469	0.182995663639484
0.189823177780663	0.308054060939111	0.065129662419277	0.678000615597747	0.224118824968981
0.116369848985963	0.244822918344922	0.609840896799025	-0.827994933693412	0.684154472667592
-0.0232553767006387	0.142320316702606	0.196296802512912	-0.840442767949652	0.261905039862433
0.207346770691509	-0.0180953031430306	1.09755002912343	0.0323447447628316	0.670668110709833
0.347193749580298	0.468039646961573	0.574347425983371	0.688832602745763	0.537526348800849
0.137010647556404	1.2588983266367	0.303122768583362	0.107356113193573	0.757472946017385
0.579124915852806	0.407423426487254	1.22587789031249	0.292350707518042	-0.0933652886330441
0.12028632073814	1.13457411714033	0.798506886338426	0.0935170855146363	0.307298066324253
-0.296782554207793	0.0138686337769566	0.341730315790524	0.317929582719751	0.886324616568872
0.246269976744437	-0.172127077119785	1.25646960341944	-0.844595042087509	0.303073075271116
-0.336535948796708	0.298807301407189	0.798061106299447	-2.19454384839222	-0.00252700851814383
-0.441760738957861	-0.17334871761115	0.262162902494911	0.46661860673017	-0.461839628317972
0.164064619252065	0.313045221046713	0.486429017520058	-0.740054056610201	-0.03047006596932
0.0293596470724815	0.266207390783278	0.597795708125046	-0.517394549316922	-0.392878200031964
-0.347483561849286	-0.698267487805748	-0.142552853688304	-0.899258245734496	-0.535904447150612
-0.143584365120664	-0.401846377108936	0.397396806118984	-1.24586859902834	-0.538893583205705
-0.141210978984357	0.0373646899420615	0.0669683601599886	-1.0781617817991	-0.200267254708706
0.050272610194627	-0.123257470302583	-0.199659160571868	0.518753897403039	-0.611213183376097
-0.980056442451889	0.258197636229298	0.00685863363181846	-2.22646957866087	-0.73721403239763
-0.19170348395543	-0.00304229951668548	0.189387667617122	-0.202026674057803	-0.102276118620339
-0.176694157803679	-0.0742577764262643	0.224110968126588	0.237846049576631	-0.505662295067338
0.159159583596088	0.517927731196987	0.190703647239743	-0.569832306813818	-0.322057226559852
-0.316673027471951	0.313054486394068	0.337611665564518	-0.845371030313964	-0.59056172532418
-0.532423260695125	0.0591155299150246	-0.74892756974955	-1.84822994333262	-0.454016983747218
-0.557235154308628	-0.32043452165503	-0.939309195873313	1.73684763660242	-0.525586458582525
-0.258335055232912	-0.443441035485463	-0.609495995356366	-1.26905173060527	0.0168601275276293
-0.30473619104595	-0.0974278280618581	-1.0522510751618	0.251687206780269	-0.136238787457797
-0.432952627893724	0.0818157113553871	-1.18873246348974	-0.118666019052804	-0.789452058458515
-0.385926688555096	-0.330931371425352	-0.549948614163721	-1.14551159856364	0.261567245833612
-0.465244549544098	0.027113452077649	-0.491118569319991	-0.531076645481844	-0.536288632738402
0.476949171482094	-0.500552338725416	-0.589977917486776	0.83359703996106	0.193497852016831
-0.529564259838243	-0.0554540998239317	-0.358504840162542	-0.604304763363045	-0.512531001890372
-0.15644173378139	0.317868969928483	0.523036362361225	-0.16565250172381	-0.0335207403825293
-0.104636563076317	-0.436180055161722	-0.575476254639747	0.434409529263103	0.101956343856667
-0.385254188667409	-0.160450282541237	-0.0608767756154819	0.872466938891716	0.323001705848814
0.182306009062344	0.150478352803738	-0.234098818003791	0.00534134097568059	0.329477082901251
-0.408886950177582	0.0559589257469568	-0.366596933799536	0.529840085218112	0.103941908892318
0.167018486453298	0.319419105172744	0.0323675796734317	-0.118173578143736	0.0454113541386305
-0.189744022886058	-0.0756580028177315	-0.106421891276135	-0.195641911650442	0.133134697503732
0.172380298603986	-0.301684476884088	0.00952694895505517	-1.08771571705053	0.219360088173053
-0.175921784655936	0.801802735905571	0.139961797286835	0.0147479007648945	0.676647894651107
0.568565443455542	0.092571691746573	-0.242370129659509	-1.26238432893813	0.576943183288632
-0.213109710906419	0.537851933244427	0.236602625224785	-0.351580230834868	0.217777060680352
-0.519240863112744	-0.13681017440261	0.10367304803681	0.0818583515678053	0.414245007752181
0.406483300097097	0.020953168223789	0.294356833737387	-1.63225494067534	0.191556106168982
0.0357685456525277	0.456870987297084	0.425345452156375	0.786306954239019	0.216257364177741
-0.10541048504775	0.347595556184494	0.378718508192349	0.297589267691904	0.539344868581247
-0.210869877450578	0.506823877775656	0.826136769866778	0.228903585560822	0.701471252386061
0.139368794005622	0.255103500330009	0.472379443686125	0.205611122731268	0.493917954850766
0.146588733013083	0.222258179072824	0.347344560468787	0.194128363064217	0.281004519100979
0.109556428126302	1.10780697282355	0.55219439929458	0.39908224602083	0.106067907537251
0.383812005515457	0.854155961638827	0.748881584863649	1.30822395024248	0.423335338255328
0.00809694287160042	0.662574071020559	0.777226212230825	0.623885083297819	0.0886149487158066
0.558486155901129	0.259546885615646	0.860312006280336	-1.11524923772331	0.420701345165921
-0.0153929854448494	0.401480667966896	1.02050881381271	0.135013409071246	-0.0192534009808806
0.409597684898263	1.06928841808917	0.986247556006722	0.907582612571121	0.623291637295711
-0.270744189723644	0.872385985260793	0.8217479003645	-0.291250813872604	0.0191857678717759
0.0789673747437311	-0.0111753323965267	1.02450137562418	-1.12176627619921	-0.0360862192872378
-0.286942484921723	0.281587249667549	0.485615760838845	-0.0287900526191247	-0.0148895160354702
0.206714511593038	0.142887013557475	0.0800606843292493	-0.479308586178858	-0.0464849136532206
0.114397350409412	0.441474515600511	0.350399740913986	0.0339651447612202	0.0774778076921537
0.228025376919061	0.592115618799886	0.227588125066061	-0.511324674849738	-0.0366994708722465
-0.228912818887359	-0.0351439877590401	0.114259514246973	0.426075137297	-0.334050295239589
0.554149734649261	0.531079445809578	0.732040746680605	0.0101310660062876	-0.0263023730740101
0.34544702756957	0.445760398158747	-0.327172716834689	0.177731648495312	-0.10061308308345
0.000926216419899767	0.901943419244771	0.0639986146721147	0.215170807730049	-0.168552115814973
0.274868487249024	0.459916859899934	0.218648528803013	0.238815100912261	0.0769140533973488
0.276407366190879	0.215603075347772	0.509059338983171	0.474144612071934	0.226986458383446
0.895107630143764	0.974969134905869	0.0137698390726446	0.751924689859165	0.0709838505583719
0.638542675009381	0.912623899091791	0.682221746896726	0.667071281239736	0.14695509428897
-0.129326844292289	0.434282787208092	-0.53283874165923	-0.453454206171212	-0.175826367568218
0.187215250168116	-0.883416414732217	-0.732914889114109	0.754836556205858	-0.131682214740907
0.0395578751167885	-0.55541601712078	-0.83355723715601	0.197621054352387	-0.0251306101368555
1.08695516004829	0.29416280242448	-1.26552463398418	0.294085521558261	0.888486378172564
0.0542208915797305	-0.289109944797925	0.423127848689405	1.24822406610556	0.527628987437606
-0.0422663320738751	-0.321393767857426	0.135999907800145	-0.202952067208973	0.624302946503517
0.63641209535908	0.154260077115909	1.14753556542372	-0.148649615015724	0.21088115522133
0.362091608035994	-0.19661877123726	0.332503112798975	1.20682253643309	-0.147585493850162
0.191612657133366	0.408040887929262	0.409778031427022	-0.0970901371977045	0.331761668466641
-0.0683789984091137	0.045404029907681	0.479680160046736	-1.56533069282703	-0.280201172116868
-0.440882306212104	-0.285073616835263	0.0482777249802399	-0.568019367966242	0.396595568283071
0.488630267041996	-0.300451225483795	0.268364718287197	1.06195419137537	0.253511493974492
0.425029062760878	0.0880817446509351	0.156438551168457	-0.795776080611383	-0.0660773634392302
-1.18488045564925	0.0492641912857176	-0.330739237653853	-0.671634020224841	0.0170512871466271
-0.422334903422646	-0.423248011235261	-0.762087921167497	-0.652815014646397	0.0613454229461719
-0.685521824623816	-0.611715348750856	-0.539539890137419	-1.12368784688807	-0.360693184022066
-0.323198316157205	-0.677995940386625	-0.807959462662268	-1.40175815149185	-1.18401172066056
-0.24336051998616	-0.495429297427682	0.262884731755489	-0.401394028457232	-1.12649243584913
-0.520343377807046	-0.189744094343317	-0.349599569447136	-0.15717618098008	-0.939895594891786
-0.55514155779675	-0.697558546346447	-0.246692253831499	0.104856747840057	-1.09420557972648
-1.07453675277133	-0.130173529723478	-0.408764837544524	-0.374529762343939	-0.336956021238941
-0.689719982216851	-0.484989431264856	-0.398638376810404	-0.899854286678792	-0.764240511117018
-0.280730746961198	0.229738191841926	0.0081885864309375	-0.0120437969231744	-0.534185903326516
-0.309189203958951	0.0721660134154552	-0.0969865557162872	-1.43858086165298	-0.992255201837359
-0.954258718292832	-0.447773124065923	-0.267477383302808	0.132540061300603	-0.462934448582087
-0.300906346532591	-0.0259560037770614	-0.183716392582969	0.140614161922313	-0.434628546536745
-0.184130531191919	-0.161095070770757	-0.711753566500428	-1.31792253599941	-0.471631069885095
-0.853691462378411	-0.146596778452311	-0.866419037827446	-0.239326795714884	-0.430742123824329
-0.525594532031972	-0.181572145940569	-1.16363019124792	0.464266240099361	-0.492439741892711
-0.189447392016298	-0.371607996491573	-0.502878476995144	-1.09735916985876	0.101419532423841
-0.0527773379994049	-0.873589342736259	-0.91509315503376	-0.313208892564634	-0.267118308288336
0.153072890761173	0.296674205943543	-0.340606742242593	0.289218454693735	-0.179942021044749
-0.671800191806721	-0.330476649918466	-1.16836026422827	-1.00424310180795	0.00510852769919038
-0.639324582052547	-0.223848923810205	-0.0262916981764693	-1.30222363418842	-0.110475977450294
0.355526025878276	-0.751628057284633	-0.500435157589669	0.016007477614157	0.372520956195798
0.111093667245978	0.140044853534167	0.170951551219997	-0.108641533909703	0.00428963989718665
0.809902805481478	0.042671549014797	-0.589779542210659	-0.119097400822787	0.00833757599732502
-0.396415649015322	0.161547301744807	-0.599177351609838	0.455917756124762	-0.259286616359202
-0.143560384218359	0.0422631141918869	-0.562211033578656	0.638374209671741	-0.182599352262991
0.464232001126926	-0.141136101082572	-0.313647629792059	-0.366328271653435	-0.357145508924484
0.458831976266902	0.132435684467813	-0.396497572572878	0.546377274235712	0.142971595016302
0.0356455221431387	0.121397456509167	-0.164420459939583	1.42188183827481	0.170002031560566
0.329926643623477	-0.289159021993142	-0.393370241097308	0.49314627808084	-0.220841905336434
-0.0708857454096773	0.885427077717993	0.129792742841519	-0.517778384335962	0.458628743426203
0.388581675411661	0.166042656015847	-0.037466481564654	0.539608565048244	0.493920890779252
-0.353952912520086	0.294824720358708	-0.270552316849093	0.112681901677253	-0.11794885765945
0.0161841242920422	0.0784998304918668	-0.201722316253342	-0.36744072047804	-0.604306385562966
0.190342794789885	-0.514617173948213	0.339092318465247	0.217273202009393	0.284668618980919
-0.0400457412286543	-0.516427680065112	-0.664324797058393	-1.03969261037153	-1.06504294885741
0.681668453548949	-0.935270549477204	-0.337952572090522	1.56613352827625	0.168668560485879
0.415854636319342	-0.617414910463671	-0.217179704988994	-0.225011692571925	0.772090721872954
0.593223365725568	-0.0403190780656413	0.104249559348714	0.58693656129922	0.706869340983401
-0.012788767561999	0.677346880296662	0.278340420529816	0.0823736760179047	0.456893844434145
0.247065296415116	0.125204812305829	0.641254587987231	-0.4065082381855	0.362887289877191
-0.229468318369266	0.419022179964901	0.0655129829719155	0.922535031117934	-0.0808769522356927
-0.359442856986487	-0.217902658282994	0.116060315690505	0.712681233864579	0.422841065997628
0.653310906689913	0.249686294217625	0.898072220637117	0.501654021368244	0.433855059158695
-0.248515477269045	-0.253854811921161	0.78813616490881	0.242893876660121	0.184825360795547
-0.291375162989852	0.473494806316285	0.708007396151775	0.538830705753559	0.069430723421014
0.0339157241228261	0.021832328477614	0.870583762727843	-0.823818417073896	0.123860139638431
-0.44588577267321	-0.000496940729282438	0.308361671100175	-0.585866740774164	0.0110520318810341
0.136182636240723	0.0338739743878683	0.381768601660815	0.40614143321305	-0.457256116196501
-0.214090912166757	-0.499148390291082	0.527818182605486	0.307545414601364	-0.578565807826128
-0.413614429746761	-0.543073087340935	-0.259274588340265	-0.0428265623792681	-1.58214366645226
-0.344432926579382	-1.09814756715104	-0.684670259872265	-1.11886845390901	-1.50407621719276
-0.837771362310561	-0.492759417722882	-0.750159604962706	-1.21744313494854	-1.48355450644402
-0.13850611655875	-0.773870955403167	-0.0157608077889244	-0.592494350927835	-1.4616623570875
-0.658924759622811	-0.577026552543975	-0.304215062939157	-0.488818013890706	-1.70921993628279
-1.10472656963375	-0.626015605503941	-0.481048843961138	-0.255181417298922	-1.50360060833377
-0.223992146722826	-0.574301445050256	-0.749197312127749	-1.58966112147682	-1.07070547422977
-1.17304018845006	-0.668576929536389	-0.343423009285433	0.703132768353649	-1.21712012785253
0.140389110174114	-0.0860940775774026	0.066828143011422	-1.19122227847981	-1.13194574496057
0.155916826573412	-0.272433179873252	0.0570959257128408	-0.128968810126079	-0.340477580322964
-0.627126061013563	0.155528291721228	0.514887701468919	-0.562433694285372	-1.18032652515697
0.0787996306679941	0.0126213448227757	-0.1159849216586	0.158465602669537	-0.574647854679168
0.173349375112662	0.240515796762587	-0.273172429053979	-0.156160743405381	0.0166115313332965
0.263062383985858	0.255899554724832	0.511136752493391	1.22304542218263	-0.293426237935072
-0.672941870711682	-0.0245327455682061	-0.308445276181241	-0.619927737711691	-0.228068679890036
0.0507341735727292	-0.106234721856373	0.158972366216383	-0.111193458229869	0.24200495288018
0.186474921368121	-0.318486229989753	0.50334836371901	0.616348730111847	0.0110192118216939
0.410400161324864	0.552570529724445	-0.0615779577974937	0.689789024297125	0.33776310590961
0.175333781729899	0.207097518576452	0.662673048432249	0.0603290718458118	0.218019289338568
-0.655575890922922	-0.153455631751694	0.33391567143993	-0.512624675714749	0.765386347862565
0.19484960655069	0.159682776160037	0.531647127668729	-0.0964672670197037	0.475633117405463
0.0483251084112234	0.378885724110673	1.21223177389595	0.507428501128907	0.681342255983286
0.335881917582295	0.637799933563699	0.666547160900256	0.773621767443405	1.32578719796857
0.206343480001869	0.733271807180014	0.0942685186647983	0.892856089950085	0.689389758233646
-0.0786051489385466	-0.506365554364677	0.342964400110238	-0.219978143237119	0.758815311002553
0.229832184866728	0.620480363566911	1.01536087681591	0.290716344042872	0.904052521643552
0.658580900885704	0.176969991358428	-0.14008839137954	-0.144349474682105	1.12456918214206
-0.191983005697539	0.377678661174746	0.806675835573849	1.03408135762179	0.706444261370198
-0.115062178927421	-0.010523971536231	0.102002339492567	0.493596049451898	0.898168114118862
0.827111598348367	-0.117952718221594	-0.263429050853984	-0.305420409619143	0.964641996386081
0.339145528485468	0.295531637276541	-0.043085812979052	0.490068622094083	1.18977235940532
0.411142951700758	0.197719121741228	-0.434953355293906	-0.432150343372036	0.293586595066565
0.216503120730054	0.502730132956307	0.737113470029448	0.336690872789076	0.217576303742203
0.607516177947985	0.341086854687434	0.215868029919997	1.18614350382062	0.102146808244937
0.500584452772513	0.422624141775654	0.820674469424411	1.11553685119471	0.269757247357131
0.358866516551797	0.838419494342055	0.0310782960240981	0.493710030913216	0.214769189798908
0.401702127822173	0.333355255364354	0.348577707295301	-0.195868302288538	0.584147940543335
-0.113190409200182	-0.188277969595378	-0.4662734039274	0.428996677472502	0.155151410260839
0.187745469743614	-0.69373128311527	-0.392882300845829	1.33210163442095	0.293582980911803
0.0970109211328681	-0.391080538567014	-1.25180282553613	-1.53727096109357	0.217260654696195
-0.612411756301647	0.284938139183744	-0.913328315766524	-0.487790699564101	-0.468834171376262
0.0789596868951413	-0.36934858343073	-0.543722408532651	-0.554693087266547	0.103844473118993
0.411498167539787	-0.636368981394082	-0.265469975444978	-0.0809759479919535	-0.287832098608266
0.744775095229845	0.361288755681735	-0.128599638706243	1.00956857116103	0.27845968973254
0.318905313944076	0.0249082026245015	0.0479446711021824	-0.40070006645598	-0.0977483634310091
0.0211637208926601	0.256386533663442	-0.123688995558447	-0.730366116532744	0.0639767284611061
0.113549988002105	-0.174005829677022	0.104026934438559	0.606741267531845	0.259559962714683
0.177894525476606	-0.171315264461829	-0.0910528458834417	0.559071760039794	0.0261552342548284
0.487705102083645	-0.00232553433375972	-0.224823922421064	-0.351085394323805	0.199945398737769
0.111045982897776	-0.740285846781594	0.0879791816526357	0.430386737414886	0.202723027531383
-0.386980198010292	-0.448112172554911	-0.613858275416515	-0.0046391500824903	-0.0549197695038682
0.152497640107094	0.0641763077235264	0.0984080376150486	1.21345172919953	0.350162929642814
0.556995573724184	0.0745979831932761	-0.0767856311232633	-1.39182222699247	0.0119317129051972
-0.27123690233135	-0.299136870906384	-0.272818333896125	0.132892450162687	-0.0892563419423251
