0.322815279767249	2.18058632420418	0.0933272177099189	-1.39754663811628	-0.232407300847027
0.51298559795551	0.670130704699145	1.42405669116983	-0.179118706586471	-0.429947475286123
-0.605161506153086	0.853772170501208	-1.1405663571981	-1.82749781711074	-1.37808586014023
-0.601657324270242	0.948780536928362	-0.267307004325167	-1.34696829071675	-1.87859384571471
-0.612611566364845	0.399063796870347	-0.398857460828276	-1.26217448811421	-0.983484573282475
-1.20007536592893	0.727931471174266	-0.558336098796031	-1.8321268525631	-0.919358829516483
-0.312592278433582	1.09139815602131	-0.123466678409373	-1.15599252764335	-1.88897519743041
-0.765839870141145	0.391103065211557	-0.0223896774087955	-1.62323886079624	-0.873105509919212
-0.759771128944384	0.482622824266985	-0.474235882045491	-1.9688433386357	-1.69708181331595
-0.145173617726355	0.712196499817928	0.286808316016489	-1.16073358153086	-1.28265818265983
-1.01365780466512	-0.441078926106178	-0.542367781034573	-2.77525678067167	-1.86985031330672
-1.22725702633251	0.836590375256522	-1.25589604031664	-0.829976542795	-2.03172300996649
-0.309704624235594	-0.0710327682259784	0.930428040041988	-2.27000752054449	-1.57789312120889
-1.59476643710227	1.80288041074889	-1.15481001239061	-1.83096052563792	-1.11489948056447
-0.662154929774277	0.409519932176936	1.76916261443262	-1.60437950297851	-0.968398134404469
-1.04037674803626	0.663121302506883	-1.85846684285729	-2.88391660867028	-0.885503966181384
-0.742690566979368	1.53999100132128	0.992313098965574	-1.46191318789327	-0.182854017935506
-0.214395393536282	1.07542013928346	0.043335717659801	-1.2451732131342	0.657298646890755
0.297547158042933	1.49252560983835	-0.067976358410212	-0.190963667623894	-0.707992561021672
-0.424822449330706	0.57129882250497	0.384082425330746	-1.39316036020046	0.387993748539514
0.980358998557081	0.720594957008072	0.795287095307794	-1.15193063305263	0.0968018534701259
-0.83585922759268	1.27037609230809	0.444365263644408	-1.61953146618172	-0.736014120421759
0.276069585313207	1.32615300748481	0.442320579934867	-1.34138265117662	-0.756358690487111
-0.0421054595082862	0.142254138862614	0.183048016858066	-0.267657601050049	-0.590629817304835
0.200805281804433	0.876447525446387	1.14430006096289	-2.10133287592239	-0.239895472961592
-0.427232821297858	0.979419275728243	-0.704428412806253	-0.3946755363657	-1.32353984376686
0.00644353710539383	1.38396363942783	-0.124361617922655	-0.2365372526834	-0.695735988635867
0.380382810799759	0.890705631010552	-0.109842592072988	-1.82532552395575	-0.276835527274545
-0.0743563555520586	0.949926501857594	0.169770603997063	-0.130032611772048	-0.627916934024171
-0.0397122241617016	1.33777724264566	0.739923914390397	-1.26939462571577	-0.562232436064673
0.0957752630134849	1.19677530450103	-0.364835827296608	-1.02551274228479	-0.339939587802375
-0.433868839247978	1.03702411717972	-0.00818105859672402	-1.21806150785314	0.137273120688558
-0.67336820330068	0.912601830829416	0.807985677986531	-0.563330293699183	-0.235705390656505
-0.358895928501538	0.400997822246525	0.0971741115944229	-2.38743353376444	-0.798822598982068
0.0606107240782909	1.23927039258096	0.858346117229106	-0.481206922990864	-0.540170063953846
-0.10048443418222	0.767703188745508	0.448596495241133	-2.09197111409708	-0.345143664077204
0.346246512762309	1.57188212827009	0.198667598412658	-0.447906391397707	-0.0679513434965572
-0.797139878588795	0.432923772240029	0.608170816705731	-0.796380961052601	-1.16073661478099
-0.0251945085655571	0.675374791483244	0.8469445025748	-1.04626651709359	-0.168604793796286
0.882615426794161	1.45114521679522	0.73694309828784	-1.64404711071526	-0.0891229153857133
-0.572602037055039	0.618478126053335	-0.320972303182929	-0.401742723897464	-0.749329452265519
-0.103796842233981	-2.47321085584486	-2.1840308585072	-2.24449431852662	-1.39096392179446
-0.624116602457942	-3.16582582698063	-3.14781169946475	0.700276996986619	-1.53751767927361
1.29588107021319	-3.77124036229461	-1.64028762090354	-0.584196921484073	-0.410056626471684
1.73947086818285	-0.522497914519272	-1.68231336648958	4.14952560757271	1.04817925214798
-0.218097011560085	-3.35573245934856	-2.45615572108354	-4.33509392547329	-0.391603237249033
1.06956900602575	-2.37602172863801	0.206105601294205	4.14007406744011	0.0691018826732227
0.0574205490310561	-2.22721747042193	-2.34607956912202	1.07600755813459	0.0739776470777394
-0.376702029397262	-1.93606818301119	-0.173933259120883	0.347030370271561	-0.06145283668755
0.731229201516274	-0.393082606846173	-1.50547767636763	2.18045171641281	0.511006055869418
1.513701588279	-0.631960939764315	-0.37943173049849	2.70667187653318	0.0556181458146391
0.193432931179593	-0.907633864480917	-0.0209185433081434	1.52097506485289	0.470814206355811
0.329276325128124	-1.17861334974089	-0.262215183171366	0.5975048817682	0.0559894353567627
-0.537188874207633	-0.412152829661519	0.470392206496932	0.83247626219374	0.35515332896564
-0.287797823914507	-1.39340382872161	-0.117880271439409	0.684074034364333	0.272182578982023
-1.45158325126853	-0.601123591651052	-0.607831488686384	1.85935137130455	-0.281215584735251
-0.895086213351236	-1.8008855920105	-0.0512770447130248	-1.16266213427414	-0.205637199457539
-0.822376162622438	-0.748803352339778	-0.24132429351329	2.72105126688057	0.446645492390383
-0.253093972108798	-1.18579323966103	0.0484502169430055	0.591715842271547	-0.578723859885074
-0.710384157988323	-1.08464648154888	-1.61376004059632	2.01513839873329	-0.851583763045893
-0.21287061384806	-1.16482611678916	0.315763808819142	0.840947697669215	-0.39612907267584
-0.673167333911082	-0.614678969290596	-0.105384831400636	1.03027200219904	-0.122381363474315
-0.330517522230367	-0.961188025261609	-0.295126677480602	1.13875655911891	-0.0169038665686023
0.0952931386187004	-0.976700152431376	-0.63248831500097	2.99050054254739	0.384998788071792
-0.294493576296245	-0.529950382394344	-0.0955582658766318	-2.25362971753366	1.07034992868943
-0.153536161171591	-0.460451134848917	-0.433287854974971	2.79693228293919	-0.180979325375681
0.137252715651216	-1.14936373504277	-0.0613373335646469	-1.21490365910337	0.464907768376365
-0.426785156712956	-1.26896632889888	-0.337079686014262	1.95869793685314	0.900162847882685
0.342705801970295	0.461951732103796	1.0265963996121	0.0135379349057246	1.43060708996433
0.562339795036878	-1.0512202884254	-0.683591371523202	1.5620598225137	0.661251105869018
0.866476167059447	-0.272006160961124	0.628109456168911	-0.119984065017265	1.16063289824516
0.787207107637413	-0.140483761082514	0.774536898607066	2.025115783327	1.92407213714334
0.708540001296469	0.0995323298413633	0.49334384148008	0.430318911912657	1.22659704619724
-0.211413241056322	0.0083450045910949	0.229588336427853	2.35621188536765	1.32515288972184
0.409781825175407	0.1686420442896	0.413345707646841	1.39889179241741	1.39462763270088
0.593554917575264	0.143677945191832	0.46686456861424	1.99653646627557	1.55504441827233
0.0429505885944784	-0.635382832671662	0.576976995675894	1.47086478898857	1.58527848231549
1.22136117778656	0.439086350148837	0.207419342846194	2.22924831121529	0.822168015238164
-0.336806548084698	-0.344996328217712	1.93360790225734	1.67753586995191	1.25896144484573
0.387763982771625	-0.20694453597544	-0.805685043558924	1.97523648074566	0.859940212272528
0.422173956840023	-0.380688056623738	1.0215272291892	2.18135669078871	0.998232028534363
-0.361180468695745	-0.184820358254985	0.611688434143246	0.9121579831947	0.940799551744609
0.429631494410881	-0.197533084848681	-0.131438524141179	0.320528591309333	0.804511342175762
0.32615124727593	0.231127179595786	1.41338510411788	1.57091528344855	1.03864613383536
0.787662197739319	-0.0877073364643133	0.979620570872718	0.458306870364186	0.477115553658981
0.100585977263743	-0.357175455653114	0.580898559355475	1.5258912712743	0.655196052901692
0.334159371431132	0.31625451458058	0.8402605172484	1.51720844776503	1.62500082683822
0.496872969025936	0.214343760286335	0.707009764103478	1.01306057007439	0.611355401589881
0.650858038363231	0.419169544828492	0.430013194049741	0.319926357998548	1.03172010905584
0.100459267434806	-0.39235260602331	1.02814987772456	1.16951724363862	0.786468465793433
0.939629248321824	0.548504882997627	1.37814563698812	0.660610117369332	0.843494589375165
1.13165923615141	0.0307423746274181	0.100306115191691	2.78754528971978	1.17501276538983
0.68834751161092	0.172830325226833	0.714488672602438	0.440734487711131	0.610561817452826
1.19937061447073	-0.406766010972135	0.749005926851112	1.96592912647188	0.440096526437514
1.15702785101045	-0.0372984475637899	1.62542169193445	0.216862506813332	1.33947513566524
0.783476721446079	0.214837907380512	-0.0888808547400056	1.63912890123807	1.19192614069424
-0.0151783786539142	0.755659454869051	1.06798202820856	1.95545987237528	0.719167038826521
-0.668136081193338	-0.362057034999755	1.1553213845217	0.12288735587004	0.71958998764019
0.788424602585272	0.253811597786683	-0.156817971459258	1.89155434460753	1.33037505975102
-0.236176484422698	0.18833568868657	0.558755577301297	1.97167246676247	0.847134486320096
-0.510134712717465	-0.210998562641916	0.33255074788613	-1.96203509836064	-0.308338717555131
-0.70901422715477	0.178072611520469	1.53091082518468	1.6546721824565	1.12202781516786
0.162440319324589	0.170031213237779	0.225212150516084	3.7581924547224	1.01389796057181
-0.0965425282400585	0.197822368354789	0.643019738314485	-0.288634375290343	1.31858846746207
0.334379909838607	-0.179652512540865	0.275579370679922	1.88909961104009	0.0471342272705599
0.493549900593643	-0.264333685119576	0.680479578024957	-0.149153566860238	1.52809062313287
0.10132249465239	0.28032688311913	1.13576498378767	0.753991588213942	0.713753819066028
0.0342312607748084	0.031260847679543	-0.269046675311574	-0.512000102210174	0.0981784829108635
-0.00424490458930424	-0.826042917629339	1.5995721325859	0.156195439242511	0.208068389657829
-0.468528903153893	-0.381581053120527	-0.386149857699652	1.55814370566427	0.137396391627847
-0.934797462894333	-0.67218608281689	0.470436714238755	-0.469499696753703	-0.37904459976413
-0.980563310561261	0.00588492811204828	1.34751065903584	1.00400015221208	-0.620383773803474
0.124395721637387	-0.073462452182917	-0.545347657611416	-0.120193186216563	-0.449575194578886
-1.3793076936037	-1.07107604316945	0.431362608396981	-0.788800821903175	-1.33207240435417
-1.55956989557395	-0.539410867028391	0.446316978473846	-1.12532028382722	-1.07193523942488
-0.00753895511778504	-2.26853095711084	-4.19922524340634	-1.49398439031992	-0.40219810242525
0.0366693340370301	1.03042746928439	-0.509167972864083	-1.21136470400173	-0.964702955819084
-0.442646729670366	-0.897239066443967	-1.43678485675154	0.605982355382149	-1.28201837890607
0.563542010641478	-0.15462728999389	-1.05367997067151	0.87751238044128	-0.156911743408691
1.08442511725001	-0.0689563562662522	-0.928226403771496	0.175220876385538	-0.220230293999622
0.238929185896868	-0.351920459982203	-0.288261915302466	-0.314309295069574	-0.600362210171805
0.765615312650357	-1.11288075276439	-1.31238646340544	1.13853661445731	0.415045756946089
1.41413610784254	0.343035653532655	-0.0290340061487595	0.575634116498281	0.884892666851015
0.918322851108856	-0.931325453602931	-0.105697893770107	2.35118451388799	0.611144955630641
0.962190265119077	0.809443360361721	0.326658263054767	0.668039257628687	0.370887095176974
0.18989698001559	0.114176061589193	0.0355841759781817	0.438858092143181	0.12944618555951
0.161743137968022	-0.307296047873316	-0.708347466127651	-0.946543224878512	0.564220728968047
-0.0356169254276519	-0.237621636582382	0.884237604897084	2.20488732390938	-0.368163246684939
1.02732323413702	0.0939035337428497	-1.03839345359673	-1.52217288904875	1.47367506998304
0.0423341766539013	-0.213169523092128	-0.10655735594907	-0.793218439712416	-0.0503947904741012
-0.208785749726138	-0.668587093065695	-1.06987393156354	-0.119958464824179	-0.57384922249156
0.474979058000799	0.403431323492411	0.520258997518725	-0.595975907430366	0.636074383635365
0.418908479139417	-0.426202318967903	-0.44509094937179	0.967604032349055	-0.0271844263726087
0.240135329818436	0.207119975380782	-0.885758082817734	0.442849914210884	-0.123605360699265
0.147753890532599	-0.904785692631382	-0.160048272776492	-2.2100690720749	-0.435062623813488
-0.356551708341912	0.575947678768765	0.452942106641636	-0.280082393376283	-0.725271307681373
0.122104182045847	-0.393587454315878	-0.776866787429787	-1.74258904835816	-0.378079016987159
-0.0389145613764585	-0.472967136375088	-1.18717286625119	-0.474390573578356	0.548934876486686
-1.00899277995003	-0.832406765588208	-0.669779775084959	-0.830176061190161	-0.543482190327295
-0.165265647087916	-0.271555183251414	-0.504303068720315	0.408966147129992	-0.531411523331435
-0.21146781967345	-0.365184800704231	-0.140222520454291	0.374051176183025	-0.20519765262048
-1.08544522891377	-0.3869211385821	0.307458644486744	0.157653770826079	-0.228885995719063
-0.685800392288273	0.50022926193907	-0.907223980761656	-1.08097211121064	-0.564391291641966
-0.502543641602525	-1.32191764327341	-0.724601375766132	-1.48752097709358	-0.622422824521509
-0.111833249221641	-0.19055413781026	-0.652967168119086	-0.669670840615658	0.847335512731136
-1.1335855920412	-1.61121965545971	-0.44483270493183	-1.14900275971904	-1.91806593058262
0.336176801752128	-1.11163956644954	0.518120345983023	0.144828176614502	-0.261588565260472
-0.559817102757295	0.382952131727533	-1.68953621295664	0.288179413217226	-1.78087670924208
-0.23780632095064	0.303612645896607	1.63102923590176	1.75189502543746	0.521656665418245
0.0299054812645321	0.129497042380929	-1.0879945236209	2.34896719275728	1.59932062898273
-2.14562014139977	-3.18407039555203	-4.66180471180229	-4.42739339227576	-4.41059347082787
1.48070706899512	1.03900364248887	-0.438188482288402	0.413070450998138	1.49998692949434
-0.00831811431321716	-0.871527349740741	0.975716264139912	-1.74923456674707	-1.16475499793168
0.592822688019618	-0.541577846699194	-0.262973509058495	1.29827776958038	-0.503591658142801
0.189124699396306	0.0854698084980182	-1.26326895859582	-2.37513690210136	-0.617964986697791
-0.108771596013704	-0.511995634790602	0.601739697083193	0.172875925588663	-1.00197426564145
-0.0343784116145857	0.225954657388589	-0.748565226770889	-1.33218601903831	0.211343504372996
-0.00788057383731341	-0.108250810802078	-0.815379355206341	-1.57488547094651	0.167734217956169
0.995210733244347	0.617732161635916	0.176718622310892	-0.0489516114814758	0.359459809005732
-0.0646101883650164	-0.219354249438587	-1.35141476293245	-1.95796909746592	0.373971823674306
0.429359324335214	1.29039719364693	0.678125669287057	1.48326697336417	0.917067682759742
-0.0444997621927131	0.422243965493964	-0.552262516339753	-0.589279582838782	0.287797566442612
0.438627275195566	-0.0677512083525979	0.595822908813176	-0.223022082221457	0.0948208419307625
0.168077737999408	0.696845374381978	-0.841769146834733	-0.155468918321754	0.899182838682722
0.0998678045634623	0.58381144947928	0.481017816226624	-0.952986505166533	0.210309746592136
-0.134185398825904	0.420971528293183	0.127301043188824	-0.450849605257047	0.815787078873102
0.524768953424005	0.908234801354357	0.400075194321259	0.782880018847982	0.723254488916009
-0.135542889242857	0.595534258933336	0.210455670338618	-1.05847863091542	0.670062301699093
-0.52986353626849	0.360297149450501	0.314353104460965	-0.0970872767159916	-0.863214383901981
0.0825940836746297	0.542770526306601	0.469516099967064	-0.3277976110123	0.440666784598344
0.231434345540489	0.0337785969361699	-0.831158972641052	0.354325813235348	-0.0236536142640183
-0.0168763163088997	0.462601198330434	0.190468829890748	-0.821571935385848	0.173181006578641
0.647748831654628	0.455348837874444	0.138314920983098	0.430425236856045	-0.0133821462391442
0.0448260043494414	-0.452544685537822	-0.748329662956629	0.45730593118247	0.145331144817486
0.645016468596811	0.730049500452414	1.33725700430419	-1.82182979532441	0.12565272906934
-0.14514518710584	0.119200034619656	-0.432647727336508	-1.61808110743003	-0.676392719887905
0.476499819814882	0.512264058287927	0.971506445905551	0.474734159984604	0.242732927372273
1.08537957117727	1.06444584796467	-0.696297074374363	-1.07507783350435	0.423340372299869
0.34305621547991	-0.0466391431953815	0.323335290240202	-1.35848418820152	0.707836142042555
1.19673768667993	1.72791762850593	1.87844360096124	-0.761609302934534	1.0554106800857
0.652472460791371	0.451925661559116	-0.0325618572164926	-0.993901915363382	0.149402599389637
0.325553004371289	1.17608586694785	-0.00817424752493764	1.23771012431305	0.794189480915651
1.42073220955391	-0.0319977739631607	1.1753440671732	-2.52980069714382	1.00139005975145
1.0873470445695	1.14765160858251	1.12415438345507	0.764961440443342	0.857473092239162
1.4839711806028	0.807315781154834	0.895970638527729	-0.31332423680459	1.39414081113592
0.729508539869998	1.03023070462929	0.971892194698621	-0.421862824809676	1.3098501917917
0.179524198745616	1.17961481526604	0.434092732714504	0.440672673439532	-0.0105049675411109
0.153322673371556	0.287826573388513	1.41100153984292	0.302098406313151	0.655236925766849
0.1188105294214	0.734180360542653	1.25978475572132	-0.461755296483308	0.978636613826221
1.08812266616768	0.376500086917243	1.51359273017445	-0.25314447023012	1.24813592152388
0.0207622829022552	0.803753250064387	-0.345535715128158	-0.720019750096006	1.07077615697919
-0.0166464875770144	0.737119176756849	2.13136208209524	-0.211053725690755	0.646268019779193
0.180744526424334	0.896156788210882	0.143400538292428	-0.0674721799271149	0.769682770033756
0.159308546877467	0.804003282502799	1.53821969847143	-1.41100633395789	1.17579378957538
0.0181143315158621	0.692368567567923	-0.840262440868926	-0.647252887203628	1.38482618796174
-0.420441131370131	0.652887910193984	0.593838102490226	-0.749623326463426	-0.0924503608607704
-0.113830904893441	1.19595905405168	0.741432016137081	0.96068174563721	0.282392393673588
-0.853872372395956	0.389032460917072	0.297987125638834	-1.07876642161203	0.339089836931937
-0.967367954274145	1.98349962521069	0.530327467167223	0.463000285028778	-0.348871682961579
-0.111114345580344	0.812722414860269	-0.0493170389200442	-0.638361650584214	0.274241597181446
-1.48062149643825	0.74179595386705	0.724244135613593	-2.60978690904025	-0.536133180309605
-0.301553829510566	1.25019859672666	0.699490996136161	0.103202372162496	-0.393864325410525
-0.750278304384558	0.53132960773131	0.796524781733651	-1.20746585703199	-0.122768156028764
-0.616795244755058	1.23961689565305	0.0302281884929167	-2.05165404041173	-0.818779580405112
-0.638704287538306	1.1739682775192	0.998171566341151	0.945914720771883	-0.225189458876035
-0.630524444058088	0.264269844869886	-0.781020240394565	-1.29658125221654	-0.464219171239249
-1.19561878803721	1.60650909631965	0.0891115533560665	-0.768861770612017	0.532156898766504
-0.743684508307594	0.989743468259164	1.85070270259216	-1.76594858738133	-0.555041190633579
-0.273323659442941	1.18521172388698	0.453962538644119	-0.412385866695228	-0.20851466255789
-0.181802190500849	0.878578926074676	1.35546641668949	-0.691008108647189	1.36387228286355
-0.40698138386874	1.64840063255571	1.68007855858253	-1.27801322838799	0.426322404606658
-0.341783207299282	1.80382495458196	-0.601677867004258	-0.672064272233716	-0.353886543939544
-0.841292828946135	0.549491298133935	0.903212755423535	-1.13927270970307	-0.197786091952745
-1.1034274900305	0.314728500258066	1.08878155530496	0.714286880989827	-1.47667393365081
-0.338398159608809	1.01381363908442	1.20171553007341	-1.25708645773617	0.371214569991024
0.418376850831098	1.37135984205617	-0.565348445123225	-2.30259116114295	-0.603245862948766
0.0717774636460017	1.80025684828236	2.12757690997119	-0.248075287855291	0.0380188230027683
1.28412376976679	-3.53046802613903	-3.10007756994357	4.69475237775561	-0.0216188155522771
0.436796148938645	-1.5738054170585	-1.01417298716908	-3.86731906708357	-4.96683910939651
1.96255777159081	-0.759315528942996	-0.50520192399381	4.10396036622369	2.85661272514383
1.4883669979419	-2.65472102267162	-1.14587292476851	1.76986975636381	0.0740414066632099
1.77328631320629	0.162401859888118	-0.360897133013917	1.50709445131917	0.0445244491310793
0.526025564609697	-0.721009056262312	-1.09789298155121	-0.438184748944008	-0.583539979128242
0.656171218621639	-0.866149283661339	-0.0833611307495848	1.19368223465957	-0.141045791660187
0.868227878812992	0.745873840144144	0.0827180136451196	1.42364074358883	-0.310658887572905
0.305909914572658	-0.897483283856493	-0.129735786539462	-0.248349059018476	-0.558341830234837
-0.540416845406084	-1.24088115028697	-0.233373484371516	-0.092519144707132	-1.77905046990056
-0.221086208012912	-0.543922338104779	-0.433199232294337	-1.41580680633759	-0.772969564929293
-0.184061517680818	-0.609922818083685	-1.8173943106571	2.05628693815329	-0.131970723725213
-0.40923895313842	-0.383961513742293	0.0611336485113858	-0.0127979878663391	-1.24263808496573
-0.890327413509884	-0.976569049956376	-1.19005148537371	-0.0898592962155808	-1.66856364773074
-0.868893742770058	-0.689929193538171	-0.64340251526538	0.530896139386786	-1.31927769257004
-0.259339013158439	-0.582342281285662	-0.915749543454786	-0.548596855991509	0.0504860954791231
0.0474378391947918	-0.519161011690682	0.569723505519356	0.211251211729501	-0.25819382778624
-0.509966977114519	-1.04810332279352	-1.33565839181862	0.460062318402576	-0.632465550997515
-1.03210010926926	-0.706272472873	-0.52130038644276	-1.13966949385229	-0.935378715881262
-0.296849959104233	-0.811027204700252	-0.108690015348951	-0.391017639613078	-0.3526097779613
-0.661747020951055	-0.528169076305966	0.0736168406778777	0.160370505241755	-0.705202871026277
-0.363639799843901	-0.917455545113778	-0.415997700519728	0.259414890490691	-0.243661301923222
0.157087474432011	0.0361126223476342	-0.639630501282022	0.227789357048165	0.416268916510096
-0.648038587030584	-0.37800607803677	-0.534621448364546	-0.103145285584939	-0.276450401060413
-0.851976087477754	-0.434720850623401	-0.431183306276835	0.689202395775035	-1.2184849480366
0.1213279092507	-1.05289225211063	-0.645048779049226	-0.147959579543816	0.406545830821715
-0.25971613494576	-0.380075700995429	-0.56201689274913	2.14173299537773	0.00858365515135301
-0.771225836299853	-0.67841566745443	-0.2674939420572	0.280929508187508	0.298301372674301
0.40700948188985	-0.52146988716954	-0.747222973142023	1.03712361943475	0.0813390963260028
-0.368687646848699	0.257440383300458	-0.385958130981741	0.989307849895275	0.295374530948746
-0.283829477249167	-0.154906529043059	-0.886689853115197	0.688431252147177	-0.0155704819315779
0.596796859955008	-0.27035340853767	0.0623540992729892	0.340566186645957	0.396872092687857
-0.334436621754395	0.423144777645406	0.167102531929681	0.379079990304412	-0.160354521252691
-0.54090519511724	-1.18079391814601	-0.0187600872886607	1.00911931211033	-0.446945435803359
0.37038478486303	-0.115596149134218	0.202446181459937	-1.61905159357303	-0.0206879550850544
-0.420652915586803	-0.541786460959517	-0.440092553714633	0.491439196089077	0.401035042327139
-0.144716989004489	0.380107188270578	0.158632110748075	0.0914189277175204	0.00756487222416348
-0.278252594376145	-0.12578759955542	-0.341450931976156	1.64366565259501	0.684283365908899
-0.389232006666785	-0.509724406686958	0.185021517363908	0.1259903477767	-0.595126923421456
-0.416934770733078	0.240927812507786	0.645025431331129	0.596869596919942	0.493273476003871
0.288581841668722	0.291130506315382	-0.0517912716254479	1.00847868520604	0.246988303427511
0.254237663001319	-0.316972159193572	0.345552451322815	1.57004802608705	1.35205652067459
0.980265085995782	0.285332457911984	-0.513511583725131	-0.438226841028826	0.254569099953366
-0.347129880332838	0.211700184169764	0.129319136586727	0.107320398012652	0.486054351931499
0.522686085912144	-0.0823180947537659	0.709924952035734	1.28055615333401	0.912398872805698
1.05107261937849	-0.0354605567276616	0.00651238517421209	-1.25667413001074	0.382708415866676
-0.180178252235904	-0.410900357483825	0.182637348668591	0.977297486264026	-0.0356044608117175
0.864004106445649	0.350944736798471	0.459407838372128	1.80638678479405	0.66072310252724
-0.45004168588433	-0.0802746050915347	-1.21145160228547	-0.141650320175688	0.698155221357406
-0.333465758936778	-0.664649149387606	0.895076087225158	2.90038918984315	1.04256793146138
-0.479398159548029	-0.409824725957889	0.142335184081496	-0.558056847608495	-0.480838338726208
0.166958111811176	0.258078753319242	0.412782900867435	0.158936662847192	0.384253000210997
0.62244246116405	-0.912440890184313	-1.01145611555932	1.47677813575332	0.467551898418421
1.60328593027341	-0.0656053118789418	0.563854518579093	-3.00232752450579	-0.426436061087601
0.225515457854747	-1.03428746670327	-0.696310385989786	1.19710744822041	-0.964251492741485
0.22720377476692	-0.192482320347019	0.670518607981365	0.457542838555125	-0.685588586590732
1.11420526781499	-0.200042593864247	0.160816498509373	0.608001880854832	-0.165833051682594
1.11436979593663	-0.561586481661809	-0.336363309685998	-1.5175316935129	1.07895147918997
0.740642328899762	0.34680632642282	-0.815697328294487	-0.280548823401318	-0.0156577610266527
0.906828783888172	-0.0525469912019644	0.221223410135725	2.03905758541006	0.465650722922697
0.702851136046602	-0.0780808738263211	-0.589186077221564	1.03712139077987	-0.0255370697224263
0.575239820859761	0.163637130638578	1.24730003618966	-0.350999360688144	0.773656061977764
0.276999196011655	0.215569511728743	-0.332592606724196	0.140361581060058	-0.127194195965633
-0.46103411055993	-0.412143648722145	0.0387346691971598	0.615619026265897	0.66257090000128
-0.117207345222956	0.173931633667776	-0.397555888447323	0.907776706250298	-0.0172160305812304
-0.032432170600578	-0.352375177483171	0.122501342942176	0.343801950568834	0.0646454097879246
-0.491400350447879	0.339544438368089	-0.695691110453983	1.04085610975978	0.107971371625592
-0.382455969218274	-0.320762280841651	-0.254841558358459	0.722839523879853	-0.0350232641600051
-0.740325684288539	-0.664665732863052	0.747093558636117	-1.14585065396494	-0.29530312936632
-0.100723437147483	0.554747709115614	0.501616515629887	0.137730480524586	0.157643614469987
-0.583905978211013	-0.968511713688758	-0.456806425944649	0.513814858694005	-0.138553288117665
0.349005649505274	0.216798736484522	-0.608297979734801	1.05412796352204	0.530987736398695
-0.0632375139490811	-0.561292701690993	0.124902678935285	1.29507849635442	0.672184125983331
0.624052528014018	-0.176352047012879	0.0694907350975199	0.298964462561784	-0.179118127533477
-1.03678745026675	0.287494082718768	0.799625279403214	0.391327052354606	-0.166226307846721
0.0190705408269719	0.240565253929169	-0.120106372076642	-0.604767305267976	0.645076113046946
-0.555782632413496	-0.283588649619476	0.0424155068339782	-0.286457069426311	-0.0927911681338735
-0.148659776476654	0.0236088997248005	0.0565953394384928	-0.283209822869023	-0.0736159335158297
-0.313281598541947	-0.615299014578064	-0.662440847299991	1.36177646187594	-0.216413815218088
-0.525722230475091	0.620804295638056	1.73092742052989	-0.122786469221228	-0.0030330838692681
-0.779410028396421	0.167507006558062	-0.337857281676091	-0.322624814039829	-1.46363645460216
-1.19471950967137	0.26849375103661	0.037643689428959	-0.362615693397132	-0.42159639057721
-0.640370788240497	-1.27764648252153	0.555680343440248	0.21026061120525	-0.768572893469361
-0.849082222303856	-0.621025939660982	0.218254671243905	0.579411961636004	-0.50787076568329
-1.03654644191466	-0.503241032842757	-1.25061586153105	-0.385227561183032	0.279864537853621
0.0807218739938403	0.0264807686765134	0.376760580411641	0.66975535437441	-0.304985605304487
-0.95127395055562	-0.533644220376886	1.55929475359719	2.17319396025099	-1.22096246495924
-1.24915661081529	-0.321364048878716	-1.01790415055889	-0.628561454310766	-0.228152257423776
-1.39946756191164	-0.060244210423138	0.509220599885841	-0.427917191190241	-0.142705252539849
-0.441066710829272	-0.677837028676202	-0.551229163907067	-0.998046436545079	-0.590260586040129
-0.417670707009827	-0.413144828693327	-0.567911514079247	0.773302807171788	0.258991734011226
-0.303790444140031	-0.352580942100373	0.0691214399207734	2.65625976045939	0.385090700952796
-1.43448259797412	0.00725905230569191	0.3330316639334	-1.69693680881194	-0.857828239056005
-0.258831058540001	0.358989111363345	-1.5284402013584	-1.30969343747009	-0.0470195521705232
-0.598896542137267	-0.842766482364808	1.00111154759276	3.15940848087635	-0.00946749994766687
-0.516013754147577	0.62997137782401	-0.220047531905284	-0.478423352319958	0.35896513972079
0.232095329327313	0.566584394734928	1.24781491734522	-0.44979657300936	-0.0321574194742194
-0.174862130021676	-0.660781815043611	0.336837055123148	0.632749650422513	0.421029091644132
0.252094655477953	0.609678656966788	1.23139810051305	-0.339346078193414	0.16778480992139
0.52531843649575	0.532688128529309	0.152207429748757	1.53456481451631	1.57067570613139
0.488716604839805	0.854636763503628	0.52831816735882	0.696442336321791	-0.0207971270023215
0.180462098903789	0.283294876496521	1.52319512761367	1.41345295726318	1.40698358274487
0.558700043173691	0.972119794875096	-0.606428428487694	0.276994681228996	0.495014380022496
0.683925551530851	0.18562211039958	1.00353432303563	-0.157829194186485	0.851125880450073
-0.190446097857224	1.62386241708189	0.119328464778238	0.427445582449509	0.0964239428454856
0.128959789234431	-0.295983608767767	1.27547882220431	-0.468283236213842	-0.212220702215356
0.418582737394228	0.641791744396643	0.584276179003556	0.644094316014718	0.301692497464966
-0.694854496276606	0.373078200248878	0.755775668900498	2.00860274923704	-0.604575686946516
-0.867255760827864	-0.834519803578071	0.597057020852442	-1.38963583217938	-0.793461673973756
-0.658022717979021	-0.255129109467904	-0.0697133590182277	-0.323214411133966	-1.11082255314453
-0.443421191823483	0.611698751661421	0.931159676641583	0.78601314945103	-0.235258547559703
-0.552500231086991	-0.135770561289446	0.215577865719815	-0.636405341745175	-0.666926056830796
-0.605557798306577	-0.0446824385286016	-0.0235026475940653	-0.182926818156314	-1.20099247476667
-0.58559190131482	0.0778469656122123	0.266432129887207	0.982849293118603	0.272998618371601
-0.396389707315936	-0.0887251829138183	0.424755128280379	-0.0819133262504441	-0.37129280619628
-0.0913563448277475	0.199901858616613	0.904505136354681	2.11062470582503	0.271208112540713
0.208510607790595	0.215196548426999	0.0558692669053797	-0.549892491621269	-0.627894082344547
-1.37560316437051	0.173749058571785	1.0694273699394	1.78676660838949	0.228105631072575
-0.000122990573443624	0.794824501555855	1.05580598670905	-1.39054396798073	-0.10381442332572
0.0295847834160651	0.673863653246327	-0.0128883578192798	2.61690335562888	0.833139262848196
0.250810580205913	0.132414005046551	0.551609236952969	0.169538523302668	0.985540929868999
-0.153508792800627	1.1705317459706	0.675677164939366	0.590997873908916	-0.0870839747267473
0.0589632651125266	0.173387782004436	-0.506140102588844	0.365507639414753	-0.0810486192571759
-0.044950768306328	0.919689204941365	1.39187054795606	1.03977980111947	1.137922086185
0.234003756934879	0.10700572491545	-0.569145549321141	-0.0768720578749999	0.843315251123554
0.243409149530598	0.217971614540746	0.13304487515891	0.656893080516357	0.741436035591863
0.0450464941553127	0.437717815397417	0.725665873331338	0.919109643557838	-0.149683330265356
0.619788588157427	0.45791700480269	0.901015178719421	-0.388714967323019	-0.335477729218163
-0.683430273393068	0.75736232440088	0.725175951190638	-0.0961172659969198	-0.847700357899939
-0.234484244990432	-0.651350244942931	0.957499310054048	0.110943564419848	-0.234453302207108
-0.0603476048309186	0.562876169596788	0.206685241855829	-0.275258373672976	0.0474466100961319
0.173894099513378	-0.114405012128533	1.09590273930702	-0.258689143332572	0.0673106634340191
0.0407477302350347	0.0699714582893202	-0.121041055585894	1.22659423221816	-0.1155527099886
0.181513280780281	0.866115744648818	1.16437671314448	-0.743013758779215	-0.403917203501135
-0.630104438456963	-0.24678089377475	0.432880531039637	0.909761363610721	-0.812669481914367
0.312878389636236	-0.0624997334182409	0.538252057975023	-0.0651613980353061	0.623632448058789
-0.540115237410537	0.945920582927405	-0.0431625082408852	0.29215119318882	-0.135672835602996
0.006107320213004	0.0170144111725089	1.58282131573196	-0.563547506733608	1.046741403341
0.397766566108907	1.13133283753069	0.925160275862675	0.382710612841224	0.57086715309122
0.0605365638825808	0.719387443776424	1.07912909422585	0.193236429903779	0.595063197835254
0.222394685682546	0.0574081722065239	1.03800370731779	0.052728793497309	1.01415126528379
0.0129864923553537	0.767067248120162	0.0284420727002169	0.596724250940326	0.883028314626092
0.448721236920219	0.493078145891862	2.44993239286736	0.145218452082311	1.11280600117299
-0.292575326373581	1.78695323441094	0.672708973568491	1.14398600747577	0.120765255049685
0.738656857148321	-3.15204695987502	-1.73488822611112	-1.35871436290479	0.141898788577306
1.87647424381486	2.06870620622736	-0.0772982294878093	2.53570924556299	1.09647672153057
0.349106493909582	1.58215430621695	2.56693676813551	1.75691332896581	0.46230440614152
0.934126649248116	-5.32989034012533	-10.0509507084062	-9.96651636226309	-3.00817102749021
-3.49984287102509	-3.48909673523608	-3.29002284555266	-2.42072450793929	-4.15079359320172
2.41638080761141	3.16637265703277	1.6779299278101	3.55592119964933	1.32445227593395
0.912950811042722	0.242886416127949	-0.204848947548732	-1.95168783246568	-1.0021176970959
1.2887140488084	-2.57735189432642	-2.56297446332907	0.858443963560681	-0.0240650339763393
0.799177534241194	-2.84816325021673	-2.29714036456323	0.0639707753188346	0.0874035129866161
0.933530476998749	-1.06426167707556	-0.853175399767798	2.01145437554335	-0.479803566538876
0.851955493567256	-2.55418361771976	-1.8796924824877	-0.584229188969249	-0.182613662607985
0.600078761373252	-0.839156726208503	-2.05063884207425	0.404223729905727	-0.0117320810335548
0.721908894120016	0.132543313848927	-0.449690344326995	0.286182512965863	-0.119154639488662
0.127326980890953	-1.10580733085678	-2.18485789820585	-0.802218681712144	-0.128033040455268
-0.294491086654013	-1.76791415185995	-0.32816314599203	0.351996855695483	-1.22941985059527
0.902153573017808	0.511124161593169	-1.24217980130558	-1.30624260709025	0.546159601135912
0.626467549995113	-0.323900324449261	-1.44196104416794	-1.19152029983603	-1.24781701493697
0.505414510269118	0.0328713744469353	-1.53676380930032	-1.48382908024033	-1.68006664557431
0.66696168455762	-0.182316966940515	-0.71602587837912	-0.894072469742803	-0.925357174695671
1.66311333209745	-0.383019913569601	-0.992126585713257	-1.32803531819698	-1.10244869658961
0.498130298657189	-0.0127328015799163	-0.501997099984566	1.63557283266985	-1.06403941475762
1.26363504556431	0.558368301746869	-0.131979875747672	0.817768606945723	-0.162811562884026
0.604573497007549	0.0718809533421107	-0.717314295951642	-0.368460022728062	-1.12977420052641
1.0612558132589	-0.122155343404477	-0.624229519261678	-0.861347132924107	-0.262001849882258
0.520925900787242	0.234033508087465	0.00955406712890707	-1.16519728669897	-0.204256897292318
1.37525717244527	0.472438102174404	-0.711683211940791	-1.27165330488322	-0.0524481120426051
-0.0512943182951556	-0.148307900553638	-0.876546065371626	-1.08581664704463	0.702948278142862
0.925783576226221	0.869307920806431	0.184681394037281	-1.0378695098074	0.0853452622511016
-0.527603266848988	0.234673320731931	0.218328599705771	-2.40352163744773	-0.427686808456333
0.334835787051417	0.436364131530272	0.156332390528577	-1.05303408669823	0.115969722603204
0.0224355946491546	0.472356349479675	-0.98072391833204	-0.410185204240945	0.347054676315661
-0.536199114258474	0.24856696388469	0.0989392248075245	-1.1346334238961	0.9718752812216
0.310930190522483	0.853204330843936	-0.632996000989002	-1.4086460939461	-0.293373124277849
-0.420255550904773	0.563128701744823	-1.20978952201817	-0.913003478735415	0.47294592475094
-0.932645211593577	0.0358915516762401	1.92761945597768	-1.76478223206249	-1.19529084099681
-0.265787313652158	0.929513647323242	-1.04663220288829	-1.88827099249013	-0.269074264991403
-1.26848329257265	0.454600745792557	0.24698122445578	-0.166543396487427	-0.274270330597709
-0.0939172439231387	0.0528547757081076	-1.27821237849691	-0.851929280721855	0.197780971030962
-0.921406533377199	0.703591148982255	0.227284638975184	-0.941867317127334	-0.277040859529434
-1.13584775845085	-0.575382597664484	-1.02712671642211	-2.48436590596558	0.251204865388288
-1.30343897172537	0.688353461280354	2.14381004456811	1.16042330131188	0.821782035539641
-1.13455127468629	0.116584077529801	0.401112293718457	-0.0320535238600153	0.890440333617582
-0.992542694929271	0.641609248351556	0.721221689294298	-1.47080255281599	0.504635956237293
-0.762531894053584	-0.868841220400533	2.05065390113745	-1.14522246713147	0.991307341129818
0.411529995795257	-0.848956562487267	-3.49586698906178	-2.29074834806644	-0.875465791646673
0.272014249552225	0.335800724421148	0.776876152344881	-1.69815234637515	-0.438267826098502
0.311686100476836	-1.10434040919175	-0.117919479701107	-2.64827291348931	-2.23721509479274
-0.457878412315832	-0.00061551266653126	-1.24635809624752	-1.81822795095297	-1.42839265065834
-0.360259483213068	-0.2966388864713	-0.883026266550458	-1.91210145337104	-1.25898639537904
-0.664356480315616	-1.20042327871933	-1.34076493614413	-2.16510317367116	-1.93876438411804
-0.441872334093053	0.647523556657626	0.288797573739079	-1.28838887485017	0.204081691369832
-0.777576978305978	-0.261059412497589	-0.571873853531384	-2.27045731680144	-0.187302837431612
-0.0745219559043542	-0.0347372128339707	-1.13388711047762	-0.103820440471863	-0.561955558143335
-0.370188138008634	-0.150661230306554	-1.46052899057424	-2.14879119288295	-0.613064547224887
-0.044637064860016	0.0547476237542782	0.661282901334761	-1.08106467803108	-0.47579443199501
-0.712809323270635	0.427925332555189	-1.62764334215532	-1.95581748794078	-0.441587050828403
-0.11079204273883	-0.850144226032557	0.91505942358202	0.850643834990647	-0.444900568687808
-0.976241746947312	-0.9576835840829	-1.50979372424099	-4.40058739231551	-2.10144852541267
-0.967500609144315	0.824275694488211	0.598795915922543	-1.60042040929969	-0.72940733254892
0.0144628469761779	-0.56857487668668	-0.769943346061496	-0.833995841702458	-0.275724231049168
-0.526023053904381	0.159159698597409	-0.706794888306141	-2.01824209988757	-1.09863215035662
-0.0440047000217791	-0.519015259323031	-0.760718288819148	-3.59230523104142	-1.23204517068737
-0.742825209607329	0.754670683574151	-0.362121392981207	0.984179501639594	-0.278437880577704
-0.101548773243294	0.367093908060704	-0.119343842690015	-1.5359440899608	-1.35832607896414
-0.202645551090738	-0.620792247466217	-1.44726043463927	-2.11118287609879	-0.743592214072332
0.162633030743443	-0.825521202718691	-0.0247203141168758	-2.96891514265796	-0.675336891212959
0.2081233057862	1.10132319215586	-0.25202360333293	-0.827086120753597	0.210712875461317
0.165689634904641	-0.113470574210842	-0.193896661233391	-2.39515298953	-0.301416114404911
-0.534052308327119	-0.123562052473098	0.253258678856575	-0.426601715984763	-0.206444062306219
0.445445364298103	-0.464913656758726	0.857479119117518	-1.975512652762	-0.44788081749717
-0.62416964320121	0.462858491277051	-0.724649597053365	0.0169913908443049	-0.15905314869737
0.284707299853607	-0.227282069691841	0.340260195437808	-2.63144305239283	-0.180632545820844
-0.521927554099395	-0.549686983295523	-0.249097719269447	-2.89312255610223	-0.837948788070503
-0.142881535038332	0.592179387030297	0.0507407079958009	-0.611323377293498	-0.257565825765514
-0.0654301464746761	0.160690372853092	0.312795908847633	-1.61290414815997	-0.282132406273673
-0.338856927716074	0.300661797892019	-0.778806552120855	-1.9040582507965	-0.55903296476605
0.102922046257785	-0.46664691791294	-0.806495027563698	-0.976908877339474	-1.01761153948128
-0.348416523134869	-0.486019425899921	-0.423381612333058	-1.13917270890274	-1.26289520292324
-0.691902013133459	0.745487258900944	0.083210030628695	-1.7319119677065	-0.187785151778908
0.24232907798589	-0.121179740306412	-0.894094856761517	-1.81375249992005	-0.87853998083312
-0.276347771899504	0.722162506696335	0.433897182571612	-1.09090555492887	-1.05913715190493
-1.0847697622861	-0.174166186628594	-1.21443122885269	-3.33459043720972	-0.387613383086891
-0.215294541984794	0.633489414763709	0.549386848512837	-2.77535725733419	-0.782897490684385
-0.0301363190315169	-0.141521746245176	0.496277810506292	-2.2233577339117	-0.939353555938598
-0.560990327696161	0.319733084452143	-0.0909736773507947	-1.95141576956313	-0.747560082271571
-0.136664509838244	-0.294378112384037	-0.678107090189578	-2.31678419702669	-1.02454877925776
-0.307897927901903	0.283157858900355	-0.535592874080824	-2.77616414694452	-0.569789868024284
0.329866324194656	-0.782505606794791	-0.5453906850679	-1.73504881732548	-1.89212617778788
-0.117958894586077	0.0848244881486537	0.425540974999258	-1.89630600689257	-0.554810947549693
0.231885556320433	1.19136798733146	0.253915733962755	-2.3640084964433	-0.768338635165427
-0.0211486943857741	-0.757966097971149	-0.622641841530154	-1.99186341020663	-0.920142241857624
-0.591946476610493	-0.6150476283831	-0.453583986192938	-3.11259252142265	-1.13341257491324
0.70442258542229	1.73275106695776	1.90939013891739	0.953959455809643	-0.125649378786392
-1.82662439109813	-5.5192702592277	-7.39325852610067	-10.0369982006236	-4.3209292383977
1.7267856204292	-0.801810830888761	-2.64047337618108	9.04057672310776	2.37654941182688
0.193864956143557	-0.0579797977010322	0.69800816349321	1.5327769212271	-1.00164149846765
0.974341324487059	-0.808118832518809	-0.521919676875401	2.9673979326853	0.785120740698145
0.990036429069179	-0.459590713518923	-1.02477937538378	1.42637370280024	1.21513269794989
0.781202729351974	-0.730215241869233	-0.579163068153501	1.1835897671163	0.129589266027384
0.961585992626969	0.677427573026741	0.14883323270007	3.21658801106911	1.35354543364389
1.10489854958162	0.555461812119711	0.682386574824151	2.88206211153582	1.70221606397556
0.970374050507705	0.715427852565817	-0.844802866701222	2.39429476316381	1.70364683611434
0.534864742002613	0.761423758042546	0.751105768196498	2.85196137893566	1.27892560664914
0.996511165354885	0.753925332579862	0.22936091595671	2.92439524933246	1.58386030071415
1.00659017047595	0.394649342486847	2.40475339931424	2.8060936893796	1.34929360734054
0.345796589372637	-0.302420106316901	-1.10028999480823	2.02963855816713	1.13758217316458
0.869285396851124	0.480512028438232	0.396050572278757	0.608370837626158	1.10152186672486
0.0852441266966089	-0.181151074783235	0.489468335843197	3.92332134539815	0.925517789770534
0.998037729464541	0.158471028602784	0.345189857295262	2.10624493681236	0.416012686162368
-0.0123564845953879	-0.443980775552795	0.326277132799013	1.99881415167552	0.177504175880507
0.699425613108288	1.10113534726731	1.2170426341633	4.27186127413403	2.23199748856497
0.697909975904815	-0.0800994258763829	0.440791705684751	0.605519939565175	0.737637231369303
0.301926816473732	0.00674746540437126	0.597463443531092	2.45107249011466	0.972054975663817
0.648159054883079	-0.117847249238744	0.577744939004789	2.3305429884608	0.997351117405523
0.0673608284178877	0.725415679406302	0.659404641139396	2.36303995275768	-0.0823941474475482
0.352467093318332	0.397831961142483	0.321716366169492	3.84233078822793	1.40213223568573
0.145729589408603	-0.168817719248709	0.128552806647515	1.32793120733679	1.29347137426556
-0.299019727169035	-0.163720744362502	0.331087718408151	1.72335193177056	-0.237729012930433
0.329186177281891	0.32264112015346	-0.205246322819657	0.498582582010631	0.932134650715551
-1.08974426281389	-0.302698825956729	-0.0723375224553445	2.89000442339467	0.123455231915575
0.0953060934705903	-0.685394388837631	-0.1720348551038	0.772939753522106	0.741761376619077
0.0850486294221629	-0.177023197619277	-0.0193563702831256	1.29943583905155	-0.0723399568463823
-0.43268463487974	0.0452737218602605	0.436143265557275	2.55014912314915	0.444108837906542
0.276360994921838	0.244238396513517	0.507699892908729	1.70179519557986	-0.0657364416238798
-0.14151152648554	0.00669571489710881	0.274674480902834	1.02390949163822	0.674092464443939
-0.0160097702712035	0.139714879797473	1.06989140227064	1.65040181415013	0.310980666573183
-0.0872262859251671	0.24110552154217	-0.722095621251154	2.27030245567211	0.13221038210531
-0.198994001510614	0.155253873959553	1.54801161571569	0.42566404735041	1.01766912337645
0.224505098511866	0.436954671913053	-0.174969044716598	3.18312974301366	1.06710862040686
0.516756308458089	-0.431807906879693	1.00072826399943	1.76753430472215	0.944907412924536
0.658688510060216	0.0957549873936601	0.994740197381071	2.08006137297447	0.696955852710459
0.335469435618703	1.1413969621121	1.27009118680765	1.12650038438786	1.72070145147718
0.560756230033651	0.782567832338175	0.378285243932935	4.03117594343752	1.14793039770528
0.609267352139146	-0.226184709176319	1.09932166995542	1.71302691859864	1.21342722633141
1.05101883900816	0.563099669941879	1.22408912772307	1.94041991185698	1.07422674921163
0.836367467917418	1.24945182660486	1.78597624653164	2.34016842549644	1.87921873792714
0.503212515674089	0.823948414392942	0.800053747689182	1.82391810469262	1.50451431402746
1.20780607699519	1.1910835102313	0.820265788424702	-0.81854754345049	1.16277440594732
0.249348330889763	0.768629461466723	0.570346850572116	1.37408871304454	1.63037322926542
0.388082694611886	0.776608846872616	2.0237971502958	2.2585347962175	1.30896578558268
0.141441370621524	1.48173906488316	0.551727427463734	2.25614223627786	2.02776179198641
0.0292065899186224	1.23620077611257	1.56166762836246	0.789099343743773	0.830329069911119
-0.472777513820587	-0.363595261389501	0.708461621292118	1.19928099013743	1.02014962895898
-0.577192620775413	1.2255059351279	1.63840141945498	1.6997450780705	0.834256489948648
-0.604736564880712	0.779410411785409	1.45166971801796	-0.652888267083684	0.87982847905051
-1.17563089176836	0.784021562703078	0.0414678051541096	1.44714826234107	0.0775243456804969
-0.889005416905415	-0.00933869390687751	1.10117117293769	2.97840443658329	-0.220189730047502
-0.392757298108265	-0.117129805914181	-0.522143500541435	-0.751502167459833	-0.871368319497745
-0.900041157301489	0.519291101160268	0.753756749403884	0.705618014616972	-0.718565991074172
-0.87156230505176	-0.105771240698192	0.845156925541477	0.0540318273285355	-0.181726751929136
-0.911229702172951	0.32135033565498	0.667459027829365	1.75813969286853	-0.237015929577723
-0.533494269063511	0.156643383869998	0.206738645303503	0.330563841857908	-0.0254688125203328
-0.885584056458386	-0.605431952194403	1.1918028094467	-1.09657696273313	0.0247393037737918
-0.32116442562286	0.129752293729751	0.310739064702184	2.07721910267227	-0.161304153970438
-0.342524121588573	0.477572556684034	1.2501795234373	0.295807666734238	0.679956036304016
-0.636371168902952	0.826408737807083	1.17352515598789	0.647861623918939	0.834158935583323
-0.204012918232338	0.956787178882984	0.787474082872881	2.23935545547408	0.935001314890867
-0.58027361490372	0.390426014970948	0.946982467621829	0.0492259267126854	-0.028817122419475
0.329777362943294	0.8294010274216	1.35403795750845	0.316894272030308	1.23887712361336
-0.363910244981704	1.70336137075574	1.74605483425228	0.409337059509549	1.30498261050191
-0.0916302161713878	0.898770334102068	1.40472521630379	2.71213471677008	1.42989512653456
0.200386508220648	1.04685061878668	0.780034893913235	2.72551529994675	0.990986228200699
0.628935899065265	1.73366018530151	2.56012827725058	-0.421922318173095	1.76171026359155
0.305435981274551	1.29854085507844	1.92333881666497	1.03784282000499	1.87067945931894
0.859080489669191	1.48878332695617	1.78452143671927	0.739645862014046	2.41760853459907
0.762588187655916	1.01316801203665	2.48355493022724	0.954310304306326	1.90153158939354
0.479858792420439	0.844313524396904	2.2376233466055	1.57619306240858	1.9997672818146
1.17155841201268	1.5739619653295	1.23663837431443	1.62438172918781	1.87986342357504
0.421980542274704	1.29558727923455	2.22998675537238	1.65220758682276	1.88464730984154
0.147241123390218	0.629793852059902	1.03687990988201	0.443503932833471	0.484003167133405
0.174961838755071	1.1663472783762	2.49374488709044	2.22671165754891	2.06390157774926
0.382671745743254	1.47617924488669	2.12747339262582	0.294885566373256	1.92580789785923
0.223804300326603	1.47170784839864	1.27436621690267	1.40618707432384	1.2606336027631
0.671042068144429	0.275008393085611	2.03594553057153	0.152583365931184	1.25162375770168
0.0213526440096065	0.76324661265745	1.93469600752626	0.249592462143689	1.23950670818014
-0.0128883964650648	1.26944139845714	2.05935883925566	1.84191382910705	1.65199276289888
0.0464223160055142	0.831708821311441	0.81258230198574	-0.271002419693418	0.583144052758792
0.169560480435662	0.43443553468799	1.45930199031454	0.416073879648321	1.35572122293569
0.641520532865802	1.43272129818845	1.97551288710517	0.0364832214437804	1.67155677564757
-0.0640806433821229	0.875156254723365	2.57562977889654	1.70694245253614	1.41401685306441
-0.253507671276481	0.80997825944794	0.678706373440076	-1.065188633152	1.03978767234511
0.950154337948358	1.55797278953348	2.59217738115006	-0.300963915224787	1.66087680486354
-0.221736495074452	1.20383595635071	1.7643389601621	2.06134418670612	1.17887499074066
0.0961191135905301	1.55618506369654	2.32321693902119	-0.70848036292254	1.23130309797939
0.0787141037764073	0.825000004161403	1.57776679669502	0.38853164272991	0.87265885367155
0.569263873377805	1.85832712329409	3.20133620300672	1.49285867876867	1.83985938870385
-1.24302214895818	-2.85794819062777	-1.12353233821018	0.161276909985189	-4.06275710934363
-0.474546580234385	-1.5958350662561	1.48349597289963	4.92791415279264	-2.29945389512199
-0.264961079962446	-0.176374093387196	-1.22769971026135	1.26257406129469	-0.631767820995473
-0.390221174739425	1.51008355279246	1.25510061523831	1.87523926230059	-0.441530961658941
-4.03267551275946	-7.78023181864599	-6.26909521472766	-4.72509105000438	-7.51803847863527
-3.54081833570019	-16.3640875810279	-13.326441466696	-1.0104769290531	-6.61507307062243
2.92708342578111	6.0457905767521	4.68948907086481	2.25484023323929	1.07322206406487
0.267947782410855	-2.21120247451341	-1.50848079550582	0.82295890404381	-0.539451760970972
-0.11751430794822	-1.65908581357701	-2.46613979440148	-0.523858410902942	-0.380626591225538
0.437578227107443	-1.95402860705968	-2.0126964408482	0.734764934782418	-0.677773659229347
-0.0100927144753779	-2.12602489617885	-2.79969896648526	-0.980840152789622	-1.18677662544308
-0.683454745132617	-1.85531869845086	-1.97555265732057	-1.06333770127085	-1.59049647919158
-0.364504752922862	-1.61042754331155	-2.8912416388622	-0.661985505727012	-1.79380680400614
-0.372457149207977	-1.39532713678857	-2.08555707751753	-0.975288230061866	-1.43936305161628
-1.03014327833148	-1.7486064028429	-1.30298195361572	-0.24089196190974	-0.474285874965404
0.19278386701306	-1.4421215072592	0.424782394666063	-2.22756018634393	-0.714777094955327
-0.512339607154907	-0.273257216699559	-0.290937290706827	0.0170630695495159	0.656934554216606
0.0930044545564722	-1.5028606140073	-1.05419204049892	-0.866923326193254	-0.292322785833054
-0.22038297204579	-0.396467772423967	-2.33991377037888	0.374013880718402	-0.614199719462403
-0.234853474955389	-1.17157729193191	-1.45748910524618	0.505746388681508	0.146731928640575
-0.132734052022743	-1.31644520048997	-2.15992216980997	-0.814439562017446	-0.848519559891361
-0.152153516163035	-1.81614922345568	-1.88750198481013	0.606476312994104	-0.904780370720147
-0.144756620293463	-1.36787705155119	-0.22720236871558	-0.931655047124118	-1.0317639125456
0.364098593847322	-1.45896629436947	-0.119112744749891	-0.0966383750353327	0.116692145885289
0.610202096566293	0.0687252699458248	-2.07261394898281	-0.875497844759152	-0.171366260164792
-0.112614706345889	-1.0882300963271	-1.23154142008664	0.290436639460491	0.0465706152967055
0.318826203897862	-0.280259508926834	-0.265385813047694	1.0780525002406	0.553025109231201
-0.0265838188624619	-0.699317109454017	-0.8669714307897	-0.430092392882541	-0.511858446761221
0.679653135708131	-0.515024886596832	-0.279878531803576	0.409232197757163	1.38867079617282
0.311958714003865	-0.0933357967951051	-1.15174790854828	0.518474800161472	0.662016100027201
0.512159313980793	-0.333333067100621	-0.591532708817662	-1.12294536641628	0.326445682796939
0.568492768037489	-1.03736639005092	0.105843840782415	-0.151743647576672	0.421290713953773
0.658599543304567	-0.37514021949353	-0.585818620690742	1.67448303197481	0.789949339876279
0.163115249219186	-0.533568666598872	-1.12544685305436	-1.84923987735928	0.0882277810165696
0.517844524554744	-0.73338825852787	-1.10835849905565	-0.171370586693855	0.132482777818277
0.340000710117815	-0.800594431643275	-0.567820874359813	-0.509915445044232	-0.318987074466989
-0.217746568940921	-0.213823277311586	-0.0709237290149474	-0.511401410029573	-0.316550154255793
1.01190778719235	-0.109840593228266	-0.186652853766185	-1.11683028348462	-0.527916825901074
-0.185784380117448	-1.00583604724096	-0.745986887851535	0.684003783989654	0.149831681265466
0.226483661265944	-0.0921325307622205	-1.87703573259157	-0.828315570078429	-1.07579347797924
-0.434646421027545	-0.705648106763386	-0.111859797214279	-1.10031099110021	-0.441423252637585
0.256496312879086	-1.02388706103586	-0.409157810700782	-0.999153292005602	-0.373855538130853
0.0104849594247212	-1.26042421472253	1.02013912875004	-0.860140478365517	-0.361238701016593
0.28702280780794	-0.182363652470311	-0.512847505201898	-0.277033130725404	-0.0423063217932731
0.721395286264249	0.015564545337788	-0.810830844837073	-0.783347590873174	-0.160204140550756
0.361834042966167	-0.170019820993333	-0.233240350268824	-0.571837593507369	0.537121424383098
0.0506131457056098	-0.874922473956516	0.340596689588869	-1.0140866351362	-0.4254504893011
0.428075645898501	-0.22424194078863	-0.0133225027852642	1.2447527674842	0.0074637283708801
0.391349532148371	0.0860108469167648	-0.403476041685492	-2.50472224688419	-0.24923667588634
0.0668785029487837	-0.551148923706258	0.00802932976301785	1.33772959397326	-0.0702095570274899
0.347665843986002	0.412345040475885	-1.68231027419302	0.641156941583144	-0.343503766549955
-0.373903572736676	0.111803847904269	1.09615165336831	-0.340355898969612	0.106154858578451
-0.197663135270102	-0.916072614458973	-1.51205970176166	-0.272016183691663	-1.0435412222585
-0.11400122678711	0.274263194408136	-1.04757418194798	-0.89979633064778	-0.30074697266282
-1.36855158423151	-0.307071733973126	-0.449208222423059	-0.379263441955672	-0.511869028251646
0.24354468495515	-0.844768963456969	-0.210088303190253	-1.20677699162352	-1.12304866234711
-1.51650729294398	-0.71834437630969	0.903585150891675	-0.12240310148355	-1.62838553474112
-0.271235582808801	0.178754099202092	-1.35291861035066	-2.39296967294696	-0.649060049095893
-0.400212181772062	-0.645101008353673	-1.27281845620211	-0.546368196866152	-1.42408955285843
-0.660546418549768	-0.320394628530586	-1.11666932104563	-1.29510901149529	-0.6570348713574
-0.500308011216661	-0.0801970149514873	-2.48676572261093	-1.94223876175183	-1.12329654629818
-1.06038463732585	-1.53644680467432	-0.650274006482508	-0.706124179324554	-1.66879711422848
0.132653623176862	0.408208265574229	-0.315100365163546	-2.19261829731897	-0.741490884187855
-0.319954208179368	-0.031549470804399	-0.284571464731411	-1.52857944337253	-0.480186017554927
-0.574994320127568	-0.275661188649855	-0.628192063348601	-1.02081694959184	-0.43743779026445
0.174100178096831	0.747200655846957	-1.03362736169783	-0.919138660267475	-0.489535021519925
-0.473090931364844	-0.0242595402567751	-1.67225796970589	-0.269868000516559	-0.533404957195716
-0.560915649423744	0.326087291209976	0.168856617701073	-1.03972679064366	-0.909133254687056
-0.428003227700749	0.0352811086611154	-1.01051613649088	-0.881339299407258	-0.62436381248638
0.148849289998758	0.492632804393758	0.769503471331467	-0.899742762641638	-0.535418679249599
-0.307157716911261	-0.868097917379295	-1.36115440006245	-1.23479542023614	-0.342946373023917
-0.437184796688005	0.262736404063771	-0.962456449353816	-0.267134461545104	-1.15212024326979
-0.460141583762313	0.0962117105471318	-1.93275298759952	-1.18132516911746	-0.393159550314801
-0.530775078846985	-0.689587547164318	-0.13772654844492	1.02114926326875	-0.407251796812245
-0.594010809335797	0.216484922916221	-0.539739176360995	-1.35336101789574	-0.143758074867168
0.232018693468625	0.444894545459639	-0.408083442049011	-0.634818432931733	-0.304739230168338
-0.282721550825596	0.395079677037283	0.526207302243376	-1.00254063375467	0.269218788375676
0.337866906647092	0.0263562956215867	-0.358382667163914	-0.903533646328505	0.0430744507500067
0.638729123464015	0.583839013573624	0.377681618254412	-0.2861310442087	-0.0405846025729294
0.671204834695832	0.553989814621417	0.786743108729444	0.0444971315854735	0.972741769799166
0.133297527041846	1.33497943343963	0.516035277308632	-0.240862984178409	1.29670180926155
0.163487249186569	-0.495892308595625	0.839715371588992	-0.345918602487891	0.0481535559887344
0.0599940543752799	0.179822012340787	-0.0615449863486877	-2.02367033936897	0.84462042676258
0.983983765831531	0.53223413894145	0.907933340442532	1.01004252907068	0.757663900899566
0.561491699291131	0.662708847652306	0.565126851114051	-0.888292766730823	0.575211855778849
0.937582348155494	-0.524626622290955	0.493657266508273	-0.866754469242163	0.603001689169718
0.448818210955318	0.520624831768913	0.814207365236977	-1.70836698776431	-0.0300022796928123
0.596642519869525	0.386438505406458	0.662043628894407	-1.14881208598036	0.135152649018033
0.330578731247889	-0.392643856126288	0.273351561666239	-0.348688939988051	0.0401279699816892
0.710998717479398	0.658901016384326	-0.00959300246192262	-1.49900092635726	-0.355056318935555
0.50077459670107	0.325847503546931	0.853338757103058	-0.743437874104456	0.0830551668758548
0.327033942857776	0.0879358943915362	-0.0161507350719497	-1.51500104330186	0.0382143448697334
-0.0876354900272692	-0.208768013037462	-0.575514753514715	-0.623977242364185	-0.208662027553647
-0.077268010244331	0.306241308338621	0.249411734945958	-0.795345968610121	-1.10211366504045
0.152544092003285	0.21199676630359	0.124239698336319	-0.291058320180896	-0.2633216680717
-0.292636105578513	0.731976778880429	-0.220581900067449	-1.34703505223107	-0.34720526488337
0.0890827300077005	-0.685442565768284	-0.851912920463997	-1.0296257905789	-1.16190115733283
-0.141296348817263	0.454277195668616	0.163579031347318	-1.52849262898736	-0.42179176657449
-0.340083087554862	0.24173605005308	-0.566449732560634	-0.666521120282732	-0.92784119007883
-0.341947651083045	-0.296458196096063	0.356313495605528	-0.288552573460335	-0.96546413452823
-0.0327594426430072	0.455500608982902	0.349501303198973	-2.74059715476525	-0.838577566090835
-0.223527990972437	0.0155061800582176	0.119455038691655	-0.33452978976329	-0.944587911425847
0.102369463871558	0.130590037144504	-0.226646672887129	0.991585522855367	-0.576108363600627
-0.0305770722275176	-0.365414128968791	-0.15780424537066	-2.24599724173832	-0.987869216210157
-0.130836591447198	-0.413112784697012	0.645131602065553	-0.693473675228738	-0.507830327723262
0.00811721840650828	0.587645388176637	0.111959424885692	-0.980846276488939	0.0817459689707265
-0.277645600335678	0.233059045680732	0.36218048728109	-0.550529813860389	-0.440004746332925
-0.0809795642539946	0.241352971592378	0.629208505800634	-1.59901745591546	-0.353912673889563
0.0883847887779684	0.297251250390557	0.101461478235563	-1.52698899735552	-0.698572283789001
-0.0354316460965197	-0.0385677547311439	-0.636706350701386	-0.0426704335232874	-0.00607026671511597
-0.509319058136433	0.804943040758878	0.748732330537952	-1.34782106663817	-0.0308561015599212
-0.00584687994153877	-0.926178153936422	-0.0661483697498707	0.172770771286098	-1.0071453350395
-0.771053766802788	1.48431576187606	0.0469435719149131	-0.64680303430445	0.322777770568194
0.0903254377126392	-0.076242206568706	0.688130966713997	0.324525701734615	0.257252246606353
-0.215962856087123	1.41396442728322	0.504347608532209	-1.09367920934564	0.220004758501208
0.0159619266840959	-0.507128188750145	0.437930857367004	0.165927405758491	0.359871003454079
0.420185403894005	1.47750881229904	0.927187939574907	-1.12174045421972	0.288714109700622
-0.0598265472673991	0.71771698441141	-0.823976600494521	0.246037238765227	0.404224518914361
0.365643412247037	-0.390648707580077	1.11142988373847	-0.469866248775534	-0.0991376439027911
-0.0128171476048524	1.04336817207809	-0.631423946221942	-1.80693318510697	0.249769070297442
0.419993845849933	0.743303335645848	1.70459160827296	0.746217377414565	0.728830194782187
-0.838103750111334	1.07448816193601	-0.345277496676312	-0.118444833643402	0.171575411265049
0.627182588385264	0.00363871776619467	1.16186226430918	-1.28320674290581	-0.138696688001708
-0.459251309226364	1.01062693072391	1.13571382906976	0.248921873142428	0.402357315305933
0.434874377943053	0.949438871694295	-0.428661719723007	0.192861915011079	0.481706310834877
-0.107062585305717	0.0719980642130191	0.447608344819581	0.292685864087021	-0.467263331889866
0.212243443698201	0.844855876216763	0.359407292621255	-1.06561277237688	-0.291116145448278
0.014243496528831	-0.069694046414469	0.31698122822118	1.55779897730618	-0.0234438835503082
-0.452105944423087	0.729752638918549	-0.341254432755909	-1.06968993070044	-0.113083051736859
0.0983195829833642	-0.0251109349830966	0.818964940722374	-0.326864044210133	-0.428827591347004
-0.0912523887458244	0.420298350762614	-0.0617855450917763	-0.195834231964675	0.230821914161677
-0.892291184655687	1.22749386879291	-0.0663425051410013	-0.543800187957204	0.591526432300582
-0.187445479753826	0.310073219914078	0.0560862636163237	0.20842708269411	0.254043116545099
-0.145742794104263	0.989037554493266	0.676907317671831	-2.38855158936191	0.0920507041150409
-0.113570371525604	0.9097239378769	-0.0439982023004562	0.471832601600562	0.158848460730103
-0.0728638774238167	0.595167174031676	0.6575040448136	-0.912409554073142	0.641674628077144
-0.432943387188324	0.646932422384163	-0.0976056539332197	-0.134386809605192	0.166981741656894
0.107360049203874	0.451157491643453	-0.17193038635081	0.850486389840055	-0.0187625213033992
0.231615743073169	0.198801491396449	2.51364664035233	-0.707279353553901	0.4740253045295
-0.156229642460079	1.0525066945549	-2.01295024951931	0.50523622896891	-0.430534294770108
0.0568108710785226	0.190180203151349	0.755501219623064	0.168257634840289	-0.438395848153612
0.207319220334602	1.05708132134693	0.738386239348675	-0.668973339956465	-0.270047096247324
-0.534348189228655	1.3213947716178	0.0131573582326784	0.51912031344048	0.72041122874167
-0.0936769040400078	0.669596999872191	0.187453642902577	0.533389004091364	0.286678698437575
0.228027254680492	0.0599707012923663	0.502343343599721	-0.0893321820706447	-0.456568971550859
0.150111967795321	1.00011043999466	-0.210963533720372	-0.825660423821003	0.379983990442297
-0.135792113244408	0.0498288257409265	-0.025310885160994	0.602649298978785	-0.463326447479729
0.361566060749008	0.202133655687883	1.21993244104171	-0.424044671975034	-0.344662289040599
0.0099683441546067	0.889493073117722	-0.346356351403873	-0.185353088053082	-0.696807778311695
0.239186898503553	0.508780902885187	-0.359800902457566	0.365289021104437	0.550646798670418
-0.122258438763583	0.147174813095274	0.546406524005294	-2.02670438682401	-0.487511126606371
-0.509380040865803	0.265979554713649	-0.0320418379209089	1.51839523099816	-0.273022239367147
0.225210253380804	0.553708271286188	0.186197055654645	-0.326769476784377	-0.278898992551193
-0.556138830671415	0.470419778598946	-0.74112548587147	-1.19490284153553	-0.327066049483965
0.285114497063441	0.544273744916505	-0.40840808247496	-0.00253335696031483	-0.520529345504984
-0.995576257588295	-0.0440719065381809	-0.196023352841486	0.0784384979491176	-0.519061393659729
-0.0712732091776463	0.892700014304018	0.403276059187455	-0.580526113677005	-0.785787436281141
-0.798312131277947	0.691867805264375	-0.306219231059465	-0.16776697180632	-0.454542427004542
0.234085118797452	0.407639275527869	-1.4791580217212	0.213961160786997	-1.00041868558751
0.312842669828726	0.0292414104145237	0.23131274122239	-1.37572413509956	-0.876643745251483
-0.133779231140528	-0.275977320018625	1.06344935561672	-0.413378549013372	-0.939649871871552
-0.230838876794793	0.865917506420072	-0.657483830623353	0.622241655484239	-0.381983871040466
-0.335549411862129	0.930120125444316	-0.439207676361094	0.535089262828444	-0.220744849670501
0.125057454722644	0.0387874305375215	-1.15987338120285	-0.343962685457976	-0.42961055685323
0.0555842742005723	1.11532560148991	1.66800581680103	-0.391617700442366	-0.29204512872536
-0.122419475911473	1.07779113700812	-0.384927836438237	0.52080537749498	-0.387659864461717
-0.690486291038004	0.882361975099034	-0.00208518463753404	0.60309038160429	0.119620930884141
0.0908687660240699	0.797055156881204	0.291265364374121	-1.46579987989262	-0.122008658567296
0.317607384457972	-0.216033979200845	0.059897599314645	0.105425125823172	-0.214160095377589
-0.316681410122821	1.69965294630628	1.04720087091326	1.00277372235611	0.353741035517941
-0.15891321741083	1.08275359833975	-0.502249214431808	0.167120651786852	0.534228078803802
-0.326287544311589	0.375085407234221	0.775715453234583	0.772285463550698	-0.128725510029812
-0.26552937422404	1.64403213802686	0.144837756835953	-0.478239051205482	0.846929312946096
0.176490780096274	1.03483747567432	0.920204849545565	-0.168279352397957	0.233010063749023
-0.407146997157462	0.741183072187792	-0.244097279515055	0.549693015971283	0.213170572172461
0.185550586366975	0.604694647237166	0.90191167167744	0.666357422327822	0.744072735505607
-0.247018628849815	1.16036510706602	1.29221425806784	0.450304058465573	0.0497829773393944
0.905979542017445	0.896068697363328	-0.301903116311647	0.354444800654255	0.671911120217344
-0.135024531768586	0.338270493270588	-0.319464619201446	0.156497811356329	-0.0304826131868221
0.452216561992287	1.34450050182412	1.44819896008639	-1.48135306948531	0.990114059819338
-0.295479632287212	-0.690945649382738	0.572216373167614	2.43263888885537	-3.22623073699781
0.367204732127026	-1.26516708299616	-2.43767006677025	2.11529706897682	0.542296294195231
-2.33676759612257	-3.03737210199941	-2.72694664924752	0.0579549370878214	-4.58575455778835
-0.932946548492844	-2.09140764320724	-3.02614315445246	2.39097141564113	-1.61585232102938
0.427899087905002	-0.457206746529017	-0.502086594271755	2.87368373799507	-1.05859808817636
1.67057968209707	0.675539814982226	1.11083147594802	1.78836432236312	2.27525696266735
-1.33710153106045	-2.12685667021734	-1.58344015784529	-0.977498654857997	-3.1303227174626
0.771358743745487	-2.7278300984526	-3.35289829430823	-1.43919709920692	-3.70255938058213
-3.03659840639409	-2.6182144221732	-3.31057607829486	-5.77455398388379	-4.93910701150741
2.49077408655127	1.57374037069383	1.26539473275927	6.73969956123528	4.63169901988424
-0.280758859167042	-0.912561160433455	-1.09049634158225	0.407842894619555	-0.836669274162669
0.707770211612437	-1.43850165836188	0.230725203796634	-0.538657131398867	-1.2357545774352
0.735900977778524	-0.941148468525297	-1.86762476830766	1.26879122388656	-0.605885350315969
0.141045356031258	-0.658532690072443	-1.08596920833527	0.95636627816475	-1.0319208733193
0.602504400649603	-0.356796033827989	-2.02214682545259	-0.658098222465111	-1.48004308413316
0.30113348164015	-1.01991646069074	-0.836586085055917	0.665994229628639	0.15680415721692
0.347138691186674	0.426577522631162	-0.482558523740402	-0.733828677622642	-1.36939802676642
1.15860597077913	-0.874283202537853	0.797688644107635	-0.0550486358772044	0.570289971063113
-0.765626606962834	-2.44071314958638	-2.84141864050964	-1.57979504673066	-1.65608824556369
0.114819751432878	-0.6235550022468	0.977644078797313	1.95700893495354	1.63513608750892
0.625166699504532	-1.90896779245583	2.67673663006816	2.30310697088352	1.95208292149296
-0.972067966086217	-1.14356936333953	-3.10155242274095	0.38505731986552	-0.557201445846963
1.95603032129955	-0.714750835212016	2.55819552812367	3.80236133459023	1.51799035020144
0.23238851688599	-0.454104379659687	-1.15792040069692	-0.342397647140195	0.822536667079325
0.40867741408308	-1.05546009168232	-1.90456063342759	0.882967327433625	-0.605709686666497
0.381368759039798	-0.878558942044723	-1.61928684850806	0.759117157196202	-0.282129810316926
0.385231933639778	-0.862908333286255	-0.27368506160709	0.742555255729452	0.19010597856141
-0.251147933398461	-0.57161434637358	-1.16268227367319	0.43261030987873	0.128883882884911
0.206092616616797	0.25624929128085	-0.134579403609134	0.240265542686705	0.0357855333964472
-0.102534260526214	-0.0902498455696407	0.593078243345229	0.297233760544676	0.293635243891458
-0.317722062223066	0.611780582244677	-0.157101708444694	0.525213258337622	0.204694300829513
-1.36168297743979	-0.416967502830574	-0.738808128848019	0.974635756156549	-0.436438372637602
-1.2912430362159	-0.233233367352171	-1.24791492205275	-0.868630086428163	-0.31803057489491
-1.77720321736378	-1.03054212367992	-0.619983043024999	-0.979906354135436	-1.27830882015326
-0.494226958441285	-0.734072562410609	-0.275404149839447	-0.498376900343897	-1.54349510725441
-1.37491148203785	-1.37710628270617	0.349687817130842	-0.277804065425755	-0.676089255597074
-0.304994722709005	0.224021158806145	-1.08534474202701	0.205326085307562	-1.12487260001528
-0.544217605303346	-0.152135590165437	-0.701454955178832	-0.350708224685629	-0.54897498117305
-0.242001317616633	-0.424630079453053	-0.426935533222658	-0.109433957506755	0.182493451585215
-0.249381587062976	-0.843516661675049	-0.522017997121622	-1.36281810662423	-0.207812496524388
0.446877940546553	-0.226888862740355	1.5869662353155	-0.507261435090811	0.839941084630361
0.0717705036545446	-0.0807904435751828	-0.0519440760731324	0.714882708195451	0.78963297359102
0.376725575718363	0.2444670902803	1.49465788649991	0.115432093447734	1.18287848820603
-0.0959518798927165	0.512278123854522	-0.339298530620513	2.71419589381574	1.50081675194839
1.06921157251272	-0.136312669089787	-0.352539068946087	-1.19781457633722	1.1313013671095
0.934474961884125	-0.0677308019139951	2.19092889980633	0.859562295541346	1.02341189261518
0.785370870505691	0.274057245634881	-0.111888758405302	1.9364653681327	1.18270967733513
0.219449951923316	0.388271281252174	0.337355026965804	-1.68751019148582	0.7306007993176
0.31814631511236	-0.390697659790133	0.29249154809224	3.96378695158691	0.735672312677863
0.307373041392029	0.72687212531314	-0.789355941527094	-0.0145793018401572	1.18158834329219
0.0893966350046121	-0.277451121374732	-0.133483867579366	0.308177466564825	-0.118775888827233
-0.222861055608863	-0.31376100208483	0.147332205034146	-0.0643802641865716	0.606282413277915
0.128045384518617	-0.00158496719573454	0.743316523380511	0.875784319881066	0.488134706633338
-0.372489544354102	-0.149194357342359	0.747252926851976	0.498694186948625	0.743792825919433
0.312324763091206	-0.0580640384595023	0.0711221461201934	-0.975874729934939	0.998771546427881
0.0285327969246215	0.618591676087814	0.266542126613697	0.425084115113087	0.788574764572618
0.57060342538414	0.160181291125669	-0.335696293097025	-0.0595599721611272	0.183025148113254
0.854483348440938	-1.4027947784944	0.905845142245435	-1.04242827844761	0.42500317199212
-0.425183221836312	0.296296587826934	1.67389254262405	1.50222943094223	-0.355861886253406
0.213647380501631	0.0810248858052265	0.90423338721197	0.472501885866796	1.09955331641571
0.283796194332973	0.0421520127478401	0.158438918077931	-0.378906738357783	0.7374684658797
-0.0110560334326339	0.0958233921086735	-0.608932919465585	0.332498590475044	0.769272949382642
0.3864720786482	-0.37323209028546	0.977440351953621	-0.697587706233841	0.752757886228039
-0.159542172539085	0.224937834955529	1.82636405509783	-0.492947147394304	1.0148344279811
0.840612375262653	0.244044167526655	1.98956612723208	0.415238793743809	0.914311361703373
-0.511762051149967	1.30736746975765	1.1976962440589	1.01360245500629	1.8323897107282
0.466392566946238	0.87822035161741	0.859273114048327	-0.124396829688274	1.7926470711076
-0.520372888278534	0.763185827766424	-1.10397440789412	1.85995327349941	1.66583776379366
0.263348451346903	-0.225101754877667	1.6444833455789	0.32388831248433	1.17274750564464
0.89198271174116	-0.0755334359280121	0.380095270467714	0.65430703416117	1.23953513058009
0.0345391245737517	0.386928525302299	1.72777871787456	1.4619255068878	1.57767134779201
1.054846509347	0.162879226703596	0.125487166381269	-1.10330908115129	0.874829803114386
0.140954344828937	0.235320448425494	0.825568726094121	1.53994802339394	1.61669036817715
-0.118733478468298	0.587625130054579	-0.04332710608848	-0.398336897191986	0.810337850939588
0.434746468233364	-0.304261396973695	0.401634730478854	0.827763865574365	0.243149329073193
-0.682034017949991	0.0401818361748726	0.667229368260351	-0.0845980435619219	-0.164521887753281
-0.315935289271586	-0.22272792694306	0.244891733643463	-0.0592241449778108	0.370373018808242
-0.209702918789358	-0.0994893491616022	0.972579324470538	-1.43781367010668	0.187456181809099
-0.671980534724473	0.256088052667112	0.119628156564254	0.242727099213045	0.228226718800302
-0.120751568109949	0.219625666137409	0.255055940765884	0.371935960393402	-1.02563170132379
-0.165539716284595	-0.165320730106088	0.169766217101203	-0.192299437078757	0.510352323132406
0.138383305825359	-0.382752989493981	1.61985922395782	-1.07341151926642	-0.707012240789552
0.839532551343582	-0.391820982864065	0.352379807056412	-1.7389185086338	-0.64227029438106
