1.68597816914739	0.708163377457757	0.269158947959839	1.73730926533198	1.37464118340618
1.04549060370705	-0.122690559718891	-0.136933105262336	0.598418590919397	1.45141213240665
1.05507484792405	0.871520847034655	0.224073308838194	0.0802800634083601	0.918120749204727
1.10266738737472	0.710515903248835	0.455557742582462	0.369446209460899	1.43206997209369
0.848334249815244	-0.183960369737695	0.408565651734446	0.732668270863521	0.950574513748873
0.473000985183917	0.817259442601063	0.00496657611090401	-0.376668085465153	0.577399072311038
0.371276776831744	0.416956231305537	0.226967087335293	0.633025656182214	0.411000469051666
0.649031910270451	0.706336968694538	0.174400068389561	0.919732775762305	0.356425434152675
0.521163858506175	0.266826129362412	0.295817668510095	0.703498669811546	0.968940673788848
-0.382066625007037	0.867086046822486	-0.0686829727260719	1.35116142167532	-0.372669258778162
0.486095365483694	-0.246899430093948	0.225825771644445	-0.22748958953268	0.368268571488437
0.518483000637191	0.891560605079115	0.231827452392408	2.00725240248713	0.608754655810573
0.0919509100923825	0.484829001048272	-0.150413912783901	1.02831049596164	0.529774412190044
0.16015394776303	-0.0184366955456511	0.250299298440852	-0.512135710784973	0.0871897375046732
-0.105875270366059	-0.146297756911572	0.216216472621234	-0.460782335877807	0.418084965373948
0.0998081838674437	-0.122631511111783	0.210799196837595	0.452150958350684	-0.748286177596152
-0.212116672429004	-0.718243569590207	0.26108647002077	1.37079685466262	0.0461537281566195
0.274003109714866	-0.100970944047923	0.354327871635074	-1.05842934808496	-0.155941529708778
-0.117903682462126	0.219135481449606	0.340419537486874	-1.55534746949109	-0.17094549850806
-0.402645877342942	-0.213008904152976	-0.369988313628902	0.190496766195318	-0.514781908665333
0.402206220132754	-0.312032072543113	0.335059799337204	-0.35368276943359	-0.380743542596053
-0.335200737834788	-0.254775603070761	0.143751286196691	0.344355425448054	0.197828711061269
-0.332554504217176	-0.517467720518	-0.243893589542549	-1.04489980560728	-0.674042917588834
-0.520813666386061	-0.0304055615514338	0.0910979432509157	-0.682339199878551	-0.163844035746382
-0.171377691637383	0.325328416831325	0.0843566530940046	0.93927716935421	0.38828610468664
-0.346634003018289	-1.02246088769728	-0.173306472531371	-0.77846940616689	-0.18291513505383
-0.668543686123091	0.0251249398739179	-0.0241729992197791	0.511638676630265	0.0976122573041972
-0.176392969013721	-0.478039871163541	-0.24265336799669	-1.1954641440124	0.0545546985019167
-0.500211031715761	-1.02763755283351	-0.143627729760835	2.06577114227932	0.102230818071009
-0.246880613585663	-0.565082547012844	-0.121605847076484	-1.29745631234655	-0.104928999254481
-0.327750801668269	0.351922496065628	0.0581975983066766	0.99863753607477	0.450914741466995
-0.101845513909133	-0.347988789448706	0.130681520046798	1.52119257304467	0.292340588406838
-0.143475712473221	0.0783821028743062	0.269168643939917	-0.396592365908397	0.172381361595189
0.0790343201650873	-0.421638581750525	0.141105856715855	0.711806095642139	0.248366940573296
0.35628659604405	0.230161629231632	0.504252619196214	1.06948137272645	0.516947807892365
0.496655366832887	-0.37429557301335	0.493672302759199	-0.432662601186359	0.550404934107536
0.249896786935608	-1.06118000209431	0.443572577746997	0.86839687350916	0.352802297388833
0.185885707911797	-0.471206112184751	0.149317177875514	1.2624209562657	-0.00777009089759134
0.506850718289728	-0.24429851098183	-0.241817465487207	1.46149940694518	0.796094724281141
0.935088771567435	-0.513992480134494	0.509089162777102	-0.359047293785268	0.425920491353748
0.73706211496481	-0.559832392463149	0.0366272355706427	2.45328832460631	0.313162175424855
0.882983780279813	0.540809925205006	0.751091461983614	0.486548915443573	0.926819425016745
0.733790724940321	0.576762328328711	0.059061181334848	0.292325693107834	0.931169419158288
0.693226407852463	-0.625681609904021	0.457606336818578	0.11426554842455	0.455382260003644
0.422191946701115	0.261635292333087	0.265076446051518	1.04641792927567	0.207322475992258
0.269311816600365	0.662867430011308	0.232004249082278	0.788791414308474	0.594205478384514
0.623790944832816	0.551749820807801	0.505747163718268	-0.233206045208029	1.2093602865972
0.216914941403026	1.28422601827645	0.648659339343097	0.261347894125109	0.707417033839438
0.334703301889996	-0.00708907920694093	-0.0117018929985966	-0.880219255217218	1.02430921310844
-0.281707735070952	0.428791177878315	-0.0188311083517344	-0.196896633289861	0.0534429920769101
-0.361497385826362	-0.457169951259624	-0.651553303058405	1.68564272782538	0.360491494791326
-0.202906623872452	-0.0654662537416459	-0.430466101083432	-1.38512497826681	-0.180290474353426
-0.416956800268661	0.00920643320414987	-0.582445799714673	0.191810258246611	-0.611888942821488
0.140390198472396	0.115977955242437	-0.406686946250614	-0.860429414513409	-0.561971798810588
-0.797040529544061	0.274705631234857	-0.710354997322215	0.815398237520377	-0.788173973423731
0.124746308584015	-0.0458115168325584	-0.858547297918225	-0.937303306329971	-0.27459246450704
-0.187347979677005	0.210147294589909	-0.150487001014882	0.529986952215508	-0.988822739132299
-0.23453778879793	0.234938750677609	-0.181824622650458	-0.389005899069542	-0.954735628136468
-0.523169546189163	0.0142134429815272	-0.751549191892461	-0.451053474097725	-1.11098945691219
-0.336323133334276	-0.118905517042657	-0.610483981556665	-1.91493866735954	-0.908063368165568
-0.409840397731189	-0.339686282427909	-0.697776293877148	0.0712593318077217	-1.15024649759272
-0.698503075740092	0.0651357762704789	-1.17769585642928	-0.817029495867756	-0.751419654006721
-0.84818982841536	0.357235565897673	-1.15353178194442	-0.438704828026209	-1.48207095013913
-0.513130763187402	0.203568616225404	-1.18691605133882	-0.480514462967551	-1.28802473440636
-0.56365589428801	0.0286749241504482	-1.37506104972742	-0.296115243695938	-1.25145076604215
-0.756253280316242	0.39843353378091	-1.16164764778474	-1.45517808476706	-0.876279646927131
-0.554028518313973	0.429231554703338	-0.681032382578243	-1.56506699653324	-0.760855214829928
-0.529550647835285	-0.281439716619039	-0.97750048351117	-0.665656846870733	-0.992299144583596
-0.36660784221855	0.367105595096722	-0.446924543629723	-0.403629381785937	-0.600810749491772
-0.382363989768399	0.361948627786675	-0.527435977715194	-1.20149102836082	-0.476306493164995
-0.239866931710419	0.842650250549572	-0.332632714899976	0.202410713654819	-0.264144162198453
-0.64090716835014	0.337062393371916	-0.286540343044036	-0.870706620773588	-0.342293255351599
-0.0114728710853595	0.387088174058465	0.576274188187449	0.239171918119848	0.212683122608842
0.300671505579531	-0.15725752997956	0.464058194660991	-0.886068489437136	0.187015796338241
-0.415928046551843	0.076959901941111	0.0529888517484332	1.15364606155118	-0.290248983801635
-0.327795919144342	-0.20399479527264	0.259433022882332	-0.486734756092306	0.316684241020344
-0.378371795768298	0.224494384642013	0.472761328771025	-0.564184684552111	0.244083933752658
-0.191539790600522	-0.242534626851591	0.614882767263068	0.192873385050927	0.0598216521456508
-0.197192931239742	-0.00921375024223421	0.524466991668066	-0.0416558487015667	0.0626856696058241
-0.181509478643315	0.155501589502017	0.33661377844277	0.0599887349434218	0.249900100379726
-0.141016794027346	-0.0437937339714803	0.749147069783936	-0.0652553570307193	0.19076806518076
-0.160497126520682	0.745974627611291	0.69014943197296	-0.741523891352679	0.679167727294892
0.452808317162044	-0.0946412432185397	0.997423096100925	0.690811539476752	0.152285412849688
-0.244944805393496	-0.3566192156011	0.509468624495724	-0.67577583641699	-0.191950911826504
0.241090690185117	0.797702213577164	1.14291466997033	0.528821559599796	0.695700814122148
0.567856982533056	0.361175332080615	0.669196586216828	0.757201281685214	0.561792581901512
0.31610446808466	-0.266034996957043	0.99501477172568	-0.333505663782045	0.123861569372195
0.111420718052602	0.228862719999851	0.94281225999695	1.33523978915207	0.0523487947209223
-0.060727351686021	0.511048084522992	0.52373456342216	0.935019632350414	0.372439128262947
0.0808699293379715	0.303164131105085	0.945770019504544	-0.0557651218384111	0.341067219378879
0.0558189240101967	0.25168610855221	1.10685201729933	0.515383020390323	0.42478514677275
-0.237129493760896	0.115103211904292	0.172629100913247	-0.70722599213538	-0.141241011064648
-0.310104701663582	-0.121911127589381	0.930454682673775	1.46421840743353	0.368481848469496
-0.299272246644749	0.457166751392221	0.355560411382938	-0.186234267143834	0.139578528934809
-0.0191690066752733	0.050320922937712	0.661357638306104	-0.636899355312914	-0.081488142853878
-0.40572201121146	0.0124040815586824	0.250077933764094	-0.928460330753094	-0.18795584054928
0.0744380426137355	0.143673939594217	0.348871357856862	0.331073495070082	0.333062167907697
-0.300388908501971	0.780146274865773	0.125243295621213	-0.603296829681771	0.0902987373036525
1.03662254579686	0.808433700177506	0.668396468166444	0.877814397829905	0.696088204241004
0.596543591115222	0.382317395885425	0.655011783921737	0.709370008576161	0.349711686494321
0.680268555265372	0.577294349525853	-0.0183248941932655	1.47024132574743	1.02874904591475
0.370590328761696	0.490813029254585	0.256987751690103	0.61687041006935	0.815713142663429
0.391910328762816	0.220043440902563	0.906539547320966	-0.840819268103972	1.0292414234764
0.259032956290282	0.525508788045582	0.0801750543950337	-0.94442651255602	0.646162683432879
-0.859273031223869	0.0319439365262152	-0.680337237535392	-1.26016027628411	-0.971987943823833
-0.186846565949429	0.370210780964692	-0.467996268496884	0.237665528701101	-0.573111533564826
-0.340078445892795	0.733971572759068	-0.508092447761899	-0.618457727537079	-0.665627620103568
-0.67221689501727	-0.260791263736689	-1.40330127531929	-2.28837414162032	-0.922207298348512
-0.796456772065597	-0.44639368113214	-1.22129098712225	-1.10729861442636	-0.895544958443611
-0.854979913900793	-1.00744001710344	-1.6326979338286	-0.135186678587515	-0.928802915183525
-0.647824460137928	-0.122418280336833	-1.21478603328243	-0.909340424523597	-0.527027246639591
-0.441759194287858	-0.626580007099097	-1.36569456625627	-0.355788953742699	-0.492298248451092
-0.429902586066432	-0.246313363010363	-0.946738154863593	-0.155242350162071	-0.564055279281546
-0.657553265697263	-0.699082501655048	-1.43924680360646	-1.27373775956181	-1.15209324817368
-0.26681505937216	-0.273466590134532	-1.1009400018099	-1.05258921439832	-0.428274043838713
0.0988282245001589	-0.671592254869455	-0.773945909444622	-0.528512443868386	-0.385227814742159
-0.435896550478047	-0.54311874850831	-0.638547500668273	-1.24780602825286	-0.475018207386477
-0.63961544078668	-1.04542227244881	-1.62081658658223	-0.918912266747491	-1.39574078081095
-0.134120756816441	-0.521990798975235	-0.947167430116045	-1.89549953158789	-0.676543367889393
-0.0080921835684429	0.25042111464496	-0.841448756327884	-0.399613179234491	-0.824646874805386
-0.361881274795339	-0.295906479115041	-0.859912546919433	-0.226190496826833	-0.882017509870597
-0.294483400063038	0.0827189680448723	-0.789357229128775	1.13656793715444	-0.91656742158887
-0.361709225581339	0.211989691220855	-0.163425236295379	-1.14964716365296	-0.0289048805652366
-0.106443612742547	-0.0117649235137717	-0.349232875688454	-0.359747787799111	-0.438131464211501
-0.423806333262182	-0.659756539194602	-0.245618544429756	-0.659705942112725	-0.288432147438949
-0.460300273311194	-0.393458995579163	-0.197749847290745	-1.02437156356939	-0.703909805664687
-0.238525947041718	-0.219590428808315	-0.167966423486419	-0.505621285346551	-0.30461744584134
-0.380251041831245	-1.47874399867854	-0.246049276984621	-0.510771026404103	-0.860482482815601
0.0387030723352122	-0.251350964400639	-0.189558979185236	-0.51851458764012	-0.367858810294567
-0.376927482450765	-1.06743794138691	0.471052910535915	-0.679063651545996	-0.476664946183035
-0.461507708342518	-1.00132045834614	-0.206410668932759	-0.570841232828778	-0.365640704531319
-0.164506498027796	-0.86298327745233	0.625917346338419	-1.00350121424134	-0.352145679582679
0.188864589900397	-0.0542785720619701	0.638248151178352	0.825173557674056	0.433590652253235
-0.174065629405378	-0.624777881988276	0.673946990195001	-1.08350470154668	0.151532849392592
-0.499419189532356	-0.49219310934175	0.613410053601675	-0.38554473832242	-0.0764215535246758
0.163787988772161	0.229664559552047	0.835958966506511	0.908077281402985	0.151640953460385
0.0688310633203231	-0.50018010336973	0.730597058803531	-1.04605204237878	0.460356532399035
-0.315778867224694	-0.319183263017183	0.929618472940238	-0.145011963463279	0.085477925017538
0.230484176956007	-1.08549240722765	0.989915775793593	0.369719664195023	-0.0556935758273194
-0.215184092012235	-0.393149468742757	0.650508728088665	-0.461044222521945	-0.451926335062009
0.206937277979651	-0.786320572967039	0.506289698614244	-1.10501885658398	-0.533532411172161
0.231701509232454	-0.159024373139901	0.89439214055231	-0.186998111259107	-0.0796475156037692
0.186156895759643	-0.532186603555708	0.467386878895836	0.442593895471486	-0.181965148158481
-0.175339670845218	-0.0055471043223866	0.427574551377221	0.466268336045858	-0.290827549191737
0.062707595929852	0.575309138392946	0.623523597751606	-0.45114218163095	0.247249269404965
0.634128243058022	0.323413306005758	0.508908038997427	-0.044171214645927	0.460707043336576
0.428408567430246	0.201189253675213	0.332793946700098	0.0457366449918635	0.146988615619419
0.439223986832655	0.161005485406315	0.531633418611902	1.10052966718182	0.0967629102640579
0.679214354562274	0.810407215524486	0.38589564002105	-0.501921063092251	0.625800883280775
0.680377256330853	-0.797047336409757	0.825436998555865	0.39686144476838	0.431030082834838
0.0551187668849526	-0.334013181142295	0.498067961705052	0.352290275665349	0.343932438700455
0.36705680567784	-0.255450175820979	0.538820238545658	1.30147721995462	0.33676444121376
0.457771667876726	0.209830464468635	0.394084615745593	-0.319495378055917	1.16104490920494
0.413082337211396	0.0801904813120779	0.597772238469962	0.146565073892504	1.3050703270974
-0.0313489314712622	0.578009172913062	0.0417843918948547	0.715635451198085	0.286401080296839
-0.309686153303184	0.175332942393458	0.281083563248319	0.109561147135415	1.00832385376268
0.26234998185375	0.695382653245513	0.209041719374504	-1.39823167957387	0.518330925180899
-0.0826755005203134	0.112778222385848	-0.228869935039722	1.68488693780797	0.63701376786527
0.0531857566930686	-0.354537114262793	-0.699136855367473	0.238625743095828	-0.499479970256962
-0.013825445585413	-0.67212365656404	-0.419413122032384	1.20747118695438	-0.587648164270409
0.272881992796579	0.163192978549682	-0.184231108309049	-1.22715299703829	-0.0230856099061911
0.123919369582322	-0.00616168219875916	-0.713051729849606	-0.560059553440863	-0.131886730002183
-0.408854991517123	-0.178005729261273	-1.26627902646259	0.657175428090843	-0.507312195967335
0.229229467088161	-0.146738529489367	-0.919777416517626	0.36866389461438	-0.859761687667721
0.228318954837064	0.322012857861685	-0.847848434432602	0.333344896756686	-0.678339242718519
-0.178037041557883	-0.391210717014617	-0.764507466827458	-1.66463860282218	-0.235043631667578
0.0467367132564471	0.0408286837176648	-0.559838768517757	0.368612903979214	-0.124834157608353
-0.0945826666300888	-0.129681481028861	-0.405611521861619	-0.549109248102961	-0.756978519055701
0.117357502224863	0.593809099526646	-0.347432192423415	0.652390882207159	0.269260303563907
-0.49833998045594	0.207938738165296	-0.324025408809575	-0.312392579993004	-0.00722367386300146
-0.310801000205911	-0.331041909015464	-1.28433173758956	-0.175109214816261	-0.573299180938041
0.0853385152224199	0.607489024589151	-1.26671005486109	0.453585934216634	-0.472333362688184
-0.286672616089798	-0.650228320685636	-1.2752676440968	-0.533767706867713	-0.52711531594734
-0.336481134820103	-0.196958940511662	-1.0319861869065	0.0161452297548563	-0.599949789807012
-0.218591968439322	-0.417190394080121	-1.19612555322854	-0.429663223527312	-0.509604509270497
-0.434018230198818	-0.700027423668286	-0.934553638549584	0.392656493851363	-0.54082904763394
0.170695011753914	-0.519813412968154	-0.423395126768315	-1.404095094963	-0.96032986437359
-0.00507875301661091	-0.387039047417176	-0.54499140172597	0.540998883249178	0.278963692150885
0.0482907372780969	-0.703229840584452	-0.605938804953427	-0.53694136381805	-0.429703827342676
-0.46572337698233	-0.874198562692568	-0.456360737413265	-0.779370642804468	-0.588391803354305
0.210680499098639	-0.461364499457251	0.0124307087809956	-0.257567822110137	-0.605261382344921
-0.212861058619554	-0.508923231884038	0.165918781337466	0.201186635712484	-0.246522708600046
-0.404973471893843	-0.77222910114263	-0.353927681273014	-0.235340469790572	-0.17343197303873
-0.186226769108043	-0.522651538839363	0.420838446143817	-0.401531352742705	-0.0223340806491499
-0.264956711520327	-0.542979238637879	0.27819964199235	0.293714271592455	-0.347935985950764
0.633807339857549	0.529782697708834	0.695972601938539	1.40715756104269	0.433374823539475
0.321148702520594	-0.445618474336972	0.835846592657783	0.899201809921884	0.045476502842822
-0.135113444095054	-0.287596968356195	0.546748603985399	1.4894087727508	-0.0264723673806976
-0.223121534364704	-0.271780824831998	1.01118682392239	-0.758776620633837	0.0755895888398166
-0.257501401307383	-0.362717140486026	0.547361177681454	0.431508611359547	-0.588231696108983
0.459870519890014	0.155095194408511	0.774238051228719	0.825158751385778	0.25979341872478
-0.0494774818610741	-0.183572407765334	0.941382310985012	-0.383495177104651	-0.0977059462920959
-0.139997547042136	-0.456910102886832	0.429942500745287	0.158037670863082	-0.526717736329541
0.163854423794307	-0.227887813107825	0.600613919174842	-0.182788262353541	-0.0496514149251623
-0.188942592099687	-0.317457192988946	0.175719573603852	-0.24486117795784	-0.0495414472704355
0.15891476027063	-0.053535307985188	0.693196173094079	-0.659980071339256	-0.221072355129772
-0.445948661021713	-0.346963095140211	0.125663467822489	2.48667894119785	0.0641924421449332
0.300406809166273	0.311186607442422	-0.0118725344667616	-0.0137233444875655	0.160530549326344
-0.193736451806182	0.767022275966779	0.796625102563589	-0.302377549455332	-0.608953033763652
0.678064757875443	0.627071102948385	0.780810296270549	0.940709819047602	0.769605372789202
0.292768830866421	0.0964300175678215	0.805165568227561	1.04174349173561	0.665681759788621
-0.241648219054051	-0.0585722695420031	0.4759009402282	-0.331346034451484	-0.0125639868996467
0.322410101062659	-0.517672236124308	1.17619342581795	-0.0546731735388683	0.358104896384367
0.984080545914793	0.589946063778725	1.24195484668667	1.72769435592869	1.2174924760255
0.301363246271664	0.42739425283715	1.03972403600801	-0.513430678129528	0.760598662191565
0.328420871436736	0.0308680767351865	0.638250754260526	0.500236634704553	0.307713416879917
0.201220098654571	0.307805291132015	0.805295343889743	0.373655033876581	0.950023720360853
0.369205829306054	1.41602069716813	1.09754387933649	1.40216394632806	0.751541032499631
0.233608374534352	0.542058674740765	-0.0294559176762304	-0.283212156293082	1.08476686196098
0.258200149630745	0.17845194632671	0.327916298042907	1.00721141678008	-0.0301072643140335
0.568048997445918	0.54901733457207	-0.451671505304498	0.485530763003304	0.242486052116436
0.368244559480931	0.263227010079812	-0.457745009878501	0.255975551965573	0.138885816517647
0.593028340415779	0.386364928143302	-0.57980347776241	-0.988227541754258	-0.441360708011529
-0.0335977742114783	0.193892186448103	-0.785730125000122	0.352465210219243	-0.447039858738145
-0.187682453528978	0.801802164268424	-0.870503074031903	-0.567263913948125	-0.25359780435538
0.16850952447138	0.440505003297839	-0.956286985786915	0.340398676759355	-0.327565261794612
0.10307562766204	0.612866497309394	-0.839774822752232	-0.73007350138641	-0.18248864358833
0.297945415577189	-0.2207182208014	-0.839743430628356	-0.0692132305888643	0.163652104951599
-0.394324845845852	0.620429454033919	-1.03641549818392	-0.380493699202896	-0.237826164502109
-0.0488763038861992	-0.252193735472915	-1.26194913237828	-0.424667541473392	-0.27194838628157
-0.108196755685412	0.590069268392943	-0.870784918493013	0.157026637448809	0.0559851930849367
0.154585299381499	0.586052450718392	-0.503472631728383	0.375315045553935	0.629377239884575
0.225907168736151	-0.511170753318516	-0.531938336032929	0.417978020275822	0.299491701943564
-0.0494778714218316	-0.247380808195819	-0.699139351126555	-0.604357934050003	0.0344811705240936
0.021956911868006	0.0882987916373055	-0.272699697491264	-0.101696650149783	-0.649844952825516
0.513028760052645	0.179325939757983	-0.279762100199913	0.313963832704287	-0.111451945507406
0.00122322768037658	-0.176532134632755	-0.454864894146179	-0.00149815833989993	-0.216018789030955
-0.163861370606555	-0.354682970706893	-0.114915981979346	0.545833893341533	-0.273826680535485
-0.189508090837925	-0.177104345309605	0.14849192339611	-0.911895793989979	-0.324715960964436
-0.0397352987732067	-0.771972648710375	0.0620382048771935	-0.325108331298303	0.140762398535679
-0.0243146182663691	0.166705221495752	-0.128163143040136	-1.58878776344701	-0.0627458995236315
-0.223642380409839	-0.486237388143331	0.448801680365698	0.187671980472555	-0.414592472823063
-0.399234185343699	-0.692646196821927	-0.430190831763607	-0.301688306918678	-0.101578691246063
-0.182864629202012	0.207890739556897	-0.079466261854683	0.148686892403334	-0.537502539725011
0.0169040139665002	-0.11957123148991	0.237165009354534	-0.00556379341155975	-0.120613531280916
-0.361866487052721	-0.355885353741381	0.0763321023814988	-0.129360202722133	-0.0447873089870955
-0.823895553213326	-0.491765084933677	0.183997253832067	0.193443571931071	-0.644261530712303
0.0945120161997004	-0.188888523537034	0.311528140970331	0.791998261374898	-0.164004025635111
0.0845781472753283	-0.352962059059755	0.415300092130482	-0.996189179912149	0.190559011824762
-0.649037140961761	-0.141508663107306	0.0977206063408908	2.17948176744102	-0.220155721435351
-0.19293630245319	-0.79751618931815	0.210736110882187	-0.28781508188031	-0.270212548573391
0.00897185069440974	0.243772711817071	0.674380382406659	-0.0749802142342039	0.731269161537029
-0.114055850570677	-0.271503416364136	0.482977062467495	0.983717781904685	0.369374034982394
0.15724428946946	-0.635856885630784	0.347438279200945	-0.339932841354643	0.215912347118854
-0.363544872379691	0.434739509166194	0.534768569038135	0.595742927285182	0.343031642183364
0.122446833059263	0.453164281069849	0.751039816214734	-0.0323984429670295	0.478087421422125
-0.0819147440064669	-0.112407725638598	0.609831803176266	1.07311397689157	0.602865703896068
0.339867028053029	-0.0613857582651823	1.00559614483458	-0.326330278058738	0.135404915285049
0.0658381879532502	-0.405573708049137	0.825279300617628	0.285115847722929	0.669309562497385
-0.495966652718257	-0.0280954934266577	0.392000372566895	0.173413820719709	0.0738935147552279
0.250751380512732	0.277158781917256	0.86439146180516	-0.126249434320636	0.281091286660363
0.191296391151808	-0.393734503630956	0.774437187249814	1.23942190123466	0.584823457502525
-0.47785486860245	-0.467555459569819	0.737126599718723	-0.494277194694504	0.215467704169802
-0.0550238907631624	-0.226391542399639	1.00466228038936	-0.139574787885969	0.0988715043455165
0.104505808245957	0.164821706921417	0.665663188582663	-1.20617540749784	0.702542511176884
0.352142011456775	-0.368357517776606	0.692258909496641	0.491792161539843	0.576979172377772
-0.0271910759875197	0.271915507392609	0.526503280956464	0.305598637540435	0.323722606025767
0.048825472864034	0.281518090760413	1.15295919349902	1.35230865282064	0.645435893860176
0.914381736784989	1.56043224454394	0.96383877690577	0.439443178089556	1.53137723042986
0.338236595281768	0.928949616800076	1.02289896943358	0.775212585035653	1.23444980846431
0.619721176586004	-0.22284775661186	0.124748582427431	0.771342224963246	0.934624645084128
0.210995366472418	-0.127366096218721	0.092660436342838	0.623582242643554	0.470801847236794
-0.337138094100125	0.714017697768097	-0.41679971929592	-0.379582974752859	-0.261979025731531
0.0238816506550045	0.205208842177827	-0.340782922244565	0.218909708827683	0.368091131959021
0.00440285598646927	0.189979457685578	-1.741326247829	-1.4466452539402	-0.264782245348708
-0.62122780040307	0.078129046983163	-1.28533742243915	-0.159767930962879	-0.0824363448045928
-0.192596949209289	0.272579117454663	-1.17672889100925	-0.000225387249632537	-0.572178817357722
0.169577236578821	0.0067194307422429	-1.19395034830292	-0.82140994862667	0.230581297740791
-0.142174385325301	0.461056159943256	-0.349946518008569	0.884390610688698	0.269094917247189
0.116067132447812	0.057898524108851	-1.24552612503167	-0.546794510266064	-0.258518590651208
-0.136953993813099	0.143768833390004	-0.625726189207346	-1.49377759612679	-0.445107552721939
0.641470188545604	1.88604776441303	-0.781346278210347	0.334198677339362	-0.197430155719204
0.347561186646154	0.551755146912389	-0.477100818787044	-0.0331828304761795	-0.121597980976167
-0.160514927785604	1.00225656056067	-0.765785779519132	-0.446758369980023	-1.08362517579505
0.877918386955177	-0.0928815406497628	-0.276008220472037	1.05525683113807	1.11397792227516
-0.0664620585233166	-0.112452426367693	-0.617244522217879	0.162644255346923	0.160631230949785
0.319408575990844	0.0352646864885027	-0.750302891045738	0.578276386210005	0.479458564832689
0.497088587955472	-0.440616457479717	-0.39062643860656	0.710240475145702	-0.243533456197088
-0.117911993162474	0.700917355848546	-1.03106826358013	1.5493836365639	0.300373374845448
0.428744338662431	0.754979995451649	-0.136360883733766	1.04101682783201	0.0931947720928041
0.218285859844441	0.203960112898365	-0.356266932845482	-0.221433294602037	0.408797386644293
0.725199729637771	0.792481740533838	0.239658465712748	1.13450950189318	0.414902957743488
0.0840510865854229	0.615205181963002	0.334302662168064	0.490506155061217	0.294772952837156
0.0287247464784544	0.0281293295404381	-0.439028956802512	-0.273321299269571	0.0960133064471045
0.2040347120034	0.228244887002273	0.137134417804509	-0.175165311918458	0.34286315612508
0.485364221946831	0.899354108916452	0.318854483433278	1.11449528718253	0.108534130784152
0.502024789459898	0.077720280285468	0.320865046132923	-0.442941624366829	-0.356693497906112
0.166444205410585	0.516672269932305	0.00237273241314406	-0.310862663686911	0.000941035783023582
-0.275722777558537	0.339011758166917	-0.522500209901195	0.952711085644538	-0.275827657268093
0.0579844211439502	0.204232717154133	-0.137671879838879	-0.886116115846683	0.145912638383457
-0.0104187656817751	0.577132786776752	-0.340534174169944	0.732566483721371	-0.00593121314021629
-0.247791668207608	-0.212234068144329	-0.211248593953844	1.06449770332923	-0.566398241822314
-0.0501711346114931	0.749680289565848	-0.0313518399504516	-0.207975748586024	0.299336409215056
0.420522606632368	0.198770417201692	-0.172095063876205	0.0460413753490376	0.313564046701229
0.0996535183884166	-0.294887594828488	-0.141574436924341	1.54126553659745	0.221129757590338
-0.116831233294693	0.629689056765808	0.173885803812376	-0.991796747318212	0.231652634368651
0.285741592321127	-0.113196049611448	-0.112895975199336	0.315714106946325	0.487047462440936
-0.308362904525073	0.403677288026545	-0.312969545576769	-1.45508113303263	0.116754874549159
-0.382664878637182	0.0300670363212796	0.0996587337267735	-0.892253896348658	-0.117514771418974
-0.0499254567703192	-0.356112699651179	-0.307107296721385	-0.429936677621144	-0.300500743764116
-0.468114159759908	-0.0886665110373603	0.488254521659432	0.260008767647893	-0.480465478190073
-0.725894040957385	0.504893370234306	-0.091036442836669	-0.528499495689378	-0.398234920542704
0.139075918574979	0.14216762259076	0.402706352275609	2.00462354787993	0.172122086292209
-0.0540473300895322	-0.0825633171243699	0.692082527050613	-1.08166717615177	0.450042004992401
0.461405777142525	0.933415605381083	0.724634232877719	2.03619875040538	0.903809109612009
0.134430749251045	0.291204463218855	0.337610669561703	-0.124391229604006	0.611588569388979
0.35267698518979	0.11961464320087	0.536780538566331	0.26178526857456	0.443341247518674
0.617022125523544	0.23170969939068	1.10051082163804	-1.54269881348217	0.589738279873577
-0.385937087210046	0.282390716317378	0.494217458849909	1.69702358706223	0.553976323186442
0.528926090641411	0.0791898762084477	0.981138503993754	-0.694157901298548	-0.136032026535028
-0.406240410409804	-0.0464496462673247	0.541349898382083	0.468843945350522	-0.0934831718489846
0.0680847881716038	0.152368018716633	0.600679677933608	-1.20760203374168	0.538516880829446
-0.370738111215486	-0.0182685478821129	0.345905850841342	1.32120539409523	-0.36292159574206
-0.172173536563279	0.630033382195315	0.692255424636155	0.833746573615203	-0.235084308632094
-0.251003865211921	-0.569145343245185	0.133257880398367	-1.30682319219485	-0.176537788884554
-0.261941124255339	0.325452526947593	0.00227709525269731	-0.60329824305096	-0.154197326611306
0.0935279098209028	0.501647714271619	0.389683517026417	0.432666569238505	0.314739190012602
0.192035267489755	0.175390056897177	0.268975405456717	1.03349507908863	-0.172164893815534
0.068189530673081	0.4377064568024	0.506897634040537	0.29906734983208	0.698540312651185
0.762269787886617	0.959934107305188	0.518937125772867	-0.118738138751622	0.601132379755062
0.872327780209118	0.257586855359828	0.849721062122443	0.163158637924924	1.21105393198905
0.980920913758942	1.02572338080783	0.858762497557752	0.772341428953788	1.46113976522953
0.751163480877298	1.06330734023514	1.41123532327983	1.6259375304533	1.05713953496539
0.623144770762267	0.382846758601031	0.614316350232643	-0.941621710167896	1.74037320825143
0.0803683874013683	0.12850957461126	0.633151050725537	0.482932755107942	0.891382867971534
0.337582820165027	-0.198580855298958	0.976947073780024	-0.374464724816045	1.24709063879311
0.00112002421109758	0.725093037414439	0.523210272963894	0.399072981167026	0.154233140448764
-0.465247369663237	-0.233667983908225	-0.378049793788181	-2.45672835932087	-0.330704868807757
-0.141603127452798	-0.0145932025891481	-0.142987024584415	-0.870848317406212	-1.01990165854978
-0.849074579725945	-0.584882958628968	-0.762179395964819	-0.529608298781656	-0.965162302271137
-0.615412801695029	-0.352009991748711	-0.844741889233467	-1.18288816425833	-1.08495463077178
-0.375232289320097	0.372141365667927	-0.811489814489815	-0.296095277610035	-0.634472837023375
-0.934282462606676	-0.0154648012429381	-0.898410202748955	-0.791595289544845	-0.610538399331938
-0.174247545488532	-0.435199776107621	-0.371327536722219	0.099719062670294	-0.423487311595117
-0.23986722882838	0.275954696181795	-0.704749076569237	0.174219465248214	-0.285403250632077
-0.114710457464235	-0.536874161696635	-0.621052781192812	0.0254126509348056	-0.660215515599401
-0.281385721497214	-0.50390234069843	-0.886171300672064	-1.39755803638334	-0.658589036910184
0.146234555478056	-0.497773720645084	-1.22882995928655	-0.431471566278309	-0.525661185044411
-0.201015331060083	-0.242075184391147	-0.86196422601042	0.157521757268628	-0.396809716771506
0.0753372149325668	-0.889593009969393	-1.16004841715767	-0.148210891702022	0.157266157168776
-0.00305179374313361	-0.201568547364394	-0.595373164358391	-0.579291378628819	-1.08848403963846
-0.274492443217191	-0.457791487978222	-0.784757829334695	-0.0563193347648873	-0.0995456731118781
0.0298167991220471	-0.166155852718384	-0.807193507887706	-0.12113505229269	0.0754644371142237
-0.0561392699973088	-0.245558709051474	0.027938001938163	-0.359250530231332	-0.72461096641759
-0.0977744035647607	-0.0539118796578408	-0.507701888039548	-2.1399908927541	-0.915893917123817
-0.822887246915167	-0.216809580492749	-0.543171779014688	-2.75772993840071	-0.528819835039257
-0.49261494132744	-1.19513686740522	0.0930685140102258	0.653852531622146	-0.559817216404621
-0.554623054886196	-0.116476104225499	-0.156676241824448	-0.351697688900595	-0.776117403613524
-0.997981908945811	-1.03613761242472	-0.628836665921386	-1.06099774064391	-0.614928594877087
-0.150670847356708	-0.963868661156521	-0.307393002530621	-0.574092433511594	-0.477073531889976
-0.434238834037454	0.489225354475654	-0.185725069059422	0.0152977515200789	0.153531614374873
-0.42588433739211	-0.12655641239301	0.253899802308289	-0.488614890885441	-0.624018185837754
-0.16753613908243	-0.137598014208856	0.343835292129272	-0.0700167068902055	0.422287779800066
0.418417302646464	-0.423629556730759	0.165575310147423	0.961286395591042	0.0828206629117282
-0.114269306013359	0.132388918683567	0.878620445706293	-1.02132414033414	0.0102177811658122
0.394266634860004	-0.701138405086445	0.637140232326146	0.777785613070013	0.230784820277663
0.316438118918727	-0.00324495092954272	0.913180655929963	-0.400016511470899	0.688436919707391
-0.0597744572098563	-0.705671282626724	0.583671743142565	1.17682348638561	0.253078992958411
0.0251855796314951	-0.698361518187452	0.84452024244712	-0.653101504480212	-0.384600699236275
-0.111358502000998	0.0374176525506329	1.08847310525003	0.647728094031568	0.0226400767106828
-0.773654300216764	0.0535076307464659	0.322099832811273	0.51626395668704	-0.151119594024754
-0.141145019987839	-0.828544511901992	0.433057804153118	0.564502131556884	-0.386216403546195
-0.0607598267672298	0.0365308782617824	-0.125130703123162	-1.14619962895267	-0.651370356452286
-0.928324927122381	-0.204765320805782	0.143629597723778	-1.93118981125036	-0.123557400677184
0.212066892738835	-1.19018696238696	0.00772884221472827	0.880993220739146	-1.10619164622427
-0.252677692400957	-0.0484725129598938	0.2766485174317	0.456598783263143	0.171923530538173
-0.118652598156647	-0.349153835551505	-0.0440963342282177	-0.537650533232289	-0.19939264924013
-0.109182797021542	-0.0906875303777762	0.170775041065385	-0.503942683662398	0.228170230876424
0.0948390551851464	-0.130560737722698	0.422701599047671	0.447095627714376	0.378444782568895
0.0249869835484566	0.631957604360239	0.954121360299835	0.343700749770177	0.723777759805502
0.472447215642075	-0.417673217077565	0.522645033176352	1.7003368261916	0.738103808558339
0.35463650425495	0.127188482237234	0.257054472369589	-0.764796275388228	0.237354624511044
0.0154702719752307	-0.591320165820344	0.0827731577286111	-0.0320899536107747	0.617369957785544
0.274143744305423	0.740201750214008	1.42982790051196	1.28194249354139	0.766750184892038
0.576308825472897	0.199773059674515	0.285203304793506	1.36138859300958	0.84098083876564
0.0345546404103284	0.0520056180149887	0.575569015454957	0.827632453402758	0.5202766974733
0.851161472220911	0.373754780937639	0.0520745133658029	0.885247738532544	0.728184443094753
-0.0697690280767352	-0.0743959701473473	-0.298702499086678	-0.237457383788256	0.922390251629719
0.258403180816089	-0.216172745275073	-0.394090560972436	0.402811045449653	0.291911608916738
0.101172128391651	0.112813467600891	-0.490978803847144	-0.657900945200918	0.898272083406562
-0.593755640850913	-0.151335825635453	-0.65267191899045	0.181485496093489	-0.539280431049894
-0.490498716977168	0.0706192015113327	-1.03695847876032	-1.04480013206084	0.157503401472005
-0.102745214812735	0.257087955551365	-0.519210331263007	-0.613725883788625	-0.346378629017282
-0.281838438759506	0.0820474353376045	-0.351200104471903	-0.31785161106324	-1.28085062391917
-0.714295982200019	-0.217455544808358	-1.2026346120189	0.046450662665401	-0.786655159646835
0.0545344946894609	0.333444032266163	-1.36530003492572	-1.15948164652396	-0.65247601643225
-0.353102984081922	-0.212539719825148	-1.08083378426477	-0.470971877539636	-0.890608223497224
-0.302657779395124	0.196464116165012	-1.09360698062429	0.478434369695108	-0.620885584350159
-0.388423988573366	-0.342070841354535	-1.43409964300908	-2.03074009825013	-0.762215330624722
-0.471745415183496	-0.166663911233945	-1.35984343054616	-1.07773575447375	-0.717657442640437
0.0441286990292634	-0.137067998405583	-1.01463452548249	-0.409277179601573	-0.543083131890837
-0.299884411850768	-0.41910726635844	-1.2494748450553	1.22368032127497	-0.647576546714515
-0.00294373666398153	-0.333876299447465	-0.841772425984907	-1.76459687340761	-0.764979265024866
0.0132979203338166	0.0886611323040348	-0.855648909630447	-0.642419443577098	-1.25820483158098
0.201183312089611	-0.49343783732802	-0.778493805903456	-0.0854067794752021	-0.784076427879668
-0.0728234734858046	0.141674696289055	-0.44439541294258	-1.00778953168445	-0.564440268809593
-0.24060096549737	-0.621726836510863	-0.187487869429826	-1.69993408418261	-0.479503693472027
-0.259657221263672	-0.249058536359088	-0.674167310791617	0.662047923874239	-0.435498762653935
-0.827555957273306	-0.903467548497061	-0.861792184130647	-2.35511634454914	-0.865811150427333
-0.240196514767729	-0.86723344872618	-0.0766601117056001	-0.885257018518371	-0.7800407428557
-0.375477039728729	-0.212078339752426	-0.150640729162313	0.0823810457875966	-0.0804087683388925
-0.233778439461512	-0.546476078178908	-0.541193908560057	-0.722404932739362	-0.424802387175144
0.158859789860067	-1.09009105171121	0.046741967638147	-0.214822791014862	-0.225745094994281
0.384199692097142	-0.197985956194922	0.537389431321176	0.392264006894136	-0.345769288579444
0.0756681397120302	0.396670036708895	0.538048609002269	1.34410973786444	0.307711917426264
0.132800943272415	-0.960085350315934	0.126424771038462	1.76507572953298	-0.231315021177553
-0.190781010693928	-0.117934704263193	0.607945017141706	1.38506375357638	0.00739934721799064
-0.0656364963937932	-0.286537148094658	1.11694589885036	0.224375811351473	-0.0420244037508472
-0.501318284277615	-0.0194914899851459	0.328311432696859	0.0812004641477031	-0.423988905291076
0.264611112414073	-0.925562224297999	0.871788230527976	0.427015204927796	-0.0533562801796413
-0.378275568593672	-0.226350361130965	0.0673088291528419	-0.164758416076356	-0.271094449930218
-0.427835375119218	-0.720998890206226	0.512142825501112	-0.276036091733075	0.280604765662039
0.173031203218777	-0.449577361567475	0.462184131528093	1.12500900870152	-0.175441472893792
-0.260192752811495	-0.191595540900636	0.144656242141026	0.340836357050012	-0.168714024728128
0.152839640354498	0.25179588618439	0.508046559890595	0.185385355648294	0.295998136125019
-0.116988563165696	-0.217175718774045	0.0866010270060242	-0.0202909189581767	-0.054815922996636
0.319865846132278	0.0482796143689535	0.761037229672938	0.418631404572912	0.229532444530126
-0.236425294578616	-0.118726929882921	0.58558655659891	0.371601283645473	0.306971402582224
0.541637225409153	-0.0946254567587425	0.645795616716832	-0.230226229102188	0.331699194404119
0.132396142793185	0.204047251579026	0.396539924288646	0.33957422257868	0.707034893854578
0.093231522352188	-0.366786757837257	0.541669695890544	-0.713379844625651	0.384097403245589
0.404207805651966	-0.14949791191985	1.15093237622955	0.345929002720249	0.242997257117543
0.417803344656106	0.148395878720372	0.294306270739016	-0.582317064596891	0.898836156813329
-0.132899294281339	-0.044146396590176	-0.21450930399486	1.08966515763212	0.615036947035705
0.02243956610661	-0.413649034351329	1.03022821015947	0.0415496869447549	0.384695506938964
0.459415742075925	0.324321464677146	0.845641733528918	0.949141983982977	0.404154564100584
0.546482807350953	0.566489019754124	0.109270555122462	0.740817031407781	1.07193805122189
0.463917221067294	0.139099354333369	0.0135783709614574	1.43336804242005	0.810920519449813
0.0427376421392986	0.474115833427722	0.704833325074812	0.117919792285225	1.2529029404497
0.743130973322017	0.474330453122582	0.650534801021768	0.167661477109622	1.00703079524166
0.635791651944598	0.696031928196742	0.783027006128362	2.53023727007269	0.861496028259957
0.0763287274796756	0.0298480237994446	-0.124122723842548	0.431717945486189	0.535019529903488
0.555828635205559	0.15158760416908	-0.618673279050026	-0.958792888971874	-0.0563859910397719
0.311352468028743	-0.0929239478582047	-0.012425774611758	1.53002924644448	-0.701805711981287
0.288396501882726	0.069812017250681	-0.563354099436931	-0.369342584803218	-0.480111734879667
-0.312195776390974	-0.523622821097433	-0.566364549913384	-0.856678156225194	-1.04115702924302
0.422982403988348	-0.326790778946642	-1.40673517336683	-0.437588007390226	-0.620541227847478
0.00290705973549807	0.0100006735214343	-0.447738455251887	0.869865993339832	-0.815808690767883
-0.447169857950225	-0.481778527955045	-1.21786230122436	-2.04931638128768	-1.31093894720779
0.142350383061479	0.102543078443291	-1.29629385070689	-1.56761632150681	-1.28900383574051
0.111663111505053	0.00997443306427767	-0.908701233211963	-0.398701073416155	-0.715133892469685
-0.259923716465977	-0.46631653994309	-0.903913872017156	0.0395045629663874	-0.366391768931344
0.151678685212827	0.310423898655079	-0.415576386225523	-0.327967895559294	-0.351380653394942
0.432042163612716	0.222507853103944	-0.44877930328788	-0.181586488955074	-0.10504756365802
0.0433673942793813	0.246353926489821	-0.208273038219174	-0.276248355424318	-0.945593665404689
0.109297228611869	-0.266189977728374	-0.063961169405539	0.399851227345046	-0.332027253938231
0.450769092803403	0.377396036060382	0.036730721423745	-1.6219934194537	-1.03274448545909
0.0620215790526091	0.383775556475122	-0.0709571764444198	1.0409000220666	-0.592286476147321
-0.506780582650109	0.663578729380133	-0.424802183945391	0.760881182643616	-0.4950141711082
-0.187356839481178	-0.29943899321714	0.515605841895397	-1.18036543130019	-0.635753930080172
-0.292227684497999	0.573603094725722	0.072688103403615	0.9994047756815	-0.682334250374251
-0.314386278070689	0.268069012704145	-0.218221833730205	-0.539510104393376	-0.546887061948253
-0.654611550424943	0.190501224510274	-0.174525391597061	-1.17918880631612	-0.370034320959448
0.453040150843054	0.186267420442888	0.153093229280764	0.44259395119524	-0.415212784748986
-1.01970616143439	-0.0532824877239441	0.107559224329764	-0.740699582325046	-0.0960979430915132
-0.245211148607039	0.304475052434562	0.21855805079016	-1.38554444015312	-0.119375276507118
-0.279503778727139	-0.0788472752004267	-0.229815823959521	0.207062967274939	0.0431359479926072
-0.690688471941066	-0.384223306955244	0.229800161747094	-0.673697789732773	0.0990064169500419
-0.0762635633380542	-0.401776512196052	0.380923519684274	0.371408843131925	-0.654772985677757
0.117090528791602	0.170626845394858	-0.0884477124164356	0.287950103134636	0.51006199714606
-0.201207154901443	-0.00964059127611433	0.11127910600043	-0.348061261608445	0.0531240207471625
-0.00854233604778453	0.264576540057794	0.276842306516236	0.744989465751203	0.604509748418789
0.141109502902177	0.189219415198216	0.857003606018971	0.731456183933325	0.652052925780953
0.102859575047817	-0.23503815130444	0.0353630997804493	-0.25459507850729	0.00465796885064715
-0.157281438469556	0.105036448411156	0.556443271257672	0.182876801430869	0.622796677404034
0.130932242790821	0.202476803096104	0.404901485314113	-0.275118399247768	-0.0477876348416064
-0.266970803990915	-0.147910881514305	0.863374857595147	1.01706483786615	0.970241226749689
0.23785689645893	-0.392551206754827	0.504544087362709	-1.05744303306667	0.033272353780584
0.444504338540747	-0.827254033947704	0.642721033688576	0.655666124050503	0.648409599964088
0.0634929792940745	-0.227474702745142	0.53875368392692	0.495150814928727	1.01865230068274
0.166083034292438	-0.00623979950359775	1.15116091577977	0.0836680064029285	0.702138083054613
0.436470735757092	0.56561122544626	0.805768058207604	1.27682134601921	1.1571255271316
0.236915568337968	0.185001242546001	0.496576625441685	1.80353836377516	0.661317378723433
-0.192306134394945	-0.0901141221680953	0.81522672874915	0.0770476601206026	0.563480227425008
0.0725172540840827	-0.285760457414754	0.728766108097895	1.52754068885737	0.860446679907682
-0.119153982785534	0.413849291185229	0.923737614058243	-1.79720461858044	0.871646066679676
0.14129390928431	-0.552927137682577	0.611065867398752	0.357638897684816	0.124866442196936
-0.0984029631408223	-0.0681040527037817	0.419557973545728	0.5300864143197	0.565480226537366
0.555653432304682	0.352160357308672	0.775425358919781	0.326116521637683	0.568786227923355
0.271989606000053	0.645227018223571	0.785610901235649	1.91621393400984	0.798086688409931
0.752522810395567	0.0646889102459674	0.180741754279141	-0.250227507996425	0.438130471021387
0.164543333374521	0.41172436553136	0.33319793512519	-0.111097576770743	1.12801515957253
0.654857503919652	0.617054805667757	0.398668135773995	1.0813451762681	0.731699862507017
-0.177092163597458	0.546582030851992	0.193639026653694	0.556064901938662	0.459153438076679
0.393909313606883	0.0549571439586055	0.150987917177183	0.215589631142145	-0.299589044190338
0.342325227463579	0.0572513918315699	-0.0260955077783991	1.62681120345037	-0.37770582117766
0.368188845750239	-0.0681134655696271	-0.039086329598867	1.00178965538074	-0.295386118337083
0.294545340191599	-0.12932302996082	-0.0584018173825952	-0.0335904991452336	-1.01687699058318
0.299723413529276	0.0418367090538117	-0.601534578436188	-0.653149566844175	-0.427433494840868
0.0226793217731355	-0.0633225731054381	-0.361521299343824	-1.06112893403591	-0.908433096929278
0.135375517302131	0.0315067066854012	-0.670998071839033	0.516208608001959	-0.665505761790893
0.0932585539225479	0.360388199795235	-0.270933664902567	-0.325780786738397	-0.686715313307103
0.339103044803582	0.743472132584436	-0.322444013646481	0.420738369652468	-0.139037790032937
-0.108494584585956	0.534919870472766	-1.01608907092043	-0.966163011973481	-0.486272204147622
-0.035298944254669	0.843279874165551	-0.899373130653325	0.605331448957992	-0.177692279157005
0.472089421526295	0.866921686157792	-0.575591782330671	-0.200031210303922	-0.857888349605876
0.291714828128031	0.60583788098447	-0.827260774417138	-0.787792997241457	-0.452946378453257
0.126103173237441	0.259296114828926	-1.18371575001489	-0.0878217333435357	-0.659917131829098
-0.194488848285986	0.742922090727081	-0.695816442697824	-0.885963173344802	-1.06562042265445
-0.103386596528674	0.268555203014375	-0.991015214083971	-1.82360092183897	-1.12693922676724
0.0858729298896304	0.237563347702184	-0.978232484283644	0.123144757358629	-0.893373326765826
-0.491305363872021	0.034960074723428	-1.06051290498089	-1.38066187751874	-0.476463437070412
-0.0468771239649442	0.0101734698218789	-0.0299123309343908	-2.30552107228363	-0.436130224049017
-0.200651631883443	0.306900785910622	-0.140898093959055	0.732014907919897	-0.34730534394633
-0.18403900301198	0.398972950048486	-0.216861442574814	-1.32511699371301	-0.220468328235149
0.0404715242857131	0.260422383689657	0.00523391055395862	-1.00604110639774	-0.34675413394701
0.0601397142587103	-0.0071484999691747	-0.184437749144198	0.952689236006382	-0.246921679606471
-0.544250726509263	-0.454971402986566	-0.0650172963481325	0.286115526421894	-0.165545659390979
0.332273652396815	-0.332576721420216	0.090549584074651	0.318131898226176	-0.0891490818576616
-0.00311560216756156	0.0601474269661015	-0.0236572350334804	1.77782431191997	0.559008411417567
-0.226024044793442	0.407029376394175	-0.271754841708144	-0.694927332796266	0.29603080780454
-0.0149605444508363	-0.416624581479221	0.51470913076264	-0.0193401781915694	0.268023490874106
0.43420139911203	0.56500676602596	0.71652340842299	1.42104521768123	0.217011259578827
-0.197262282039606	-0.500681327229918	-0.0117914694196808	0.41067710752543	0.0964551642709544
0.0199093437232843	-0.353684734022607	0.142936060435225	-1.77788518827349	0.291620299719222
0.259946078778114	-0.0813370275011749	0.430443924357748	0.207267424055001	0.0998629451055546
-0.282678386760446	0.0638934868485242	0.365663936816219	1.47936074091382	0.713874664918255
0.0816938597255869	-0.519019551976032	1.00841356604914	-0.783106847693732	-0.417695705299458
0.0496949960968021	-0.114981993464304	0.215227124589816	0.650064073366348	0.0598649029201202
-0.37268372631571	-0.0893143746448946	0.71377222281802	0.478090324699482	0.647218482947974
-0.261319759890396	0.0841824281693849	0.37916978674304	-0.74901696560642	-0.276211147003734
-0.201607177766647	-0.29388989199414	0.847225085666766	0.321096419682051	0.759581165380297
0.403965712127592	-0.472423892903271	0.0857366670993298	0.26586806083105	0.357085318986578
-0.314083939948677	-0.0110035874217815	0.655219298136029	-1.52298199715124	-0.0926912928642407
-0.0483227006502777	-0.13105045902596	0.703904608738103	0.382862252620786	0.795736514152924
0.0783293039491342	-0.529503052817219	0.907517945477386	-1.01213679626728	0.125106194560439
0.170205117654935	0.165447508447166	0.314313137646592	0.874108164874643	0.42275536930242
0.0242387105506012	-0.429668617109166	0.52564209093489	-0.304496563668951	0.135534859493834
0.132455208926092	-0.303833402244051	1.22537966936752	-0.313337908329436	0.474421049178787
0.00346608636497678	0.0361267074018096	0.617139173741809	1.51518398217411	0.302438769640465
-0.454372628481854	-0.179222317243528	0.479277484841392	-0.0296097310162633	0.199559684478725
0.430500005077358	-0.56357583948342	-0.0587955238041392	-0.22387779608515	0.408761150543918
0.334155403626706	-0.244996954318359	0.117309575068981	-0.419800829471792	0.317162298357479
-0.3871593500845	-0.154826583474293	-0.142012259427718	1.79426215635001	0.390063433059723
0.186214155553621	0.191684373658609	0.00100307018802346	-0.84247290458293	0.51153501346433
-0.127576668178125	0.197370748737435	-0.456734718665207	-0.948847889551859	0.313567732405433
0.433384066719204	0.217663035134197	-0.237708195375675	0.309698318840304	0.871893718172542
0.230193147216076	0.500391102485498	-0.45240058396119	-0.160386895575792	0.422159237672703
-0.0955659997866149	-0.0107106481055934	0.133123335919641	0.372608222928635	0.2078639290527
0.157903759623551	0.0564511040655333	-0.761000275632173	0.987834855986103	0.361838018796733
-0.550461837456974	-0.289131442521187	-0.398289762153952	-0.292728318858632	-0.343835415633541
-0.589465999142854	-0.297641284015059	-0.733662255955632	-0.555360873711693	-0.0150475184980405
-0.408846818181824	0.566546835812176	-0.248055824195507	-0.459307681074479	0.0695287077781052
-0.379183893855673	-0.109616185338015	-1.13431857941361	-0.00923127143312466	-0.666612759577724
-0.777235427851454	0.0593924455550504	-0.84709726146993	-1.18144975209063	0.505503592086922
0.0224149675012166	0.232171859038463	-0.94619037518775	0.928141547974268	-0.233587278350178
-0.311075058901053	0.0870505209714348	-0.921907160710032	-1.19554790139382	-0.0871262188641196
-0.0438298302117415	-0.147388037099103	-0.756561890826249	1.20660544542056	-0.0986968011137432
