0.399284250962154	0.899377381694196	0.937592061462555	1.75656868850346	1.67085902477362
0.431654322134371	1.02557396885791	0.162050602724436	0.239805451988291	0.775136729461911
0.308122729435998	0.676953503640847	-0.332402933701335	0.105489155003448	1.28458237978877
-0.324085647955005	-0.329883966929582	0.0714278018904496	1.9242364089275	0.340629268038108
-0.301396536343362	-0.145120294576423	-0.682204354813704	0.298647550844994	0.176605779523076
0.246803449750271	0.597672970248192	-0.146384020672644	-0.588643676627938	0.465872728308204
-0.564970712447129	-0.341205050931486	-0.199038020886215	0.0398143060217838	0.255124764241678
0.0286282254352019	-0.251982636393742	-0.458534928508119	0.709794267772475	0.191807127170141
-0.20895333778049	1.1270756967396	-0.660589916628522	0.605836334539285	0.611337206095177
-0.0326274482590658	-0.716637198438796	-0.62107235909542	0.282817773583432	-0.226120716765565
0.0636087255418134	1.23393981210028	-0.952170222377148	-0.338318028413878	0.0480703781879548
0.031697703794831	1.14916487982872	-0.717972207060541	-0.73879960205776	0.155941595652233
-0.530221658175532	-0.125567978775475	-0.0106721466807102	0.31075570874537	-0.129611719231479
-0.149335021845508	-0.127058962819688	-0.909968206404763	-0.0718667828837917	-0.145001971235869
-0.0076288723253538	0.796694414398385	-0.432121756169466	1.02448295536653	0.486045803197475
-0.096915208173002	0.410224167963511	-0.151845309211563	-0.281086542889823	-0.0991345239565791
0.394433066593918	0.262481330342468	0.161108132772951	0.0355707162387982	-0.299490063027906
0.248917528963148	1.00117792557037	0.00386376162422808	-1.23016201670843	0.249532141188859
0.079242030760461	-0.265273317646517	0.277913897058072	0.886196622228312	-0.776630267459493
0.182537480542741	0.58303044132566	-0.285419603595042	0.957824135388695	0.200243461363448
0.199143508297116	0.710918301339297	0.56851081809439	0.467407952005466	-0.072645375573515
0.437053464696924	-0.191425269587975	0.508391326106258	1.05188763622692	-0.375684354410071
0.61454002555161	0.97453945278009	-0.107408372721999	-0.0505501621596611	0.512781658842306
0.586903403047638	-0.842591143457503	0.45534632981357	-0.597447956288645	0.135457810065184
0.465742982620021	-0.588929428455772	0.481182567587203	0.0178176657213903	0.313260854633064
0.831980844428658	1.14768184601451	0.0546379272489722	-0.4503511471893	-0.0919163127861226
-0.225492322861746	0.27979437718683	1.01967067999454	-0.121843212295764	-0.878782830658946
0.287663387514269	-0.24605550110246	0.496736854149341	0.852411893750964	-0.380024955351725
0.270288943636628	-0.0776828420296716	0.286261318851288	-1.52121953544937	-0.408650182946814
0.382361271665481	0.356680485690741	0.457907755124231	-0.398576909504535	-0.0450174631427513
0.895831880311938	1.13618302569382	0.262698680797608	-0.768965282715124	0.101661071977234
0.376261204464732	-0.0823637538667771	0.675788531315536	-0.113959656390694	0.153252995654064
0.281280464972382	0.209484855314672	-0.0240803860501065	0.00955276651839315	0.132340127460075
0.741146374279357	-0.115547260449135	0.149640981222291	-1.10676978498651	0.294432874335478
0.177688939256923	-0.192597600668172	0.377084368141826	0.576400326874263	-0.0522394271587169
0.222804288197808	0.0194187002963193	-0.595014143515019	0.820697872511553	0.973698419358775
-0.117342910447812	0.586682792501598	0.714343196155167	-1.37359185664542	-0.319921725567485
-0.485660887781091	-0.531511761060079	0.256376581200226	-0.127082272189654	0.106570086556841
0.0835223354816182	-0.695751524458267	-0.00659602889777319	-0.36459577465826	-0.0724430446638983
-0.172599964013835	0.110849153032153	0.416656338443572	-0.973709781954953	-0.311836043407082
-0.116828842577007	-0.65782206897261	-0.272781094303895	1.41138479463797	-0.0683630764650956
0.0622930775792439	-0.30387341854203	-0.580586725582195	0.598927516332489	-0.840179174114564
-0.27727232013872	0.308041852837039	0.0780587082794958	-0.557445669542456	-0.0431578145925819
-0.239445311025842	-0.0637931434252935	-0.176527394669179	1.39131028949989	0.146585222845455
-0.0943973384392712	2.16607969996985	0.21730228615979	-1.06098893204287	0.763551983800567
-0.275296663588476	-0.572221532236363	-0.13198208432285	0.648283314084291	-0.209831147698129
0.409165817711705	0.316420393127337	0.154144233562262	0.840115557982653	-0.303174052182158
0.544194625095945	-0.292605227698687	0.269504491153584	-0.490842554656215	0.222984608243929
-0.29345036728802	-0.424998335398578	0.582361203114799	-0.834148402516664	-0.124527538918478
0.33335290560517	0.322338094645551	-0.497045263666996	0.48608881841139	-0.423224650812573
0.435027235744303	0.259018719028276	0.216894913824471	-0.135020892957597	0.0187276077126715
-0.0799305975899023	-0.334292449284745	0.136306243676757	0.462694347307702	-0.137485413651311
0.394444390419327	-0.124687808757227	0.603368346694554	-0.610525175642399	-0.0307583901722934
0.203066615694433	-0.868138266636863	0.0228500480761687	0.74873645049327	-0.416818133046931
0.461750432868961	-0.592359054522622	-0.183456167298586	1.04230901298789	0.463195281862416
0.27287437183327	-0.449361488470032	0.140620177808432	-0.597852657171979	-0.365217799787398
-0.227730217547385	-0.152077912098644	0.607982514415639	0.653656022837792	0.0833095856228297
0.814204574472023	-0.766083075581815	-0.211425943421334	-0.132886003509084	0.100152814394599
-0.399823698032391	0.130180518855421	0.510674522763932	0.547387999488507	-0.794655836829126
0.182120702939138	-0.7336869676245	-0.11857005520978	-0.403966163951773	0.879104043661212
-0.155875789456434	-0.217162947987025	0.128677766604112	0.86659864355773	-0.0950277390474792
-0.324064489541996	-0.143331337164163	0.443373911666486	0.0151571717737309	-0.386326869264868
-0.42674663570164	-0.165120277894865	0.65411575989941	0.1761994110775	0.281473836714743
-0.0680250971366093	-0.20059713342045	-0.0574459530183161	-0.338480973629352	0.504574990192979
-0.544969887975534	0.0775926169652795	0.514570771141464	0.696623864455024	0.64728740133981
0.293007278661655	0.448284950240531	0.345508300237019	-0.0946311603937765	-0.0460476616637934
-0.45251536977245	0.241497300342447	0.310169777842596	-0.404519549244367	0.730720871543127
0.288937566078258	-0.211390345557716	0.454581930534782	0.32624334128623	0.17994931266919
-0.572777351948111	0.893484450082787	0.0251017198482138	-1.56205721037509	0.472023000287428
-0.490097129859478	-0.466649907713438	0.00584121458317613	-0.253697131792287	0.0270290435647391
-0.462108769330169	-0.448652001443015	-0.403322821749659	0.64388150895488	-0.217822216463382
-0.521030485246175	0.291255780847447	-0.0356327223245031	0.630631259674523	0.430915988657916
-0.278203669535883	-0.473328741327989	-0.239585600010007	-0.794824284475722	0.0463284146952982
-0.077238767500762	-0.537916419983586	-0.449896238831508	-1.97607942697087	0.0232054941094065
-0.151608408924222	-0.386177223260944	-0.0317058378039276	-0.5496565798317	-0.278735320309038
0.0743136250130305	-0.58457538937813	-0.995812356157409	-0.315233820470213	-0.663696944658955
0.0853113626056565	-0.259953993616204	-0.153772646874485	-2.17558505203536	0.409767425394598
-0.239878399311403	-0.910728546984184	-0.87053484618791	1.31086134536672	-0.164183918177918
-0.643951781215556	-0.35951489053416	-0.602333630502914	-0.36895493122063	0.0538753500343572
-0.523471189438474	0.104723832461776	-0.51469344323063	-1.67139723709526	0.240918922139275
-0.753347266984602	-0.931835309667972	-0.820908463166256	0.543570426515729	-0.161553513049483
-0.845085796697783	0.569472549924724	-0.120176090355509	-0.19022329298282	0.448833423248663
-1.13414507968793	-0.94605337175447	-0.304218017069108	-0.209410729677123	0.656968154349756
-0.709158286889133	-0.16667074648027	-0.402324316275197	-0.424613721637034	-0.286233803771649
-0.0999590128226201	-0.493132121876066	-1.14300137624254	-0.264226956330066	0.860404662927192
-0.331139936229742	0.0577995496666617	0.409218272477561	0.261659395169763	-0.343409477247542
-0.985515224981903	-0.267959663221513	-1.11244967531434	0.912677368504263	-1.27550511276645
-0.0598823019897497	-0.427275213246307	-0.786754771120418	-0.311736815798259	-1.13381873525018
-0.0139622306842139	-0.345933421861173	-0.618416097191393	-0.284761365506568	-0.272962303477275
-0.407756263387944	0.219831427834711	-0.492951545808513	-0.118616818353255	-0.39773489320986
-0.266542963946943	-0.170836565569414	-0.0852985527281345	-0.354770691809834	-0.0848702220702397
-0.141581464080821	-0.256634727914494	-0.317953920594267	0.855566294304949	-0.729483180120746
-0.148289190552955	-0.367033371544647	-0.452786044857429	0.327435021163698	-0.0799063157881669
-0.0908570651894251	-0.280728401400393	-0.183378984045374	-1.58977192321567	-0.254491425002323
0.234961454993345	-0.0700765884583513	-0.157083237393528	-0.981333301790626	-0.463762893964554
0.724886982334916	0.371928416273033	0.0736457910544886	0.423883098832821	-0.568513800786924
0.637216955261427	-0.367960461078119	0.0556328984411325	-0.880569145522488	-0.27720290956021
0.0048795362504875	-0.872528542936309	0.272698711587225	0.207707264108243	0.0327537183159689
0.407388381602598	0.378559435751352	0.0241465539768412	-0.212831340091554	-0.118648145491301
-0.285658592419209	-0.599062826511581	0.471415554238234	-0.686945158542797	-0.370084629046089
0.232410166449643	0.275312007359275	0.263177320249342	0.00978283022601748	0.412261464069616
-0.21941342811143	-0.449716974657272	0.698771071634342	-0.370039754021467	-0.539307831087331
0.0319517790514909	-0.0283617120038643	0.123307760751019	0.0744833840602701	-0.682812148660347
-0.12941015312095	-0.0785104352124434	0.348495744515517	-0.667879525906106	-0.350513001537463
-0.0667406212696415	-0.0881836133185912	0.0181953454058091	-0.659532370876355	-0.282676912218712
-0.466039295891476	-0.450944693641735	-0.231401476848107	0.28199117756905	-0.242252606938026
0.00613397741308838	0.340892426650969	0.41936302520104	-0.392169060585627	-0.39928454497088
-0.0657139252579146	-0.406886160335056	0.535722448433449	0.344869397128153	0.178326336288445
0.145566157302259	-0.951647279089137	-0.124336366695368	-0.547616502645076	0.153827378742653
-0.287805145470622	-0.177020709149273	0.36114330534129	1.02746302487547	0.525019126766697
-0.178871692074178	-0.104174149820932	0.207753584276307	0.297863263996645	-0.0375323453395547
0.169231834356366	0.339314669433332	0.0428318561771092	-0.0778319383600351	0.168313075993067
0.0934704711574703	-0.255743769852119	0.443633011159138	1.51462314489167	-0.147206534724062
0.516345511494094	0.498429747798187	-0.303988461374268	-0.43784602257167	0.446893213623143
0.202295803380837	0.06444623843281	0.601138230248371	0.171113542525754	0.0463163554481947
0.279528400238949	0.0546870105112977	0.310997972636613	-0.228981788449232	0.469776541089553
-0.393336996088091	0.147390874270545	0.0794295129006591	-0.464222829045762	-0.0100359257424139
-0.0758390892773459	-0.0522009145667739	0.255539608396678	0.578889482190459	-0.803597103767047
0.274244778186092	0.372380805355948	0.414329595935258	0.111489854463061	0.289927115482923
-0.179949923123962	-0.478433632527433	1.12806804961381	-0.355253716029203	-0.437561859799423
-0.0724346411866631	0.0971851650045261	-0.197965891659029	0.507883235640126	0.0587704979445463
0.28376655670829	-0.209722964612344	0.190438607597382	-0.368741278916439	0.278395740847942
-0.244987401884356	0.0728685062792665	-0.159278830211914	0.717432221169638	0.150465200252326
0.505401417818443	0.340958229230149	0.169248234048102	1.03229118628199	-0.235404897354899
-0.279394771068189	0.30554498363257	-0.0710597675572916	1.16433270954432	-0.111485024403458
0.647274843701654	0.158425620499301	-0.754171580670676	0.743050238932875	0.250627338561664
0.0139272288444897	0.456802679415758	0.0991947210237968	-1.14239854701349	0.00508715336404368
0.981856403427744	0.202344633144851	0.093347038841292	-0.487176088011131	0.143755634730111
0.0905283444572635	0.34897463367292	0.273755873350694	0.502467910952495	-0.258931684974745
0.446093021343343	-0.0744084578137353	0.022915299257516	-0.479510168371743	-0.784051958926999
0.461768400190027	0.372459692942261	-0.139480402079477	-0.179612075168364	-0.0999327700705025
0.102023477529096	-0.574860403871294	0.133986718010638	0.305358156402233	-0.705840715393339
0.151376944893492	-0.550775898334905	0.195742028716893	-0.0960939112711307	-0.0465162783686027
0.114778276601255	0.361468528505116	-0.181111852101278	-0.743160842230927	0.5130355638857
0.308157442151375	-0.684872501960351	0.441600042428211	0.881583037073273	-0.536566336014368
-0.344334785704563	0.380815944939006	0.388820912808136	0.00699445393698325	0.448900275146436
-0.372701295068146	-0.514885676235192	0.577490488997399	0.456374316930569	0.0600296455209806
-0.283660256059425	0.337743765699467	-0.165876245248109	0.0571727583506636	0.654749098465741
-0.0795234440411592	-0.325862083038477	0.83583116646731	-0.0106349950993199	-0.510326535089499
0.217204756946277	0.523498808084942	0.467262324711515	-0.0341873944574013	0.651445408106911
0.251219870956913	-0.316159726825098	-0.00251446823072776	-0.0467070996014209	0.11327058652672
-0.350789001135624	0.442431243513561	0.873616550483717	-0.528312119356499	-0.544171567641515
-0.230996559175641	0.40029845507999	-0.220425897357083	-0.950580752476394	0.200106019557286
-0.32545961790394	-0.172395727661567	0.291636067204347	-0.419156169595598	-0.107024002910565
-0.692378377398114	-0.400996183231573	-0.0486788554783157	-0.78445458177092	-0.0340747881303206
-0.632336737920523	0.398130632114368	-0.128971415905756	-1.30290924338336	0.477739537662866
-0.7625936118518	-0.284475803044961	-0.300566345922182	1.01051911387597	0.237417464373961
-0.359281555422108	-0.426944373776467	-0.570013840058097	0.370480138402108	0.638604809110544
-0.415649914523406	-0.6129337531802	-0.251787189676488	-0.69013944329431	0.150431763884114
-0.832834694991634	-0.974699370215981	-0.823894343656018	1.47581148297028	0.985898271154344
-0.467297620281343	-0.236109987919889	-0.875140765148421	0.375993699622704	0.891096272192569
-0.159561819374996	-0.544841258427029	0.100203899284173	-0.053801876935713	0.0141018996105621
-0.667151884737741	-0.373818992674695	-1.01367857549756	0.287104497768641	0.524126510360319
-0.612998059675932	-0.0789605882151505	-0.735576012888747	-1.26272860110243	0.101575974875906
-0.58255260699972	0.272548058445884	-0.353190917142722	-0.653598320611601	-0.645585068202038
-0.413453588185913	-0.719625751977581	-0.494906115040465	0.327314569008236	-0.70174118709169
-0.0671782030286651	-0.148043472997037	-0.202576337384789	-1.47543465732716	0.187948820037984
-0.208144277560816	-0.173796091572475	-0.428528835853319	0.114328514316725	-0.0520960042326973
-0.57839135146386	-0.0212788650436447	-0.177257674407378	0.708857313910657	0.192874868879616
-0.156423064526602	-0.187582525130399	-0.398769205245344	-0.25299682442806	0.394043166381594
0.131382281111246	-0.459681862519117	0.0163887065400788	1.0476911361679	-0.570531262296904
-0.231029578880743	-0.474648005781397	-0.224818795554957	-0.720360252538158	0.192626662135517
0.0226460136100235	-0.573489600230585	-0.595074912582874	-0.389955897384064	0.315910000008677
-0.146761005643901	0.00215141749416367	-0.674202716223523	0.549986918408541	-0.297036288413368
0.208710278628793	-0.178597721411739	0.392511742587085	-0.19313396658598	0.210847811026811
0.173500941829828	0.0302755314571632	0.39717489924939	0.759958672424618	-0.781901915582035
-0.157463573910792	0.168276634131923	-1.09953788371318	-0.152319731793579	-0.350335180861006
0.066551546089537	0.923412272255544	0.368248547731358	-0.0385288741277789	-0.52686300570365
0.513313267898564	0.535412790545769	-0.418587813381897	0.539703067556519	-1.01877268111619
0.520362259008759	0.452379438743166	-0.3163253348132	1.57555415042134	-0.0326042786344656
0.673248334381734	0.268022507504403	0.361513619960401	1.23857145037894	-0.819186640847717
1.02244343010548	0.536983750978755	-0.405785656779359	-0.0626425979264792	-0.0903393837169961
0.513170341472832	0.170669657547442	0.200636997523629	0.409886987603545	-0.718742120998016
0.947840502631563	-0.534340647598755	0.0684126528635829	0.0409818242753992	-0.931891449748426
0.51869921179789	-0.0728393064220071	-0.257120198121228	0.767357300553126	0.528252255782707
0.192585733357793	0.199792629273995	0.0044070490387331	0.6656317186308	-0.0574193765150855
0.740161514283255	0.487398613503209	-0.0131593572615932	0.177428892327476	-0.506367397269272
0.0814447185575753	-0.124614934397864	-0.188176289158497	-0.450660648133312	-0.0402730139939679
0.710936718051657	0.500737743188178	-0.0656169339609477	0.489727751898221	-0.286319223360317
0.139989206664712	0.687350624512377	0.358203363568638	0.41624171354157	0.0822059026455451
-0.0506616436535259	1.00244936280438	0.33312121200714	1.09646657179591	-0.56540794535775
0.3746629867435	0.291901699518468	-0.174779183123559	0.0563211412114044	0.273145467339234
0.375588380985191	0.0859985166272804	-0.197589291991719	1.75528008045932	0.457973954091999
0.171879283237786	0.706583685622895	0.230461130127	0.147992199913712	-0.458468677782743
0.174005812372045	0.689064374616593	-0.0369582707645758	0.312185626899134	0.380926206425735
0.243710545254506	0.456484415800454	0.399736872680539	1.47681047023539	-0.0991097004743847
0.171580366103781	0.160770659909107	0.0846737930269214	0.37923910280774	0.53016702446998
0.27357730165618	0.284959810874354	-0.46200394507784	1.01267927027858	-0.79080000029358
0.288712321023156	0.617773727611527	0.394242361998185	-0.305552105142124	0.104740879713098
-0.173156711154028	-0.298720900873242	-0.0148871884744099	-0.287815068301703	-0.132314330630992
-0.356908534809921	-0.459985605617813	-0.186288984508364	0.466457348662701	-0.714919972340901
-0.0733754570450256	0.748957872869543	-0.315355647626189	0.422971376778075	0.0395594354558098
-0.565452724279373	0.0627050586103077	0.874247580876218	0.666063765648703	-0.861505759691496
0.362321942489015	-0.349538643730722	-0.164340526558485	0.162992959343618	-0.118023518007282
0.612391069884777	0.764210340820849	-0.0574234233846234	-0.0916259257104504	-0.18026690043349
0.139086936521604	-0.349608133113406	0.25206195958651	0.516996141576722	-0.369979674295565
0.565305587494649	0.0698030383011147	-0.267464293594116	-0.651327234158218	0.551947085162787
0.197122927396064	-0.0769405907803376	0.649031224401988	-1.08046671135777	0.179035870586996
0.131979314556485	0.579251659363097	-0.0630431978399948	1.21529487291963	-0.273720983531613
0.147310930705619	0.728589924391977	0.214632829674389	-1.43662273104032	-0.365867395390504
0.0433675297668916	0.219063211045009	0.137868969944251	0.0616274075653606	-0.412071070888692
0.0702780599289032	0.376222433074821	-0.123493122187074	-1.38435291875884	-0.0208651655021199
0.639862480082527	0.542630636245365	-0.0674598619524564	1.17996190694029	0.188081110864169
0.414494876117261	-0.143931288193639	0.207790708919657	-1.29737597393984	-0.356923077915113
0.547403092086277	0.592366308967001	0.290746187521496	-0.262689329492261	0.319192380711473
0.271567436225644	0.0170590394863092	0.79203885624592	-0.194511340479098	-0.0731287869242696
0.390886402883944	-0.540572435398527	0.510170453997849	0.0422047252953127	-0.107990435938772
0.2159252651126	1.00101536217724	0.85775761625673	-0.773009905952101	0.215093585205497
0.320355138361568	0.412684578589118	0.188555192480926	-0.605553630928868	-0.153562529481605
0.407088998694413	0.143636080901726	0.514703505965745	1.63546669382478	-0.486587394297901
0.0036335236464731	-0.167175020993356	0.48900101975977	-1.08007657073179	-0.177864710904279
0.0121821570806013	-0.72833231733399	0.454885044191793	1.03199622145727	0.554150289036164
0.455476433006825	0.266945591722272	1.10601448915388	-0.33534256795098	0.958802194831449
0.341871562202449	0.877612029111124	0.678979844382764	-0.36337425029057	1.02117867350603
0.730596241218108	0.0409270458661644	0.681246662795837	-1.04500813185619	0.520134142464101
0.63262801389495	-0.116819624301307	0.268279635343795	-0.583460139151741	0.833654174861556
-0.297916688363528	0.461378057485997	-0.0631176499978718	0.347791041448939	0.333366372849936
-0.375914282977463	-0.265146895928747	-0.220643894676012	-1.21692644905673	0.452061942037387
-0.912163709074736	-0.450287095768356	-0.550614150164363	0.301602669681029	-0.568218954782655
-0.547639611863179	-0.706798928558164	-0.294397778154981	0.0733128628581005	-0.34687363137926
-0.795523091621461	-0.908633475657443	-0.448586287173393	-2.44732395144014	-0.205770774494405
-0.697281363777408	-0.75415511510434	-0.342612716156585	0.274697605951474	-0.298338383400247
-0.528115673371546	-0.696911038523133	-0.184694454754558	-1.08942360200463	-0.126496058622613
-0.642994509302968	-0.985333108850461	-0.404595321552664	-0.30778609971026	0.492297676624078
-1.04801665229343	-0.119282407453329	-0.267918549466317	0.187968835621795	-0.233803858703967
-0.575329998374614	0.366300774612384	-0.762596294668499	-0.987117103874314	0.478178286364375
-0.162702256671649	-1.03355698718049	0.087354993878597	0.0964702750683975	0.641335084806914
-0.727660081159596	-0.7355146414394	-0.751101668634588	0.0254346829454146	0.259195514870249
0.0595372814854241	0.851879365744289	-0.019058998355231	-0.339711573905028	0.293859083152023
-0.321017829229621	-0.795400873915809	0.434466551818146	0.230571518219814	-0.146865983579467
-0.232780788752222	0.227954173791015	0.248436244085263	0.742510779045799	0.308881814952355
-0.16855051835411	0.636140225316688	-0.472565099067719	-0.669652565486586	0.797962534439966
1.14817357838839	0.775474339611177	1.15444912284678	0.770959243920426	0.931043638763057
0.22326996801167	0.370563435207211	0.899601877738974	1.08920127001218	-0.333996327694596
1.16094482851337	0.492711471475144	0.404333089875012	-1.37395159750998	0.637318962370317
0.190699862216507	0.170138096158071	0.499048690253913	1.05660290357012	0.14846646499866
0.38447926304108	-0.0946164489104908	0.401241384624474	-1.85384637403656	-0.109613381365586
0.708978035238804	0.142775732291112	0.0145671847549463	-0.0302695100228145	0.541227889826896
0.024543229373929	-0.626180396788629	-0.0479170405992343	-1.00197116071078	-0.9777059414688
0.230270271113078	0.396331441050747	0.501289165493614	1.11632452248835	-0.157228533087796
-0.0781037417718744	0.786358411041004	-0.00864413984471449	-0.160271838341445	-0.259396712782357
-1.0119479601773	-1.22649453286846	-0.901116155983364	-2.97164595145474	-1.42217074920219
-0.90965491825471	-0.345386635386719	-0.594551345098577	0.423027557528257	0.117611016229246
-0.588402831489972	0.0814788024959242	-0.924428822409159	-2.49912984434847	-0.480602274328171
-1.04623784727755	-0.940038697213651	-0.850404696933551	-0.607279918690173	-0.971830766034884
-0.709024816541904	0.25574254346209	-0.990155730349802	-0.854759550645531	-0.208045351614735
-0.0952726659655706	-0.533209286352651	-0.18432924214861	0.0324841801262495	-0.375179541766818
-0.977667566445238	-0.845885894906898	-1.27724199515433	-1.28604656554461	-0.476779966338285
0.183879602814446	0.292266224944185	-0.536043894888883	-0.31348664424042	-0.291360751186967
-0.840618436717477	-0.831001046272548	-0.393434889074502	1.01512841484439	-0.433495111347706
-0.136676120033034	-0.380030187663146	-0.343634043443364	-0.0935276551474352	-0.212873251618046
0.0389913345956713	-0.0456487293740224	-0.0960539600688576	-1.10182761374586	0.202181293297551
-0.422739968309453	-1.09834066258576	-0.16014130940094	-0.905731486939352	-0.632160560372099
-0.0947016041018752	0.342439188514947	0.371607583751613	-0.309830659925081	0.661325542523403
-0.0973931055148821	0.795785013515956	-0.0148873420935403	0.67638520968663	0.331616366940306
-0.667830838774986	-0.714326838433253	0.00828426169081752	-1.33392847198872	-0.697294103113713
-0.067719381030453	0.204307319511511	0.573047711744194	0.304439545610782	-0.118031861711222
-0.419304505757298	-0.14836240736599	0.204993517317656	-0.119657446866073	-0.220511141248281
-0.192979995983679	0.0841277217279934	-0.157194156317837	-0.467988606212452	-0.501382492550452
-0.198876027086457	0.806394082996893	0.447977725198548	-0.305103437530203	0.767096686290911
0.0573415840310748	-0.751284513984561	-0.0203059514977328	1.20829641498369	-0.0808472011184687
-0.368610682488008	0.747110115954481	1.27568542643364	-0.422742319876383	0.813926459143102
0.208400999045629	0.274690572883473	0.60105512754644	-0.460632025724022	0.885368431496342
-0.435844458903062	-0.0803037342832367	0.250390166619572	-0.42740983330098	-0.171339478668758
0.199857788367859	-0.164376134098004	1.61636870886994	-0.484698413210948	0.699891781501141
0.212251975015164	0.443196628842464	0.580058565827458	1.56793082892714	0.484487257799104
-0.326463890489212	-0.285508074106379	0.296232018994233	-0.757299093747013	-0.842479267281317
0.241400369621997	0.186688730130111	1.05480895671075	-1.86377188422853	0.892133784743965
0.0732603896649584	0.466856844145651	1.397186029381	0.390975534011261	-0.864526976228811
-0.212861843085861	-0.201357648544009	1.13667052096903	0.558195570686324	-0.795052527459292
0.352631848383749	0.78532533978472	0.331642347888533	-0.194949922683382	1.05080628551984
-0.427270490840965	-0.11133546748293	0.392135549996019	-0.332159548502749	-1.21402790896538
0.0193199724888641	0.503390788372823	0.655528504693121	0.752831320084537	0.608600709715236
0.103590821721683	0.367509812432978	0.0271598844658013	-0.840068752636733	0.678049914038135
-0.835892196147512	-0.22961966952092	0.225741012209279	0.268871886149699	-0.299210068772859
0.214011762552686	0.427029655069074	0.282583777985425	0.00498248752097666	0.78650785658388
-0.563385484163167	-0.215141960367625	-0.0554012039601129	0.384443327162877	-0.559165504800175
-0.334014840415751	-0.692030795227706	0.0107356276711866	-0.819042778042144	-0.886905080230644
0.417183106936478	0.71622705530414	-0.135045496336969	1.0818234019745	0.847765587209575
-0.418776221453506	-0.738662821467713	-0.573184349462808	-1.68527099639227	-0.398436019723463
0.0613526689114578	0.696697383362326	0.240792722394593	-0.654160711073201	0.266703502131282
0.469453889472507	-0.202356992017561	-0.439886161816865	0.373842041460051	-0.0378143367961031
-0.49780467693789	-0.473303085051038	-0.384179985795764	0.702282189172459	-0.565228668365508
0.35781018640604	0.83937951883627	0.202133460145138	-0.453212604300987	0.675815423662589
0.0143747590813212	-0.148158380730428	-0.124374175354874	0.0728310866687062	-0.523854955123929
-0.0906589382245382	-0.496111232904092	-0.053344258989421	-1.24516271558848	-0.159736658340106
0.468434772028475	0.590782081672005	-0.0425587420753986	-1.13994697231283	0.310441753862203
-0.0719155005331531	-0.413054244018985	-0.579715504323487	0.684898667434078	-0.88892510086094
0.212493978829316	0.440584249984183	0.178715676936106	-0.853194196790054	0.31992447309155
0.0646132710324737	-0.41499041651597	-0.0371555169012171	0.858165720455124	0.167129504616456
0.0321970135766056	-0.138410910483897	-0.2673727737422	0.982758668629999	-0.862167696905515
0.329429820588512	0.944548498263709	0.119099356796087	-0.302366040101109	0.916315622675261
-0.386309451274507	-0.48294424920051	-0.392809747853019	0.386778360328312	-0.469247421289256
0.119089704278769	0.655373400324728	0.203591795466071	-0.139824554106632	0.795025148555031
0.397986821038145	-0.588455262793484	-0.0291011476792717	-0.280198579407819	0.620616506111815
-0.121162678043517	-0.501321688678892	-0.144871981204368	0.638020990438741	-0.503875604081024
0.642739521571129	0.53188426745604	-0.228182889078573	1.05535422975923	0.570028131485174
0.414092894172192	0.321584584358579	0.834683906751067	-0.388114082756331	0.075596459772799
0.711161740362636	0.262544184605238	0.767643328235197	0.78623764137871	0.368646815924013
0.301334696728381	-0.336871472127974	-0.457159627933227	0.654094750267301	-0.38092260699724
-0.336897033181186	0.0172074373463462	0.143598679256926	0.50697077947464	0.0894755440759038
0.682048115971798	0.233414009988876	-0.492494826343774	0.655544190552117	0.781937119902128
-0.671407056066431	-0.353785788253503	-0.446162615808402	0.534101372559986	-0.408582146152622
-0.176748063413573	-0.189681705489885	-1.33258577075645	0.315760558436667	0.576995824737877
0.264661882937256	0.363827281959844	-1.00486897106492	0.148854096811018	0.84159144131533
-0.676979862055057	-0.879255423518864	-0.784911631204281	0.453086878380314	-0.588852649076994
-0.203175396273849	-0.699519739548135	-1.37924149082848	0.498113360930168	-0.271472570365363
-0.0156665623956712	0.622523617658701	-0.419375378497132	1.65321114607767	0.539806420585563
-0.875380871567496	-0.550077809022977	-1.08744409931639	1.64248740629993	-0.93726240361114
-0.352975187141517	-0.200876448658293	-1.4579838612783	-0.179653318768353	-0.107366509481177
0.052592801747727	-0.183159421115653	-0.774082879505011	2.42447990673548	0.0608721617179064
-0.680323052547893	-0.138360428842116	-0.976074014643566	1.03306512520221	-0.525375004462858
0.563698231779404	0.179322982132433	-1.10041712218611	1.06194934548057	0.271530222414866
-0.465482432208324	-0.453239745358348	-0.590345952578049	1.23330013164662	-0.223073613771373
-0.232165927308939	-0.134650977877006	-0.803238492290248	1.22295363383444	-0.0938170585590985
0.395884613506677	1.24426145664491	-0.345136241334247	1.60506498061091	0.89511279506701
-0.171928567051843	-0.127660490482396	-0.729790590593777	1.51048075455603	0.632777156324124
-0.568364277611199	-0.346189550412056	0.256841285133456	1.86829162800475	-0.0349434425266953
0.852091028902911	0.467902593512949	-0.620993429212051	0.383881068459948	1.04494119568597
-0.408111931015749	-0.147991728192728	-0.762937681949948	1.15013638029432	0.270052872757261
-0.460977659477767	-0.737937786755202	-0.442496872244591	0.344620808360171	-0.324677997516719
0.711311607644018	0.510963419877824	-0.483091404135057	-1.16325152981189	1.0744688937087
-0.0888854290432791	-0.677809674764715	0.052983932125372	-0.623785596272549	-0.198627603487131
0.307690096694221	0.414822923760199	-0.00977430684392097	0.676053377138436	0.496643917788399
0.916039379390069	-0.191279442403994	0.176670259086163	-0.0196135380212174	-0.248232873251661
0.0611204231955727	-0.207581335582241	0.535410119560485	-0.121481674950979	-0.143645207176186
0.448800344379692	-0.113808341277539	0.678218930255494	0.750679425647079	0.308543230224755
0.83489151196497	0.187102061077837	0.82302172614135	0.529349441478238	0.101970953284915
0.146515755442674	-0.640972799791958	0.468667213021896	-0.196566307331022	-0.835845562505809
0.720039551994955	1.24010866179496	0.633507303728399	-0.430033894283055	0.73149365782323
0.67735119855315	0.250971153289065	0.373018244191865	-0.74267621468969	0.00621569065823847
0.0595944813358166	0.154630769046145	0.516119863098948	0.794533246439398	0.0434867818716336
0.983191693908296	0.251017731750735	0.111071039272814	0.22180987852454	0.566180075247562
-0.714888685798788	-0.513696188627737	0.518814979391152	-0.834227713634042	-0.783165300433906
-0.0559302714782597	-0.365992734887896	0.304873816003751	-0.571807043789965	0.0931076428215808
0.429977444878027	0.537561489868865	0.580574110956181	-0.203750750996747	0.201212272649449
-0.333717537757407	-0.639530997694745	-0.0364197694332911	0.535220050384083	-0.798249891429501
0.353614478800493	0.390569974447549	0.276440625904455	-0.749154100457838	0.339202660261047
0.138418254683623	0.0170279771102673	0.485728793101863	0.635231385979939	-0.686766280591308
-0.0531876266007573	-0.162304170026399	0.29027046501313	0.0709408571174357	-0.222961306030745
0.606478323071835	0.691226963944469	0.494886901293245	0.210509295061362	0.530234686145037
0.0614076549937567	-0.000456549787280251	-0.0731883442845611	0.430826205433107	-0.0140714474748914
0.375845982256616	-0.115067640930053	-0.049937001824768	-0.848316202162812	0.281154454860969
-0.0182697061897658	-0.0615844863119482	0.0610230715049834	0.270199773247849	0.429600158290999
-0.111240606281643	0.274306625633108	-0.255012284582326	0.725261579648582	0.288059931909739
0.0959907554664395	0.389053574839311	0.776590627326104	0.476570460889997	0.207505270610393
-0.16454471401918	0.0938121730551243	0.450406958685863	0.872948941200241	-0.264461267776261
0.316562324635691	-0.471828193833775	0.347145575164365	-0.277279147476893	-0.348309874066764
0.405328366970489	1.09498747754877	0.284076270656011	-0.312348159802882	0.612122784799607
-0.0699974396719839	-0.264637619540439	0.131455133491757	-0.323994627702726	-0.787392414502616
0.49756619665923	-0.137177168679848	0.430622738779828	0.622012070152013	-0.234587356104631
0.251512035632299	0.0403817130630884	0.656847653642941	0.647327895440536	-0.126105113744338
0.455223203947686	0.0525277783794501	0.450297870819528	-0.621915348038772	-0.329073756612694
0.64574808204501	0.947683099298393	0.451864586336137	0.580351155221407	0.639225159377741
0.120185946245198	-0.0713643879164105	0.458793012337859	-0.423540101671639	-0.30174304791837
0.444388648936681	0.361471967225787	-0.108410937888437	-0.462249093462024	0.859021990289771
0.325664140167224	0.235410014504688	0.650823741947644	-0.896192222437037	0.422691678281459
-0.0230378257249952	-0.517093192529944	0.0892245205448053	-0.91259938670951	-0.427427673888444
0.68155153860237	0.270806027307856	0.140029480791189	-1.49689243367243	1.08228542767897
-0.0956730981152817	0.00651681561269889	-0.135973031209412	-0.646595143947608	-0.348335798130481
0.22532853966114	-0.377394417685481	-0.178100053562212	-1.1946775927121	0.23912736433372
0.288453026035068	0.0913403438746111	0.181181337482364	0.123601264921705	0.346572168188548
-0.499399737283739	-0.661165835047381	-0.248953334361251	-0.423070660740213	0.074590096898498
0.696941661372227	0.752314714733113	0.199032702719182	0.510017485481378	0.91890861139891
0.516446453172501	0.293975701228612	0.56858357067239	1.16814609581824	0.277667974406796
-0.0705474672417859	-1.08562943559233	-0.499485022042499	-0.378197663479789	-0.306669501189789
0.898358897985178	0.713391276773368	0.196820897103465	-0.0786760414688929	0.678499873862344
-0.329935263773343	-0.528825759863338	-0.133719043700712	0.195412665767357	-0.590353681456728
0.520041267850385	0.108480749493968	-0.129188716079509	0.848889230373144	1.05518394853843
0.280418738815939	0.374755875950906	0.23497385501039	-0.74495338186723	0.225299465315543
-0.221038992361577	-0.625349757610232	-0.618094718184722	-1.02355459421027	-0.156179164233368
0.36543459077635	-0.0385950604397182	0.000334063210630108	-0.127742891001889	0.402477050351851
0.385962415231229	-0.375458487556003	0.105781314996417	0.943249174864023	0.152812690642656
-0.324770943788859	-0.0367969842188185	-0.222670903042367	-0.906575041127646	0.0112964641107162
0.450415646230275	0.0271245670604163	-0.510194062450799	0.154132267096222	0.752080084817419
-0.286005092997698	0.254396920260955	-0.281757344590311	0.320825452374262	-0.134131497697199
-0.828754148363602	-0.280083539682958	-0.38589633345463	-0.0619809967281043	-0.0275351645759423
-0.0602953948614393	0.516471947540738	-0.40081170591007	0.949931480763833	0.231773113946857
-0.428150934020137	0.173031717681821	-0.446755037779386	0.123794027101975	0.062963630336863
-0.901416956925406	-0.361506607255985	-0.200141081210111	1.0482367398343	-1.14828839420993
-0.551642729109052	0.333099465223726	-0.440161744029606	-0.368796842013302	-0.49977117616711
0.202790329964023	0.264789414627375	-0.470744509709078	0.182760755695435	-0.318952270236818
-0.504153131901813	-0.29542994439878	-0.414594562714695	-1.26488465251524	-0.339955214854864
-0.244905408801111	0.429969300111767	-0.667052417985872	-0.0941992547821967	-0.272293520225858
0.117626119069021	-0.315869823689578	-0.122307273762343	0.319718873029518	0.416007809243025
-0.335475901855097	-0.132269896008336	-1.4349126657385	-2.25952174249535	0.124704852831212
0.0854632073961277	-0.275327626023439	-0.822435737940652	-0.128905538004188	0.556525840468821
0.098725469129808	-0.482348540585596	-0.355139593112408	-0.797605380990523	0.00988120276181601
-0.376806887385494	-0.518478724269984	-0.94302818603132	0.373836348921268	0.446283794123309
0.0937940505413155	0.194318897147697	-0.195684025541995	0.132668585422275	0.342391181181563
-0.553451164850965	-0.106025788446812	-1.09012399886797	-0.824460999323941	-0.611448641425018
-0.165298007722345	0.384045403537947	-0.865338773865237	-0.444518451009152	-0.346311544337316
0.131050903983573	0.0942217603267078	-0.907425047419116	0.533616676393684	0.0189119266455892
-0.457056908449541	-0.053483304519225	-0.65426843548362	-0.808321378613139	-1.45666048737159
0.0505694665812848	-0.238397450165134	-0.436551678271544	0.433563716308895	0.613818068946157
-0.118321328169669	0.623044136385122	-0.478060179152701	0.271190012808836	-0.135195070589906
-0.435222916901321	-0.403531381666811	-0.339666205737598	-0.00444080282633123	-0.715010223711992
0.29320031836937	0.422205846774651	-0.18876496124301	-0.165326086271368	-0.255576492837127
0.142769846531185	0.390631477678047	0.321954208633413	1.08368589944593	0.0651905720929296
-0.516796588794413	-0.520807969673492	-0.0344771631854271	0.435525480491519	-0.723245298009194
0.264308824785669	0.195017822793397	0.664626928572267	-0.979719906863222	0.835400455767287
0.311997499038086	-0.0654918858193744	0.661809170724023	1.45735593820725	-0.449949567833395
0.284657606720295	-0.201771809252595	0.460042411642125	0.947387220064344	-0.131062323428645
0.46283546717137	0.624319915668636	0.869486105016384	0.595016477535711	1.12049884087104
0.0582386626436994	-0.681695601777679	0.253856547068751	0.675641132182394	-0.0370049953538681
0.671608210384031	0.542741173222844	0.603573522846643	1.41651939279347	0.563989104720698
0.3830129667889	0.807029014827955	0.854539610754765	1.2010696578079	-0.156984007733347
0.0562089108867617	0.294159341528613	0.632634203741833	-0.688051789266359	-0.170556468323457
0.760710169947211	0.701594015151431	1.07448585594473	0.52349268150124	0.451635388867077
0.0932907377870948	0.0272681327592978	0.601488862192394	0.481489858272416	0.334007136093111
0.123382887585929	0.188108053173295	0.898637194225792	-0.268964128079162	0.131061631600114
0.497140803694911	0.413925710089193	0.76747208819683	-0.503326284035918	-0.201411533287735
-0.329134645052737	-0.767054162084093	0.194433287230046	-0.290696110598055	-0.269366965390144
0.210091670417308	0.205750573208988	0.697572850882031	0.432834900181152	0.46651296006624
0.179235171932952	-0.0137230783226899	0.134514765140576	1.00904121551042	0.0879890139603398
-0.324978394548725	-0.0696478733005605	-0.18746358813042	0.0340822887603715	-0.454547172673887
0.534204627989101	-0.152550150075584	0.453563993873412	0.674782960729835	-0.122180798690034
-0.955897358131945	-0.469549131320215	-0.283748652417662	-1.15674463932059	0.228583243932661
0.0591151630010534	0.158221619233514	-0.271745486000688	-1.02843906366485	-0.0498876149798963
0.192644143530382	0.00408812514997937	0.215793826349037	-2.12488038733473	0.41738145721966
-0.507607762325913	-0.266451797261964	-0.76497985714085	-0.731994663484233	-0.155724686633824
0.0518517538641171	0.380218844132306	0.105113240072663	-0.533977373992427	-0.082712811875534
0.0248973870262464	-0.366884753909822	-0.0173031874952191	-1.01031603334664	0.51149317222598
-0.676389805854761	-0.098427632561782	-0.428427153269043	0.425679311592136	-0.0517573807038107
0.315543194162864	0.20961588478453	0.0940436906393299	-0.386063137856098	0.553318208218482
-0.342274702839	0.0185322248606445	0.0796877587171055	-0.266941318702942	0.0623470824394743
0.13798464350466	-0.568399382762874	0.0312093074665536	0.107773806340759	-0.0392117473499384
0.313380683348587	0.388087617870803	0.240461656386245	0.077086697347026	0.650559094312325
-0.121558253507396	0.113546146030073	0.210458932180754	-0.789718351260202	-0.135609496481918
0.276912451910432	0.605891818833633	0.359678987176587	-0.618110682544644	0.235284020552847
-0.528113746745072	-0.361840500710633	0.327112783417997	1.13639229809541	-0.0331456744356675
0.300542894779468	0.668715560285226	0.233427951041689	-0.596415070003632	0.371368613737255
0.430080241446594	0.135943305276986	0.41613513915652	1.81927271089305	0.454367219686048
-0.139332423367722	0.0479086295059683	0.298072730595491	-0.09209297188173	-0.147101862358768
0.801437951339461	0.696035749874717	0.555013388720072	0.528196313216593	0.630367983871016
-0.094358002847206	0.442428243286238	0.42046915163067	-0.379400375789153	0.266043045653713
0.440746907593759	-0.005774225292209	0.703351927090868	-1.13814336783824	0.767865883250366
-0.0247274153671798	0.170024264586687	0.415323161983144	-0.138268638257261	0.315454706186903
-0.261987347780528	-0.166714282490794	0.488395336212588	0.203927237473728	-0.0490874940100168
0.324563358111727	0.267016306386352	0.443147013172465	-0.731519192536861	-0.11390187320982
-0.0962555920577376	0.0629348901019793	0.440484288772229	-0.583003937006443	0.185474947414645
-0.0590071378304436	-0.657200087834218	0.455991962900347	-1.01944135000078	-0.386354144309079
0.313662364352365	0.441979719295571	0.5849302709808	0.241874195923354	0.438884873087128
-0.177617269854155	-0.240314086969451	0.317358597898845	0.0202576001236497	0.0838845165198507
0.692933400795012	0.277985922007513	0.615092988149816	-1.46371235183259	0.385423436169355
0.0364715657410153	0.118611124646303	0.39768947646899	-0.44216275674147	-0.333106340215982
-1.62089882276028	-0.786122889223844	-0.123467421942226	-3.52307809715355	-1.79784896472496
-3.90361872291947	-1.38136019822336	1.34940850762376	-5.5262567991596	-3.98056453297503
-0.674187904732552	-0.30870272444909	-4.92628099872353	-6.02946004057622	-3.34333372840146
1.35726133110121	2.23701337591911	0.584414442651122	3.21635643737745	3.04320974297365
1.00850281154309	0.613762244878786	0.288462859304631	0.620802300329205	0.988830449075956
0.494915073285346	0.0923603853133687	-0.299933082216955	1.20123290822339	0.303643465336815
0.11934718489656	-0.301471969593239	-0.788121276389442	-0.385460608603609	-0.248274682001866
-0.466753201557824	-1.01077354958202	-0.415012653431043	1.50291626503414	-0.877097940124003
-0.0788019891392308	-1.43334146772152	-0.365915430216826	2.41151905310259	-0.357946075924437
-0.196350380166655	-0.253053922558958	-0.597626190560057	1.33472366144254	-0.542427831496244
-0.169926030839703	-0.0612440195145342	-0.0722731243902713	1.89186552787733	-0.322286561013923
-0.51709853720961	-0.502579695605964	0.00603738873009691	0.876976561279208	0.331881593999492
0.0174340557329491	0.368004410822865	0.171037886564142	0.766577977018604	0.339523176992454
-0.353022544559351	-0.536119210475686	-0.0868547623709547	0.277885863642092	-0.669263640564237
-0.620705538850135	0.100300526192579	-0.184733539224677	0.605193743638345	-0.323204746719477
-0.537208968557364	-0.282262513864917	-0.0869110212162675	0.00474959096914433	-0.189614393416109
0.108551828495795	0.0310820159823298	-0.519926651905111	1.10767524377337	-0.569578279302033
-0.863640135121744	-1.19075379096745	-0.270803978796376	0.45658353256209	-1.11259455874648
