0.318083969660618	0.19677152941363	-1.64424250490725	0.600606396601152	1.08608559696096
0.135844341713576	-0.709374354211684	-1.9919561783417	1.8464414041136	0.242879499921822
0.338482150853103	-0.602478739101781	-1.41052732805569	-0.927106402119841	0.251560852297456
0.433346911787531	-0.831190534480159	-1.47858867198972	0.608708993951467	-0.122004154856452
-0.205648570022376	-0.399916989891073	-1.75222596114978	0.580138624096687	0.502548644007013
-0.191933911815159	-0.122950288700013	-2.24405979445082	-0.45707885686627	0.0129044129615844
-0.570284098185054	-0.558824362019023	-2.21357549289797	0.323073562803232	0.0136741321911831
-0.514843535205754	-0.6574477255381	-0.644474295481947	0.255050622314291	-0.0947942247726282
-0.294233112948635	-0.134840979670262	-0.779721323264666	0.531638436556675	0.0418931877800234
0.0341322345610536	0.252242209124135	-0.363363913401889	-0.214540274213348	0.101471613437932
0.188323439534175	0.839222784029637	-0.275393389664227	1.81795409903208	-0.231672786975013
-0.346346174403647	1.40870178688347	-0.564261468773853	-0.302972517551839	-0.466438401031175
-0.0745594981589054	0.186226377809145	-1.45821426270945	0.244599883874555	-0.153846026171039
-0.232528124838122	0.251601078358496	-2.02432472886965	-0.215144992466553	-0.477070420542749
-0.732630923455671	0.0528301675143391	-1.60018973979135	0.252639404865227	-1.23934238081415
-0.0609064441151194	-0.245245124062712	-1.50769135948592	-1.05388655918083	-0.484807388049517
0.182157248077095	-0.207133395747913	-1.25081062285519	-0.420536154299754	-0.151122519517617
0.0601874768569913	-0.26645880349864	-0.9287272469699	0.437440464568525	-0.618809416438217
0.0449143521903058	-0.456300200382597	-0.461109031465094	-0.576924035824866	-0.258562045379918
-0.148138686979832	0.0114546662037316	-0.13993824368298	1.10367925894591	-0.117120575202802
0.233649220694677	-0.597637320656674	0.635885736881264	-0.664566699576184	0.136449913170932
0.36075923989896	-0.601988274496666	0.75466803880948	0.473339618746149	-0.200931481793022
0.175675135705886	-0.298409752528701	1.80642076580925	-1.04011803488846	0.382856619813685
0.834998573186647	-0.0858156744703937	2.497432180425	1.18464166346333	0.477541535901885
0.980076225988899	-0.244395326762314	2.32707039136256	0.137475870656448	0.607844594311811
1.48394560990352	0.492084924324467	1.780946885925	-0.177272869891121	0.455441377631518
0.646174375042114	0.0419372348380328	2.32109761558131	1.4836359159217	0.138306143240386
0.737388992976041	0.328948953564215	2.7296282761464	0.0222824312249835	0.0727241891129309
1.1732380878377	0.0642572069638176	2.03442612495699	0.576185436307399	0.0518287464164261
0.540079090214524	0.544497854283034	2.6069798829972	-0.940208886949701	0.18020911451424
-0.0391126645695285	0.161835382484428	1.67398733965561	2.14552943095961	0.394368963024902
0.307581093062904	0.392463109131531	1.90596511111787	0.531636483961699	0.278231566398392
0.802525217439664	0.468479666264639	1.54406553635151	-0.136919090445945	0.123244609595252
0.932887225953423	0.60415613348937	2.07619989915289	0.0679981360150107	0.100312940709256
0.379198953921434	1.09129931145236	1.67702840441742	-0.03299187456585	0.455683354710785
0.367413721842159	0.178920694396503	1.65658418140323	-0.333528293647282	-0.398632005979575
0.0488944181021583	1.19656001642698	1.56489926718847	-0.0847841345637997	0.0928725431270372
0.906041150817764	0.469974940068717	0.820622857921148	-1.11601568553435	0.373218804964259
0.914465854227383	0.530396423275076	2.14978777974019	1.07969569474643	-0.525275027033854
-0.404314944467624	0.128370791887507	2.05912845190558	-1.00730911358313	-0.137723060822733
0.764699474104406	0.623339793548014	1.37682114899211	0.111657382149245	-0.830764795703172
0.184108267073514	0.749325299403621	1.23610844616039	-0.623528243819185	-0.20763478884349
-0.681770540097398	-0.00360178375997838	1.06146119182277	0.0306213827042338	0.151526910117645
-0.819255930296462	-0.40174458922357	-0.57579821871543	0.276904705146835	-0.107679053253596
-0.371807125133906	-0.310771780379421	0.272628456162518	0.227549614304726	-0.281150448967161
0.251409287985335	0.108769771068619	-0.384643300991455	-1.04010082344053	0.0237736446321576
-0.457482570817998	-0.644642165125708	-0.422883619783249	-0.234260763725583	-0.309282641293086
-0.549835253187369	-0.518686865618973	-0.428149549508063	-1.26719371230988	-0.738982399677914
-0.804536295272132	-0.624908604764917	-0.818078824485342	0.921177913903883	-0.353076928378197
-0.400317394538263	-0.226962657829854	-1.33530662400042	-0.30745868866227	0.0995949813421483
-0.320079723479361	-0.204764897057058	-0.772642556850688	-0.967710387995981	0.0672722468030807
-0.71102778821242	-0.420687441451688	-0.401583016086682	0.122266379670775	0.240233952816733
-0.0132415505763246	-0.10556426052375	-1.11974573298643	-1.21120854142431	-0.305919310628647
-0.896040323247097	-0.645107479350139	-1.12449220846273	-0.657071827398411	-0.226374051843224
-0.368495103329924	-0.643335711356289	-0.335730822128712	-0.286045758504208	0.080045396762689
-0.142310979137837	-0.10593305883268	-0.235378235754505	-0.381417297298363	0.800619270039903
-0.978429703519621	0.376395338693643	-0.076675877341333	0.918806718624763	0.274196982471389
-0.745674751470202	-0.00307325432685429	0.677957205925976	-0.274659660405552	0.325239864285384
-0.175427663012981	-0.287737237179885	1.11167353515325	-0.00105609863713402	0.845140196540889
-0.257388298656992	1.0853635778991	1.20662967560163	0.0959317093246591	1.29386461838984
-0.0232197764995284	0.91751622759726	1.72059014814251	1.22658654609046	1.08083624987504
0.571315760055254	0.963790986846698	2.61211945586187	0.963944184389113	1.2824733067591
-0.181360602825001	1.64502123879239	2.60392157579932	-0.0845500085400659	0.836650859033017
-0.107106962840871	0.780499182709947	2.42754112891974	0.593497683723606	0.454176263879107
0.647573945288527	0.982634380191334	2.4294660640193	1.20224063227978	0.92124675823257
0.287158203799667	0.594742703719936	1.57916137173203	-0.244924118558371	-0.0107534907032436
0.0368880836293912	0.758616466088604	1.61633647523027	2.22094117159427	-0.261586670719649
-0.427015641108097	-0.35144192816274	0.251453465370445	-0.777819029564491	-0.263940369614163
-0.332085202591483	0.189028166056673	-0.781189607276791	0.405804480967178	-0.400938266309232
-0.387195489286635	-0.56259481513549	-1.19613063868612	-1.26906112653272	0.0158461421974201
-0.188122006747236	-0.460065420165258	-1.70718666941916	0.77982999513695	-0.292905197178357
-0.555948220347036	-0.373748015959916	-1.87148702780407	-0.0395591763498116	-0.426269938826118
0.0830418538806839	-0.669326639695615	-2.01736333286928	-1.04506275893872	-0.608935906657894
0.107920051037097	-0.991935323591948	-1.6906026940627	0.792679971423265	-0.459079578704951
-0.5148459075659	-1.04046489286819	-1.75951722521342	-0.754489438434721	-0.0136996391687717
-0.0211917794486947	-0.358260297881637	-2.30878393629045	0.0961847004676767	-0.640996121232647
-0.180986024304057	-0.423066024022602	-1.73606557402165	-0.268552964688683	-0.190159712797198
-0.257894433849633	-0.619250696235898	-3.11078504455082	0.821498134914731	-0.669970803950437
-0.108183404549859	-0.307821840023809	-1.96118822960631	-0.860534354289296	-0.0254393432433913
-0.170260767916361	-0.417499249409503	-2.93187325670726	-0.109968945294265	-0.480235794278931
-0.461203385306969	-0.461435046777192	-2.74882685955949	-0.503536294534395	-0.0571924078752687
-0.105054356977206	-0.150065020955497	-1.60688510878702	0.527542801048117	-0.274248151832995
-0.257894869531304	-0.434108662576863	-2.12348562743656	-0.693788425161509	-0.07797364495998
0.154097240675032	-1.09072643068592	-1.87149977491547	-0.487172737777925	-0.780629353772072
-0.286405979470063	-1.23419969759682	-1.74941567644846	-0.680795436883263	0.0763320479088184
0.444843512465368	-1.06720589461119	-1.60310392707812	0.782454127135925	-0.70846396761575
-0.123717832175597	-0.953372338840089	-1.29003046211316	-0.893521070336431	-0.703135296286251
0.0476943270745955	-0.920471881416948	-2.29404296079624	-0.898255724878306	-0.257718402394591
-0.783307852243344	-0.114173121148821	-1.8446890997819	-0.571525241654052	-0.369221387484288
0.0907549860314983	-0.785396049435746	-1.65886393520066	-0.219358577283418	-0.0926121189700466
-0.0387015956151219	-0.6040626962974	-2.02673564414837	-0.759782362170247	-0.57770886947847
-0.859406591897913	-0.289856505244146	-1.59286140143209	0.398023921668431	-0.33699217955749
1.10156391015998	-0.159346011198375	0.137638817643509	0.165921866243407	0.029457068788181
0.0206153695135602	0.741539153659665	0.98099787036415	-0.477178693493136	0.45381911626919
0.38908144635291	0.390520787132574	1.3377548766871	0.541509957709475	0.418906887138553
0.685856351672114	0.876766231230324	1.97055026540522	0.0522934217695601	0.245202242801549
0.760924212426154	0.703270350592052	2.38345439471271	1.03594624261669	0.38138953123202
1.34060488546951	0.50992695048797	2.47283676242747	0.096934703894144	-0.0938238625383452
0.0356957267772636	0.46002704940174	3.89643129229817	-0.300847716698472	0.398492609637354
0.424215482025002	0.0807791114189546	2.23478623395886	0.0669626855994157	-0.114299804811038
0.10803366005851	1.25485553949335	2.09063992286289	0.453746719425383	0.315973515084259
0.0523862607665569	0.134202600812368	2.92847775056738	0.690752932172663	0.547654303067016
-0.208805523238548	0.405918203162021	1.96868173586828	-0.628088631666303	0.398998785167714
-0.259179296475641	0.497371961110208	1.8526603005893	0.197079359257646	-0.247924752067647
-0.394627470950489	0.759936341123426	2.77996829863164	-0.628239693097072	0.194906221030367
-0.148944702618658	0.707086997293996	1.90794453997715	-0.197957519524725	0.559717310397636
-0.201413116306727	0.300221309689624	2.55461072837005	2.01913152586335	0.527911560378363
-0.306802708329466	0.328684671707131	2.34719787923865	-1.65322915312807	0.158989832908273
-0.246911003073465	0.976823834567022	0.810716471076073	0.0298061324735454	-0.0256442898602629
-0.353434486743639	0.402270779616864	0.547720778150829	-1.3058943191413	0.302892011921267
-0.439993794788472	0.463136032295298	1.3036829727527	-1.15557855270258	0.358939362035959
-0.42985008994859	0.398509818148588	1.3209864430068	0.836851698303586	0.292350886598061
0.520267102827911	0.401958037829395	0.772079730212465	-1.79443143466748	0.297622342332389
-0.277119533912767	0.561687485765187	0.882652823063945	0.268336729984585	-0.220740470000077
-0.257200437816017	0.0661285821694906	0.691854832809943	-0.423024064866419	-0.39480092493687
0.425820757277895	-0.407029004054023	-0.0998693329916803	-0.521632319842553	-0.228648520980241
-0.315585614551155	-0.57155607107214	-0.42553869016079	0.49501222885073	-0.229765854786414
-0.458023239829257	-0.176706202224221	-0.74350010088744	-0.36432470403113	0.0668230313294868
-0.506453114854975	0.0169654424349323	-0.271094065097574	1.55441178816381	0.177330585583212
0.229616243608445	-0.285545137759371	-0.483750404172272	-1.77855791990679	-0.396522405396359
-0.293662096345991	-0.417243067049815	-1.08033434357247	-0.292822737577782	-0.369835540695233
-0.850693929476454	-0.906945500260539	-1.50062579140485	0.321461210235834	-0.281357912124068
-0.952146874432166	-0.524606777234152	-1.4242346154608	-0.261657040273549	0.220388835295105
0.0186047112631223	-0.37234096533219	-1.10628985133122	-0.306437335009486	0.376656267147558
-0.365264707264953	-0.305366642129189	-0.380960630572632	-0.628565102715218	0.662919450786684
-0.539660611896902	0.263871644974425	0.324411257316599	-0.0793801478751921	0.173914374225574
0.00237289937007182	0.0158243127999428	0.508936105697299	1.1371668010388	1.30740309269101
0.541055075308466	0.55985864143557	0.625687855840607	-0.686893671551393	0.945936639867557
0.807034303034791	0.822259780468628	1.16444374520103	2.14165027060504	1.11408601830367
0.731187598816248	0.630628469085489	1.16966144494147	-0.349498458488256	0.634517815366143
0.397818709183778	0.553812972998071	1.17351696457599	-0.594172658032833	-0.0618809489106565
0.680292530272452	0.370822260058644	1.42742405125404	1.13048276374659	0.0437478481519446
-0.382775494467975	0.707154830740579	0.238651673865761	0.577833602183789	-0.460180507654135
0.595298659204676	0.43947265187676	0.876330251670642	0.603798640920829	-0.234913288313035
0.0190965993388226	0.449900718582947	0.405013702467735	0.791866479309109	-0.404762924219908
-0.149776777516811	-0.123169395281124	0.471794390958039	0.891590969067134	-0.137211298234711
-0.175738670706854	0.437970676079294	0.227229181858295	1.06340655578684	-0.193008298532348
0.000486907146266096	0.631595241762049	0.152237933195414	-0.290769565713969	-0.227864236847043
-0.0568228892854402	0.730684116926931	0.883789619529625	0.345610174294034	0.0767064025225861
-0.175826711157597	0.571359406692779	0.908010864427365	0.31439402948067	0.029426543602017
-0.257019000522579	-0.116959785892475	0.0851980999780704	0.158481891228181	0.025743712191785
-0.330524817719853	-0.0082821147770053	-0.683964767071268	-1.6697721180253	-0.612001707008685
-0.56966059574437	0.1459193127862	-1.19947229530313	-0.864935884187829	-0.612213414766665
-0.179088785221482	0.202863742078195	-2.15411581838432	-0.0546306589697043	-0.0191992347838295
-0.627375237898064	-0.557784208002888	-2.99234692747014	-1.19941887980647	-0.550909787271622
-0.955336505947394	-0.849086944139821	-2.61189063055953	-2.35690504380813	-0.889098445975357
-0.417848147797173	-1.22086288378684	-3.04740868984031	0.221862237671371	-0.741491345213873
-0.230170102163904	-1.13999218662473	-2.45062087312384	-1.09943814527147	-0.480807829578733
0.564022569015934	-0.781538811137708	-2.32454522013376	0.906730590926907	-0.239855647239041
-0.355137906571494	-1.41841349785682	-2.66817437700016	-1.28589158803127	-0.539801537417249
-0.435364684723536	-1.16255472873954	-3.50266360056177	-0.473586853466456	-1.02273588327058
-0.0742829842262833	-1.1789554121162	-3.46986472156522	-0.225201321023064	-0.471951680056589
-0.15970092804487	-1.00943653403729	-3.64031305343643	-1.34673165729321	-0.574688808461054
-0.00858439635323087	-0.936233228202721	-3.57281351258123	-0.759797564962336	-0.999896937207929
0.4577388636156	-0.983861747793669	-2.4301775603303	-0.551234460737174	-0.736326913133625
-0.257998563146973	-0.818378521058552	-2.19934267743693	-2.07008497958829	-1.04488225245433
0.661956323046726	-0.880358409490897	-2.23840004072631	-1.66755894865501	-0.921187201320649
0.283295111902834	-0.562013792267965	-1.82204714113727	-0.114925597295811	-0.761049151211634
0.281388216615056	-0.578958965483354	-1.32181724557915	-1.17045105553682	-1.28096387422037
1.188259235172	-0.338541153324291	-1.53700619651409	-0.120273885151683	-0.423008835144712
0.394436990919833	-0.355610039321645	-2.14646669522334	-0.703112727527368	-1.09045321269919
0.207927195657213	-0.56747858077667	-1.7933176873095	-0.523982132665899	-1.01531430477382
0.275325938528834	-0.795121663756755	-2.12507474996574	0.422565231710454	-1.31524016711092
-0.0913377780599989	-0.393754082766808	-2.38936197578	-0.489409088806599	-0.631560743736485
0.139872576065667	-0.460855751709981	-1.64587148529542	-0.212839571796616	0.102354794038904
-0.201083735076461	-0.822835701624338	-1.21263011521878	-0.233071678726899	-0.0933148815204185
0.112639072269449	-0.586135848972975	-1.12742495393369	0.0780365515141454	0.0484324338727306
0.212738113039762	-0.635444839117668	0.96395695699151	0.758599144492388	0.0124560357555369
1.16381212347002	0.105480273599752	2.0498316025554	-0.28117212577128	0.82588490809886
0.721674721964066	0.0763203096680292	2.07932498582879	1.07498392255411	1.06798406714603
-0.549140832648643	0.350197424004884	2.66497763224782	0.841504910934018	0.904634897586336
0.484917112494271	0.515320875126964	1.61738996800758	1.03438959662415	1.00814845525881
0.335080511079321	-0.188518935453662	2.05973155432907	1.33862531892148	0.697781451448885
0.683343844135062	0.804150771084329	2.81965580078819	0.133614140064699	0.916093415444611
-0.0547668938699494	0.322441254146343	2.51195268157042	0.809893693287566	0.495051246756435
0.5905143391377	0.616691820618638	1.95453167834312	0.692890513194088	1.21328824978745
0.313530954235237	0.602225421085313	2.50160631211461	0.294859677724349	0.389252082912468
0.439411446476558	0.108174400922047	1.7088948429336	-0.451948132293652	0.224604038008373
-0.251626064380418	1.10171866433669	1.23445932389834	-0.873319253522166	-0.236246233755254
-0.156697210807799	0.600070909438482	1.02275652452065	-0.0762945087909973	0.179562274127265
-0.764271424957173	0.455473366464167	0.922691426254301	-0.988565221199309	-0.596160819788151
0.0442771123399827	-0.0335641906749372	0.16839136805018	-0.423893364609566	-0.965961373614232
-0.702341459838684	0.0887986569919039	-0.544683669402396	1.50968848157154	-0.756629791341501
-0.751024337247619	0.0235586644100024	-0.530007534371859	-0.208651498573055	-0.0998611989297006
-0.644937128730322	-0.0640306914740384	-0.923235909362992	-0.974766158775807	0.150549672794276
-0.0465780921811268	-0.0428626350153691	-0.758336610076239	0.615139974534358	0.202705213549175
0.174884589874141	-0.0287691474866582	0.0741184476393378	-0.348728695937021	-0.272851274801564
-0.0187418134448071	0.251058351796964	-0.210754884933624	-0.269155637427463	-0.391536527371121
-0.501531608386216	0.659777482168545	-0.8396158555771	0.739607604982556	0.0950989534479745
-0.0815672981161972	-0.394189357138895	-0.283580003309498	-0.678245817173695	0.406205461819674
-0.0685054316197835	0.118663135326536	-1.29526270147349	-0.809740448160729	0.239726937646608
-0.819857117893467	-0.323044054224431	-1.18836982895338	-0.353137841371667	-0.336400770244548
-0.363664605649395	-0.396596168943536	-0.870268790606258	1.20911745498828	0.244233948537361
0.027333405466874	-0.447468817199033	-0.0507210961038158	0.268804394487392	-0.265436291315596
-0.405710364416259	-0.375973045125798	0.584500202190498	-0.817645536631852	0.375197945537808
0.588451291146293	0.197710497589397	0.93673137984584	0.999837814883911	0.454033913667364
-0.393396563643094	0.0945730123717227	1.46259524441503	-0.658283461387843	-0.137610529373151
0.488573983511767	0.808365185789633	1.50157863082585	0.76319956529393	0.998678338410192
-0.333427939972017	0.109062122952906	1.59970181192506	0.488967784346649	0.35578558575686
0.13233567493947	0.350304351860499	1.42922941041719	0.662897307915094	0.717686939901696
0.340498711217296	1.15429544950831	2.16001084464939	0.0853638334571755	0.376239930716811
-0.350676645725202	0.797239934837809	2.22756119602552	0.396649690240319	0.54503135004176
0.129145105789959	0.935582975715309	1.20556605698404	1.36993727215047	0.776737208875919
0.0235308998325773	0.685079065667149	2.41099728249585	-0.0876585320174826	0.162538951983587
0.156793507938553	0.827075856253671	1.24135301305636	1.43737779057243	0.86181945382488
0.18604685318358	1.06543789065855	1.9132473737897	-0.444949735680177	0.73829978380641
-0.0539039288630581	0.410091469912841	1.62092656530554	0.836873152730754	0.548742716395502
0.315336854010604	1.05897300143443	1.59987641482142	0.410666509325414	0.539154666498923
-0.666399458471247	0.697606712516939	1.25451354580664	1.29055333524163	0.524227225665547
-0.0465282635887331	0.626526489119377	0.882295705657301	-0.194589551797424	0.168181227879186
0.0320782112488936	0.275866104567978	0.698506681954555	-0.258344972641	-0.0722403138529829
-0.259651162226951	-0.194747174268837	1.98437858019074	-0.3172412353668	0.0940556685706608
-0.199874881974385	0.218183770006805	0.746417771895965	-0.769422432039323	0.564091373211498
-0.233382393252171	0.294003664642556	1.44113181392134	0.862040754116858	0.753423320200922
0.655184997826883	-0.0449747543129714	1.32491070365578	1.18141008420247	0.962643293664613
0.0929764162539417	0.937996285037676	1.88795000708578	-0.699593674920596	0.269440099484539
0.358634885224893	0.457680138522713	1.66142983547006	0.5145087208259	0.682625810153689
0.877181339127126	0.952206925344916	-0.00154727209157786	-0.495617112416896	0.674817089160702
0.266398445829682	0.829113731768869	0.415957705225714	0.531820199769675	0.554353489276406
-0.0462463710777069	0.299793678868484	-1.33085491935304	-0.859633579582908	-0.270160571294448
0.438374870072558	0.0989637512828696	-1.36322588935471	1.20413502407774	-0.41727557433476
0.031851621741032	0.430224589442007	-1.49602699190923	-0.614576541428416	0.261603036566283
-0.164902269771817	-0.393744207007474	-1.67140062448342	1.56791002390146	-0.28127495989283
0.033603996186011	0.149468600886719	-1.61607628878741	-0.322604398265836	-0.619877703091015
-0.254074801264505	-0.557909403701413	-1.17224022222174	-0.439779071298183	-0.651585855244228
-0.0176602680743828	-0.974968184523437	-0.742447789038886	0.466304765336016	-0.309597799992491
0.400505898795161	-0.445766980614234	-0.985268664005923	-0.309790724751287	-0.519879585410613
-0.644195659575292	-0.681015320720925	-1.16342195060374	0.212229410483383	-0.415441119244131
0.094284522637925	-0.631968288096689	-1.35535438943883	0.622689588639253	-0.133297674847024
-0.0911496680996628	-0.260841817793926	-2.60189671479078	0.255212538870967	-0.544576699364794
0.0216746130150966	-1.05870977411978	-1.8032553619868	-1.31993543229268	-0.517704395467858
0.054887088830028	-1.60547608537876	-1.25496617592601	0.608272870561602	-1.06059254841008
-0.110587141336231	1.24563416846103	-2.32172651144179	1.56725201251031	0.688713280820875
-0.160575670709247	0.535659819638403	-1.52890411601161	-0.554786521395458	0.410653979483275
0.192645624086471	-0.334924930811649	-1.38322017790525	0.235270497947099	0.458364917160838
-0.675752946478794	-0.209667451291543	-1.50207835798365	-0.0359555126932727	0.142005701230063
-0.508194098952603	-0.0146789828669592	-1.2658560917748	-0.920213740781506	-0.530466036304794
-0.329163074073471	-1.70753722383857	-1.60790054863989	0.685957734257149	-0.131674991786715
-0.244444639744731	0.322338374777968	-2.11333573955894	-1.16817578911899	-0.764510598879424
-1.00517584509637	-0.0555995252937531	-2.28840457543604	0.918631267966493	-0.272107965169685
-0.0973232311561938	0.445088288012796	-1.50633347530196	0.987070891379809	-0.506759359819187
0.863481551357647	0.139044649375826	-1.26632535693982	1.08746538244374	-0.419180445969665
-0.540386784946102	0.11134892833328	-0.71670295512615	0.486069490984614	-0.218289958653743
1.11409531143874	-1.00515849735651	0.0855032750082249	1.66632724490795	-0.229978917879393
-0.830533485026126	0.379490554695611	-0.341327419789926	0.205022830769923	-0.826033819042841
-0.728014827792357	-1.12858748997052	-1.84056328475432	1.22464511390603	-1.31578984742513
-0.118737952414922	-0.495588830642764	-2.09435177713698	-1.51313860624575	-0.393311968463077
0.0504472716441414	-0.574479628867535	-1.50727110278746	-0.402853455691216	-0.5110643343093
-0.909529862638516	-0.246281874369363	-1.40460434016017	-1.09195625381802	-0.516531281365252
0.176398019976405	-1.50032314728738	-1.15480418252861	-1.1825695039067	0.0471757875108325
-0.124152252494455	0.170787786443775	-0.347801560212214	0.707948455965259	-0.340272973927989
-0.554591244625784	-0.945327015653157	-0.405822944917715	-0.842210662303066	0.251615702898568
-0.0213989735771919	-0.949454758535337	0.151900216763305	0.0264251874498995	0.237638607535361
0.0969586581319686	-0.0867919293212085	1.33266678661284	-0.620278721979693	0.424976993756093
-0.273006758460445	-0.352581537103241	-0.0729199265073571	-0.0165743881530031	0.0270124960447895
0.543763773045795	-0.734473340027687	1.58330997953931	0.00589815890484752	0.0717558356394471
0.302495068162318	0.276773548350366	1.65816921459956	0.0582096511095797	0.607104994608442
0.05795438244665	0.153699200579297	1.48632473221566	-0.367462938695478	0.273404999078574
0.291613288874182	-0.23243749556567	2.52554470931331	-0.263841027299599	0.358311242015738
-0.331799058682673	0.676243166056868	1.91183647896586	0.558778937661503	0.380134481897876
0.396032555214494	0.882367837073533	2.26867986524323	0.407284654329472	0.658571332935905
0.133561253049623	1.36750546792649	2.577251293666	0.0948854435599085	0.831243413412308
0.865061562080363	0.375958581028947	2.8196803922681	0.182124662949893	1.50219021637396
0.228444345584821	1.40657171361391	2.5547749418416	-0.413684715030123	0.784876027058111
-0.303175031056971	0.546248240374698	1.77970208987821	0.761117089165858	0.994331723229598
-0.0648657217973909	0.945540427077214	2.02375607859805	1.09773865248735	0.708206406987055
0.833851936727898	1.29633171448953	1.96846637671042	-0.272107087076164	0.862228045148601
0.198193535164641	1.09383124675521	3.19319043942748	-0.123241278455707	0.734716111131071
0.530004912833709	0.236556039129988	2.66459898618256	1.8675591943391	0.693105365290633
-0.0761826779190264	1.34421929347756	2.22141770518419	-0.631461497448861	0.667423980831549
0.251207822415845	1.28516945177611	2.31755656137258	1.56779228148432	0.215801040038343
0.332239839825684	1.6030849084834	2.85698899454238	0.832617176466373	0.925450062191777
0.608178255332908	1.31446597924182	4.02088503853423	2.40981061879427	0.65328230860109
0.735508739553159	1.12379445357747	2.62623887284323	0.976223388427333	0.346585571370569
0.535173190856891	1.17704675058389	2.13559819484134	0.436071108360539	0.310348187198291
-0.202900063334113	1.84226552764499	1.21918559665982	1.66071003502671	0.861927934112349
0.413712804840221	0.804119254777697	1.07196122597302	-0.942370936576886	0.520466493829469
-0.621784594962555	1.16797674991301	0.875314210523662	0.588114809400674	0.265347787901895
0.140786734921534	1.30864219374963	-0.209716981927884	0.126878820952739	0.0064422453362835
-0.0375814496234433	-0.257957830578336	0.541695317600609	-0.604969589003974	0.766401081951269
0.153982620032325	-0.0823217394861149	-0.461257150470461	0.528210239124026	0.218612563338592
-0.539973050200886	0.876803256533286	-0.0161671451362831	-0.918121539115777	-0.0979418593004949
-0.0760166365260852	0.30279366610659	-0.200220970950236	-0.0434343259138581	-0.229561564190045
0.496152120132767	0.0956094252507262	0.3151958946276	-0.69172252080622	0.143440198434242
-0.204270640375935	0.106080857717883	0.0154949046079253	0.0783056022475306	0.0252899954379046
-0.367240948024368	0.422833820392053	0.172961276668475	-1.04155915618361	0.200024444268037
-0.122421983652683	1.51064653799452	-0.313429965104667	-0.172677408645742	-0.0483710461689082
0.153519507320727	-0.545109902355759	0.0776896459651421	0.899980013955217	0.0438427654489525
0.203869170053988	-0.553932251986219	-0.821257873828442	0.0490376986622344	0.0158560607575279
0.0368439109105102	0.382261751868669	-0.302499034792385	0.101201158231022	-0.683838527388769
-0.4684410368161	-0.637517839251508	-1.67944140467586	0.159742620376211	-0.184570091810001
-0.124797849826752	0.0770973980180359	-0.476780655940458	-0.179870550039475	0.115840273729078
-0.203356617337572	-0.483737472393866	-1.01078187510513	0.0919142496325539	0.170924324728898
-0.14068539164241	-0.307348966208073	-0.593301126440567	0.253402860587642	-0.134736364272143
-0.429939769233386	-0.747851682376036	-1.44388301738756	0.410677612008276	-0.321418774501692
-0.0026256332192544	-0.408643019829636	-0.429897445912787	-0.47330881074437	-0.97308675192724
-0.520989633863725	-0.517455457653433	-1.20468201533366	0.829338902736172	-0.279820690441279
-0.35473908666058	-0.134203077314064	-1.50562976569222	-0.557386706004798	0.41526654327877
-0.00124546580008809	7.63540189845637e-05	-1.12657861885398	0.580202346962613	-0.405753060391399
-0.257967387089334	-0.63461935868035	-0.973756661947035	-1.26009226212924	-0.597016179430814
-0.363032649444197	-0.143571384135917	-1.76791852970263	0.856824426448762	-0.980972454911374
-0.491146750564391	1.08454968445779	-3.11748150929327	-1.19387854977236	-1.10603351099297
-1.06848676444522	-0.344353463630064	-1.75117960272677	-0.0638667400619746	-1.44508849683472
-0.0973405795331441	0.449509113247538	-1.87470086569374	-0.44191496087898	-0.0725064095722717
0.541168842554107	-0.297088655163495	-2.18501450256516	-0.598867150127371	-0.320796360509493
0.97992072076652	-1.23594270813963	-1.10835609214607	-0.931725497324442	-0.529803779882111
0.15227903249921	-0.909564103250128	-1.80781308286202	-0.10257849039944	-0.796842095637231
0.517467338505701	-0.410622653033063	-2.01925529999195	-0.354146404904111	-1.13845694283755
0.741345861449069	-0.886940617040608	-2.33590923336707	-0.631221126179707	-1.58387068397035
0.305005056520615	-1.41762987848711	-1.88541542573476	0.0165838359589291	-0.599821659443525
0.852504897989643	-1.32068690903378	-2.20116028479951	0.788738223846743	-0.0457266082993571
0.217232365122684	-1.09314634973516	-2.27344977775284	-1.2911739252574	-0.92583433419526
0.254114366212195	-1.53581413871098	-1.7293193922318	-0.874258575521966	-0.813509683843382
0.280086364079834	-2.45996692735874	-2.20261301892828	-1.16952876498433	-1.24350967781688
-0.344706831965715	-2.78610272442944	-2.63558947238251	-0.481971620535411	-0.916391071576973
0.0825652109112447	-1.81730174885385	-3.13046496184396	-2.88184796805573	-1.467016789606
-0.0864233071671064	-3.29528712539452	-2.18039344504656	-3.27030199205879	-0.856819474735812
-0.113531381112982	-2.81944984104263	-2.52447158601403	-1.31431594566162	-0.895424647899424
0.382306336548923	-2.15280807748599	-2.5009304559851	-1.40021211158684	-0.966610949951153
-0.2125743517705	-2.07973207157033	-1.11785195571198	-1.41858684094804	-0.56750969811004
-0.451492560335255	-1.36005078273081	-1.89746058761971	-0.658893078344361	-0.609499817110242
0.259389771463622	-2.03630808765346	-1.42562699361106	-0.643037806984489	0.0896930577931228
0.546031137750556	-1.80458200851989	-1.27715069687866	-0.490316126236512	0.0848434957955404
0.824648275354434	-0.939657038281149	-0.602970452761292	-0.978258645059021	0.00526659354970629
0.0309436060887771	-0.88378460697431	-0.113997228007435	0.421755628455941	0.247966977522777
0.77846640941248	-0.990970818097227	0.936830425366114	-0.523137329382078	0.21028607499099
0.0435750993977153	-0.633511334120737	0.386210022754537	1.08567503573363	-0.173916001957919
1.34137336578071	-0.163439498122396	0.407043509834545	1.10572386695645	0.452700411320373
0.0554368262162523	0.0993598923577825	2.15008986484546	1.26309405127075	0.470897385167044
-0.236770889768117	0.811345296242934	2.15628877620246	0.532142840093868	0.361037493316616
0.505396716051276	0.837560157872924	2.24143224087511	1.4214336461697	0.190582646271678
0.0783152658122362	1.30868819112633	2.49606397241713	0.132028040307048	0.189681011579268
0.40238701293993	0.220862564282762	2.90603407012209	0.233393588507286	0.794370031274461
-0.178000538669779	0.802346734233383	2.30690812431512	0.065474013452213	0.484125697620233
-0.05656003398206	1.11360654480504	2.52187871829539	0.718181758392695	0.433413829800681
0.399922518458818	0.190155529217161	1.2975845893304	0.223424153845964	0.403015506498461
-0.315078967312112	1.31224574724301	2.58709836281366	-1.27249195299584	0.989956155777898
0.50257961598808	1.02485073033831	1.93024424760009	1.60414645984393	1.04636346316485
-0.156700468146719	1.82043423213734	3.31200941383336	-0.556871148954969	0.675311904393267
-0.0124936035000927	0.307923924426427	1.33717718365916	-0.0393872716220316	0.800098806910876
-0.28400729344269	0.913180986946738	1.52393662703677	-0.324649089622472	0.644422462553493
0.0517204604588054	1.72619861945977	1.38511916621777	0.472438016558253	0.941197785368834
-0.0912347786497465	1.3550687280387	0.484846212521888	-1.53339357884861	0.242592340781777
-0.0725702542170903	0.608704124597035	0.961419393299326	0.895389461406059	0.626002455718549
0.071030356745089	0.251063892480029	0.82915206295517	0.342564113450168	0.216504842024434
-0.18930863318065	1.2908932889619	-0.0988274165372067	0.279463121530385	0.24921623640676
-0.784137947890785	0.5788816921023	-0.0909312360741183	-0.465852541902167	-0.16470803244883
-0.251347362153412	-0.023050742549179	-0.600639584885037	-0.258033758375555	0.00269673576583861
0.101442969663294	0.315625857952324	-0.969704465851105	0.858543151997107	-0.0967557765238894
-0.0622932707442029	0.702850681417861	-0.398366241787579	-0.341372402150694	0.106836379962962
-0.766628521714114	-0.643730554308611	-0.54648201179005	0.61486445663523	-0.472821413938244
-0.0320320771362026	-0.158141834205302	0.610932897018599	0.688184495633463	0.16144051577513
-0.203515812545283	0.512530115873053	0.651765251252173	-0.0919371711469781	-0.487856527177487
0.0413700735411974	0.402216428026037	1.35004840430151	-0.397040508878974	0.39528492598628
-0.141251570565009	0.792170848195196	1.41627491342449	-0.264296771277355	0.27709422745045
0.0896827911613858	-0.561267336247557	1.62178932420241	-1.84570597867472	0.193393309945682
-0.227583694345648	0.616227976069709	1.40986539738618	0.423430448973724	-0.428376891582527
0.00228801850761468	0.457226592536737	1.29692016860654	-1.06555176998944	-0.0400779189022524
0.361844624395362	0.833152669947099	1.82824785142612	1.92880124485667	0.248097972709597
-0.0294738406321043	0.076849696223881	2.22376834590919	0.429636585802352	0.0492011825378171
0.0423538715913436	0.623281568139822	1.24519960480481	0.283382249554603	0.00471589910266918
-0.392677126516763	0.478570906417832	0.695625801318495	-0.471944398485905	-0.895948511285146
-0.435911868655442	-0.381230312612536	1.78769787645293	-0.35884904896097	-0.340576339753924
-0.548738081072091	-0.0961889928954089	1.1068378006472	0.202062367796381	0.405309875419377
0.192338452464941	0.84627853356538	1.78133023837029	-0.479701552403811	0.105094812758887
-0.819598132383016	-0.487574497131204	0.137732364762597	0.20314935672472	-0.430007865218843
0.664915965343184	0.182965019532107	1.05574722706205	-0.0807198788798604	-0.108179192119572
-0.338702591528761	0.555059900630229	-0.0399500599289798	-0.642857592804966	-0.605777083067261
-0.362395875148017	0.170912176043231	1.56683794693703	0.241107762300444	-0.365413774325066
-0.416423548741965	-0.212419761833532	0.296378488499862	-0.754510589518837	0.0487691046246835
-0.229174696834025	0.907529620377551	2.05025972438435	0.454611209977123	-0.0904337582174869
0.426577281552171	0.869253629755608	1.12379036570437	-0.871775391633909	0.710932921152558
-0.398949839971078	0.690036291877645	1.54191137282067	0.41309271886669	-0.152690795417109
0.133652905637535	0.111254389621055	0.428940888986255	1.06390353678477	-0.0336594294394897
-0.387427103724083	0.666501207069833	-0.637935826104104	-0.177492215910823	-0.340190580344329
-0.540648001064757	-0.116440774887163	-0.419089190928326	-1.02366257484275	0.37820057984101
-0.190639466847678	0.600747311514543	-1.59952962010499	1.10143205925954	0.228234856929567
-0.357333190299272	-0.257177711622228	-2.39591332615906	-1.13582640629778	0.0679882397231352
-0.316669005839641	-0.510213077461867	-1.33270407878686	0.449943119613553	-0.292975871723538
0.0528870440851998	-0.957437476548096	-2.40231242124581	0.490051663549349	-0.581784300274128
-0.229046588823269	-0.0395115344433314	-1.65461764461737	-0.215280772606678	-0.565713237457264
-0.156279572365161	-0.861582808801503	-1.99642793254499	0.677541918369867	-0.526176535139401
-0.0889451489849393	-1.01470084370265	-1.70616609750617	-0.313604722013864	-0.317428925480346
-0.293705874192174	-0.85743725014149	-2.13960990171021	0.624692443980397	-0.159322488932151
-0.0948893062255993	-0.310359995157957	-2.31873326403455	-1.12371874036044	-0.115197549296092
0.0172704847424673	-0.669655890595095	-1.72900047743298	0.223836773918495	-0.130133694007128
0.248641894847074	-1.83887428119784	-1.65240663199512	-0.419227223459176	0.356506293811687
0.0058629303180412	-0.670842422006729	-1.86335061696972	1.16973305292169	-0.279774114877403
-0.131989136048975	-0.782000405812905	-2.12576606295893	0.0401993946218629	-0.529443642157689
0.00477408057709311	-1.85642614816838	-2.26377694256863	-1.67568503168706	0.107754659930443
0.318636034931916	-1.0123132719143	-1.55524270546765	-0.744516936803333	-0.291345034021859
0.139537963200416	-1.32438160543979	-2.53965892940364	-0.359928475944392	-0.228696020328823
-0.38116336285104	-0.0781183213263693	-0.857970866157605	0.355189259753641	-0.509963594215622
0.110031403134438	-0.621128291082271	-2.70961856539015	-1.04827665493153	-0.761769344743846
0.376813556165995	-1.25223509978935	-0.907575585499366	0.12952895281959	0.215520387384668
1.25239160529922	-0.318739128667778	-0.613334239156498	-0.636639750023382	0.055677691114263
0.542976158645092	-0.3303619606872	0.588863360959993	0.352804530123883	0.28190647177861
-0.542992638140718	0.0237377664373876	0.764854237845526	0.604372848887731	-0.294692115231108
0.241421802872246	-0.80777965780665	0.423185254832851	0.57281273496085	-0.330503182451126
0.187677261074915	-0.211683297025357	1.04396029198795	0.171878886420245	0.333736637228227
-0.304656169429901	-0.0244079956786478	0.600308596009158	-0.666514443637451	-0.149821077344478
0.0948814615501941	-0.294063580579111	1.12947355381587	0.857716304946624	0.276927204687285
0.214177480446147	0.342883462400466	1.18641403501599	1.18656805677304	-0.28850663540795
-0.408763823591116	0.267430072112953	1.14166359564214	0.0124546941307766	0.640706471279596
0.311790066022227	0.664074172337902	2.13356982561026	0.428208615793043	0.665591039798057
0.672272946585412	0.635494596631801	3.04669200002087	0.658667904204204	1.04865602483417
0.1818069858406	0.844475487984552	2.31802009791495	1.20227046310042	0.508588285985104
0.0153991591256412	1.17035987974747	2.03123909555909	0.88221121649072	0.42974322879582
0.893010003721941	1.7296658558925	3.47584977454694	-0.48819050585871	1.10667491480504
-0.178251617657418	1.5984346365794	2.97112946328915	1.48360330737844	0.741095097969194
0.35168682216336	0.829862837869162	2.09709467672068	0.139078741845227	0.0922632567341031
-0.534429174496314	1.63057433341166	1.51628844103856	0.44416750629988	-0.612106603455636
-0.0104089682673424	1.20336483974108	0.744806727931834	1.5991909776785	-0.392443098554843
0.772529384081236	1.11096766276342	2.38754312101994	-2.49454759731743	0.606887215549929
0.287220087957332	0.638676599239798	1.4947624547479	0.449138958982248	0.742396348239802
-0.138062573781002	0.702882648623268	1.37016404491527	0.546961534043749	-0.0786805175307447
-0.482127247005053	-0.506003180947596	0.0175700726800005	-0.660408476406679	-0.176652829081489
-0.0732008674103846	-0.45042616103856	0.251794688030531	1.90048390695112	-0.0466234357041697
0.567390468706694	0.607345571203998	0.968239450662782	-1.6299720540251	-0.345240386540989
-0.565913629387014	0.379003210365828	0.486744201330732	0.252426987917162	-0.681399866766198
-0.744689762093254	-0.884368218385081	-0.579764626320205	0.15878732609691	-0.747547318136582
0.203957058913077	-0.680716559991279	-0.845991719640405	0.55584997866697	-0.229109387681956
-0.355085560385758	-0.528102228577647	-1.03563798632105	-0.581566369680617	-0.0878604945246588
-0.323191464966526	-0.005088510311172	0.0897677121881139	-0.954034275107506	-0.177134462805045
-0.387889598043872	-1.13619779001003	-0.367912020259617	0.0965058219380035	-0.776165088649377
0.353407128044975	-0.0663535608526254	0.490111186065671	0.901374921677328	-0.303619175895644
0.322075243736458	-0.176536310394004	1.34329964442712	-0.899048741133786	0.272938164728582
0.310003717697318	0.191930644754722	1.43138222239914	0.270948932700313	0.246133105241295
0.219924012922868	-0.519653920414388	1.67213286015588	-0.0523054343443096	-0.394048012138526
-0.885476046108527	-0.0865497372865883	0.425284258982296	-0.559580067774574	-0.758397522838402
0.438828284091736	0.266885414207326	0.329593013769726	0.0908110727134723	-0.0904478252256584
-0.325240972459276	0.63217892444956	1.05285432724701	0.912296991115091	0.400684283030399
0.141301245794058	-0.894271065459876	0.8343113476211	-0.30692483611577	0.351810743312369
0.374878104677022	-0.216391533881698	1.33863509010526	-0.64137430488882	0.0261453559626564
-0.517157457049785	0.709740729398869	0.0415332067099226	1.54838884209616	-0.453385797260095
-0.155111606356264	-0.082864023164134	0.0604455384656053	0.161058582196105	-0.419393040739238
0.0608125605250867	-0.431996545641906	1.35390508901593	0.326261739391208	0.181496509296392
1.02084586975704	-0.0114173565730832	1.04170481370816	0.498601518224329	0.439449729455678
-0.189564890703644	0.714798694327506	0.496367367353449	-0.0737347704192261	-0.0489351780709734
0.0561038534519912	0.413623938408926	0.208962570712433	1.17846011688337	-0.216995802756682
0.247393086437944	-0.112480554233696	0.568976138017506	-0.340339808517376	0.582938732578629
-0.494826946303153	0.222161785353226	-0.507213105489041	-0.696098551476039	0.335068013771639
-0.0501635654113595	0.984813274616533	0.353359700599104	-0.288611091324117	-0.111843779860026
0.204034711828276	1.03569214230897	0.809148207928195	0.379929762047073	0.43911161272636
0.018389223220532	0.175808068434961	0.85258206974099	0.714077841938575	0.557235484089431
0.349229184277485	0.505163773082941	0.841362921134682	-0.735679271196459	0.328782992191179
0.669406830407133	0.989344300739826	0.426263684659847	1.29220982935901	0.11460080520688
-0.163931439420264	1.00035263666424	0.185583989031275	-0.392813192785309	0.318628926101745
-0.221101183710273	0.195097858610224	-0.488240285145849	0.405838166047872	0.623304593085904
-0.273427994060934	-0.0445575183991238	-1.78762776461805	-0.813087539874822	0.486639605342456
-0.697243799460816	0.291121401408346	-1.49137142193627	0.230080398906385	0.438202160549663
-0.692353972220823	-0.563778467662653	-2.63970283154341	-0.271157818187847	-0.0323775781817624
0.173014022698667	0.283170981209984	-1.89760118912312	0.272905192752732	0.0192003212081681
-0.154575744809127	-0.933011244142467	-2.67329872385234	0.475949615219304	0.346083862383942
0.43720965284021	0.178116122533486	-2.38830821143855	-1.94293747150119	-0.283024796993782
-0.681079774267389	-0.144941172775189	-1.73074553443851	-0.495747841319005	-0.381174769873557
0.447718796206974	-0.400998041828889	-2.43078381489577	-0.783721066276878	-0.403244049861697
-0.172783966717418	-0.688462195026067	-2.57101912845637	1.47990976933031	-0.586802976357001
-0.35454924445242	0.317012731067235	-1.48788762450645	-1.503040571233	0.7307569251065
-0.0922652921893045	-0.404266876950797	-1.63701424516162	0.519629787344413	-0.352787536982026
0.0757411623777961	-0.971777908712658	-1.59278591298508	-0.302196376688877	-0.3752122774288
0.0704196345505819	-0.415428214162689	-2.55453716533529	-0.328795805657662	-0.265104941723388
0.149550126450327	0.128215614371578	-2.3749226857995	0.276499091735505	0.394012033662268
-0.0504643379474683	-0.56338965016006	-3.46642639923426	-0.659303929614702	0.489911592368513
