1.30624260113864	-0.200852472556716	0.16514813084263	1.45826403587622	0.849864637940559
0.478153167794851	-1.49997763434597	-0.609571820840248	1.37087980600159	-0.202561948672331
0.366345110732205	-0.555954419192749	-0.321383108372631	-0.178911030076942	-0.128685879653806
0.162890736888135	-1.4603910539056	-0.290887513741194	0.370899808964039	-0.438466910324624
0.208602377813839	-0.673537396957742	-0.633665581373225	-0.615369177529821	-0.337327234534586
0.243052472623536	-0.456200890581908	-0.113529323823618	0.361051978570443	-0.213701611508447
0.294248748573615	-0.046790024848771	0.471554389020383	0.234893954018338	0.0495854614812067
0.0860964390043309	-0.373486090980104	0.403886751030743	-0.412720161937643	0.146344049159315
0.296273615943474	0.517272436028169	0.413386323673409	0.333338837874994	-0.0700264835161484
0.213081301680389	0.589601057154701	0.776165075395979	0.844434285497241	-0.0378165276121735
0.0999771763103603	-0.547299173425502	0.432381259083965	-0.107732644976223	-0.177887666871331
0.202503771423611	0.168468309381582	0.491396096289547	0.926608985807114	-0.209913085702603
-0.354537984336434	-0.147974917086906	0.545678839747064	-0.284479139826564	-0.150182968199359
-0.365338203840306	-0.0807936478416312	0.0424376384248153	-1.15058365908135	-0.525477349531303
-0.455859731361965	-0.102485137854617	-0.0621501410515142	-0.699819137561781	-0.419660343828073
-0.348912766130527	-0.197168954686224	0.424368932182279	-0.273856852649484	0.00856107410884519
0.0204902142841168	0.365357598848052	0.698157175710759	0.678680579645904	0.108757372276267
-0.172449682307175	-0.334646868800462	0.177735952226437	-0.478750190698454	0.555405674468358
0.237911275210592	0.113244979196529	0.334469514674563	-0.0313811655461227	0.161293873946801
0.00850087718224349	-0.151037819924204	0.158047300927121	0.3236584344765	-0.308309850121044
0.41575450335354	0.263999013529119	1.0549057662538	0.104526994791061	0.302125938624275
0.293465133531649	0.271852489147516	0.697312271250845	-0.90610307015904	0.214332262206114
0.502825882691992	0.383318118203269	0.580426768609461	0.569584622473862	-0.0147020382014886
0.186841512201733	0.420238334677646	-0.177793642640778	-0.993047219527472	-0.223603190835075
-0.167540171908063	0.346133738050914	0.0187921334948663	0.984397111497237	-0.502691898927575
0.0881176437999838	0.39187577140565	0.664053724219251	0.807902367019166	-0.579057586778502
0.15416477981845	0.720751690108293	0.671257014531259	0.443259530112193	0.00638869388283704
0.243905736052732	0.429090636450266	-0.119972449871076	-0.00254474220893912	-0.418187958966755
-0.0494350233137575	-0.391137776802975	0.404500875298236	0.177218377497278	-0.00193052964246239
-0.174358900759585	-0.00602922739634873	0.229039553090422	0.412704406236726	-0.535373591533869
0.162574307452605	0.15213956202966	0.157240647821002	0.974368806314106	-0.0339694619613354
0.126388196257652	0.356039195375668	0.0637020177283673	-0.420419749437016	-0.0837110242114283
0.14862125394515	0.160085766032312	0.593733848258132	1.35737690687945	0.142838788776933
0.357442221249241	0.755978077505037	0.589520740655576	-0.274786593801329	0.047560960427665
-0.0438765595374432	-0.268458269399464	0.561347361102276	0.61763676025616	0.32203880490986
0.155988579296004	-0.00223515721197877	-0.127464058006968	1.01195848704774	-0.171190921902586
-0.214155371859273	0.742086869338344	0.128054698867011	-0.0632875290633716	0.146978578966635
0.468475580015092	0.264581703755002	0.393487785161122	-0.449685066269863	0.283898760343039
0.0671981944449971	0.366648124565713	0.383983320114859	1.26938619992621	0.174743822475681
0.53717537783338	0.363876418208757	0.390191749778867	1.17104903131258	0.358688483058397
0.191527405035808	0.465099671352916	-0.208199834316476	0.431488241660149	0.370866497077638
0.0902273551277938	-0.321355671614873	-0.304986921427884	-0.16097408777894	-0.119764729796776
0.348499800155604	0.352338291297643	0.653387943632521	0.383256435224209	0.482495955097831
0.187033447134244	0.140427652918877	-0.547347639666168	0.121882929356452	0.133933230675984
0.502247459143765	0.16540679299885	-0.686495335012241	-1.73712333667327	0.352037268582138
0.396128986465673	0.1741816383761	-0.401761981286853	1.39108882202556	0.226781316561909
0.23111627564052	-0.577474939047	-0.467231465758886	-0.218309666550864	0.0218741557934577
0.373427086056413	0.328485653606095	-0.11402985811037	0.415786501168903	0.308575579704511
0.00677740170617507	0.14566339326274	0.391337361678005	1.37654595025273	0.37572123451429
0.378670891728146	0.257986052652496	-0.0829648617330597	2.36619076312295	0.52673363642996
0.211897521343485	-0.454577146642035	-0.155450977438233	-0.656289435785703	0.408173547508629
0.0589608641453049	-0.368199426175909	0.193944634009287	0.633387310583423	0.52071498792868
-0.0859960833676698	-0.318402588830572	0.435069562812844	2.25854040017401	0.760824867109232
-0.0393901652274803	-0.450343579004464	0.350810867335265	0.433715123858952	1.06574423319631
0.277665307967513	0.0228431987974235	-0.213298703558423	0.51138626565699	0.907936202408793
-0.143816428796711	-0.668765363607525	-0.131393549238054	1.0649676756944	0.442889914231155
-0.0534207759796128	-0.438866822203866	-0.229251918866494	1.32990420710572	0.749722274972603
0.31699225138638	-0.21735872987893	0.246421198961451	0.509377344448054	0.544671471081615
0.175353470695025	-0.0896029557638359	-0.379180309282456	0.788678634860765	0.713615840471686
0.102467709931025	-0.129824750497779	-0.797325988316232	0.452195150914531	0.565002559302058
-0.103583133615166	-0.739645558166733	-0.696614914695487	0.0314587632453663	-0.1059054723516
0.188368793642243	0.241505493323362	-0.359306167422997	-0.671257389824997	0.633696234894201
-0.0629389342924038	-0.34095205684607	-0.580741170596669	-1.17836092225796	-0.25526363974864
-0.411246194071485	0.197453825085928	-0.0593339052337959	-0.954532144326145	0.238609113562281
-0.238568874653951	-0.246386792321866	-0.295977090385624	-0.623158795309436	-0.131843386233617
-0.378793001537045	0.115186694763124	-0.420547769370406	0.0459996673978586	0.125310325786743
-0.424623855565372	0.236177982217141	0.164888124532158	-0.946782599689809	0.163443966777376
-0.375138320894011	0.0475412785132532	0.59668607862066	-0.410956541664749	0.564445140692204
-0.0405259913334899	-0.221952725018985	0.45716149274115	-0.856229613250716	0.706416007156953
-0.245030313021239	-0.477865421970016	0.083154848214387	-0.212992660024216	0.320179300515615
-0.19869529812316	0.339891229097104	-0.495364121037339	-0.648217305018081	0.696913908911226
-0.271923639052037	-0.00761378749988831	-0.09301769162777	-1.22100932478343	0.453619691852255
-0.0355312197018061	0.0367207516428025	0.357585843368025	0.806467850391676	0.767159784157458
0.0665985698799182	-0.37998640244642	0.212441607763149	-1.50834368382613	0.582020765130889
0.0191652858415008	-0.289339575040062	-0.300659840012319	-0.754246961458387	0.359179833027758
0.30027771612524	-0.215131730629712	-0.62220925862398	-1.92023635074471	-0.187770798583943
0.177336523376399	-0.359995886792579	-1.00133037661669	0.00589445503487747	-0.15494757158134
0.574831305149007	-0.183300185284735	-0.84663694317872	-1.08868788367595	-0.172980681354631
0.362510464356592	0.0523722529392265	-0.119722598400054	-0.217949954723821	-0.358332678092797
0.298212738435419	0.441818151252522	-0.46862615932964	0.121744241180432	-0.41547102682636
0.367892775565953	0.0974330109529785	-0.676196856128977	-1.60070217815365	-0.515724220043186
-0.171524709506764	-0.109396884993772	-0.372303138938795	-0.78480567686623	-0.771636497839429
-0.0984824272271149	0.290257817218886	-0.222587512036933	-0.762441054376078	-0.249526673231594
0.0305562834215635	0.166582157558524	0.439149789590096	-0.620113636318207	-0.601967362639144
0.0852844216962038	0.544740207801243	0.112688862928347	-0.148773465108928	-0.267633116337126
-0.143268252361118	0.312633205817521	-0.491793921005611	-1.04980227501242	-0.559483149403819
-0.468282649814788	0.0882426148971415	0.149457347669098	-1.03337835193568	-0.745219702841554
-0.0894485910085746	-0.0363652566932363	0.675372198825718	0.152475437463919	-0.41197922387406
-0.402822010821507	0.0012443917230362	-0.0475110113867049	-0.365362380631949	-0.199539905189288
-0.430709605277436	0.323809948294517	-0.660985218657624	-0.298304430905738	-0.530309021525847
-0.53997221347927	0.0363653884022444	-0.0139145581707272	-0.77373023209815	-0.583163580692106
-0.226437208989326	0.0155838071994607	-0.425189821758794	0.151018669333566	-0.207705531681635
0.00507807586487105	0.571837296991671	0.337067901628767	-0.927925257202657	-0.0534562874938998
0.243835563543343	0.500848618915103	0.5367901232281	1.20674159966611	0.00841363061737368
0.0297297115892766	-0.159214478900352	-0.200835620798272	-1.29303715639107	0.100811397242254
-0.0230249059982574	0.938378460205429	0.318927862680138	1.71751133164203	-0.193556808013842
0.0836408617126854	0.354455130793412	0.418086212486388	-0.445961627248447	0.0902421348731892
0.248450434360665	0.505454286695927	0.542122271667841	-0.0996435310125384	0.0179709159315342
-0.219074891848237	0.461240968124736	0.722847502381394	-0.262559427961358	-0.0888537060396936
-0.216525991079892	-0.134592226243543	-0.0109505317444173	0.0191666125641442	-0.578498277176985
-0.365116157019384	-0.161903809233305	-0.172636186930621	-0.393152582185666	-0.446605651589035
-0.567597265571602	0.0108686993428768	0.0265125801601977	-0.198524681961751	-0.497699051895196
-0.286605573365015	0.295203377131983	-0.0814112825557728	-0.0559062140605413	-0.28823283361016
-0.160694863063781	0.61284437646524	0.175023262809999	0.0395517536695062	-0.435415946984936
-0.280510426071494	-0.0949013799814952	0.211004110344857	-1.1054652342037	-0.445251827086744
-0.247876647586191	-0.0238858015707978	0.298970969133167	0.706297669895936	-0.331993011651741
-0.542051066740606	0.104927785361279	0.364748105481477	0.434898686513904	-0.3794743615589
0.0349951633268553	0.253982513951618	-0.000898314133787854	-1.01794405646988	-0.341945281312177
-0.549012854135146	-0.413404391827153	-0.454313663160809	-1.53935200913301	-0.292725354759069
-0.0853094000564956	-0.38075291127482	-0.275557552532735	0.474870116223161	-0.35212509059497
-0.487173491333751	0.352728365157247	0.113501325917924	-0.0906446215837228	0.00976967788894839
-0.268476865563094	-0.424574561828795	-0.348625351559056	-1.6205756409721	-0.481617541828989
-0.181353783598192	0.107299543101938	-0.556505668014597	0.910903011327671	0.0530273250027305
-0.759790241175583	0.177300874574745	-0.263080409242961	0.800600911705247	-0.332557073026265
-0.0532224596740113	0.10425562260356	0.284816673771047	-0.909867158098816	0.239427311307379
0.133920904817078	0.368577792088656	-0.174473020653202	0.136510908533962	-0.265269253126958
0.119700046145698	-0.185390745455869	-0.0727567432695087	1.17162699117296	-0.190330323264042
0.12014930168108	0.10315947119926	-0.495240500585772	0.068581539272637	0.160092265704645
-0.45462376187145	0.233035154173902	-0.572500241810433	0.87594237094578	-0.443615344678033
0.019831165807215	0.518789257714613	-0.053768625870744	-0.488192165355483	-0.0387730664112421
-0.513074721222158	-0.264799325593554	-0.183705164891932	0.0572882170178863	-0.155001179890108
-0.36779904230759	-0.0775897955732194	-0.423826065882132	-0.0298185238516219	-0.156401309352797
-0.326767862429839	0.43590364915332	-0.374092398074037	0.325532979671641	0.0790879615361229
-0.442280763587716	-0.254548209513862	-0.485430541961774	-0.18743287991555	-0.0265197445952157
-0.144206351938785	-0.507258100238483	-0.0159840006137093	0.0418303303288052	0.405903817201257
-0.173850023376755	-0.477572791983746	0.119437965045367	0.591069879719464	0.445240381693966
-0.19882609204595	-0.937951043364691	-0.198809090983831	0.338539088528794	0.409991766143303
-0.310114824553457	-0.0667638888439437	-0.206452832250563	-0.350042437297606	0.407332853213965
-0.0863179621465636	-0.342759420741739	-0.315795457287268	0.38801833866095	0.464874259636188
-0.192242824781418	-0.931920221459512	0.0196284853853462	0.944776462357541	0.694669150468499
0.0630274332965556	-0.0384891924375392	0.249717195279569	0.198781148614011	0.997046818161838
0.0217182382368294	-0.506668514694662	-0.152795604745547	-0.739379231174661	0.853970734413827
-0.1271921429553	-0.517772179042023	-0.330674651356259	-0.032524343400156	0.641078302417892
0.26701045750292	-0.166460944763835	-0.355037841370262	-0.286087632906071	0.675017796845919
-0.13439375254944	-0.0550331121904231	-0.856249609174586	-0.549211591747264	0.595645221794202
-0.12184553946621	-0.150263003725718	-0.618873503237882	0.42244868609967	0.167573614599397
-0.132934902635913	-0.390207675224948	-0.632834057785069	-0.433430628757428	0.270139216510237
-0.260266203342138	-0.178403183137973	-0.473609076265974	0.101378340061532	0.0879293972388547
-0.499022711154778	0.210422965253728	-0.0344263402060133	-0.494035393181489	-0.0490537455758193
-0.253025200318488	-0.33952996887582	0.0368032006999026	-1.54845266913539	0.0110511367827976
-0.0318366306803595	0.33132879110911	-0.192613547285458	1.34769751791035	0.537017251056041
0.00493706372239428	-0.617744144910272	-0.664971468153939	-0.522550318209726	0.232599870771858
-0.144848097559364	-0.338149851283924	-0.291163516301423	0.837155170400932	0.286441205771726
-0.141369731719332	-0.545865474492649	-0.0466114628633613	-0.592092262095075	0.103332555711325
0.21588609017097	-0.282927799068148	0.0342875241653549	0.425341297645525	0.799878145599096
0.570695117940017	-0.148333123350095	0.303457278358775	-1.0748077881208	0.364058770949911
0.123207947375485	-0.267314489284372	0.110246857821699	0.873343586214965	-0.0294894017288225
0.0307323380006497	-0.125700764317983	-0.110938506453101	-0.0838853053887309	-0.365755718260268
0.221254191967091	-0.228168632944504	-0.0777125256364151	-1.34515157622485	0.263475175367297
0.374337313116221	-0.0259079414906522	0.366904892921407	-1.15551247618631	-0.326759383807207
0.130504715584673	-0.173506511031353	-0.51070406144926	0.164187686580902	-0.124573114979654
0.123263129613274	-0.577581862927877	-0.971821472600285	-0.111471407268476	-0.881547545320424
-0.100211581270853	-0.303679294010715	-0.68585044422059	-1.10619283605929	-0.739943835716532
-0.231029029649593	-0.00529743240720875	-0.674927978149348	-1.07550920067278	-0.616890266137047
0.0752692963921251	-0.319499441148334	-0.709315151544272	0.557918085306229	-0.794773426527891
-0.134125656962952	0.22703045856938	-0.672085143481634	-1.86137841023148	-1.05927669385821
-0.429754675841492	-0.604157650053766	-0.123872967351506	0.177592260595762	-0.985860824041691
-0.364659231035001	-0.167496770314113	-0.322762628397011	0.632793357724357	-1.13187385659989
-0.22522721495897	0.800734859481157	0.254103836419609	-0.730250814912309	-0.879136992094903
-0.414393568201413	-0.111119526890795	0.204111875662589	-0.797140162273908	-1.14185291458645
-0.592023024379289	0.13336587755786	0.176557385349418	-0.623489617202481	-0.850076450310446
-0.357834032883466	0.184430598370637	-0.330002521584639	-1.95348834312819	-1.08389490167392
-0.46395002910847	0.499229417463905	0.395793267969777	1.28770174367182	-0.831692147864148
-0.0400049733638128	-0.0147294464329517	0.236985737178101	-0.999254531888188	-0.499709258775597
-0.241535612136703	0.132382607746517	0.394822804748088	-0.0189716817123592	-0.475336901757233
-0.234374308733018	0.66345888221377	0.522632257574736	-1.04284961949695	-0.443234127039017
-0.236533800359822	0.372971365747714	0.0869678337894627	-0.965882629635087	-0.469634445688233
-0.323694798245448	0.341845593425107	-0.0548926809159314	-0.460355387639191	-0.648251298906913
-0.127514194189189	0.198301182566827	0.0762611740348602	-0.514971801823773	-1.03618472887739
-0.229208146573277	0.567045085327063	0.589391907034419	0.857011171217067	-0.645194223998786
-0.0866183522731217	0.381721605003383	-0.260661150561767	-0.651839653826231	-0.452419988709794
-0.333003422284182	0.619018287563087	-0.192357610815472	-0.518333799392168	-0.523516286990292
-0.333729888467042	0.188439067014766	-0.495238051892098	-1.11298908309938	-0.524674466947957
-0.394344788785863	0.598181888670212	-0.175517038951574	-0.073467618793103	-1.12650809082861
-0.237656177277166	0.0848592301001798	0.0502242332623706	-1.3095197274804	-0.338569101138766
-0.198813421478267	0.228683741158298	0.275070655237251	0.00734016796417592	-0.575464137119795
-0.367986899294553	0.10385693276636	0.246033080853637	0.380889844293693	-0.625838313287506
-0.0900357698500384	0.733133009432698	-0.159456180540091	-0.177746106810002	-0.375596332573304
-0.188732748423577	0.232287512916089	0.561995878177187	-0.624582288389405	-0.570952759358377
-0.185609987523175	0.341724513401067	0.543278730346027	0.258068749322617	-0.584349828645389
-0.251945830025475	0.36084758109659	0.681475807200261	0.679143162198947	0.165127541892959
-0.250730311479023	0.193123231072066	0.357423145073549	1.04672384145314	-0.54853862555178
-0.15758622815377	0.579026742268846	0.219867656656827	0.0177989891041049	-0.104924014728447
-0.592170820215172	0.0805035787440965	0.0938114124804938	-0.489399211320532	-0.655229771152191
-0.0342603037505364	0.267501934135882	0.254498168618227	1.52540111861405	-0.125925547301792
-0.275717750927635	0.839610714600276	0.523212712875005	0.579097836278421	-0.0696146930359291
0.25696099304344	0.362737422013485	0.155530687568268	1.14833186922372	-0.00255418951865816
0.421442539110619	0.405136651946943	0.415995218306678	-0.473955058964346	0.409195122173461
0.167010570006754	0.561271649958568	0.382675591822197	0.806938538478282	0.589537449912609
0.767498471790095	-0.191913219024766	0.183220705167434	0.50170383817577	0.411541384576255
0.629067704539012	1.02159945406947	0.0872874339440393	-0.130086165138106	0.406068694907298
0.561879948441833	0.332505136644593	0.0682727698956829	0.560788676337894	0.503382857210227
0.52570588336077	0.140576102945134	-0.541875918376291	1.06577503043	0.692006300563592
0.382421082692414	0.408517551127216	-0.352467109424869	-0.182987259370068	0.20259565356409
-0.103666460946894	0.419055503739755	-0.141882808678437	0.384074369128007	0.281162333523513
-0.110708884469954	0.149165495072887	-0.0927028966578553	-0.385147604767898	-0.263876282996503
-0.1577980556591	0.203831047790962	0.352554284600801	0.38955523535272	0.361920728689256
-0.0353697037362952	0.426197991675223	-0.03641854596882	0.496416659523504	0.548203347542729
-0.343839693035308	0.574214283636175	-0.220264437060629	0.120684327410158	0.314904760831065
-0.397857380808477	-0.452004479316482	0.0899692628113577	1.65391709583923	0.442924773783749
-0.176534536119429	-0.295095005832568	0.225916819816312	0.0221913458507841	0.270052443181517
0.344288834949975	-0.00272149570672786	0.447490203964947	0.629434410415395	0.78085362422319
-0.148493748804467	-0.387270523981428	0.133681250456306	1.97566583947641	1.05752177645668
0.52672318141762	0.216260920905792	0.28081431303959	-0.225175943444858	0.821266391429227
0.169259069152501	-0.152149063385843	-0.0634223510369221	0.48144667581604	0.683532560809959
0.270737269628569	-0.446684958061191	0.419373594484745	1.24455798206826	0.324607845737033
0.2945653059151	-0.0156633730868892	0.141043366569952	-0.681309349465327	0.428618656397566
0.537817038078039	-0.598352964490873	0.533638015681994	0.959141701095433	0.613445233136269
0.0445379159170265	-0.328866081692278	-0.434529805329122	-0.899375739487555	-0.287593083797344
0.682558491757043	-0.168622916734603	-0.463708031337391	-0.0219082156039639	-0.433954463219331
0.90426284981392	-0.26059012552512	-0.730677496029116	-0.805131352919039	-0.446481358755564
0.581467191705704	-0.0076741911064912	-0.294726452672694	0.71671815156016	-0.805147956095217
0.881245230189585	0.197422172005833	0.513648066530067	0.229501197463179	0.00492922506952751
0.838159926127933	0.436408444569803	0.0630924156273567	0.679237969337647	0.0199332574521331
0.836790762628651	0.107604271175165	0.239530108293505	0.466162746405085	0.0928694654562053
0.921889567633268	-0.0836437682718996	0.549642018218621	-0.634964582088581	0.253470577805835
0.234592184908735	-0.416309527896718	0.348791468482716	2.01235617287374	0.415488806644195
0.286313714683534	-0.227657126778585	0.477348349110582	0.614897685160806	0.581805234907551
0.207112852802813	0.249719080999257	0.0751476538783819	0.265657734836452	0.440258099202795
0.183222712383244	-0.212794352760618	-0.253037474975702	0.536972558373672	0.36596001372037
0.212391730776415	-0.384574248070869	0.339220384651396	0.124181385105426	0.602297420035737
0.118788948659855	0.311484187398118	0.157897899339683	-0.58357536993867	0.5552564820138
0.224276184404814	0.248210862490263	0.408752946766071	0.623365293682847	0.596792058641786
-0.122776235752638	-0.201639746574668	0.127580749020693	0.103719933637154	-0.0314400111825015
0.177199069237232	-0.289094662462752	0.196799193343687	1.07120833615855	-0.170336693210207
0.20879215161623	-0.169697804345161	0.222818223338335	-0.271589934698792	-0.224601335623492
0.205744804318877	-0.0599257349760014	-0.284866905408465	-0.962872058684145	-0.550091679204772
0.128796867251041	-0.650941446156816	-0.569511056755113	-0.307816859132086	-0.374054592855359
-0.239827201081063	-0.27701621979815	-0.714090381901482	0.503597010319192	-0.710714702887254
-0.180944860661554	-0.400008131840198	-1.1468362347271	-1.05250587747693	-0.307260765264523
-0.184428443871027	0.0850769685809745	-0.339685332770657	-0.201982605990686	0.0110440662977466
-0.097564809923045	-0.187574847684951	0.0235967501459507	-1.25816776281058	0.0143851011914629
-0.553880742921768	-0.454693589006108	-0.256813084224544	1.5038063282563	-0.0941283435914116
-0.21689486324364	-0.470694634916074	-0.447215970145045	0.623792067677834	0.336263767959138
-0.301682479488274	0.217997476242157	-0.0836676512647121	2.09530376880538	0.274783196951104
-0.168531301357761	-0.671174830298069	0.0136241432074487	-0.818312066267046	0.691009777154149
0.132675397806728	-0.344347790567196	0.0156868659860812	0.739890062536084	0.931583043764742
-0.65399668192583	0.32199595152283	0.27927596658968	1.40429132282176	0.472489155490596
-0.0637383583831127	-0.29278540913925	-0.00568508886403508	-0.343205938087334	0.622393922661158
-0.419517467365114	-0.0433905869834132	0.058727951276139	0.758745374761902	1.07607719950506
-0.520273301808738	0.0416805161132503	0.395019895062386	0.450953081359312	0.381764176353819
-0.0557782389348858	-0.145922798825164	0.211043602765696	-1.01930154453487	1.04427832503045
-0.00622276262551136	-0.0491971177499057	-0.254723415928163	0.277798273973509	0.808537045068595
0.0183541172389936	0.169086925975099	-0.206581838150319	-1.43171305417193	0.543572532146536
-0.0786975627020311	-0.631365729059073	-0.598734895787891	-0.0251985913046713	-0.0898435912524461
-0.06308590970655	-0.749192568740368	-0.196491169165097	0.00553935309058265	0.197863572962517
-0.258983782209898	-0.569710954804668	-0.710770620279439	0.139947645707217	-0.387815486084853
-0.177943809842365	-0.670589125552984	-0.274310495125357	-0.312851048975748	-0.722788730425934
-0.47559039523648	-0.482874203176724	-0.0658324194277081	-0.893241673901978	-0.879673001331593
-0.546632215452615	-0.189207620789413	-0.025160510252735	-0.19295463121957	-0.449272231311665
-0.128280451190487	-0.317429926273543	-0.154821916182954	1.37828486280814	-0.440039577206263
-0.0981462022707054	0.243592232688792	-0.155229149809285	-0.882209773700883	0.163751710751781
-0.419518857832144	-0.443327315721696	0.293385449371755	-0.715750015483841	-0.0877399380593293
-0.254048892807619	0.0563064021454567	-0.300180708941563	-0.21585203703466	0.0960491103439244
-0.357911965384198	-0.393272214118147	0.0640065133904213	-0.210437602059901	0.367177341194706
-0.0508019823451843	0.255636864412006	0.280592381958132	0.544668924907399	0.405910929303733
0.0692048782175996	0.0879285047080841	0.310183722074983	0.170327826681029	0.529237361480241
-0.0977866879367448	-0.309535213302231	0.0130167638804176	-0.438815379518965	0.597732364760472
0.128671456844214	-0.0376496222221651	0.465205425480762	-0.125954280669387	0.586365180910098
-0.091962245095484	-0.20631095288347	-0.391525845338009	-0.451239568200323	0.13526960191516
-0.309271262948949	-0.811087087609127	-0.608244777154623	-0.962243143220534	0.553835511489174
0.680222187076058	-0.208797246416261	0.209693796891068	-0.0525216526904409	0.753306504616222
0.262232922366788	0.365928255401365	-0.328752771811083	-1.61541877969823	0.3645562888465
0.438242463680471	-0.343830654846413	-0.356899218230095	0.278769066125622	0.815903191817276
-0.0500382424254839	-0.0777732818251973	-0.4902504165483	-0.226563726256444	0.279466143477156
0.151200380854191	0.0930982426270068	-0.249194271638474	1.43827919368498	1.07703539285434
0.0794570233101204	0.0622674624465406	-0.737732227356113	-0.529828674378273	0.360495818576755
0.272094084761719	0.171182347192632	0.200122734730127	-0.682456107787135	0.564149246373558
0.126469432827758	0.092705493176242	0.149709935723004	0.600483431993167	-0.1800630021089
-0.0395143081017504	0.387168416604652	0.128285659810126	-0.590816618105299	0.0238223125225597
-0.206482338009238	-0.031438836843782	0.123516302856241	0.426949828067871	-0.0249249567711798
-0.379804544111502	-0.126809112730597	0.296994196109502	0.64239197833885	-0.643433521057707
-0.305412675470457	0.39847241337738	0.247097760628139	-0.31940121903731	-0.267307527557116
-0.624773290478828	-0.165874290088066	0.107685309605339	0.810328140543149	-0.606450504515334
-0.211398169388148	-0.111872037380929	0.29255472232398	-0.834995346900007	-0.633369639181628
-0.330137215134006	0.188111367662785	0.1336906740815	-0.566512013615634	-0.365623192793873
-0.358562051772138	0.153487606438381	-0.345989832287047	-1.36319818535157	-0.469202121897247
-0.171359437023908	0.175492698248835	0.482561731596376	0.31443473112584	-0.50252960277574
0.103178431198921	-0.503820938673616	0.0296273278640637	0.348812616653107	-0.255931314143904
0.247221497038436	0.526053382551968	0.592283068482185	-0.162574168644981	0.0744964102225994
0.620051040300648	0.377884156706315	0.69946053791795	-0.48690132946907	-0.255801021021014
0.383192935356557	0.14552309281869	0.673003087940726	0.691811114062125	0.0177976408193245
-0.00528475929212725	0.455954519630961	0.438194717848618	0.409840002179478	-0.226220203136662
0.0220469083976272	0.0239058126616807	0.316608864133948	0.761887883229709	-0.308518831382624
0.0366754250998094	0.404283683929128	0.194747123873435	-0.558384341148414	-0.413191215537136
-0.396307986570544	-0.307019953736899	0.141833474104172	0.337732014452353	-0.663078793845084
-0.179907008304123	-0.271009684225965	0.0922259719893665	-1.2358436795148	-0.657819560282421
-0.60495245428034	-0.185556894535789	0.0171207060180243	0.152611813517175	-0.973024697611622
-0.516904051779625	-0.812545387217851	-0.514074098891381	-0.927285896108683	-0.799329922880396
-0.180818378097549	-0.115883051078508	-0.435010211795005	0.323835027657007	-0.393372398263511
-0.295242361998689	0.0872055182680354	-0.390040996887618	-0.321993695668489	-0.934510219695946
-0.352765255929383	0.155450692614769	0.21506351286358	-0.100780537022893	-0.267185832608554
0.108914048731408	0.113031461646052	0.264342025879256	0.371015628928732	-0.213292327390031
0.468624389139814	0.267811040585134	0.297154901871977	0.375856829333891	-0.10643661287928
0.556567608571641	0.13882705241645	0.55632945786398	-0.277786206644282	0.0750560032423538
0.525570677023795	0.306796312074445	0.0725576566218625	0.0733727467151992	-0.154895196566111
0.277819079229227	0.0112542081710147	0.555230491676627	-0.628933351282737	-0.0317643536824363
0.430896472436708	-0.106526194655946	0.417930499473598	0.348634780211837	-0.229094737762864
0.290559813692994	0.554976755584066	0.665263632418604	0.780048173391147	0.348193275697332
0.375534639310962	0.3976697509549	-0.190253737836604	-1.72692800326896	-0.0190591301262394
0.0904272754385933	-0.103616439285931	0.273762967212629	0.233682439410849	-0.194367028814319
0.472125114764754	0.483592268264612	-0.0171151694396973	-0.194477219511606	0.185590050971973
0.433669689990089	-0.0692072279844166	0.372001454461788	0.590130491910449	-0.14905198210476
0.59528955633062	0.313181090621796	0.786884830579002	-0.630861055369892	0.378315114052646
0.799301595165231	0.513946382532757	0.0883105638959341	0.0188858632683791	0.349708940409575
0.541377910207802	-0.479151946354072	-0.352042732651714	-0.41656667081523	0.233350825133895
0.626927118488958	0.111181130608237	-0.466657214929675	-0.111902848757788	0.199410544933795
0.347411268128283	-0.164153641743154	-0.374175512892316	-0.0451033657852981	0.0198444487318859
0.120139896809749	0.339887425625282	-0.139124037091015	-0.297542479774226	-0.147890834629931
0.442332156344125	0.0517440212580805	-0.265460237198957	1.84990387777488	-0.174043977107809
-0.583080774356488	0.158831474768034	-0.90273289086989	-0.562866507551316	-0.177013981730403
-0.0682277033310459	0.363126339347929	-0.125647389417953	0.547402966418804	0.0489612366221307
-0.0960623636117391	-0.0273524491394794	0.203410046846299	-0.702078232003565	0.175079703093136
-0.450064272625648	-0.0119913038643863	0.0787826898460721	0.32860253613475	0.383132010072825
-0.162421171610767	-0.502893444037158	-0.00301242481903405	0.326927061337711	0.359943393970667
-0.241031011258178	0.159105569320084	0.157847745052663	1.58605931980165	0.886969855427023
1.53011835855321	0.0672639873959145	-0.0409484946563582	0.295796494148999	0.748542094844416
0.561749326530665	-0.305911163606097	0.024183759133697	0.352248708298121	-0.224623377450145
0.242699409898284	0.284406720404892	-0.542226950739667	-0.185601993253663	-0.14143094735226
0.205665692264586	-0.397665168203019	-0.591515163442848	-0.952210588425071	-0.570001522869415
0.154222782841169	-0.189612996018707	-0.128668090353203	0.0291460153906364	-0.446765145628329
-0.60302657598482	-0.39987120269437	-0.119974490980645	0.999131900828006	-0.477376231085764
0.22208661369261	-0.0583372143582448	0.304909013057712	1.10444435447029	-0.306966644245036
0.0622988254322839	0.299538462279695	0.339752612450125	-1.12424774780452	0.146848915003613
0.315372401136198	0.714155828263472	0.301651016657891	0.403107089580373	-0.0972588858681216
-0.0132653173935355	-0.20241821147141	0.132969069236792	0.578024915044225	-0.112206010539514
-0.321198161497528	0.357148237106249	0.171497860343409	0.578537773804167	0.225678853835633
-0.297296414973578	0.395585380861903	0.592233033890287	-0.133961509967232	-0.261553559884011
-0.134068803044667	0.250057048756655	0.170868795301188	-0.110693274870966	-0.0255505363462207
-0.117440916629477	-0.128646950458174	0.0487832505510029	-0.219387583019916	-0.160364752490532
-0.113738497202068	-0.307794383627033	0.562648305973027	1.26411000480025	-0.373253757054723
-0.69950064687742	0.24499325047056	0.379901125093453	-0.629497617530478	-0.396952110376564
-0.51279583116661	0.272674506421115	0.177753222586699	0.280311200205953	-0.206907243383201
-0.281331881861725	0.206534268370306	0.42707688671421	-0.78903918423525	-0.372781020132605
-0.24455489131236	-0.3460778565569	0.608942849037764	-0.400358462682913	-0.465040426627438
-0.173767535705321	0.0891707627317627	0.150837548897266	-1.16071831522065	-0.170186337724646
-0.497173591271113	-0.141800876062239	0.388343844612121	0.385198595031828	-0.236196719032876
-0.255655528411537	0.15493456281995	0.688095680271261	1.20785487683785	-0.598261574392442
-0.198201304583366	-0.150479187779626	0.0157790664101395	-0.460785985547562	-0.777581657886522
0.0550608429239589	0.265722734210898	-0.0235443362846752	-1.5850350440259	-0.326845826648468
-0.162146344560773	-0.00473726416522014	0.25576032377685	0.344424994827159	-0.349180934846574
-0.227324203236284	-0.0870189176316268	-0.153191555305488	-2.01663850382057	-0.0866115705657752
-0.38966352583995	-0.100539677322652	-0.250314750527666	-0.125718315029529	-0.357338166506856
-0.500001391536287	-0.356109048208711	-0.0648198492443294	-0.337467110489977	-0.448473113094114
-0.0273995100883597	0.247366192810457	0.0416778076626116	-0.102034116088331	-0.477389977510481
-0.186300796785446	0.133037461847429	0.308366604677576	-0.525154180492836	-0.262368178384673
-0.095814185562276	-0.11395470484212	-0.183935070049072	0.611564051123004	-0.450779888792467
-0.211181020459193	-0.0473194954909258	0.0709710108966793	-1.39797384878656	-0.253689009076661
-0.172190043967125	0.0671273151943418	-0.365537839387351	0.16867536865505	-0.599945364187784
-0.420250788956494	-0.174969618088656	-0.26204754356721	-0.922750993738413	-0.449819862845318
0.129441336701986	-0.295025743682274	0.101642880410604	2.53521402698805	-0.320474357236529
0.213905068887021	0.431148473798376	0.375016435202075	0.215451970375639	-0.229159152943217
0.138401874720442	0.141840486141785	0.106249262058102	-0.545956074518276	0.0872884332929916
0.537791430630672	0.230323015589564	0.525608116787412	1.02817991367496	0.341044007322345
0.312948974818761	-0.178737541971409	-0.310004021286463	-0.28295542597465	0.281992327883601
0.345967385754329	0.257248163062647	-0.0486798923214713	1.40640621373982	0.117853813108212
0.957850153638014	0.093206203786374	-0.250290353596332	0.758238979592373	0.419991362534159
0.534122260154265	0.23607507748162	-0.469388571605835	0.518789447655298	0.805884715593087
0.86388576109441	0.209796820365207	0.176766151921879	-0.195755297778865	0.444405043141996
0.559460424975705	0.103601673293367	-0.260469570615023	1.89037129329989	0.369428119985905
0.704804200570818	-0.260505581125433	-0.567476938835995	0.317216396853003	0.131334826493469
0.521401987019361	0.102159560843948	-0.533006435530147	-0.789932743341845	0.0414499939617248
0.635366147756235	0.219917837424359	0.161511566925524	-0.743002118805003	0.310602831222251
0.75393877170441	0.276858226101042	0.359468787124728	1.54572629733133	0.961273116748615
0.0595506039129646	-0.146478487962392	-0.168808569925614	-0.261595260101113	0.217836202286185
0.114280420620466	-0.0294878100211796	0.218997124373176	0.556508819286563	0.347285112269568
0.135551840494575	0.435373268655567	0.490264754848711	0.687692863331848	0.948599505044962
0.145510885294516	-0.0191897701190038	0.41049067973815	0.0160714030396061	0.996167964572083
0.242380006366088	0.120482798165383	0.341525781387886	0.671438098006148	0.968545427558437
0.078898537799463	-0.352182253939232	-0.0804709103411409	0.803268715807692	0.651933864697176
0.24919084675507	-0.252230102531002	-0.081950461634912	-0.158119951972039	0.722553047082228
0.0904824537274409	0.055003504861086	0.220965601424017	1.09721873777092	0.574893658130673
0.146391315668994	0.174495364769945	0.636024608257579	0.096347893292745	0.875645032477597
0.459892290935261	0.386898460418251	-0.0414971148588791	0.767095667818114	0.704612627993411
0.341792957900823	-0.37737176805841	0.184547395344651	-0.919305066054998	0.634703534247563
0.289773419981313	-0.454737801647613	-0.2140564862065	-0.247321963129236	0.305890447101095
0.510784629930838	-0.783931656745388	0.304912755954409	1.21349001213757	0.188467716197638
0.625051596632029	-0.100820070205166	-0.39985964274274	-1.93080177622347	-0.298255169197565
0.60687858406184	0.0240152059388825	-0.0862044439857851	-0.999891775938576	-0.0533484110651442
0.29976444001795	0.127629317711361	-0.164172106546704	0.128132568273627	0.0700092836139702
0.00852740656183301	-0.234130987327309	-0.314759307088576	1.32195242867881	0.431226457476389
0.0943876270004762	-0.437503353249719	0.125466677748707	0.345971245572003	0.214082757876804
-0.0342560142079026	-0.422002574340692	-0.33106513039173	1.50098585419864	0.212128608659777
-0.104607641027838	-0.0420219328112334	0.417168480336154	0.219527414926382	0.646164581907645
-0.0544855778324108	-0.151635753973668	-0.288823128887517	0.202376300601685	0.598151632612254
-0.246857154873623	-0.119868019409004	0.00650397465405929	0.566135402417548	0.731661223681569
-0.227375924059662	-0.350401931030646	-0.216050202556314	0.111155032486018	0.457449713298427
-0.416204925703013	-0.109181885419403	0.339376851856699	0.497036637018542	0.608511529442444
0.0516790291985813	-0.475283270024767	-0.212092381593379	-1.13130186029438	0.599334370277395
0.237946536849699	0.187610189396224	0.0326072847609642	0.250890761452136	1.05175612449448
-0.17793171864061	-0.0394633179722704	-0.0814887573164165	-0.336066532601741	0.665570571146499
0.0540705934013028	-0.28105270737808	0.218201901823478	-0.387336199245915	0.352728166333731
0.425231881811675	-0.176777828941577	-0.375413458154606	-0.426631337077378	0.283939418779604
0.122823477641231	-0.331405341826019	-0.162833307360735	-0.186200267551761	-0.0604035760184581
0.145771596880949	0.221593962163409	-0.271130894734175	0.544199097569569	-0.312285354207269
0.220400679863239	-0.0807144749670039	-0.712151305591465	-0.163994916162064	-0.407360941949837
-0.0979133043178313	-0.290698985897187	-0.865623750235582	0.634211538746066	-0.594194055002126
0.0757428901376215	-0.005954761627559	-0.189298832701863	-0.718561198026222	-0.449695354215414
-0.0866044382951867	-0.327737233977845	-0.374724821643462	1.211302887147	0.0404548710188348
0.0792507133347077	-0.148028085687709	-0.0917261844853504	0.219844003654792	0.272375925297142
-0.22914730997056	-0.428395290004192	-0.218655718009348	0.794580501793562	0.155021334385612
-0.307031588842358	-0.244316568645044	-0.485073520531531	-0.454947313153821	0.499246048203234
-0.206637653142136	-0.388008852815528	0.0683664330981387	2.15099173876363	0.144574007559737
-0.599431173164177	-0.624964940882755	-0.490264949503551	-0.203080658447876	0.243710862465332
-0.104925046907126	-0.646758755490629	-0.116005355614426	-1.0369093541203	0.0975868089674273
-0.441405287474304	-0.228611722728181	-0.288431239945012	0.195218117510988	0.962272799193693
-0.50801699173491	0.100063073048522	0.0854810900136712	-0.803893730683239	0.873406950279197
-0.283048980003823	-0.832791160749646	-0.316542071478494	0.649760875488398	0.393482734451237
0.162488404206993	0.106000321201972	0.204622027795491	-0.486379135391892	1.07085468669138
-0.218335636078001	-0.273098137111365	-0.420261444059725	-0.250073383212196	0.89990400337261
0.200842727494442	-0.453736020173948	0.52712810131896	-1.60363019109789	0.866544758712055
-0.265929227997398	-0.188099342112176	-0.266714861247587	-0.606839265599675	0.590075844771541
-0.129970986855886	-0.38532487616359	-0.692133397767561	-0.348732731623111	0.648143884630356
-0.0235184500770254	-0.310743165344744	-0.606555305748491	0.70931068571911	0.365539416073532
0.0786547855476894	-0.342025446727417	-0.401119417275053	-2.29185256794751	0.286164672163292
-0.202676710747543	-0.298540069122564	-0.565393875738624	-1.36597419632023	-0.204377294561807
-0.512789411741097	0.136042026210159	-0.755257377117365	1.20674736517617	-0.12860640292902
-0.337848776466585	0.0951539941809296	-0.394529052178645	-1.9347684480683	-1.01192280125412
-0.675244013620053	0.0154652397509272	-0.323442468652601	1.05391733517064	-0.798538534711684
-0.204646463813034	0.510135692778761	-0.0994022893798049	-0.580972791439575	-0.740016804975986
-0.33316573383749	0.616010853521141	0.316220135727116	-0.765454739589644	-0.318102448215619
-0.201968808805759	0.256980958501886	0.510919103805713	-0.795127123544594	-0.664463781173215
-0.66509494922671	0.551127344300639	0.335935759131285	-0.237463529216985	-0.562813311126285
-0.339709945900845	0.47353337214049	0.285563358281305	-0.010009049238774	-0.620300668722489
0.207449641040245	0.178843717972153	0.33468477945784	-1.11885660011298	-0.236274472022606
0.0861456589900517	0.641489311933795	0.6562248420553	-0.469332978426695	-0.181441570556041
0.172548458994223	0.236427762861359	0.192618645855471	0.696659990748516	-0.110389574317682
-0.21189505972233	0.21723621876174	0.388128447155493	-0.384720268117862	-0.341523725067624
0.0436373105147508	-0.0084122564132627	0.191456482365273	0.14459072506704	-0.30769558300192
0.153937362067976	0.662580486933964	0.49046561963917	-0.452099444956274	-0.250119253980093
-0.108925295213398	0.0812971125678467	0.276826646857024	-0.236257045086412	-0.638068635807811
-0.0271367027622523	0.475688410538933	0.159777454633773	0.0226991981429791	0.0648145901101503
-0.203557197208282	0.675491488295386	-0.128096131330145	-0.915070241177261	-0.0950513429069904
-0.170470715925284	0.0326866732039371	-0.0293592052171924	1.48041367489554	-0.218560969289686
0.004821759561152	0.456684981317231	0.2186971024541	-2.87122893003401	-0.0776359940960004
-0.30189383489757	0.314690124585784	0.489389396812513	-0.0104735154327912	-0.0383254019929102
0.0652168722476518	0.275912101230225	0.0769258215222365	-1.44881910717583	0.147609169530158
-0.0679773452622657	0.328919182660445	0.165919491642772	-0.0285518607792354	0.00183253448153383
-0.0767962103006875	0.280750617175947	0.362373808035224	0.26826548268313	-0.166286071445823
-0.349459628016372	0.514875001422453	0.402328165657812	-0.044791048189509	-0.370794324041142
-0.223460145758753	0.59897952360828	0.599268808473807	0.806937555964366	-0.132437980610598
-0.229619247532045	0.513992799921265	0.373106393066392	0.998961257302044	-0.702641730470381
-0.158096743736833	0.0948925593328086	0.199409792885532	-0.260050805241769	-0.456128358584001
-0.377608431168636	0.556450097703646	-0.209121852851794	0.0728608390445561	-0.326898908570837
-0.565433991975007	0.748049293463841	0.241293085027722	-0.49676956218034	-0.142603201142373
0.0314667079295457	0.00671707399282061	-0.125663813108292	-1.31420224212043	-0.316719464327863
-0.172985753217679	0.104369949341894	0.361787802039666	-0.00284014226952805	-0.0318777709066219
0.341743433336891	-0.185923177894541	0.0341427606102221	0.357720128505425	-0.14115273424494
0.550742798712347	0.19395060693728	0.382200763537707	0.168792223801432	0.240975501444251
0.441561037442115	0.134597663907283	-0.378198858065039	1.36723787845704	0.232866297958669
0.30101830012177	-0.110344947356393	0.129827662687711	1.26953688534695	0.19471406317386
0.632331905798517	0.301271188269102	0.602500395659589	-0.925557704309987	0.400162470581543
0.412276762362789	0.0541326450099337	0.268100362416115	-0.0996963812672766	0.356053465437157
0.136846475376853	-0.0283249353561969	0.357001889982354	1.39786036057892	0.393613348898387
0.158300282422511	0.0879933572861106	0.103696875481171	0.502076468961276	0.0133293326031595
-0.213026243619083	0.289173909394886	0.206969047342829	0.907412505192096	-0.394709895357827
-0.100759069122492	-0.126276029911846	0.277590498231062	-2.27388667978866	-0.105586389663282
-0.474764149291434	-0.122214198542528	-0.414458955842751	0.297524845477284	-0.791423197566163
-0.0628719853042448	-0.15895599365522	-0.19776721580625	-2.26759607748528	-0.47742075865977
-0.330752343794285	0.272686357622955	-0.257917108597084	0.211568122322094	-0.344148577720613
-0.755182388801123	-0.283790741485481	-0.559814192590834	0.4112389610153	-0.503485978646729
-0.558436410906724	-0.391161681588318	-0.364080494071761	-0.272598943934476	-0.72062546971413
-0.353041231706703	0.274422096641367	0.00198601834761894	0.691230162223449	-0.161657537408029
-0.189047656919014	0.380452182409321	0.0334041339472699	-0.651337502879635	-0.357355471426319
-0.189047327621764	0.27186542067604	-0.167402365494245	-0.0129672268351685	-0.27574734194328
-0.334766955933571	0.105985525368481	0.264379445347009	-0.0518986385789511	-0.645557283717114
-0.433332996199338	0.0514497341066079	0.13602067161513	-1.08130442811213	-0.452904342134639
-0.0916799433344899	0.519358762668209	0.567164973948035	0.820528140748481	-0.0844375896713947
-0.555080054148604	0.117193180454261	-0.0159950779172046	-1.37370127690492	-0.426174709215886
-0.162435045855692	0.267645080793607	0.302067547593794	-0.0141198740327302	-0.571798169745674
-0.429379019989708	0.447714226321522	0.0901000352855442	-1.88720373980965	-0.362770987575019
-0.210768219476529	-0.132424320894174	0.12132954411121	0.482785008442953	-0.513691312395737
-0.0819953481768247	0.233667900959982	0.197677392567341	-0.684985565923618	-0.104832628344067
-0.201117782198754	0.413286542916801	0.236130373532221	-0.584702624275211	-0.246663050969275
-0.181946583962883	-0.23921780601009	0.0102470282673501	0.295175570449924	-0.314098976723733
-0.219718067864057	-0.137071605515192	-0.144742007933116	-0.0835984608650774	-0.39185764165582
-0.522253936076108	-0.0197142153097087	0.0156135841032303	-0.324326940499685	-0.121423704297517
0.175406746822748	0.247466562909418	0.141138875549669	0.544147305769553	0.237273630284973
0.015496548956631	0.0117152865361731	0.0847061290518077	-1.73606010197547	-0.0780110248872741
0.193089847031672	0.470124921618978	0.16780816345942	0.076805654597814	-0.0621874574791994
0.187654415251274	-0.306151178991592	-0.110489900357892	0.720970442351817	0.158955111383395
0.276066636191895	-0.0618745873632812	-0.175744123616312	-0.310929364667269	-0.00653818955685729
0.667841428121825	0.0836190916466403	-0.310727297357426	0.320893533047448	0.0546404014202835
0.446916555699706	-0.0918499897055364	-0.483074766259423	0.465880406929109	0.24565321986021
0.196828604269285	-0.120391447469638	-0.156558755538073	0.551372695625935	-0.12730232701334
0.398468493995741	-0.0785607439143139	-0.306445257327006	-0.043015117714452	-0.537104152806283
-0.0723112528522108	-0.0571749375056513	-0.391383736118843	1.57911600122097	0.0504792731656427
0.0622501067846059	0.0115177379672825	-0.187795233712806	1.6730334247629	-0.843967335505931
-0.144054239223771	-0.366519123135948	-0.591250315003094	0.382350175613872	-0.382759349540404
-0.0303800320468568	0.052703584763212	-0.0487665219898222	0.556869385964313	-0.643963339667234
0.157257396531776	0.195625552719695	0.130989822817302	0.473433849001456	-0.119975674964066
-0.332090678981764	0.238877467184176	0.491125937470771	0.435620867132115	-0.234513880689333
-0.33543876350634	0.312923472008099	0.638004272135147	0.402694786801091	-0.0259352034564542
-0.0685069517010989	-0.0602725754082171	0.0735640193739673	0.627213196624902	-0.493168906420789
0.0721512728620328	0.632201110886605	0.127631075541444	-0.106899287629486	-0.505481403774
-0.22838423961852	0.191740826036936	0.0549465532314825	0.488964403102554	-0.573935168525634
-0.444120766647805	-0.361398593070371	-0.401963557966931	-0.848273966714616	-0.51778173405455
-0.553965724444102	-0.416324044996572	-0.244633457462842	-0.482581399093729	-1.00280940789054
-0.359917383069445	-0.159900161348376	-0.0733054575127254	-0.343043124748702	-0.69025937785005
-0.426639283626248	0.285402768331837	0.0349942528457434	-0.27443223217647	-0.571650021133252
-0.27814982091945	-0.504447027118847	-0.260197741216913	-1.47287013854688	-0.666733941065252
-0.569912983115817	0.373317640732552	0.201432185323064	0.608185215732902	-0.401412669089131
-0.309160930200552	0.00688571600587196	-0.272407023726708	0.055271655114156	-0.420364275935212
-0.240538972198991	0.254121384806709	-0.0423598961365711	0.837779820797536	-0.30994661918799
-0.313417373659984	0.217254793679618	0.155510070853218	-0.0383078956972611	-0.376826824153974
-0.28440825792602	-0.0461600070108664	0.291213417709303	1.51129086627804	-0.39444184852747
0.177634191284554	0.107707439876822	-0.198858377147301	0.0991930326716472	-0.274300939285953
0.159176144276721	0.114777451412492	0.0167580039449412	1.49562942519504	-0.334277200201755
-0.234093095087981	0.262696518594357	0.272234979102666	0.700389583110326	-0.158537864144709
0.244042730984382	0.251415007594267	-0.167161402950148	0.141623489185872	0.147490343884703
0.303268314045852	0.120481987705427	0.345859372301158	-0.473875407581	0.230507185855664
0.417292621528515	0.0269257147417333	0.0408749900150659	-1.40041078710905	-0.139820226573167
0.422113391825727	-0.118664695947451	-0.485747649511685	1.62930558365466	0.117274943001554
0.500957398716423	-0.170417589577353	-0.492447898764021	-0.0423994517228343	0.118970036961904
0.693089216249248	-0.112572882562249	-0.325890333941252	2.14117705940151	-0.0687597919726313
0.805997137127939	-0.05604386045295	-0.502520116628357	0.174055072546568	-0.425628982951557
0.421639710866593	-0.891129968468881	-0.700369355275844	-0.590020479758186	-0.530413419173859
0.514888678775368	-0.21716052634434	-0.460112572132731	0.228800759670737	-0.298803732893874
0.0229495472015967	-0.090411147811314	-0.20541894839791	1.64293952869076	-0.0835993174839559
0.250593994251576	-0.593311588218786	-0.870289301762221	-1.04375703551559	-0.353806198165426
-0.0696941409908483	0.0139717375409103	-0.422884761871395	0.0423501942355845	0.0275673869533986
0.184363336886006	-0.17744503651858	0.0122784657648694	-0.812508386665644	0.493701724772988
-0.0238894017594727	-0.43044412034562	0.0808011402777018	0.15786448387639	0.165297521784606
-0.188514077244334	-0.88883022590184	-0.349028690960815	0.271482784629313	0.637881092191308
0.203655252513145	-0.803361047027375	-0.0729739572692368	-0.433659151817251	0.329038877098886
0.0759077559172488	0.156134055359618	0.113443285254048	-0.150949657880523	0.445554941420807
0.0439501257040791	-0.334113233170673	0.121676946016976	-0.357389624371623	0.496618690972748
0.225460023236638	-0.733907086348901	-0.091714777237604	0.275939013397108	0.605606402049224
0.0250593384486021	-0.0875993928645398	0.0527223241165237	0.583337066011387	0.0801068269027641
0.180754117957324	-0.750610731670485	0.024161734992883	-0.660183083907837	-0.570751771726059
-0.150068632886333	-0.285422850025516	-0.592059673116049	-0.696742532491575	-0.318184871826236
0.0759607015116863	-0.343203357089142	-0.542800052763581	-0.356960928684255	-0.165375052744966
-0.175653277619204	-0.578719550726055	-0.773236957629729	-1.22640510291398	-0.470216555388244
-0.0386834335252937	-0.309317181242885	-0.860998540839766	-0.571192418581484	-0.598233733164087
0.133096828374158	-0.0811652832927528	-0.570856135278746	-1.40204509419234	-0.0179692531510179
-0.113598029766112	-0.560517665778061	-0.235088733276549	0.835520491210354	-0.584562263482103
0.405337339058253	-0.0242103961976866	-0.0693404554817572	-0.499405070432812	0.0808695696582236
-0.00575768807229896	-0.564998890770773	-0.601664069229715	-0.21071433014787	0.104251266741813
0.0429830362639041	-0.21694055841169	0.56978024594364	-0.429402931946115	0.327774016855676
0.300946953421906	0.0356396239080704	0.0318722289114145	1.02006441659367	0.45107773348205
0.080078230514117	0.109311265601835	-0.0789210810696589	0.153918549348832	0.533287358080104
-0.0960492370101469	-0.353265434069471	0.330398661756657	0.0686075202775635	0.340294338249897
-0.372096782990359	-0.16897943752149	-0.244400040285492	-0.0735006223747809	0.374860967070374
-0.192049212419424	-0.731015411259737	-0.331465831814771	0.652017250737531	0.563898181291143
-0.30577607933701	-0.257057575307137	-0.14585967857744	0.366226848944757	0.384045687707578
-0.481831597756852	-0.424715822029526	-0.189982168746658	-0.757265260695737	0.529106189509907
-0.655850751634013	-0.454424779062235	-0.538449638400557	0.0170092056501828	0.205779087229881
-0.0803490741232237	-0.266539686737725	-0.591355413380978	-2.44035675311801	-0.0746894177561937
-0.904019534636261	-0.258870960939948	-0.362627350196989	1.71099727204146	0.418404870136939
-0.217689588543742	-0.459420719395961	-1.28751890135856	-0.662623457536402	0.291739803724381
0.157461809811911	-0.133660504481745	-0.0593644894699563	-1.22420981370327	0.572238603383889
0.0600753552646716	-0.16699830196458	-0.310234602714342	-1.26429946522278	0.453588127990164
0.172346860183506	-0.192712203854705	-0.000770038161128493	0.248264190044647	0.291216660871717
-0.085866521334475	-0.203606661526045	-0.250465799423959	-0.148901928263169	0.328439347018043
0.0583112840443731	0.26770518527264	0.110737639186146	0.189570984889934	0.587819871074746
0.0423061461130045	0.210762397912019	-0.0339307704133772	0.930572547050924	0.464610067938235
-0.0239164764636799	-0.132609759983456	0.392038046223027	-0.367253985383908	0.624769091086993
-0.405211248068348	0.107668459654003	0.0178608019445597	0.952966595802674	0.353168331829968
-0.406824957774497	0.347649343704647	0.0719437398807393	0.205713203035893	0.554606277615935
-0.153538840435637	-0.717045949168086	-0.379805954049607	0.858768452806579	0.153517701697181
-0.188835279644304	-0.0707279374155324	0.18399640729133	0.953194642497744	0.578373123609071
-0.212187758059885	-0.0978405164824502	0.26000445143293	-0.927315707938876	0.619560819052845
0.192538678261705	0.289699661047457	0.449410504893038	1.05344541501035	0.615832048700611
0.264125355201546	0.139287068757958	0.108907400216929	0.000924893099798491	0.546988768996078
0.304239877964958	-0.307684963787217	0.333585643664896	0.228428206655013	0.416702978160827
0.161383714785521	0.00359250277507013	-0.0892951255839739	-1.52456778579321	0.456246219108992
0.391066046268517	0.0714618516920704	-0.699213210754109	-0.913395066306753	-0.065131652051238
0.234118408626358	0.0511961177321624	-0.503441848794185	0.971412950303848	0.00919101646821498
-0.245525683558258	0.314744632977204	-0.355741872695817	-0.604917217060331	-0.0253724711149087
-0.0327642810179694	-0.0877847534736815	-0.146466961283946	0.742610075814836	-0.11936667136916
-0.208929297172148	-0.107356173641173	-0.515924314484887	-0.149014810842351	-0.0679082087978669
-0.292029784282547	0.0283174233525364	-0.095872512023454	-1.29864501960948	-0.316621176571042
-0.280022313012962	-0.290471942015947	-0.159488808304265	-0.37650210231769	0.146385865386192
-0.16673449074068	0.447190805851897	-0.143621280644868	-0.520009394074396	-0.142969911945372
-0.176086400551055	-0.0519946194357226	0.175848032790251	0.546943338351501	0.0271995186950223
-0.0436681447596842	0.662352224965904	0.727147988017617	-0.381398986202951	0.592814398118463
0.0271727301699751	0.10165955158093	0.0588908335047138	-0.810707318772888	-0.1421950598785
-0.355783023407663	0.139767486847451	0.49123797183805	0.346847169314153	0.881135668545867
-0.213715427950936	0.0830616187180899	0.396442027380163	1.28080001880551	0.509882096740327
-0.293698196503912	-0.147890414395376	-0.0191659537666285	-0.833419232541726	0.446839974602756
0.117125260375208	0.10269310492552	0.577403107841576	0.016294160338837	0.590674064903696
-0.0644627218870857	0.295422360044165	0.325493491712416	0.351811957184802	0.332102258242806
0.383184756536141	0.00252540046913187	0.533730811105327	-0.714258089618723	0.310647893643822
0.0417658404659352	-0.011396582303384	0.210908198878181	0.00209255506774344	0.243983033448681
0.24714147475638	-0.149890485492284	-0.463541724527388	-0.346054793076672	-0.242122963850536
0.218340019886276	0.552279634423985	-0.37229931621878	0.662179738531298	-0.121638227907716
0.127601613253998	-0.400848821877337	-0.594196444140966	0.147596886177549	-0.0711014058605269
0.0778441726247412	0.0102272485143123	-0.2171127357177	0.26260057357765	0.0857986575336521
-0.00241337160023131	0.163252272402703	-0.057161272056909	0.795540854291696	0.366306451453997
-0.319276622783327	-0.43052739605204	0.155308969740228	0.42366067126887	-0.316006047546229
0.0553848869152643	-0.277815873391651	0.0405539631400384	-0.0589229129804534	0.12260001755467
-0.362988470235559	0.193133805324503	0.206032894240927	-0.392946670338901	0.529306899001003
0.37108843627305	-0.13604547487472	0.255092105442198	-0.0799458707675671	0.299614658388464
-0.25220733611199	0.269533254377021	0.269641476411627	0.499303274438228	0.496682639893079
0.486925802522196	0.13777443629892	0.315096195128218	1.18500798369355	0.372482770641061
0.243050019878482	0.0859490674306801	0.531049726836514	0.853262625095351	0.374437732606459
-0.0743226219488453	0.151213498662469	0.0726223089678155	-0.920344833176532	0.365856458538548
0.410236759042843	-0.0308673212679127	0.674285097739869	0.487012295565199	0.369521567922861
0.456498665323879	0.17291187725684	0.191297189416275	-1.77545207451942	0.102679725346823
0.238071065560817	0.143036353557628	0.406827171557489	-0.720689627670796	-0.20087953727105
0.412916424122843	-0.0520582673873299	0.646273183207649	0.0213815757070927	-0.233547486930675
0.517979789258387	0.333672188343607	0.128110792224429	-0.833110430195708	-0.713582877134314
0.32187959134449	0.617697419707458	0.441342199862287	-0.932581670625883	-0.449617197983629
0.0848696148986618	0.000354347952530137	-0.796425288700923	0.855671967922428	-0.611441777513167
0.304876473358194	0.216574121031097	-0.122913359941711	-0.16731964691924	-0.474334055732973
0.103095735744418	-0.00885911292078756	-0.134151864782306	0.031447836152793	-0.466144487223495
-0.282378605824751	0.576527239605011	0.500356208302706	-1.5611542805425	-0.576400166969635
0.117764075212525	0.168561129758582	-0.113656021617267	-0.723497674740818	-0.0351051284450901
-0.104572568820967	0.498434956862277	-0.181170227066994	0.800298890362052	-0.126562261478158
0.0480452464016676	-0.187592403441046	-0.10996113276079	1.07802736986783	-0.266951329873084
0.00368444723622374	0.438605071776063	0.336388569219317	2.0384772379735	-0.162838577494516
0.168748559245063	0.469482736922737	0.471228500149152	1.18837637534711	0.359674994498822
-0.233657863566583	-0.422129319110082	0.1774364409479	0.163364728036691	-0.119130626335725
-0.115063574518046	-0.1063882039438	0.172688043564111	1.44235540284885	0.0441423312785711
-0.22943068774104	-0.136538053822305	0.0700849540689111	1.60610891763258	0.131561506627144
-0.117615664952091	0.448304742882065	0.481895418150574	1.38882632924315	-0.0498361834675
-0.213394269766017	0.489178182695337	0.300475625575676	-0.682049265074655	-0.1658353717116
0.0567201901105654	0.0298096368087327	0.314069952037134	-0.449832194436515	-0.211733267794516
0.263252021694013	0.339842830779805	0.790253568713847	-0.13285189868741	-0.125027037324007
0.109434851227597	-0.0474088926257519	-0.220641075188432	-0.862569463136412	-0.127287658821061
0.208364845707758	0.0052827746324451	0.369254734027265	-0.847759498834824	-0.295432588842096
0.495412920121291	-0.202858033068265	-0.52621495914573	0.0423258097677426	-0.107572821220009
0.39671966292095	-0.0335788212363779	-0.0702109991727391	-0.746025065341663	-0.218433514253365
0.443252871706751	0.0150799121612569	0.0764271085046581	-0.12460618394408	-0.0992272304018747
0.218506549585961	0.0504881809418026	-0.0946003583494382	-0.529844671414412	0.0417404477732632
0.108851603373891	-0.0630457060525157	0.236123212781356	0.52378336678929	0.0118474844896855
0.213193396191603	0.729533305549512	0.332603829293098	-0.958532178983099	-0.263681113063509
0.0433130374297099	-0.201530849901099	0.316330154932761	0.919766786102766	-0.238612460399696
0.0717119150127963	0.112021478386219	0.236912542836244	0.848609373152126	0.0130443571908175
-0.118414347924903	0.299190158844294	0.371202801204439	-0.0898383550998917	-0.0941586779120767
-0.242254959427335	-0.115449210807296	0.243998118085579	-0.122883605552889	-0.289583252864112
-0.177654071038335	0.0118330963325673	0.592052843363184	-0.38416283031926	-0.208305488828401
