-0.174361352612448	0.382713990329472	-0.720754735521367	0.0909378476594834	-0.10799981099676
-0.759306568994142	0.11567589895982	-1.08492505784529	0.941689164883559	-0.590687351138579
-0.5274931614011	0.382039684937766	-1.59572825564884	-0.706502838883351	-0.655340204227186
-0.378451546114068	-0.390456922968974	-1.2626127871606	0.178016432801472	-0.619485059307057
-0.44358030993788	0.117675064478067	-0.454340268050757	0.45124945398526	-0.292534471483484
-0.557829574669171	0.296364436301263	-0.430724641205047	0.437490072626033	-0.235828256427539
-0.788243326855274	0.0876753982105401	0.0226752869695809	0.694037330259498	-0.582713040670296
-0.463295290283148	-0.00491880688392399	0.0939199468795672	-0.381526163078394	-0.00268876338044741
-0.541723690595236	-0.131419360163997	0.741028657832173	0.530646549541338	-0.321144842627412
0.130440945135854	0.260103801646427	0.239874079073871	-0.268535171041269	0.183314132789761
0.330186836127459	0.337617151624228	0.599363905887522	-0.948850398202354	-0.268589496904969
0.235393465177546	0.0666101957493703	0.455587084231005	-0.206882818338749	-0.282508411575982
0.840374526808093	-0.222364319388175	0.131380833691427	0.166806667035012	0.130056645917869
0.822775305855808	0.43180700807573	0.677455660145082	-0.543609883256082	0.307572267544732
0.567168793850639	-0.121336615117613	0.258720614405286	0.208975937485166	-0.0362563373068112
0.588184648939439	0.288737043974261	0.0243495480224631	-1.35737286029461	-0.297147755189828
0.760428903205686	-0.0323688247693576	0.211720056424815	-0.852638455125513	-0.175570201161399
0.331858121742608	-0.0851580654563281	0.599594345392867	-1.05262029855615	-0.146715726113165
0.248111641162032	-0.108190520134211	0.00411782265662618	-1.07830650019543	-0.311268223960457
0.103353257777594	-0.101942667668462	-0.330418993343393	-1.34070127463907	-0.128210140143868
-0.326758791911402	-0.115727743665483	0.40401743085499	-0.402079200202331	-0.101219280145691
-0.507852507969054	-0.125534978029953	0.0769366232787821	-0.449196947427428	-0.385756075383865
-0.878076776606455	0.243381312973038	-0.0850170162518493	-1.08378709720446	-0.631743676045725
-0.8195877767782	-0.269368577554759	0.0870060448872437	-0.130143972065875	-0.139216520203155
-0.878453335683255	0.500216835517771	-0.24809027272727	-0.161829674060063	-0.309895555308073
-0.58098099788327	-0.526721735732294	0.114356410799778	0.793379390216161	-0.216706112656157
-0.0104661674514672	0.199498524525585	0.43631161516586	0.07638344928399	-0.0604130678564848
0.236295297197534	-0.0704945787068065	0.00306064106382256	-1.93228493840873	-0.251576172483727
0.288735365675342	0.336566470504363	0.188110480720578	1.21695613765236	0.29565971689766
0.554278994548807	0.110885687186282	0.791220003381276	0.424620015778543	0.414726487600973
0.541857473946206	0.0654852523325286	0.80245395624358	-0.148324070041843	0.321480218676672
0.489410603932335	-0.149294123229437	0.447446697295183	1.17107766189632	0.520618010947887
0.410536102241402	0.410886961657981	0.689735874945462	0.157259397140792	0.574725090521102
0.515937711629191	0.935045360345907	0.65106566771346	-0.0413427589870052	0.219018977912827
0.0342868399873274	0.0554696042832211	0.651259423534777	0.550686320778673	0.316037533109633
0.718984800398962	0.0886851025945254	0.71776373575523	-0.271483332077032	0.400141507254998
0.585976618974994	0.403737811533515	0.45572536715955	0.194151966309871	0.259388605794505
0.697202256649346	0.302035262241231	-0.133109153306616	-0.45545734894153	0.29845593005384
0.524238399996626	-0.0073545175229766	0.804648865991551	0.674251359434084	0.749518025183264
1.14592258619437	0.232210143288806	0.417960272185918	0.280111264266419	0.465067389598214
0.721514744058917	-0.128801418814797	-0.177250387167284	-0.0995003225641789	0.199659687235695
1.05870247383168	0.40527419724311	0.139688165079788	0.594025929927058	0.926460579677817
1.38924334543713	0.680056760475029	-0.346819260306135	0.81019722399086	0.473603776510676
0.978599824523376	-0.490655890154799	-0.309969959843132	0.508745751487985	0.405710628620957
0.512326613271877	0.40578009590473	-0.031857597898091	1.04675740409809	0.169309578178062
0.527090593862783	-0.425023834624897	-0.273700788713885	0.509093429094761	-0.0970414853891269
0.218340328845508	0.534520740879544	0.434677059758772	0.151711584464274	0.386420231557133
-0.400358992561804	-0.709978797844503	-0.175332439734797	0.11871270602601	0.0790329652894075
-0.720013322591104	-0.283162586251967	-0.210990887919653	1.21754322235439	0.0145748568514675
-0.71457677736784	0.47685533775707	0.475080489817208	0.626183966084373	0.0921362010539424
-0.11249619265976	-0.310655031003727	0.398689868283623	1.8687278274045	0.122953796655157
-0.59793890779274	-0.158172879463349	-0.17880015997281	1.06626595244272	0.191233970840249
0.0787263756362074	-0.758229070803045	0.06708179131326	0.116544815790192	0.0483613040827366
0.31476692946661	-0.442369450275357	0.0404989486907122	0.11650360081522	0.30407939642664
0.121719356610162	-0.496854839762344	-0.0342150891288131	-1.64744578929353	0.485749464714515
0.333220353836392	-0.289197842099653	0.208028083897474	0.251434486884447	0.118752044845332
0.426177592050389	-0.35423524881539	-0.506173590208777	-0.728861340550992	0.282154652712778
0.338528891286321	-0.79016690156617	-0.120999310718278	-0.012557389715391	0.0886109238419956
0.591782528902217	-0.115973875467391	-0.342172835420011	-0.137065918746945	0.181397911417376
0.294985435281477	-0.212237201038106	-1.25744524134493	-0.943567260131477	-0.146558444770601
0.250062635725214	0.109987714625562	-0.912789543063408	1.01520665728865	-0.138939519108984
0.0190948108659597	-0.725828671961039	-0.608805073756216	-0.463272597192387	-0.222777676197423
-0.367523414236714	-0.649014329827063	-0.57450122655381	-0.712491682583657	-0.327099712553527
-0.483706027236797	0.172882169018173	-0.529201947084421	-0.390181924150193	0.205978864042931
-0.889314645553442	-0.743976354175259	-0.414912991514596	0.736851713883385	-0.306866060250931
-0.581852751599782	-0.203753610497283	-0.0814732196197554	0.225548556079623	0.22131004954577
-0.368005366275433	-0.600778471368281	0.0317203732970216	0.4751351774435	0.213302584181803
-0.662324005555488	-0.442418327997307	-0.0443768195602221	0.0653894745206766	0.244359997636986
-0.8701686098983	-0.110598767276586	-0.31432418951185	0.782578271286287	0.141337256699675
0.0319879593357857	-0.541647860788313	0.0443172250215461	0.0444603940417396	0.347874461458677
0.0184963864343481	-0.107665979210398	0.0379559864057222	-0.160106630163143	0.233949035740774
0.434449023613153	-0.69249753806716	-0.252622639164974	-0.0752673056833886	0.272319586472274
0.631930500376863	-0.0722092134719979	-0.731621786485031	0.049113820032585	0.741763368521471
0.460278923985856	-0.246005423478388	-0.459814922942169	-0.0121290419242533	0.568994462522029
0.606102500192555	-0.131642174940007	-1.25267441404229	-1.53200875738175	-0.131109076798303
0.661085438526284	-0.91639774235684	-0.898240009027338	-0.143381936387994	0.0244397645640139
0.83093151426305	0.574345807413824	-0.750876107531681	-0.573605175705381	0.16343180278093
1.05226259957807	-0.54231223595929	0.216366148732895	-0.305681972264659	-0.257380223682459
0.542684473536962	0.45093243533698	-0.133132828393909	0.271537555422122	-0.180547275491093
0.573402471516465	-0.298831031483598	-0.0970983455009524	-0.337146599265762	0.0860293120819167
0.229333793126309	0.118243984492098	0.888533288633107	-0.829777192123957	-0.284612557643398
0.0705357406318369	-0.262133096813329	0.446462285528614	-0.376755443109502	-0.435755124127485
-0.892922242430326	-0.468234456473464	0.027874235614791	-0.275976455285289	-0.901548965307657
-1.02663737931685	-0.0244847290331792	0.22640036766681	-0.0456730828407621	-0.816643307471945
-1.08846191458319	0.29979871022188	0.0897070358678441	-0.279853691051676	-0.494296881569904
-0.933615332875761	0.235810882529668	0.0267368376406281	-0.59889004701307	-1.15526483019431
-1.17841329896306	-0.230619238086874	-0.236784435903778	-0.894335591740793	-0.714318979008721
-0.800171290619537	-0.0812944197767549	-0.582883647373811	-0.51705368115334	-0.765197583797227
-1.05030291922514	-0.156112668858243	0.0685940638034288	0.283035536573211	-0.887676367634722
-0.744750015763709	-0.175944733722648	-0.139957359180856	-0.707368740871264	-0.703980349491345
-0.615220846462601	-0.109061917107301	-0.354554731055392	-0.0551711597555086	-0.592623218167406
-0.60743471033405	0.446632498231488	-0.0158851414858187	0.519749634132084	-0.221933574866548
-0.339180244395854	-0.782917613444965	0.202825096210817	0.522078030901742	-0.624779660459075
-0.168090234946068	0.247900234765671	0.0534312448480888	0.596468648394087	-0.186288755419137
-0.260263403386424	0.240464828370312	0.6667035049592	0.217564887356775	-0.110465662030737
-0.387441236525069	0.0672898909778096	0.361060226547586	1.23404017023145	-0.0822747479199608
-0.556601282535347	-0.392155498099001	0.154994563765778	-1.1356349812475	-0.00987825912479982
-0.606787111212718	-0.433680389569515	0.52062179741626	-0.0849373063874408	0.245996261872494
-0.439954176518034	0.196148300445537	0.0715342767720131	-1.1996496205823	-0.283470403597021
-0.776999273315371	0.338558882906886	0.309483008232081	0.477542118338707	-0.308100866541558
-0.745319398873289	0.00577191294686697	-0.29641896824377	-1.38768823768575	-0.343632388281397
-0.32586487657793	0.341288368391278	0.0349272338770627	-0.333194862061022	-0.301489113866813
-0.369085356106638	0.0925727003798463	0.173736652093396	-0.835890550466223	-0.387673087980519
-0.450756268037216	0.434919505717209	-0.154129436990695	0.461875149597076	-0.306831552210433
-0.508548027711799	0.201987444896731	0.238234821770428	-0.0838953888515826	-0.311901232119361
-0.0610541205869922	0.324107642139957	0.560542993755121	-0.868600596246557	0.0612816654420253
0.0371608091937091	0.282711968410999	0.250138994406868	-0.119245391948362	-0.00175486414720723
0.137425867353687	0.377646771759415	0.0782689685078113	0.695388843626477	0.168493769371358
0.676058485980104	0.515818375068998	0.64713589670073	-0.167300405209643	0.094786143499505
0.634369414229613	0.35991260008255	0.354717889278211	1.41755263458639	0.535340116571709
0.798250010033627	0.443810442640964	0.385084513745247	0.0466057312394564	0.500471170220688
1.05182764150054	0.330219208817802	0.466775058673872	0.392757964070114	0.578417995046128
1.28655453611604	0.779000693328408	0.106301467600094	1.01870957188109	0.698229661918411
1.07811034975857	-0.0379908102415956	0.153451812687389	-0.144670633769539	0.618486307115065
0.945063610227786	0.398649927240569	-0.590409108859809	-0.424318794575997	0.516181944029178
0.455510927753004	0.356050150020085	-0.700508245938039	0.714063161507268	-0.128541170335241
0.198725723843256	0.230449367140553	-0.243484061932941	0.247076344856367	-0.0652398200090664
-0.263581592010044	0.276526820647772	-0.27363814028047	0.169531913115911	-0.261009730657221
-0.67725444298891	0.10035238815651	-0.109750628587848	0.953308617929565	-0.246135887594353
-0.445278613105694	0.0522383831444321	0.232005301999122	1.08468336843852	0.109500375077872
-0.524182579859558	0.481998451829444	-0.0141619951213699	0.906667773350812	0.0739783794747555
-0.490557069685019	0.1349745805092	0.28832468838451	0.368382901877913	0.337730422783849
-0.252489431408028	-0.514288328093903	-0.184622163306199	-0.24895170162715	-0.00417389158970786
-0.490526386251046	0.348690643180642	0.220756923910398	0.596661339405293	0.360723985655469
-0.152284776479046	-0.111392610852756	0.467634306565544	0.885239638394587	0.223280111203752
-0.189637919288451	-0.802473436007817	-0.0455339145490374	0.361384690672014	-0.0334815848013258
-0.148337503373101	-0.952599761355807	-0.564644053323889	0.0253134966656857	0.532261670072229
0.848812405983052	-0.298434135778606	0.664051052610641	1.41932356313481	0.48814505679152
0.503452698507214	0.187122325885512	0.570173199680892	0.978058758797887	0.950845293214971
0.893334067824939	-0.0156192609008196	0.202118599501865	0.221366660399242	0.808914525714178
0.802518818759415	0.55513485686652	-0.296685133805865	0.465233935245151	0.66212801059367
0.791491245871061	-0.269687469057284	-0.561425345200463	0.0301470354020471	0.271250239986487
0.807601977001284	-0.0604910403994723	-0.109867447537826	0.823826920023911	0.337897708431835
0.845443204958365	0.0645595036392974	-0.208276555832399	-0.57833792093093	0.3729981348021
0.709175078766641	-0.24846834395044	-0.253728932771202	0.000377941809488451	0.039240215127115
0.417854556674098	-0.0599662627538951	-0.437239802719064	-0.585328460961462	0.272722459535883
0.555363913172333	0.0385033675250321	-0.220537425567042	1.32116836126482	0.349725718478984
0.254235820550046	0.285256337885679	0.138142214763346	-0.517952123131615	0.19736970293518
-0.164229502162295	-0.623099855415719	0.0203352727282144	-1.0300934142711	0.140171628119627
-0.438477737002555	-0.452694934228396	-0.285656681550067	-0.916248232778878	-0.0698769112935475
-0.394970284456816	0.269421561617708	0.234064968331548	0.621373780973947	0.0745828697849915
0.0539063146252952	-0.389635171199228	-0.048037671192985	-0.213223678313196	-0.071398301715764
-0.365512081056241	-0.123255153210286	0.122692598504819	-1.26922320195854	0.417731792566269
-0.0807420628619872	0.184563944291139	0.181438776952471	-0.357920142962393	-0.189859471615274
0.0455821736737276	-0.368614325669254	0.312746673375616	-1.81416907452199	0.474221235640109
0.301757637693816	-0.186651055840025	0.48790133501819	0.140915011044417	0.282918219601375
0.0836176275414444	-0.191442313745954	0.00325808981595241	0.0205379965288582	0.0595638681427335
0.426845397652311	0.399487510536306	-0.037567964967862	0.600304391588939	0.289189430883133
0.793309198389364	0.300617676014842	-0.290032577530276	-0.18313609287581	0.193447494160218
0.577904661782506	-0.252803721587374	-0.502605281532153	0.351189739658683	0.00226559037151645
0.365504189841077	0.0176868039046661	-0.632874737600759	0.170904574036172	-0.160427312640874
0.17837576419681	-0.619390701748401	-0.795860178257746	-0.224283796342117	-0.286188427647235
-0.230039637958806	0.519113815266311	0.0783548634482315	0.16594029796479	-0.208589323635395
-0.419653444421583	-0.845415537453212	0.474204868417142	-0.491383828135859	-0.458588946491075
-0.417814181339625	0.988383070417555	0.032169983594217	0.951290859921329	-0.183538905641786
-0.80604150551909	-0.343936381589021	0.249372814438562	0.619175982556464	-0.226284631136411
-0.933665568513707	0.146002176124977	0.508842757777259	0.330115147704322	0.15189228258678
-0.60627759794047	-0.0156125145354374	0.377542980271228	-0.748025537741376	0.147263808557254
-0.43277487396844	0.668168973639497	0.206294816048896	-0.687640267107193	-0.297120182560054
-0.678672309987048	-0.0155062440255087	0.25573088935191	0.0775018234971075	-0.2845302495693
-0.996683473367191	0.33446673245933	-0.10433174431947	-1.20551116894859	-0.464628594701403
-0.816143481935599	0.0337431974529191	-0.0230423718235236	-0.232667607738427	-0.39658177668434
-0.784093827259448	0.816283063527807	-0.147796290412649	-1.03041781485658	-0.721368278664076
-0.813337027710812	-0.0290154060792874	-0.397162421298782	0.692545528118813	-0.848613533309421
-1.13041151763581	-0.288158289181551	-0.688804567852228	-2.07711519416268	-0.686490577704283
-0.931030299884638	0.386063511415253	0.396081396863735	0.0982198296567385	-0.968122629398883
-0.649715060685715	0.15046170999797	-0.0553673487490803	0.210893884934623	-0.637761788638344
-0.720924765695768	-0.112676130589759	-0.320268222306308	-0.47076898611173	-0.366094995284358
-0.667750051056173	-0.00697463417492134	0.00305127176003745	0.0468959303303734	-0.541484059699252
-0.68232617335427	0.192104729427582	-0.192477751928118	-0.133663475905206	-0.208288515620435
-0.843770205542774	0.485797739512078	-0.132478956125946	0.387925900124882	-0.13360018435329
-0.39506695307853	0.875140324485106	-0.195987468575974	-0.426365410402519	0.0983616669769315
-0.496606975269565	0.728111628379384	0.373320347051161	0.807941423736533	0.0183503634156475
-0.592114960203992	-0.54941811561582	-0.272224098450492	-0.367654574997494	-0.206586131352177
-0.301818741790498	0.463357761612444	-0.0188209976379229	0.0717927632478209	0.239915909347604
-0.0447600544978946	0.281138508528256	0.792520571426266	-0.101723958029005	-0.0907380784851769
-0.355789642933309	0.400312253224463	0.126127322379174	-0.264184406534086	0.18106165578647
-0.371712553222476	-0.615901952564265	0.334797339679998	-0.463333581266127	-0.258191397971711
-0.13372835505422	1.06435259203474	0.677205588315469	-0.685143018621667	-0.261131628818386
-0.306451687942625	0.195458769546711	-0.00425092088133095	1.20245729908213	-0.144553218402762
-0.164257452777014	0.374638911463172	0.926751022313618	-0.0628447222701342	-0.05747557411994
-0.0694443215419766	0.549939717779535	0.369693038682747	-0.354187971476481	-0.02920058870251
0.147913940936103	-0.00336568116174244	0.488404491020779	0.111089974818392	-0.167502680133572
0.246192279623189	0.39724010809736	0.767693254124599	-0.102367851324627	0.631542981616636
0.741596937517717	1.15980134276382	1.03776223608827	1.4436869722316	0.381275803111866
0.668862290555813	0.343363594811682	0.602000175757299	0.760523933182319	0.0738855666888555
0.913316399051465	0.787349762491029	0.395145477112854	1.31762636644047	0.492873176642973
1.20432322547525	0.726987928600219	0.161894378428469	0.285248387847496	0.587351225210137
1.09501825940723	-0.128945985690058	-0.209224489388876	-0.164249916286863	0.253414665704043
1.03257829733484	0.0615252309705641	-0.419501771748998	1.1683371720549	0.14578112353144
0.875727995560513	-0.2243686116971	-0.316344230010437	-0.348933609909151	0.030974496247532
0.417672407896645	0.502788533440871	-0.36729650410948	1.05946075617593	-0.220339678151502
0.0458586464088808	-0.8139464181563	-0.326821311546057	-0.307223422546937	-0.603520747768794
-0.0109246103901852	-0.1482507585554	-0.46975090419445	0.730682022805629	-0.0651912184306142
-0.251372354515035	0.43753360278686	-0.196055705044528	1.22049584121476	-0.0984011898158093
-0.0747591899323012	-0.542939564433237	-0.123591879754033	0.958745504748274	-0.207861980438574
-0.329791517284364	0.0408605429188129	-0.00766303121352817	0.16432826475148	0.332231210510523
-0.476405734062747	-0.355623818285928	-0.363318540159593	0.621858532191361	0.070981093661093
-0.409278627129269	-0.269043754113291	-0.0231843570459284	0.969007659293228	0.28287823888243
-0.0442288069732395	-0.502509922885088	0.392996718155996	1.04393671719992	0.232997795450215
-0.4325719572624	0.702316885550625	0.183743623562879	-0.189591216769078	0.582036502217566
-0.105633435415376	-0.470797931460818	0.436692099414454	-1.96036616951251	0.449749766339838
0.427795686025278	-0.30933936140751	0.511228365807132	-0.543116922452272	0.398884288518606
0.183689606755269	-0.449907000026458	0.407515495590537	-0.272040376735282	0.46108502685917
0.733591287070374	0.153519076098648	0.403647003458236	-0.339516921995509	0.795447727065698
0.58687931548719	-0.0964694221429452	-0.0660327001903313	0.586095499302932	0.41273411346163
0.694538322970869	0.31414302946484	-0.11880673757666	-1.62600198274397	0.500458315925495
0.87756450100469	-0.0888813561623627	-0.464529622665439	0.598031764940039	0.101705409483251
0.316465312034013	-0.538789940337379	-1.15224231113145	-0.610367122990644	-0.27892246094995
0.144275446986072	-0.0275607200368992	-0.774931246464146	0.265639023364581	-0.201182476398415
-0.161159709017885	0.0137721365511635	-0.619195428731075	-1.18955720469024	-0.383692463803452
-0.550555617769233	0.059865361280454	-0.326066085384092	0.0900419364998742	-0.12843964811254
-0.721795272701077	0.1433482507604	-0.482202099889324	-1.00633546142995	-0.0835582799191321
-0.810358659139441	0.113386869513332	-0.124009247148509	-0.333480036541621	-0.225688298348225
-0.589549233521678	-1.02996743327329	0.0168444437373471	0.510067294658533	0.0306912142450244
-0.54126380617439	0.173261490010549	0.0103708056698106	0.454252852573372	-0.184724358919304
-0.720314194796874	-0.171604269609771	-0.0933199867824038	-0.304607570550683	-0.188462231188505
-0.487806870999626	-0.310216589807707	-0.212882968535287	0.460171128245817	-0.0668145307794368
-0.530006499827328	-0.127898758096701	-0.30320305324391	-1.0420021971805	-0.00891578047553422
-0.32277503982866	0.163414232426926	-0.157532515509818	-0.770459396163492	-0.00267053582393189
-0.214191339272639	-0.287274601996102	0.309898960936043	-0.88204074486627	-0.0211234539003947
-0.415869220328535	-0.264940970780642	-0.200188177242187	0.116386893019834	0.0772244400651885
-0.0343723692128362	0.461986934978408	-0.139836252918859	0.467804274889031	0.101426099227104
0.24652641969697	-0.712426841108181	0.211021514223126	-0.160710772143612	0.179842432338617
0.171393303124077	0.0816675727448003	-0.487735601610089	-0.425345518907978	0.381651348250549
0.539351991436334	-0.242675177858651	-0.19641071865405	0.610123239368652	0.341168988793445
0.685297969504037	0.247312468866284	-0.440455816029546	-0.0382535593389544	0.481412147316532
0.438401234699283	-0.41008730611087	-1.04474132466256	-0.561731109477983	0.293540806160342
0.118586086894466	0.0287451956706193	-0.624210450593649	0.148407218765138	0.148307943928337
0.0726096295984659	0.265944580742811	-0.406737790498414	0.13146679730373	0.398732573910817
0.0316664211553662	0.240762375415138	0.365650793654794	0.558800971912525	0.124728453264893
-0.608670194395242	-0.020734030799561	-0.354994346815436	1.51367310543819	0.370298574830219
-0.37422295181802	0.298320008956067	0.0160200158451402	-0.418717246942026	0.518600411568014
-0.40739475132475	-0.177596330083367	0.0791101983347343	0.511033249141942	-0.0271481707382152
0.139340545424324	0.167284144579056	0.590185925365306	-0.327904155325756	0.639698476357145
-0.550964621979895	0.548722717294112	0.116670722903584	-0.178026592690708	0.234483216902088
0.0562548880106215	-1.7308664181594	0.843340143697332	1.02725972639752	0.366373946355552
0.464928979864785	-0.00965282351316227	0.314251164190317	0.208122953627769	0.350506369377968
0.381400717670471	-0.330951201363794	0.310199259715711	-0.499701809555398	0.285176305713285
0.397482192524686	-0.0749730830245601	0.416480847859709	0.645929108920886	0.173585643972046
0.766083722397113	-0.198184747828338	0.425679369204931	-0.073909644299827	0.241263208868906
0.835009402024546	-0.244763606763779	0.118823426556689	-0.400611623628139	0.200106758757283
0.516926759052306	0.0651627710957224	-0.272153725831311	-0.251875092367702	-0.330346253401174
0.846171356002172	-0.683532860598692	-0.80208710915576	-0.560379325222512	-0.248721207620903
0.23784429805994	0.13586125528385	-0.520436886405788	-0.294271785250193	0.0444835535075594
0.226971832865429	0.0635700031888366	-0.435224516119627	-0.535671269689812	-0.45529087563266
-0.23315513596048	0.0209730130443364	-0.286703757477529	0.0558762284558369	-0.53407018122593
-0.571415355785103	-0.359803550494354	-0.235404633164968	-0.323164839166274	-0.257044307859829
-0.201135461800908	-0.345723135851456	0.407924370735408	0.298811470096585	-0.0762786965753282
-0.379645685383864	0.0794800968413381	-0.245974112111293	-0.468612289540534	0.135088800522274
-0.243266400275817	0.0787911286713616	0.722164353537373	1.96586343499636	-0.250031706810515
-0.342621475800918	-0.165385403077167	0.0589775953812357	-0.390781825850091	-0.0753997524532977
-0.173761580614698	-0.25836526597896	0.587285367318735	-0.437550349530463	0.584118641759098
-0.67884926176936	-0.27576633254026	-0.133970173672025	0.997897908987409	0.144194108675465
-0.351237813724726	-0.563941726703381	-0.111821231377247	-1.53490320610193	0.295915462678638
-0.385193183020678	0.0306850868702392	0.247185650450305	-0.856038966374438	0.0766855053251248
-0.361252523037569	-0.201009958100163	-0.0468469016334996	-1.75380458171079	0.0145706383819134
0.0695380238586793	-0.921090704545041	0.122584337380579	-0.396642973129079	0.456776711611172
0.459745446000599	-0.900454795704116	0.37485298338559	0.946805702194323	-0.0373449396476049
0.804727628218331	0.478345606412146	0.175540471119794	-0.0634712457526732	0.804427902610635
0.970029900032704	-0.545694889646381	0.157155529244129	-0.632823416701946	0.306458027497113
0.749467885862403	0.0585913167591114	-0.315727793725575	0.329512860307662	0.487451302015943
0.43088343889376	-0.518003370216991	-0.547255103051073	-0.399601429346603	0.303593742014441
0.0187662824085389	-0.492475953944522	0.0260652217811191	0.0566283375868756	0.275153944956483
-0.0452001166971014	-0.413159119924766	-0.195011335904236	-0.539739495735047	-0.0169042168810999
-0.58267044517471	0.108164937593927	-0.306534112804511	0.088981129451783	-0.310166922232502
-0.358497041152476	0.011281356419996	0.0726068215575952	0.365430582576046	-0.377972375139856
-0.504693532320139	-0.249955306486452	0.189236924793301	0.454625407146837	-0.280416917745456
-0.300345589884061	0.37417314184683	0.412672005444421	-0.0258641334090523	-0.429857340397173
-0.445845011915397	-0.0245671469541078	0.210791440450194	-0.746046924263601	-0.523744673457295
-0.55896911399463	-0.541673698410239	-0.0303477806362612	-0.126435059860618	-0.59723565016202
-0.267510576650941	-0.128920058143109	-0.0064627846000547	-0.583566730103657	-0.456173314516031
-0.0111356288123405	0.0611135571319933	0.384961009895364	-1.33449004663573	-0.253162017495808
-0.632944306018654	-0.520741281263696	0.153604993008854	-0.90466387990944	-0.668130828405026
-0.595175621370316	0.290177608141397	-0.0392622336884504	-0.432118749760079	-0.492838446395134
-0.426483581991394	-0.0639539398674284	0.531669261797272	-0.557504579689235	-0.525113741293387
-0.370416386572894	0.118938323835671	0.0850950176929188	-0.128527926455056	-0.514859693876066
-0.439759758433639	0.145405058072328	0.177718716603047	-0.483842077940144	-0.520601693776214
-0.599528975028412	0.183962758490309	-0.0788872718338686	-0.150849424530039	-0.466223210049715
-0.228130178867785	0.35784056354571	0.68689088813089	-0.0766257219145345	-0.674480060823716
-0.403300704340488	-0.0732930740921453	-0.072405407801469	1.362687646679	-0.442048134597733
-0.340987535630262	0.36022332366282	0.429695114171721	0.135601877176679	-0.263127845534095
0.0682162911997673	-0.127795565202934	0.0893846796802977	-0.126617127489825	-0.532404844379237
-0.442466261569132	0.022169665702144	0.186616303177288	0.594876402722151	-0.796443000592029
0.0606301401413933	0.466778270737107	-0.174851076081904	0.200466301901525	-0.115200457209748
-0.117156696517712	0.685991465599535	0.341712307671233	-0.144059138179094	-0.242710982377749
0.123687060957643	-0.410065231558144	-0.0159845566728016	-1.36963544656886	-0.136818233805594
0.303210928082905	1.01092180335981	0.1223407507347	0.470124923007987	0.139909767808917
0.0261275197840356	0.440470480685287	0.0607259438353013	0.581815307134468	0.119349574920708
-0.141789616766871	-0.0268501146349064	0.114079206873027	-1.03810909883538	0.145735555537575
0.312588796164236	0.14775396029128	-0.108873092415178	-1.32127806658945	0.0889403476786639
0.12153517278404	0.521443945690222	0.108003496720631	-0.604032503496899	-0.0832777076904667
0.363262406075746	-0.012177358310544	-0.231623002675152	0.0417086171359234	0.103458378557001
0.782133127187891	0.389484964233891	0.302804138624132	-0.603886910081057	0.481411357159744
0.639767864600212	0.0964702302955825	0.403828000514161	0.199751025523676	0.244708586966382
0.541097102479217	0.369030561308141	-0.277128520637983	-0.164964675734644	0.1256957688921
0.444675585192359	0.28034410100594	0.52580612120743	-0.63867392155585	0.185374161185944
0.485031757438923	0.303320671328932	0.741628003848975	0.911956442343063	-0.099722998355279
0.448075216464221	0.158566770330778	0.328887523085312	0.0771386635466716	-0.0779461694066002
0.726908230436206	0.133402625954248	0.39882821160416	0.939024916925441	0.0226006833418372
0.378112798906387	0.110066457709813	0.223063898550253	-0.700985751946773	-0.110413795082486
0.573846597581505	-0.499867376335633	0.280474992319284	0.785810844109115	-0.087380170160208
0.856680108035976	0.282391862526504	0.190519586835984	-0.402928795673902	0.128175534216786
0.550614287939383	0.197030588304299	-0.0654551485063097	0.0588072639547912	-0.0415222644329957
0.896954106049859	0.36155930474861	-0.577976434594567	1.12089441470229	0.145076289981362
0.80665951836854	-0.150702964135875	-0.756130013791179	0.454038737967765	0.0574320572458203
1.11956736518011	0.378577500260951	-0.402281748473559	0.731675621185948	0.105514359912782
0.422582809874469	-0.0124832093330483	-0.825631203820725	-0.266210960931007	-0.0371670405707386
0.114819365367055	0.538729596423913	-0.727807388392808	1.13085664524637	-0.206234212779632
0.014085307329564	0.484501783629719	-0.208837079411057	0.309010355408314	-0.0143185469818776
-0.236504695002677	0.468892592482918	-0.186471150572749	-0.281386630284961	-0.0374145163831323
-0.696103281105412	-0.330238540722782	-0.424747577512919	0.369030345606562	-0.155060394811429
-0.465938727054614	-0.421752375109365	-0.208587378842833	0.810853763765378	-0.0723503209745797
-0.429340365752412	-0.0358111072493326	-0.390364781204413	0.372798347332332	-0.11737430276743
-0.427146803574731	-0.12379006154866	-0.270280155626763	1.26318429946698	0.0935267635679699
-0.0431080749638995	-0.881353623274475	-0.22377512206053	0.376233785402753	0.322506284680766
1.03890494678164	0.7730078288222	-1.17963443419767	-0.79942155643126	-0.853779861169688
0.516078243971928	0.25511015363724	-1.14337578583285	0.736382665431849	-0.460584117779569
0.736471889039199	0.60052094628948	-0.589114958503668	-0.395721596153805	-0.547871595901744
0.553157851556814	-0.234587467974769	-1.12870598844919	-0.00559034814596772	-0.887205927006892
0.560125629134244	-0.235755809949883	-0.447244914636572	-0.113841387673338	-0.587613211779757
0.670653192483165	0.166719517353715	0.0372205379220913	0.977025109769706	-0.531837261591701
0.614183229264069	0.434477926289038	-0.432799046295689	0.195572848888631	-0.591637281413896
0.487650405235195	-0.160146530881323	0.200890473261496	-1.30596375334105	0.0374383056901765
0.545226541270369	0.494299367481464	0.292126154383153	-0.247235169711077	0.423228367941704
0.365830875292485	-0.184751696261391	0.307522476633531	-0.0675907495995085	-0.39942891257292
0.268038088886396	-0.158305224899202	0.457812289936984	-1.85004326384338	-0.0266235676100583
0.25752214863323	-0.140276102078685	0.307431144124151	-0.711750292433724	-0.274786159160011
-0.366422895312459	0.242800610565066	0.284890608790242	0.987742831227955	-0.427617806097887
-0.738879475898807	-0.247755759762751	0.005530529854194	-1.62221608556446	-0.897027735410665
-0.777152834443139	0.366378225805924	0.305503582319137	0.167765847222432	-0.758262102814777
-1.0768272409172	-0.434112774860739	-0.12405072391072	-0.879101354729049	-1.42731091173301
-1.3114647728276	-0.39986977097378	-0.173907614068682	0.00200592502272514	-1.12212811074947
-0.799049056293241	0.170908915304219	0.102916737822349	-0.870505879697244	-0.626143276487566
-0.674718568337582	0.393462508490413	-0.177016872122602	0.12500809656594	-0.828922362499531
-0.723538975827744	0.0136697128670079	-0.00133786797573926	-1.7156292096883	-0.614432997933187
-0.329922842235292	-0.097523665291323	-0.092520143708942	-0.918824107980408	-0.429896290125171
-0.490226529878928	0.689528696538966	-0.175365208009432	-0.0379094997082292	-0.299081107962762
-0.309639033799765	-0.0475918419821483	0.0864387613731505	-0.927738843486479	-0.391128399785434
-0.713301877052644	0.864570515035143	-0.266746225261654	-0.617919216575169	-0.34313148445131
-0.507601754270543	0.318101324376511	0.337156518446442	1.07948674306921	-0.425833918269747
-0.560202962272977	-0.328010917742761	-0.24517599240186	0.121672307346991	-0.616942134812404
-0.605827622090793	1.16705694190846	-0.239636257510328	-0.193943128561682	-0.200307709045009
-0.928630095578929	-0.406056220337876	0.259923607314113	-0.538119243944483	-0.197161995033038
-0.538107656168879	0.4925603524786	-0.0722230408039035	0.858974013949648	-0.333343087855641
-0.402106057051334	0.255336791068989	0.561547701835797	-0.0842195888086505	0.181941259370457
-0.0664575701633672	0.436693779248873	0.449039508515318	1.78272341544578	-0.0288216198901706
-0.202280169418451	0.0588699800386762	0.523723055271223	1.44077021551044	-0.0164917545092328
-0.117459588271638	0.657007074310627	0.157348321492189	0.00885279923002802	0.549180805968236
-0.23889838029343	0.0489191032028343	0.435743471510955	1.04053334241465	0.0350193755404401
-0.109339072980235	0.416396640661623	0.632469215737856	-0.125643038906267	0.327603788436269
-0.421391033512014	0.0701088463510209	0.529905415834548	1.4033025390761	0.543410360078911
0.0617197119002632	0.546623669465682	0.241584517878046	1.86019490976031	0.183165392003252
0.0958045402550039	-0.228542303913179	0.44505068947537	0.616773572178082	0.812308738111656
0.632630023253506	0.21047831937192	0.0867111546020058	2.17898080558025	0.808305973596007
0.746919496831439	0.00617914431004006	-0.183056108344528	0.482652320470741	0.397153332265856
0.955854293068787	-0.582855636888223	-0.0797030370567319	0.699654406929407	0.855268086307212
1.11236920996334	0.59267431334197	0.181466662000941	1.35661654160649	1.17613758310701
1.1468855486678	0.162893580555112	0.102411706161767	-0.2369792573674	0.878933278103471
0.805428652542388	-0.462514950179018	-0.535029136337968	-0.112614603941397	0.574596723546044
0.512642846133584	0.26263229530311	-0.0558086229019723	0.500972859813005	0.656139925026764
0.640743799629387	0.0220134774701518	0.376922724276054	0.0916256748002971	0.611365347032885
0.467857478137346	-0.377401837929536	0.199724977644455	2.18215019214345	0.37284790179257
0.619959494082087	-0.207156777327272	0.336224017755271	-0.263910481727506	0.830221435325384
0.860989580440621	0.631510090926906	0.425491408462563	0.542042107557539	0.736653828339649
0.619346969704878	-0.180830427855255	0.124436654011037	3.16012916776713	0.861942216773273
0.553954308362398	-0.266788150918482	0.607610765948715	0.329098640502899	0.416312587291234
0.567138927375113	-0.243313313154913	0.335450990867237	0.854317410226048	0.697237910082297
0.613532301149076	0.219921804618765	0.561232722244388	0.403346798206677	0.90943235145746
0.397904967542202	-0.14418149321802	0.173536228960541	-0.158069264899836	0.171556983721534
0.338797365270127	-0.564414038572134	0.751267907840665	-1.05453296290811	0.509666764917378
0.483865184181609	0.0534619382387566	0.453852411449357	0.223465915692517	0.765998547418208
0.772614705726823	0.0187796876727271	0.711663232685084	0.404354897081828	0.672467107215573
0.78723660194204	-0.508621617083636	-0.0862282134994955	0.200449444398293	0.391049430704726
0.842873446781951	-0.00156186067903982	0.00820995666588103	-0.993771794345342	0.688756652693627
0.977798006231937	0.0186456834852154	-0.482763076473224	-0.0578787820928248	0.355967325848359
0.691410662899324	-0.441452913161795	-0.42587000394631	0.98142385635636	0.499398377507672
0.924874638963338	0.0742952949821231	-0.558478783989681	1.04183618177067	0.302865498563183
0.352226184433977	-0.193115384773613	0.32219397576756	0.285767406967647	0.643446880163232
0.271692195921921	-0.125838686267654	0.25037476813521	1.41000320532619	0.272847893787693
0.363085813530616	-0.410215240627882	0.116127609839736	1.04821695527123	0.39495479145606
-0.187687572470138	0.166645754873653	0.36962939079699	1.21213474608413	0.596233687475045
-0.148282845951737	0.233475434142685	0.819308309339328	-3.30390916077234e-05	0.473919759286295
-0.392746712071494	-1.10550848536439	0.580641349374718	2.41313078125298	0.720072900002044
-0.437579963879523	-0.212389327901448	-0.00605378567177916	0.121711603959647	0.436680788853158
-0.158530673923595	-0.0220337456611182	0.168295333799342	-0.714530515299642	0.828553696097615
-0.0382800547242769	-0.0785447773465231	0.175488687655268	0.707885442920524	0.681488978137372
-0.0579943663110161	-0.785122574898444	-0.439783682393441	-1.29884331330592	0.345875042559706
-0.201459993660265	-0.96105610340991	0.0624298195675322	-2.11493689265572	0.359201393171501
0.123622958167697	-0.0676174456700326	-0.100396651684834	0.728483492270423	0.437101226549982
0.317541669014226	-0.900614822643907	-0.0120744014076613	-2.3144986151273	0.25468090192983
0.478061107701528	-0.226737998148963	-0.532840475618684	-0.322533364589546	-0.0842211960520264
0.22330279122932	-0.0127105404525019	-0.445151792128884	-1.4927777052114	0.0847627419685819
0.285893402593358	0.166851043105736	-0.50269100522012	-0.878211502016341	-0.195019325925514
0.0825736768054417	-0.501452631531387	-0.94738952871004	0.0527918330741047	-0.303259291160475
-0.145489243146519	-0.243962284318431	-0.365867725716301	-0.863923278257189	-0.3465462043451
-0.472046439519456	-0.274514218528432	-0.583159525745194	0.267354516900227	-0.25437278309612
-0.707046351958662	-0.345086085299706	-0.394533964152353	0.496541146994547	-0.275125983800909
-0.651892547912861	0.0570532078405261	-0.0651226718176013	-0.167125003282643	-0.228181381792956
-0.568054119810301	0.0558712239251045	0.254910443060522	0.976018550415704	-0.0760679523703361
-0.504473237074998	-0.983188977056419	0.155460250911838	1.15206191838553	0.0138844014715956
-0.278230316558731	-0.577326892838308	-0.379360216546037	0.678452070662509	0.0138322122112869
-0.494181893869972	-0.479848260527329	0.0950676547180506	0.668581511614095	-0.159228110542696
-0.831727489799613	-0.684142186333013	-0.0152870127419122	-0.103626533388598	0.316077766551004
-0.211017092696078	-0.267512915663651	0.0936138286968187	0.425619939579971	0.150773557938568
-0.728128650039759	-0.261671779599421	-0.399448345088989	-2.06654644722335	0.0775912350218558
-0.280821712100886	-0.642747222948907	-0.0555353333660669	-0.943444520738564	-0.0616718149872737
-0.449583924502357	0.0217171872912794	0.18254789101291	-0.154494111689196	0.59566067819081
-0.0965104347957198	-0.95883203962386	-0.0656950822872336	-1.42666843790464	0.314972504355918
0.115792061063083	-0.650221190869192	-0.141160924696144	-1.11181791841157	0.340738520914504
0.22658302141656	-0.0077683882624441	0.299071217397922	-1.87748483843406	0.222653194785526
0.519844189499542	0.0596423972926795	-0.169330390398074	0.027767007843254	0.751030878722133
0.496877848658593	-0.589853400521987	-0.706970351791396	-1.73413113483072	0.342921464574213
0.332644405873827	-0.570021091386127	-0.885019839675819	-0.839447728828279	-0.258167688162648
0.392283303356777	-0.355479292702954	-0.809380179750243	-1.9212192690443	0.0523124714005334
0.118615269121206	-0.837360171781498	-0.407264946353353	-0.880143238328062	0.0606233232720651
0.477059369691542	-0.188837729325566	-0.566239713423524	-1.13966993129349	-0.285689862715924
0.27412843001919	0.318013328628676	0.159210334725989	1.06432102557474	-0.102696789359282
0.434631810240113	-0.253738704971485	0.128777625355977	-1.48061863070045	0.105215752985311
-0.0358189018178398	-0.208987764588105	-0.077946210485339	0.15832041329725	-0.228749849636261
0.0397493909840519	0.355602394127279	0.394415975660217	-1.32335920254798	-0.0393082952472302
-0.116886300866266	0.165290613546649	0.720767964773089	0.758381528369418	0.000658041398415965
-0.536286070181735	-0.255615663721711	0.282155717866728	-1.46186923838522	-0.464494969781466
-0.469447053212272	0.342775417157575	0.0764479227415918	0.857274459056639	-0.370149723724181
-0.829245383488644	0.003650624969727	0.266334750570102	0.279865370935378	-0.378503944386547
-0.604972626813686	-0.348183625221191	0.484866404989445	0.29784241848152	-0.46681248845941
-0.766011379032058	0.0623509450303751	-0.315057400462656	-0.734396490731622	-0.467429914265136
-0.927727428482328	0.0615588538808347	0.0445664067931399	0.305255126384036	-0.388728916482405
-0.825201619484762	-0.566181989589995	-0.00674265020765046	0.00195816976506692	-0.501460047439815
-0.693292020379366	-0.0164604695135093	-0.340042330252777	0.259396672390333	-0.173193385895046
-0.772626437955993	0.537721478061716	-0.0966440538871267	-1.04114313582296	-0.213951696240683
-0.570462956796548	-0.219356716164056	-0.666137535558367	-0.769285712404262	-0.221916578385343
-0.65290936533736	0.112060856071199	-0.342604267427388	-0.630582787682633	-0.247207457737334
-0.590488863224379	0.123437149710843	0.0765527445349518	0.0352983837095293	-0.0532145862676183
-0.355108055275372	-0.281789435097804	-0.0607054315231268	-1.20350350559935	-0.254777563862306
-0.493946181373181	0.087353744473551	-0.0755690176490966	-0.0501562193883057	-0.534228085299904
-0.550094265239499	0.173494310773495	-0.144660540605677	-0.0187686732205231	-0.725618550302051
-0.301478682728947	-0.293200706120256	0.0935693708027545	-0.863268081866143	-0.766165698625596
-0.857178043893844	0.0610035015465407	-0.196907382996989	-0.152290033543183	-0.53855226186976
-0.67346425932746	0.199057896455603	-0.12225027374648	-0.315666794410657	-0.76563699014871
-0.507645943750567	-0.232004902160459	0.158297920751185	-0.701780842302256	-0.579057319250033
-0.570649355457645	-0.0276158897494483	-0.166255817369055	0.0923705924379945	-0.932560029581917
-0.282703853044574	0.850631928967884	-0.224091675440883	0.308505782680759	-0.323623091539306
-0.629594512703685	-0.364198831846201	0.302041423303329	-0.769834637784459	-0.459931074523631
-0.261633997736938	-0.478180690555743	-0.347285839017472	0.242037709192303	-0.387784665669685
0.182889675950916	-0.00965213482482766	0.317392498296155	-0.506048613528872	0.234625799882491
0.462054064501195	-0.210981214495207	0.290699735457974	0.469569043144263	0.228741010388009
0.480465890076492	0.145633988271386	0.0972182097268157	0.453352374371696	0.00231317708955942
0.573061803398288	0.0624261683384699	-0.644800044338312	-0.210751562387495	0.251446296073041
0.673986185911357	-0.301578238444065	-0.696027194465395	0.470771238097441	-0.256571350154477
0.321622178567738	-0.206926160470362	-0.491708730233131	0.590545183419874	0.0155053704795257
0.313024560869752	0.0673304551382393	-0.577549381863043	-0.102421355872147	0.170776247538276
-0.191211698862475	-0.316330980931097	-0.229334300134257	-0.590790696517404	0.00441238643820555
0.265494172833428	-0.296777081334786	-0.151807402157845	-0.910167969764529	-0.29373449024063
-0.346047727138051	0.149664093208837	-0.0317491810216744	-0.260051397657688	-0.135371709988658
-0.369893762067025	0.165302660814498	0.118248793942777	1.56969986530585	-0.385559202064779
-0.615548102626549	-0.239933306497703	0.00203240435742868	0.0427197940793495	-0.553756548350611
-0.589839553780099	0.321511524111602	-0.0538428045901599	-0.430710803749496	-0.481932599827659
-0.600193283708504	0.301825362938243	0.20337996445495	0.618424417024674	-0.31970308786751
-0.437541820201256	-0.370360175925274	0.192047476325672	0.116393558852596	-0.390885588054345
-0.650642448759809	0.397132964317679	-0.293606869962669	-0.738015506435137	-0.459295222244892
-0.386980226853581	0.456163651659669	0.165617169213409	-0.654038385604861	-0.51191395122416
-0.720573217440286	0.216947059219938	-0.0687396957898139	0.835886881688838	-0.610582405145261
-0.759148843284325	0.31380758525924	-0.216675967338394	-1.01968776950799	-0.19176449780801
-0.379375120666461	0.849931416694147	0.128734263763244	0.180443370690527	-0.266235924105651
-0.208210727946837	-0.263820091790381	0.0404306514320452	-0.266456745404092	-0.660796832271801
-0.255999941937993	0.402231130690192	0.493626767986517	-0.85793352631844	0.038947224532016
0.128138747434201	0.248049099428563	0.363176317726793	0.178107693894946	0.0118856954001312
0.116422767512689	0.209641228718033	0.0529700435884789	0.509727320245004	-0.113950780959572
0.472101855737631	0.462236027983305	0.26057707878028	-0.0799336790007734	0.178898774183785
0.626354846663249	0.138010225438233	0.636078644691989	0.85929556856728	0.214039819756029
0.513180356737389	0.133337296684226	0.232511031174787	0.0889857434434648	0.307554914107992
0.7185407830193	0.500704916230509	0.509205370451849	0.195948138461565	0.633490142947538
0.729110987679591	-0.236092330386749	0.181333743793274	0.589413470763234	0.521041351691757
0.494897938455457	0.603500339142231	0.0454392667944562	-0.166792659614352	0.129165834286673
0.858283591216288	0.167436447147865	0.218527409342251	-0.183500435142774	0.295639959065472
0.912947866562256	0.432077384943181	0.0878649949259947	0.780224052412577	0.726690410072145
0.859861608127241	-0.152105646995764	0.107044844430286	0.385468830732447	0.260159624887799
0.936858847234937	0.539843451707217	0.494626341137223	-0.314582891721564	0.673833193665071
1.02968507294385	-0.0740935841610467	0.599332399826512	0.72382919465724	0.688046869653621
0.812261039215063	-0.128192862959027	-0.0817915145132697	1.39954101310822	0.530963487015428
0.957703640301858	0.420706699568545	0.271958365740663	-0.458391364999213	0.689922705212846
1.00353927962557	0.232493366943793	-0.273571664815449	1.29993287259185	0.234654597935444
1.12642921985665	0.309015447241232	-0.814467176548894	0.820264861823899	0.405193729345108
0.735402813871682	-0.548546468872885	-0.194320336278585	-0.379500707818595	0.0400445982381749
1.24226233792469	0.133772939530738	-0.0638943886395223	0.388142858748837	0.248805018071596
0.696026414223511	-0.155321335665671	-0.240629555383613	0.113214916636828	-0.0162979257871751
0.687871250479562	0.585425710813802	0.0212382211416864	-1.48553132721039	0.145454739707622
0.134382066597707	0.0845634105197524	0.259258400098445	1.37756985836746	-0.108330959924999
-0.110754919681215	-0.0853431868116401	-0.00817665638568802	-1.20202653054299	-0.366083857832501
-0.435280693336963	-0.587768430519563	0.119312171788501	0.0233003111581357	-0.663999766466078
-0.751477272036043	0.0549167278643704	-0.0135629948919102	-0.66452938794581	-0.475622455219599
-0.841419960465054	0.162914179491353	-0.0150915449452489	-0.445213368867535	-0.561302833595386
-0.855929656635167	-0.0666932960765045	0.323224226453962	-0.932426177608386	-0.776368967861802
-0.656426314019942	0.241439013187194	-0.231109051541186	-0.84729468363319	-0.513801842310586
-0.879000248872235	0.390475568176308	0.0794745467919676	-0.170588486797645	-0.693362964309063
-0.938279756617378	0.253873797962392	-0.114721727400062	-0.989700098770528	-0.836322357657581
-1.07357663809576	0.347309959196693	-0.450563922893378	1.1358935595904	-0.753323252788267
-0.760086087885256	0.353495464432124	0.151845088380276	-0.764396139866613	-0.528662570672508
-0.818247703687848	-0.118718235682036	-0.189714390869204	-0.336921683391008	-0.590408903491933
-0.787941435820644	0.431740156982707	-0.00133508854917563	0.11435500185998	-0.0486720185190141
-0.763595929749231	0.828311935814034	0.24791732931444	0.19253124387752	-0.217197799200668
-0.926180434448644	0.132759756803274	-0.100456555477527	-0.578834538914353	-0.383447198806684
-0.884669190725665	0.0457141587915864	0.127272431340444	-0.128788876005019	-0.511206033445913
-0.614378566300859	0.878546335702208	0.0967360703286922	1.31216734247628	-0.12442633289244
-0.645670370945264	-0.0263172698801262	0.275339974387494	-1.35627209693298	-0.417500419579621
-0.57124825338995	0.414066966053188	0.0112761252818412	0.345600241830685	-0.18514165203887
-0.300033687327723	0.510699858223769	0.413751644465857	0.458122716821211	0.0968968841330846
-0.152727671922209	-0.35380661901534	0.306667281343084	0.815879922272667	-0.154276156662606
0.109704642652592	0.0214883750381646	0.150864818009073	-0.46566127191886	0.335873027336708
0.587471429559555	0.538107208904705	0.155146613030041	0.643832182508442	0.407150141039241
0.513328548062553	0.169154644360656	0.600444493597363	0.00826422555999218	0.699873144463977
0.300734062636635	0.421448899153297	-0.463215721283126	-0.410787762028762	0.305802144910855
0.240386953455617	0.575165135181138	-0.375213985630703	-0.814330675283683	0.453841943037015
0.138966669285421	0.182697046107245	-0.112401564874259	1.18215783688942	0.155132113001083
-0.172417023948629	0.283311542560256	-0.614573729907199	-0.169459420990781	0.0364632638408229
-0.26239865404393	0.360933059430223	-0.682853687834797	0.71023304349366	-0.0282434344638989
-0.234218568361995	0.145889138502917	0.0559911710076425	1.66855269217778	-0.0737323635630827
-0.0997969078540276	0.231088093633892	-0.0761147788570002	0.588388079375502	0.211014177900448
-0.132919996101105	0.185897818786415	-0.212750153981984	0.965273897614335	-0.241139496015248
-0.436571790732108	0.40634224543342	0.332709377149322	0.941111024566238	0.219681946028478
-0.0556927082715061	-0.0778043234893085	0.0879366715336902	0.46936850887003	0.272801074136519
-0.325307731985377	0.00606619933536148	-0.279962085665261	0.532152581149633	-0.0684318377757346
0.0150931844394887	0.474094115534546	0.154908672516421	-0.246869688775544	0.278170462803901
0.200178298333302	-0.112435671741572	0.179621530701023	-0.154952795754928	0.574859389327036
0.186080805495799	-0.105031340285678	0.540219453746539	0.340507313496669	0.482752947479431
0.595623154925491	-0.115114897287921	0.29111957211311	-1.99959194613648	0.209049275726595
0.399195869516497	0.2669455098521	0.138940203774339	0.434822140791622	0.109160235676767
0.665969572256861	0.35194482969445	0.271603334904698	-0.0226366933977816	0.317273895957851
-0.0686482228489261	-0.35889578148663	-0.505700792288535	-1.22785337322196	-0.136413778803317
0.250425597868816	0.303253365498226	-0.696704911597103	-0.616039945447326	-0.275987314920496
-0.380383126547579	0.135918698743029	-0.949682384332328	-0.556981588216237	-0.413854753150911
-0.578872196519436	0.191164289714692	-0.5557924276879	0.151530906189585	-0.276922303695069
-0.641770678985835	0.0707215818291318	-0.345361089300887	-0.460678908363561	-0.426063808875196
-0.623261283792872	0.135104321606515	-0.212360485289813	1.28595853702817	-0.0319006696170527
-0.669029579445903	0.168261704547464	0.098393110999917	-0.277508052002603	0.0535619739464455
-0.71068969845436	0.433829679546584	-0.378006169117263	1.3227165381978	-0.00087580411415248
-0.358897704270518	-0.00318317801928445	-0.0130587163847532	-0.0902773571082139	-0.115451406080169
0.231236969855552	-0.248765273060885	0.218162926872371	0.0809295593488298	0.0317699241814858
0.0776682254098272	-0.193705463570081	0.505178187196179	1.46819266573684	0.24714508102186
0.23942832921293	-0.0161805050966988	0.230243979593368	0.586874674710372	0.408249142994179
0.386570838067055	0.459149193865258	0.597347631619075	0.445965586737153	0.194904355226616
0.53411516750087	-0.00198996304243919	0.505162865917515	0.278310639722505	0.475875377383543
0.520852443744991	0.167327037398454	0.128882452332304	-1.16597390942827	0.369673007595277
0.608214817222049	0.1358305250901	0.013174676809685	1.45694267403837	0.21325758018061
0.127145703839795	0.328452069175266	-0.354672030387636	-1.01668563599799	-0.0283490804090916
-0.00259669476378231	-0.389652737670939	-0.326604136751836	0.929171877396722	-0.365971040080976
-0.251408019073755	0.407039711408263	0.0610716271564259	0.49206749833071	0.160146731731644
-0.40029612679628	-0.121848112553665	0.0395497824293333	0.561622594128918	-0.205877577197559
-0.193573707501809	0.165116232907171	0.146022898988253	0.810105544330414	0.078424058560413
-0.362674161759904	0.497350653565387	0.16009126792012	-0.0169958102310833	0.102550478967988
-0.150841031475378	0.447959001973484	0.362876332084907	0.0708955384937989	0.12877795149573
-0.258589127407889	-0.151900671805374	0.206756491918951	1.45816195344454	0.097116226195502
-0.220306866837839	0.695765311389272	0.517619875088684	1.42858965184202	0.400638795211903
0.0426150646332863	-0.406766025559748	0.346979670505026	-0.191661110331553	0.515515489965687
-0.340613369408885	0.486561835687233	0.274222508338157	1.51698382772426	0.488695891901755
0.116045526233889	0.40843193769834	0.484983669105236	-0.834527403630887	0.321352475601286
-0.241896594267411	-0.152862121746053	0.22790300392884	0.573619893163632	0.482721557814488
0.354476334566759	0.325672351620014	0.34807613105022	0.50609292206024	0.38886735271121
0.569052768407593	0.109028148805164	0.604885143079401	0.226442902407892	0.382929887949513
0.437734942864477	0.0590622737823501	0.809886921003357	0.56202605681506	1.01775105847555
1.11139699956787	0.40023290938818	0.118662352147232	0.503572397873696	0.647231064976725
0.734424601575796	-0.291693990383978	-0.318465489109401	0.570644996151483	0.549996931301437
0.702987171090159	0.525709425110757	-0.172114447433064	0.0921412688178432	0.368403901403049
0.597394849101656	0.402725399976824	-0.384789712611663	-0.206439418439353	0.618272877523381
0.723185573435937	-0.351197685056602	0.211727620493756	0.322384359972051	0.480016438337599
0.34630831993742	0.503925639480061	0.19289123393854	1.55511087303894	0.317187996378278
0.206846552047793	-0.361198636503379	0.0473947567213192	0.423547221445279	0.194572220053583
-0.0729446490611697	0.34121638394549	0.392807471483445	1.21405203567794	-0.012645595788896
-0.0955740065401855	0.289819510416664	0.0868546890498749	0.40061280592399	0.210749383154585
-0.139486340302538	0.474252847753921	0.843279428104107	1.29065186742686	0.134572452476395
-0.272302094689619	0.0271019604503746	0.19767673862845	-0.222135776143958	0.265284950668508
-0.336357459975173	0.0871670483974698	0.417353505927974	0.356633321776438	0.137283612075769
-0.203736009134769	0.045068960129034	0.407917087339065	0.212531509120939	0.187608550655711
-0.237081873933499	0.237843597661052	0.22450865705442	-0.266881665776533	0.898973268466988
-0.317898902283019	-0.349263130933471	0.570943388815542	0.0739249358223039	0.60197223548143
0.320676339992292	-0.50446240481707	0.724964726223724	-0.362995401256229	0.151098610756727
0.440565209447522	0.081861803431524	0.248168767375176	-0.934211472149826	0.273698583527694
0.31394289339513	0.0136180861179184	0.177673989627526	-1.51128711399133	0.373770077488392
0.8102454953142	0.184495384889334	0.549952680281449	-1.48230257916662	0.263540195681474
0.325286616457519	-0.314451540245135	-0.0572218053535144	-0.743972168791066	-0.201387087349355
0.328617688429846	-0.356540926508837	-0.496368453991131	-0.572780545133699	-0.0608600924383784
0.036071895815849	-0.308035417433583	-0.557539272356807	-1.27117185213955	-0.556265638662431
0.0606031799880928	-0.0422247633510776	-0.428043749792588	-0.464600309651541	-0.244529824446501
0.0860891866110984	-0.301793855720697	-0.337182775992818	0.0985970525757734	-0.342999926920413
0.166626194347406	-0.130567307128554	-0.381969786627317	0.386335101545013	-0.230796562461295
0.269450106930664	-0.152208892605157	0.171964380088104	0.513959173649158	0.101181855127734
0.394773527721832	-0.504106715342658	0.175193456263573	-0.585211317250296	0.0266826785266439
0.786953496346002	0.00940392616222251	-0.0724206574092059	0.190427689115837	-0.0838164054944937
0.737154950113596	-0.328002255656658	-0.11701894078916	1.08844373757612	-0.0198526162018109
0.888128478917567	-0.314151701531751	-0.0559796362735301	0.426644418730686	-0.249049257922062
0.260599428428455	0.475752277438831	-0.0418494387869993	-0.0698543183672637	-0.0955190691351116
0.538358454294413	-0.795320150331268	-0.150937670007325	-1.02047427324231	-0.0949957486079375
0.25290459041061	-0.37366937714489	-0.175751066336819	-1.13974159589928	-0.307887980356268
0.0878541985671674	-0.625086199987812	0.0270151290916871	-0.566063974852329	-0.25493752879195
0.187257197808191	-0.309380415765143	-0.324905922053369	-0.352798766893272	-0.311489615082609
0.500528947968005	-0.130158705932927	-0.20889466409941	-0.0530925862627037	0.112918030610774
0.828520339618353	0.16557844077165	-0.293363206528518	-1.39527350808309	0.00877605363672264
0.543696504326737	-0.708563801932496	-0.342341098466942	-1.19385441597305	-0.155374143104515
0.343310717426256	0.0427017577061937	-0.990932971397653	0.557730105413477	-0.181652613475358
-0.184831031494678	-0.380947815095658	-0.677056187737686	-1.20913664119025	-0.678785902141416
-0.672833245188447	-0.266023881841107	-0.268449924716517	-0.347875542373885	-0.248552877686215
-0.880321980598487	-0.561209671971275	-0.614879115404755	-0.462135938587626	-0.759274638783107
-1.09711543337011	-0.526696941992329	-0.606015082057089	-0.65898522338932	-0.691770529912135
-0.856314064129365	-0.0121275831038327	-0.0640385919430545	0.366073867374658	-0.662252462957063
-0.69565308346765	-0.139599581769383	-0.197748414301271	-0.0260729941221224	-0.679437321053887
-0.421805417641363	-0.731530136858482	-0.0897781259091051	-0.787498015388697	-0.137931197968426
-0.281088074669468	-0.261308949078214	-0.19210274908306	-0.0645142222454858	-0.282965327771438
-0.142972107209584	-0.754171199840752	-0.0505337238189866	1.26224988311569	-0.211787812852929
0.223161438006238	0.135156941618747	0.227802674720765	-1.1594915924482	-0.109588573423739
0.17814057679112	-0.379923653999426	0.336415738058639	-0.663718529316349	0.0860613771313778
0.619123585489427	-0.314774652866241	0.143362263553541	1.52979742316466	-0.101799194860956
-0.0713877862355743	0.0360785476805241	0.0628791903602725	-1.09094003761177	-0.319280128028847
-0.179483283870104	0.0799839380497137	-0.245513615254305	0.388622205920382	-0.386246086290081
-0.464451533183489	-0.191890981759938	-0.528394339262895	-0.173489405920565	-0.529064402200258
-0.578062820216675	0.0508234386423804	-0.25709478790284	0.286202937730167	-0.253471364630645
-0.639722567159055	0.0279742510385806	0.0116537432816774	0.513111905695381	-0.135585706838596
-0.501814235046846	0.013973335567259	0.19707100217949	0.569731638322763	-0.295841339925096
-0.655608384918755	-0.373223574390056	0.531330867337496	1.02296159991336	-0.115207194606019
-0.506657056298446	0.236250659437685	0.161935387620195	2.50739565575426	0.0991799750554866
-0.587944987428696	-0.0347025249558857	0.453504500445212	0.1210936699926	0.165186192670506
-0.328996581340519	-0.258729186961498	0.298859541934583	0.766433190370991	-0.194159682230155
-0.186915560737701	0.143710525656869	0.53837336575312	0.0181804565026336	0.0882600454417038
-0.325377531687527	-0.619812246488415	0.503965751765563	-0.105050584358983	0.318203317429347
0.426128894201163	0.199941894662732	0.127264671067812	0.670146326961482	0.121997806525602
0.474667440785552	-0.206419769996939	0.338074014099368	-0.820330363657285	0.154504078710724
0.622449991608463	0.13740250618593	0.465603360704781	-0.806878616778739	0.390300136062272
0.478850444521995	-0.255757958839731	-0.274699011229302	-0.986709305909093	0.594678285175708
0.642388152147688	-0.225646470989071	-0.356908352235364	-0.606208631987042	0.494950354360555
0.504023494117928	0.236347213178185	-0.773400944651296	-1.41435988437822	0.160578163766794
0.134122626191199	-0.419463233811992	-0.85123070107871	0.126693233428488	-0.311026347066733
-0.437842017125565	-0.288712654272179	-1.13392472937761	-2.66030130144049	-0.787495531738516
