1.78931988165915	-0.682197540826844	-0.463638083869146	0.791701056963392	-0.627682757693836
0.902348050387491	-1.39663045575355	-1.21881078717258	-0.502638531495866	-1.0925598955545
0.239076591242283	-0.403968670369088	-1.09827135108889	0.240654835711632	-0.96629579039451
0.0467469778576906	0.368137171278681	-0.579716276521112	0.96744971695534	-1.04155202215536
-0.225994811725832	-1.46084681003219	-1.01308225404768	-1.52934618296459	-2.53064118889053
-0.249953017385913	-0.948053413140364	-1.71436899192634	-0.319593027773426	-1.07077240327866
-0.386008362914057	-1.10741599068004	-0.741577679474842	-1.25401890884488	-1.19702124192165
-0.288720439853193	0.386032358192178	-0.19429328898983	-0.0634803993427786	-0.854940247586962
-0.113462519347481	-1.03164399912257	-0.798874863158551	0.74259343095814	-1.82228893542467
0.170094178114277	-0.860290774562262	-0.707823577044244	-0.415571132392001	-1.31112825979668
0.345281307234936	-0.599358261458193	-0.00215470474872965	-0.0902288201151938	0.0299018663379122
0.318887026433274	-0.208340202772109	0.629781753499106	0.923075776100703	0.141555995208806
-0.431579040384999	-0.345346652996182	-0.27345508011994	0.436042521879929	-0.850642740595987
0.0542915025369579	-0.712287944943549	-0.44286230856716	-0.251343686879316	-0.898774292939729
0.10969244258436	-1.10222582949756	-0.412938882091707	-0.311133944205721	-0.169274391485206
-0.0183302669171705	-0.495429703152946	-0.158546805092555	1.60082866218229	0.213211794556483
-0.0935193804074947	0.529273134902164	0.177139574258971	-0.960268359523337	-0.21376487257224
-0.602698680517287	-1.87822887427499	-0.594396940688329	-0.920399939252751	-0.587543540466715
-0.388664582637719	-0.714193274235688	0.0256777878476918	-0.244587338186764	-0.923942923656959
-0.032225732796196	-0.542905683964834	-0.149950301283721	-0.375539189595818	-0.663730141925452
-0.0945917871676946	-0.123850233012857	0.764518828555406	0.329112947667528	-0.100346333455676
-0.229212089245582	-0.616612961050334	0.355739002144084	-0.785004618538323	-0.723719773921237
-0.151858160073203	-0.324972067307594	-0.285493349438751	-1.39803746669856	-0.938090347028364
-0.207189165402781	0.219206978483199	0.377559219402528	0.675807141902238	-0.57958650785754
0.0483962763725339	0.398445672403612	1.0265217281486	1.25717682577453	0.202502516108397
-0.073612854809846	0.493144764305008	0.727680729186027	0.50690095516824	-0.487294150856771
0.0402832720893527	0.224795518848942	0.343025721615917	-0.838310056117527	-0.957293098497985
0.208398952298853	-0.40253926012657	0.53137107487813	0.374214231839473	-0.478875694045217
0.133353887806559	0.989154618625853	0.930001329833943	0.253086057313613	0.282472149153034
-0.247831061441018	-0.126439588607174	0.874304465181426	-0.0245693148712932	-1.58537746770773
-0.0232254072981469	-0.187959924005744	0.280387508095917	-0.465905415746489	-0.831205652463539
-0.229067500887528	0.735023179096913	0.19329672790364	-1.05039502259888	-0.122149823215458
0.0776013580109934	1.35769540301391	1.01952109932801	0.643460168652279	-0.16016271669376
-0.545927202891121	-0.135324346885793	0.532478213203915	0.278919008548284	-0.333296100964763
-0.0478170893713142	-0.0193655215936937	0.855693300932055	0.116781274623616	-0.362207856778522
0.170745167585516	-0.157023385392596	1.10300556492327	0.626669811658665	0.916244628010955
0.346669861227052	1.22116920204433	1.08317809109658	1.24661404190069	1.48479953292884
-0.0320224138085532	0.0997188752672451	0.321609688908064	0.0731767675151862	0.226562985427199
0.798526461706131	-0.368120503028409	0.068408576109627	0.537405924749943	0.357503940588835
0.425778591174236	-0.1809611328966	-0.385517129390721	-0.790639869610311	0.83186600223074
0.433492816120096	0.487440066669187	1.07129164333319	1.80605353809828	1.27120860094858
0.187508943115506	0.0971953313481083	-0.0772623799380607	-0.328002799343865	0.569199625890968
0.512803699223342	-0.178784876267335	0.213638081305178	0.235497615205157	0.255407901583037
0.328438452036383	-0.12748408279141	0.67935157925466	0.379646194738066	0.574510196100508
0.586822738297811	1.10478337031143	0.452719493860144	0.149311122299538	1.14156125078662
0.530231826492868	0.465844909847723	0.309242490414018	-1.15844136357465	0.444116684670282
0.501427617030567	0.266026881192774	-0.186388904320878	0.375253855364434	0.757426798296966
0.616180802036753	0.540511239044956	0.613596207376012	0.828770041842039	1.53986377956226
0.394250290066694	0.605090657029607	0.990225630972167	0.567213234780978	0.336931060302322
0.331629104348553	-0.0338590357337261	-0.239367901240065	0.0451155927959972	0.181134352931267
-0.0209488919862546	-0.173107721280771	0.184402328538648	-0.525575867937318	0.176891586274713
0.230743120417486	0.496581511305372	0.507054841689243	1.66522005193748	1.47243951853776
-0.187453923784731	-0.656919529841277	-0.425065995344967	0.264829045503573	0.162577759622776
0.240370963850271	0.0193443171511251	-0.443528760107729	0.858187801155847	1.10568308550002
0.0583226773046915	-0.137066655707234	-0.369486567227344	0.824642247138495	1.25071016740074
-0.0324854264886785	0.78997347769979	-0.142056012027704	0.877334500599744	1.20151297206988
0.240286501451039	-0.773845857341579	-0.0847936128610233	0.398912749245565	1.24012868221836
0.0908332001566694	-0.503761929423864	-0.458904641506958	1.16133834188104	1.18310412980732
0.483894231347957	-0.139953898981768	-0.34249033522671	-0.0364968619785349	1.56436091537665
-0.0593886019804272	0.496377784302951	-0.404942460379722	1.46263706987091	0.902431944495378
0.435038732491327	0.0332996896689151	-0.560335709463986	-1.08749283863071	0.254037515927457
-0.00567274901907527	-0.804527341849149	-1.21339151066173	0.579528938637069	0.427468762987208
0.270114468540909	-0.701401792619089	-0.300221194852183	0.107977678905083	0.514315947724054
0.0926187944285162	0.280604093945658	0.056797575698287	-0.00611445174356192	0.660670320369405
0.092534427432561	-0.724135609620277	-0.810336158225519	0.224229357214689	-0.0586078226586268
0.0319458187879683	-0.186483555371659	-0.924424113512011	0.842232351355857	0.235810449449224
-0.0425487929312717	-0.395333412474307	-0.237112821155976	0.53669097044263	1.36054884884885
-0.0464079927258027	0.00688813000886232	-0.274334353039853	1.12718785978961	0.627284344321815
-0.143585866427396	-0.218485464034085	-0.703570245502565	-0.680004787355445	0.810524340672934
-0.34462025604104	-0.344549435110398	-1.15308168702881	0.133208068051906	0.741204107408216
0.219338522830312	0.181343314279286	0.325925274270793	1.21338183929156	1.73022190919809
-0.308376250491671	-0.624575425399573	-0.963242037066688	0.84662009498704	0.882443469510589
-0.239066396031336	-0.450455251229186	-0.793730044858272	-0.367871549009667	1.23698864138238
-0.205012476730487	0.380940839463734	-0.268293518601538	2.10772486296913	1.49780431564818
0.016448456260751	0.230937421917789	-0.453453195743908	0.215200397862565	1.7493665921117
-0.689193689275578	-0.452986941836144	-0.22431686217034	-1.00816767351379	0.612303829272694
-0.258279850128806	-0.526714739103143	-0.592294238539506	0.178821745858943	0.697185446541174
-0.0365334444872609	-0.274683322035927	-1.01455022103096	0.139524584419598	1.30689252789203
-0.14522305641073	-0.121400454585783	-1.18853389672907	-0.000603395784248814	0.687531100362427
0.198584472082422	-0.570102580233281	-0.857921390259598	-1.51317737409795	0.686517155955664
0.158437547440936	-0.32820874709511	-0.522357999808645	-1.04308629260772	1.36422419543654
-0.245024498591482	0.351899669824575	-0.78195191057888	-0.173617232241708	1.19205930189225
0.253110349708006	-0.255658468454017	-0.917485137394311	0.81841617449924	0.517839333823527
-0.188748281873977	-0.313856907811594	-0.427619012470884	-1.91287450176167	0.32128822932335
0.326322479905359	-0.138332732057031	-0.186233556662685	-0.872417638861529	0.408790830622631
0.316914273301798	0.615718909093258	-0.117661133844226	-0.700201897088235	-0.106539965691538
0.194853970594392	0.691502463663974	-0.505293987226865	-1.05132937662715	-0.866102371551415
0.0502357585303317	0.337153662085794	-0.0594394286604911	0.0631219092862828	-1.44255518763005
0.195837711718966	0.133220702741719	-0.206444132345564	-0.98922964945928	-0.632233271117531
-0.408713753759618	0.544818951758932	0.319005146156183	-0.869100523304373	0.537777704531377
-0.246610550827501	-0.121627003576471	-0.142538771181408	-1.65120754992185	-1.20851387504691
-0.497273413219563	-0.502076418989486	-0.455092095070578	-2.45877224330278	-0.512926302501852
-0.500308188833784	0.0414518560235483	-0.161735006130549	-1.25452627117369	-0.541336038041461
-0.347415812583215	0.320681546821931	0.527783362775053	-0.403373251382411	0.307423270931733
-0.518645082339956	0.457246037833086	0.777406628088605	0.189689310649396	-0.0422982904941131
-0.189994434636729	0.0204993300877843	0.149359439325356	-1.17432486677837	-0.24064300871054
-0.230712116702712	0.0470991446977432	0.329302866215179	-1.36036372378938	0.117036517218363
0.0551817069387575	0.906839493024116	0.038574507965388	-0.0753071805899439	0.237861285705797
-0.398823900840798	0.220939289646599	1.40004273985344	0.0800827883339301	-0.263763072641888
-0.319524998362076	0.337113497924163	0.579250551404546	-1.47706167544556	-0.757951902510229
-0.6431972632353	0.585809733133139	0.343466637733307	-1.87841056080551	-0.676018302988829
-0.295390998662056	-0.069968098152377	0.611677515248682	-0.187459809113652	-0.297770279304263
-0.438786691305289	0.741454767948218	1.27229087249466	0.690304531643165	-0.104501503464344
-0.733623337582786	1.31152500819994	0.844546919734173	-0.169019477267367	-0.544393288429321
-0.600512763110616	0.494718181696893	0.309537340144599	-0.530140069923401	-0.457103024264402
-0.333960727610025	-0.032247950076497	0.892700480929312	1.10303703634407	-0.415848010949005
-0.456011392116568	0.917211226738922	0.8441414359733	-0.315112658370091	0.0779628377323646
-0.458128837803209	0.671264769678508	1.0468805575909	0.37702409797567	0.168602462236858
-0.139663468521387	0.0374439989591049	0.446593001799935	0.423760271021641	-0.211830428198241
0.129088310359275	0.41276648306207	0.192628053337815	0.279415894997912	-0.327443293596432
-0.0597565583585307	0.890125010687085	0.952826687887775	0.994727457107296	0.334680866873406
0.345495713290778	1.36354603070129	1.00786947431882	0.602046057974487	0.19544267852933
0.124179292297375	0.398670032142519	0.907837326855433	0.285048770908589	-0.635301012295823
-0.161570674027143	0.130914489850495	-0.138186037960047	-0.985219153351294	-0.646473800802338
0.509748494885335	0.252752100380284	0.373327411988339	-0.0750313135886244	-0.937055500477658
0.387241876232313	0.708309899722737	0.852345834192236	0.671329253510443	0.669281442109321
0.360580706763346	0.66642247753555	1.00341892864341	1.2283275512184	0.202861669538285
0.66941968301377	-0.215384025769647	0.479881458896631	0.474361793670186	-0.0516573121418737
0.45540002925167	1.12725088416121	0.861702204101666	0.868444142885558	1.16293326421093
1.18387902834737	0.690770402408417	1.09943468302396	1.32690682683212	0.60487423172441
0.36907777408439	-0.00300181544734294	0.359989967164649	0.383950562301714	0.346768791925938
0.670465414032305	0.293943824898729	0.116403340653801	0.6308266376217	0.377596654353242
0.212257079471463	0.0107484698828858	0.2187075231448	-2.45269709671553	-0.412538534962531
0.0316126019898662	0.865661647348876	0.794247699684253	-0.162459616958514	0.724591437148707
-0.0291935446448454	-0.0576885864073139	0.498738915937464	-0.975492251547489	-0.20648138877065
0.0153277151978707	0.252272989033704	-0.522808510444409	0.136678936287531	-0.644812240222525
-0.0137641862776738	0.494499258325727	0.174558443768971	-1.13570211570029	0.0342769945451856
-0.00380846227193461	0.535092326760274	0.771664694664218	1.00055442695666	0.975212750880672
-0.111456900477473	0.298479739459209	0.819217312512793	-0.107262521275615	0.128326404528161
-0.0637723124663792	0.217013801157243	0.0890974550325875	1.06919160264151	0.830170647544463
-0.0836798919310801	0.337261042203521	0.0263069345771125	-0.93046873207	0.942472267664336
-0.226605518515732	0.5193111791395	0.433352228419489	1.10196139201273	0.972432793631959
-0.250073133727845	-0.200290777610941	-0.369749280325754	0.0271243791841251	-0.366182578517847
-0.214741880200128	-0.611266822612701	-0.939997852361271	-0.0659024004373138	-0.135497745477967
-0.279119376407022	0.0777974168223612	-0.798189614438545	0.261243457688756	0.498632776232457
-0.00197925358969069	-0.0568247590842814	-0.0890091261850425	-0.185199617592027	0.377465906239697
-0.463394304326502	0.662564748632222	-1.05498899166627	-1.19439967786266	-0.506229920403596
-0.428612616192781	-0.223833662838551	-1.00899158635689	-0.405671046482258	-0.230509094583042
0.180940105473065	0.0934574028530183	0.0240240847635498	-0.498600989170441	-0.0409130280866362
-0.186143014333219	-0.155729391747247	-0.032574064552799	-0.385692928391659	-0.100932227456214
0.114516236928303	-0.449911097685726	-0.592593425826415	-0.179443588404234	-0.409746345837648
-0.128278609825797	-0.630231338585673	-0.0768017323007974	-0.362465070584448	-0.174533187103374
0.0104261721496533	0.357241100690607	-0.277427071768949	0.245114762399452	0.00275552412301874
-0.288746225009358	0.750580111856175	0.311120807286395	0.563532890437602	-0.263254733495981
-0.502835153375137	-0.725353128009671	-0.149991820465297	0.999653375650663	-0.678942709096444
-0.536375710228886	-0.452244382326766	-0.798612820897823	0.40539780932694	-0.785088131735966
-0.373124203132229	0.203978769746976	-0.18665722513093	0.400582151102467	0.409661005531007
-0.594049221640942	-0.322248936768757	-0.777825434145612	0.968676655393539	0.0390190541865946
-0.253943110796669	0.0107413769053873	-0.728885627476583	-1.82868771145654	-0.0793199029474335
-0.473594100170599	-0.242000140985355	-0.324991431538277	1.67967979732268	0.411445632070638
-0.345140326990858	0.298816434601848	-0.0566339502425588	1.16897314674681	0.359062299741665
-0.466067597477543	-0.346787077593012	-0.924717686035622	-0.0169968101882673	-0.0360475164408242
-0.0823039334778715	-0.26773459569174	-0.879601139420346	0.0276379458218546	0.296397023270642
-0.0679968759973002	-0.408849681335755	-0.2893048399609	0.0758162732519106	0.383998052081758
0.0118326318263691	0.431943730623364	0.0516064154167468	-1.10617174479255	0.00800924079970028
-0.283482830615533	-0.251595643909903	-0.698790537269253	-0.455243572543319	-0.588353835594309
0.169753200358685	0.1153109635261	-0.740289692540922	-0.00232318292546286	-0.855468890732529
0.0927053751610352	-0.0131480053701306	-0.0834320889430531	-0.808857824051647	-0.582590754981103
0.425763359513132	0.3644456386722	0.0307746354554904	-0.124053165672612	-0.399962872422269
0.111076074628404	0.432563988091467	-0.169839144433975	0.119116539758096	-0.821278543589576
0.302171992564532	-0.108732238890257	-0.223806297879407	-1.29019285117341	-0.902120594033979
0.258362556786557	0.780759594650595	0.366626541856507	0.0171565190307287	0.259733563488487
-0.0908904227999966	0.295609705323991	0.0894749619292003	0.166404919978982	-1.34414784297639
-0.177836032159187	0.0417091116843074	-0.0346232239759278	-0.935895995382596	-1.25415452345128
-0.21926020947192	-0.169732415791106	-0.331923800048352	-0.420899999194141	-1.47323047721185
-0.1743277525931	-0.0902177548144737	0.294490075125018	-0.527372252148279	-0.85710243260661
-0.417940965383368	0.705218161074201	0.299690040399569	-0.893855766518728	-1.0663016271636
-0.131714086120379	-0.338400259690576	-0.33850629134224	0.403486104516231	-1.42771101803596
-0.165670140182602	-0.415584437361474	-0.576120008392097	-0.5403030946947	-1.49830174582918
-0.387745427519271	-0.825672677714352	-0.166816064688859	-0.434593323745136	-0.325711416367233
-0.357482018673657	0.996719595406433	0.672016420397612	0.0639693746820066	-0.909716996943942
-0.0630911645152644	-0.416669177009852	-0.185725718518105	0.811388461969658	-1.02495841802795
-0.174332493219717	-0.901647682707722	-0.0188231292968166	-0.465793759727029	-1.63994674527151
-0.15800097557675	-0.451625690657411	0.0205711177734031	-0.287688228540579	-0.906704079614972
-0.260098886848667	1.10344950167571	0.686985272695237	0.831270777431506	-0.636191821415398
0.0288900539316636	-0.450055822694555	-0.15848493147901	-1.23393268863971	-0.730184881041053
-0.154074904438834	-0.234607005845459	-0.0617993426395929	-0.762195833550412	-0.924047973775933
-0.00803539926379116	-0.291335438234998	0.410868349727895	-0.28141380986549	-0.303468754844101
-0.460151411483948	0.0631937895932622	0.00752747422802881	0.28794888071608	-1.0618371402406
-0.0412789381469949	0.432040143509591	0.591795789081423	-0.0675156576746835	-0.900677033620272
-0.488911023444294	-0.902070540391662	-0.273793262346732	-0.689704176615244	-0.816092123935203
0.037660887302159	0.175386925507691	0.0305009102204922	0.324864503116515	-0.963459204316077
-0.082785539858308	1.10580538255393	0.865135405679383	-0.621184577259477	-0.988985744173696
0.00209259803931138	0.399435628345598	0.249781701445054	-0.36391865563344	-1.11339033633672
-0.262156790835667	-0.505165551629129	-0.0290223776489985	-0.622015918771402	-1.05157467278926
0.18785684025219	0.411530112752582	0.867324993593872	0.140750119243652	-0.593409262726857
-0.0913242181536816	0.659029179836639	0.431829966527917	0.438465849314769	-0.588049856295683
0.131481375888388	-0.413535973535912	0.206210795459827	-1.2509731204485	-1.09753080236851
0.129350208142683	-0.183377592164357	0.653858801767865	-0.657403100079278	-1.13794272132926
0.416380382547109	0.451754000256734	1.34302199952692	1.65177586487171	0.162977425427283
0.718900804897417	0.751573134939367	1.00879943019552	-0.418111313187385	-0.893993933739787
0.413756422063492	-0.370413472804532	0.546562973528705	-0.246784494910715	-0.276568072895154
0.0378277565620295	0.291460172980067	0.343122280917528	-0.730598837745921	-0.42104935799099
0.922251956711798	0.49976620994052	1.09128530337942	0.78849502039872	0.421412756289635
0.477048791764281	0.338693704200176	0.467015056917358	0.583709084153395	-0.499637580864161
0.123360604236098	0.0192105008766263	-0.152822434170344	-2.03277341045842	-0.832342239970377
0.486937522549622	-0.47866476891801	-0.147780106701376	0.0170629184801837	-0.0981455618792276
0.344230750196746	0.467879732872557	0.858573369555127	-0.674110714559	0.459307793768669
0.185857063659114	0.364345900304677	0.62738289443914	-0.419167444585509	-0.0756516867805177
0.308635570580766	-0.105153690068099	0.121020671556465	0.941825221747129	-0.57019444699666
0.528984815740208	0.935249231958555	0.149439302961642	0.468013077137488	0.257355972683431
0.22468416244152	-0.0783500059656164	0.387821577713026	1.17519631658801	0.27246598105024
-0.144399701792186	1.24997058914751	1.07373232579136	-0.402778240128969	0.179796378864608
0.0974411663007764	0.139702462404446	-0.209210713774118	0.542357749100734	-0.73268182865971
-0.323163873990197	-0.0494955003905582	0.196290317978532	0.508550394530252	-0.48618841054461
0.0606710548549734	0.353007446657447	0.805511199645366	0.427360460285875	0.242531168951084
-0.473085811874487	0.439475182037803	-0.0218793644314129	1.30647577214868	0.0774774336148478
-0.301845863658708	-0.632014392106287	-0.105494375173033	0.146852252172181	-0.0341493969632958
-0.363973846330831	-0.143412985798952	0.228181664653728	0.421597505983526	0.553286810544455
-0.335175640373035	0.689396726603652	0.292400345411105	1.26583185049738	0.445693480528924
-0.567318699576209	-1.01417497143297	-0.74516165256968	0.615432447320766	0.356269818230484
-0.0970566459726863	-0.434243794263066	-0.111434521817254	-0.383184948014306	0.505148035639677
-0.319689993482563	0.00575193264155167	0.2408006516258	0.698076396662987	1.18738875118558
-0.412351502704595	0.399788499405398	-0.0934935201030801	0.49137780144207	0.0494961570498992
-0.300459351039592	-0.936717463533257	-0.480176644475222	-0.277929397701997	0.278081525791053
-0.207819557634531	-0.448101086209205	-0.46875125953145	-0.05222897053766	-0.0901358580933766
0.157306546676835	-0.0614100962874242	0.0450744721391686	0.748192399141073	1.10776583874654
-0.459877465726888	-0.382171646209079	-0.125465443713909	-0.114766945966806	-0.00639956954067163
-0.207121382437938	-0.776095314440982	-0.666115983493855	0.0933296155909326	0.0724685150818089
-0.0710917322996619	-0.332747869578796	-0.703928467990281	-1.3406417482865	0.452289753165985
-0.00991786686486109	0.269577223751219	0.132041343102566	0.397207264489371	0.647705401282591
0.117464540424444	0.122097352077152	0.45440057006023	0.610089040058654	0.585463397467169
0.102294844881109	-0.546966616843318	-0.741364315335137	-0.338759241109723	-0.125478387552296
-0.338740680162791	-0.270381802305275	-0.146311515513439	-0.0716089672439674	0.565403883750152
0.493891323144075	-0.219710186507266	-0.427083313604242	0.345702803003763	0.928676445577467
-0.107312113868997	1.03153211489277	0.408762539625307	0.758949799061728	0.690116832783586
0.174233299257381	-0.277563961607803	-0.102021071928764	0.536487826524135	0.245676334309271
-0.352741726085562	-0.269881935897111	-0.589999687638125	-0.0120835647391036	-0.188349190653114
0.147168121552097	0.682212767911141	0.327105764246465	0.272173472473838	0.827528258165439
-0.100327469630731	0.0544905287987142	0.443700264414515	1.1687723088957	0.701103948652041
-0.100161825400616	-0.0802159842083492	-0.883170977855955	-1.5174937343307	0.552056700397264
0.0998401513603243	-0.830306089134535	-0.354388702822936	-0.705484682653109	0.288247808326187
0.227616174847533	0.0101402341560814	-0.0360702400902743	0.0719201302652962	1.26860925241586
0.139740784753431	0.60561757841201	-0.207636000850198	0.182178780927544	0.0560229277184085
-0.0724311702946212	-0.329913146655162	-0.569724783440367	0.889733009772721	-0.159119567679627
0.273659540672149	-0.723060532966557	-0.536539021214433	-1.10393881543727	0.639232309214437
-0.0137915292706205	-0.151909960373701	0.0728634845307258	0.573492394583671	0.405834467355495
0.374443462088569	0.056766675710669	-0.733587220623608	-0.305152911550044	0.649383140198392
0.0703517992271135	-0.220569208775809	-0.359440690948281	0.645498880841888	-0.0288697873929856
0.0533813731186267	-0.245122664345642	0.13658273763642	0.722525524743138	0.930165391927577
-0.300018533009546	0.0898201758797537	-0.195821489950435	-0.940262324356545	0.176086413149583
-0.311971832143553	0.257208995056441	-0.339379140335148	0.27014857712799	0.365333932652925
-0.155464679030405	-0.156081572587573	-0.330462784764485	1.17965407983789	-0.0691222685555089
-0.366743830508694	-0.00116198945162546	-0.397992865965798	-0.245768586722777	0.419736362748811
-0.480093462804178	-0.753390295167012	-0.225917252112935	0.832996384678174	0.080799669496802
-0.744791969733802	0.144772108536164	0.229860024447757	1.11361514733563	0.939075848401531
-0.504022101553902	0.0226227136703649	-0.312122865727506	0.351619463319114	0.858097074888027
-0.262444468975258	-0.486323655410089	-0.413783282101205	-0.475633589298808	0.379535165598851
0.214762649271358	-0.200936569590948	-0.139788811360036	1.18274507978715	1.49929134345293
-0.235889276468209	-0.229581248857347	-0.013477955731102	1.26099411217365	0.667050024599745
0.343106903228043	-0.142429130161303	-0.399861200802981	0.986880371167988	0.920680194157107
0.0806967508443597	0.00707508438512037	-0.778539079039175	-0.165885119625525	0.104603439066731
0.268927561713885	-0.582458229094574	-0.12712264372787	0.150410336673612	1.51750537946929
0.296317281151744	-0.101665309935804	-0.0954091006938513	0.510629673658123	0.349037463026649
0.109792425816579	-0.31382252086366	-0.629027720506278	-1.7445811158022	0.936825575686986
-0.0611310542403805	0.0370299565164669	-0.497424435630636	0.30853268967543	-0.188758390069409
0.254391841261584	-0.0448884036917293	-0.418636094191376	0.0706107970005053	0.227270409747707
0.556801784847187	-1.49012497325112	-0.967058764875407	-2.81256600672754	-0.287316296690302
-0.042240946681437	0.140270146530013	-0.629066707265932	-0.514267553437657	-0.0680978423920238
0.40961261593272	-0.398573736369362	-0.522543742044658	0.14046593569934	-0.216133907819765
0.00217024176114818	-0.479486954226676	-1.0241975790322	-0.912952255067908	-0.263575128732448
-0.288437790053914	0.264726299577516	-0.172098244134457	-0.993019258974017	0.452988008873851
-0.340641227302566	-0.317521152363015	0.202961356307464	0.774173945900291	1.01234164105129
-0.324703071192459	-0.0647111213316005	-0.891039770209102	0.505053263910611	-0.317747889194531
-0.20766138396801	-0.613919497724076	-0.284876413224081	0.0800661450229962	0.439629157724966
-0.479374395064616	-0.734533259467397	-0.430603558591291	-0.0252668743010328	0.43567375015605
-0.146436780289646	-0.103249272200777	-0.179758685981085	0.381664424408789	0.149295337353868
0.116525907719143	-0.726415592223891	0.301097983764799	1.19385148270716	1.43481357226282
-0.0274155427201538	0.0630440567233795	0.344653824247618	1.01633573451649	0.710038267836524
0.0669084207004148	-0.15481947896796	-0.550429333317507	-0.149568545461003	0.495953378796324
0.14897894901242	-0.60848753813809	-0.0434625843227709	-1.69198220017147	0.524281484574242
0.460818215479428	0.353728756297231	0.407925979504149	1.74315715609107	1.48335232915938
0.0810958246446308	-0.351386824673304	0.203011395164817	-0.337616919897641	-0.0615886458737214
0.288102049871058	-0.076673804012515	-0.353681740334626	-0.0763008581758641	-0.0670505396347104
0.195094737604911	-0.679173113253979	-0.377966907344137	-0.78806450587965	0.271946664441276
0.0152235025879028	-0.577503262785838	0.0323223044081645	-1.58614503060604	0.302982794372839
-0.606310414682617	0.384986842037421	0.0579604918526184	-0.709931715753574	-0.913641675553044
-0.245730663991386	-0.452970732811546	-0.279006345848412	-0.449061610753408	-1.02433784417358
-0.414526818105171	0.101409063766201	-0.722230294440408	-1.63116424956908	-0.4661464900688
-0.39751032307725	-0.620834396909622	-0.315220534689828	-0.874682560227782	-0.346502388871859
-0.550688938722977	0.560912833210332	0.367681457938186	0.803176059185743	-0.272282746934707
-0.355313417558667	0.0356705844743769	-0.429961109546632	-1.29042271236218	-1.12051960674425
-0.31734325285152	0.141848588013739	-0.39365312414291	-0.803883380987848	-0.900852159901354
-0.34806489097254	0.0991225049712647	0.272977194470492	-0.398478133931135	-0.260517903445898
-0.396224375571798	0.365193539323155	1.03697847470502	0.109245849324858	-0.311040088798729
-0.249942548141848	0.137449344124961	-0.485124881633491	-0.146800537020933	-1.3297255290607
0.133422555852942	0.0307081864662687	0.141685840693875	-1.22876721080255	-1.62934320815597
-0.220913262682015	0.263876582293773	0.269054229933181	0.776717791289778	-0.740188859968995
0.208910104077225	0.478829824213548	0.835752219928137	-0.496935076656531	0.177857343200881
-0.44863508773425	0.0759743830656821	0.593390908596776	0.160018323763767	-0.636417202086451
-0.0981335403672663	-0.134006999724725	-0.383233918695175	-1.70845554142245	-0.543802077782934
0.0549409420865127	-0.1887358919012	-0.237603773999621	-0.845004312451815	-0.54024036545896
-0.0459183952828375	0.362671847844699	0.654298743272303	1.30181514470872	0.0625377009666411
-0.397691190421211	0.480896181225259	1.25667299387416	0.602945049011372	-0.110487797321012
0.21637387102637	0.40547300387842	-0.108667398440813	-1.6061354038374	-0.286681332744517
-0.0972585936500326	0.361384673480749	0.223758079281833	1.01722149995896	-0.682395064600346
0.121519682873379	-0.202632782997406	0.54675229400476	0.453202964839462	-0.0833666263671525
-0.00635701124449744	0.88876848421464	0.861015602241441	0.858238669595779	0.312906718420545
0.132975181183616	0.277604484841313	-0.0932081355461662	0.852422210796198	-0.186056988364731
0.409159276514076	-0.405993296319823	0.088153228795626	0.1371522921002	0.110104471937676
0.70799457372845	0.369084195158194	0.118968063182535	-0.340767219427901	0.360342860239237
0.297502955381421	0.740505398858143	0.661875073072319	2.30584196231695	0.372821407017225
0.496591232480729	-0.21053052789014	-0.164395421682797	0.296408953249364	-0.415277486223103
0.514393831636761	0.200546890423225	0.092369060246375	0.171018477062033	-0.168632070149564
0.677935031370111	0.0746241563351073	-0.00943716047130082	-0.437364393779306	-0.00813082263958169
0.534143202051922	0.426582391189972	1.13025736847961	0.745123530864027	0.0322267631798058
0.359040155236562	0.857715659431161	0.263692624405539	0.282521339496583	-0.0635092915228297
0.511007182775652	-0.161916641386959	-0.200008659003692	0.215981041270125	-0.256110301843383
0.599886062266554	-0.17936884677481	0.0563507794541462	0.23029288853218	0.621455429772306
0.69996789045658	0.824938245891903	0.926180350649074	0.329173730088539	0.643029827638153
0.113147700825068	0.383262166682376	0.175482860073135	0.856363494715644	0.238249114657168
0.46888396638531	-0.484872347086166	-0.450845770558427	0.0371426198438695	-0.0560515862860267
0.540486727581731	-0.134279512045788	0.227326917509273	0.760975270319095	0.696346361489657
1.03224743039454	0.64156559288473	0.38120355187792	0.244893922990947	0.442074585596469
0.230160012483052	-0.325352447294171	0.419429414618285	0.731897556851186	-0.0302136522089545
-0.0835066666381595	-1.04076086394498	-0.300823392715797	-1.69181340157864	-0.638447965040518
1.55295972070312	1.11324020809823	0.00551391293080586	1.14501842472699	0.73440112259574
1.32222453669925	0.568489042250097	1.02035572548215	-0.165023679302047	0.18192272217236
0.71106695183509	0.0273760455830226	0.500773635654676	0.916891145251498	-0.433017160392717
0.126375322210049	0.0108505121996964	-0.0939695730885518	1.17939946908264	-0.312073360079781
-0.17624010040348	0.305032996360949	-0.601181579645109	-0.96665699904997	-0.405622721086525
-0.126303023740167	-0.285113669000372	0.386993734700408	0.879178721014928	-0.761627784414638
0.0424566173712582	0.17029550250572	0.0971341397748754	1.09931773841585	-0.257069115547324
-0.21207397669904	-0.0726649806430728	-0.0808917951165573	-0.356728486442307	0.348782410180014
-0.384249964879059	-0.206278491275843	0.175473357400702	0.460851898409306	-0.122513730043471
0.267252071441057	0.418652735128701	0.0918320591871652	0.729854969942189	-0.225491198706258
-0.0523432729501378	0.0723127017849872	0.663217934521702	1.13001652987758	0.0392399245688724
-0.523828608599493	0.214178599321101	0.159725889942108	-1.67682647716312	0.319679745848077
0.00907747557646716	-0.132013400604917	0.428934185514611	-0.193257649297955	0.190145646245886
-0.0869362857919248	-0.264992098489903	0.799257615626993	1.86579182192457	0.0632680372545538
0.177430793870958	0.125335870169969	0.653451217718104	-0.612152038447862	0.693412389192196
-0.130355304377626	-0.0377206307124905	0.100936111222862	-0.385609859907668	-0.0464302288991777
-0.144034480855406	-0.161127187268808	-0.166078137789262	-0.797030165697015	-0.367678209208149
0.00147242841569019	-0.0416385981653558	0.487800900237156	0.196903185388371	0.263545980125773
0.0294073418334031	-0.280493027416395	0.231210952943755	0.016178686383666	-0.395292062093263
0.0904217994056087	-0.409339525864972	0.438452099760088	0.290806034653691	0.0506126376429765
-0.354967569376846	-0.15799278895418	0.242818145958368	0.340848955367692	-0.421967950141825
0.313961436831088	-0.206633971218042	0.602585125562248	0.577302294686979	0.0864411740494567
-0.00219942788464872	-0.30170977455706	-0.265518288521619	-0.744122591457969	-0.213231908525257
0.0264424274873765	-0.0454155692201124	-0.192448498844783	-1.47766688728684	-0.159201163871494
-0.0191136730709566	-0.53236659826805	-0.0802194281506445	0.350783384861375	-0.152818458931258
-0.0529234236135064	-0.891355702738227	-0.791061528361974	-2.43669993397836	-0.607691011087188
-0.514742580760454	-0.0485219653839005	0.319556295066619	0.306673616805193	-1.48377332010854
-0.441721776771996	0.331854569062091	0.198432376050537	-0.106202183212368	-0.703554363750987
-0.17440850999017	0.18637967669074	0.468301766817469	-1.55933895400565	-0.711776443195239
0.0117184162811845	0.784283154378853	1.18578945126519	1.38761207911109	-0.501396879611459
0.268043058534095	-0.0562792458649372	0.402282886901299	0.015741662351831	-0.786848406613831
-0.0525922719557667	0.372372160059394	0.128280162989036	1.20760497494632	-0.521601901304695
0.15296349893197	0.777286567377068	1.37775418086466	-0.787847289583262	-0.310185186995326
0.113797439764943	0.0217855704266198	1.15632219183523	-0.282310478976589	-0.600329896834837
-0.0455102091286928	0.131734939354135	-0.0957247499492065	-1.61704879964359	-1.08713876447608
-0.113681950268196	0.09945045318563	0.315852900727321	-1.2839819599389	-0.941413153044941
-0.193069159591742	0.261940158514978	-0.189681353726823	-0.319949856632066	-1.01177657715473
-0.190524798310503	0.14644541436347	0.150119657027508	0.612182340003327	-0.0882652594186184
-0.117841294521305	1.04977021074491	0.461656815426597	-1.47179906425277	-0.348572216200353
0.532468105581246	0.446367372201457	0.712356474764393	0.898059866178516	-0.262846233859499
0.401124775832942	0.440709725616771	0.905769126179031	1.29435073882851	-0.0730393134693031
0.409678105893218	0.412567174206617	0.407350348212739	1.09353859322924	0.581811375839366
0.403213141047639	-0.0551631078014535	0.335771113759002	0.444232360625314	0.634870784136664
0.469778818670716	0.5383809121873	0.0920354138024549	1.25218363709552	0.252126470324332
0.649333309574637	-0.209318438081941	-0.0696309422896954	-0.186598801937484	0.0879717518548681
0.653473076851188	0.330313746265364	-0.0474721168328988	-0.142365472989735	0.320563198065128
0.316208798686539	0.525647961900741	-0.073812263400684	0.875737347060514	-0.24692203413563
0.501189497069792	0.322616650367203	-0.163346816550074	0.537209992895063	0.232020022630711
0.405395483405604	0.303931489763018	-0.151156044359186	-0.164088384800906	0.501827348336792
0.0916982065557973	0.128302596414997	0.0180401887778115	0.255241879319957	0.623767126160308
0.390426253604624	-0.271379219774975	-0.248201037399586	-0.427632486863073	0.0973403758857104
0.118296687912464	-0.267106640380396	0.305789079751595	0.45923618288849	0.772559241225444
-0.268627027746684	-0.305333520405293	-0.250070701549064	0.471981699457747	0.547225854432277
-0.0193759917831108	-0.280416922677352	-0.584050331965376	-0.209378558733573	0.918716601934293
0.0110858299885253	-0.199588658133545	-0.140682642819523	-0.185649044651387	0.87408817129468
-0.0102273626932304	-0.449330748638701	0.028440228499372	0.379473169122006	0.703179384050278
-0.0165360314046518	-0.782113654476578	-0.361700730030704	-0.653771212012635	0.634131660014716
0.0916031560895666	-0.521226448167515	-0.422559783321314	-0.392927679508295	0.195912849196716
0.37126177097365	-0.0940113003509066	-0.449495297331183	0.462077981781806	-0.00625423258350456
0.257238111168401	-0.0173813456398124	-0.381315088328277	0.0685434488976821	0.376777202350413
0.0204372775328464	0.249426594651165	-0.00209932321772281	0.51737761752236	-0.623897609078112
-0.164857877000738	-0.129634245342881	-0.187223414560675	0.504113109158502	-0.383475408948172
0.0174183004062525	-0.183665669095962	-0.0569091344509582	-0.853763239096093	-0.531444792264734
-0.132736550980359	0.215828693796301	-0.303668987368371	0.107112914011376	-0.426069238115901
-0.378786344024937	0.143220663240759	-0.39878390534613	-0.253471579125105	-0.434279191174268
-0.43385932854501	-0.71811963437306	-0.892948179076686	-0.296779852546708	0.175637718072499
-0.129362553750198	-0.247285742051653	-0.475329634225521	0.382344697386877	-0.291655235363032
-0.130186717571542	-0.874047515156399	-0.530766597742731	0.13481794225972	0.243546868677834
-0.315811012301419	-0.72435178687477	-0.412513824473557	-0.274783495709368	0.273445135363554
-0.0618850888528441	0.143628710698718	-0.684216558905778	1.20737117461686	0.732406933960474
-0.117812969250724	-0.672577072025026	-0.670537650714684	1.07676521209957	0.212282024244604
-0.371496973965507	-0.663182998937513	-1.0995969341403	0.483226235053894	0.790795083598286
0.174285057533747	-0.79835489119234	-0.438222182196648	0.194399345153398	0.780521476648799
0.242830512928474	-0.647422079644463	-0.559678961952643	-0.183717715422101	0.772449573062192
-0.0127735340762312	-1.07299441690995	-1.00619292659004	-0.701553806883856	1.0310227955751
0.198268069736892	-0.24334220773534	-0.710536641506872	-0.0639652337194502	0.19501265963118
0.0223146575115613	-1.16122191052861	-0.575731165946883	-0.222271287775106	1.03750398072506
0.148252554385209	0.167773992331364	-0.70122626725227	-0.570510848874059	0.723070121507759
0.238636553645084	-0.780204781961043	-0.749111726274055	0.152552761975064	0.89358554577603
0.350776395549062	-0.464931916803139	-0.277323102836426	-0.48934296312824	0.397999165859322
0.00632271121333319	-0.568164929392806	-0.913151980530891	-1.20053210880208	0.60707026050277
-0.0425371238631485	0.362557084614018	-0.399911817200679	-0.471063485761031	0.572194409429562
0.0129498203086071	-0.220538875233896	-0.542146548069621	0.415319170931179	0.216595473562892
-0.460250005993626	-0.186703332989281	-0.40405734207965	-2.20704978106948	0.988154829521704
-0.20900882111319	-0.327486731552638	-0.729951389764696	0.336721805170262	0.565452597835464
-0.112857485136817	-0.182419134391966	-0.192853371297047	-0.994653439469657	0.881703740171376
-0.174068924732101	-0.280392857800386	-0.728480326799792	0.349445277270777	0.678418656176014
0.0096764639856303	-0.411016731499965	-0.665825976217082	-0.156970144461149	0.729216797160258
-0.600852396605046	-0.515352832975806	-0.616553120667301	0.13724066780112	0.865074092727068
0.0735226957815118	-0.655088176290393	-0.379474911160386	0.268777845498982	1.32731076134483
0.0152393389949181	-0.452935723400368	-0.793663738762765	-0.240866774494813	0.746814245002982
-0.343739445295712	-0.544045723481221	-1.05917193201931	0.349905180850072	0.515560424878911
0.224513678915576	-0.555422069519303	-0.943651348334071	-1.95943991438822	0.551102561299496
0.173578860981574	-0.663961078217711	-1.255351971402	-0.345332561451641	0.133347032647221
0.444122942023691	-0.908938625881551	-0.654861985630264	-1.28107788690744	0.106074755988764
0.130561450706938	-0.310692685119642	-0.438350092124206	1.15075327389583	0.24162980767448
-0.114098058574022	-0.703141715393148	-1.04702604281135	-2.58290111547767	-0.313917267844128
-0.108341835470973	-0.34115245698039	-0.961089396419271	-0.41623452609191	-0.522233451905665
-0.0787067217837479	-0.507130429420873	-0.479099070534749	-0.904314400910882	-0.0147521151184562
-0.200261859540656	-0.0800997667480479	-0.554486485933755	0.479586688773309	0.142730621143608
-0.354306058628583	-0.130472383846966	-0.238447012774733	-0.376158546441922	-0.317314934675952
-0.370137675837815	0.228475667832932	-0.0960482546721258	-0.601453044144375	-0.593314371428532
0.188033971047496	0.0731420971252009	-0.209957019737387	-0.379407955938244	-0.201310268150484
-0.358234360116989	0.229516976944534	-0.140264864775555	0.341478390389558	0.0769889652355702
-0.414693692919981	-0.381025367854284	-0.682542207752119	-1.03017594135541	-0.00397658559836582
-0.17605464348274	0.0586031855193244	-0.269192803423322	0.477583916535028	-0.113654050930433
-0.395149305064116	-0.21857835624634	-0.710971205808596	-0.400051709209367	-0.364301729858323
-0.678483630000608	-0.527262251083388	-0.227344713397364	-1.09276499608313	0.235445663071274
-0.0995334292100079	-0.0759766590050375	-0.382425168712024	0.709766862835482	0.106236362883042
-0.270266260749077	-0.290209116788111	0.188378591515347	-0.173739210356048	-0.171812720347372
-0.148325718461316	0.142788405670489	-0.0770824813219956	-0.221928289213824	0.122597097613649
-0.248543865753906	-0.166315320142933	0.371128293257293	0.482573459956598	0.044767753266009
-0.328914961466724	0.323656023165927	-0.119349520169021	-0.765889634493822	0.0679033567543529
-0.337840285511788	0.113681732196439	0.152970727353862	0.898570642375378	0.281713043060012
-0.42953396876439	0.148014953418211	0.305525806549916	0.030673881159862	-0.131669107229874
-0.132655439384563	-0.546658531206683	-0.0962158615316192	-0.196550275834873	0.184035972784186
-0.318638949892554	0.155683266087303	-0.188316926929715	0.864052400972442	0.141869312713666
0.253140581058291	-0.234185154888323	0.0646185127811591	1.14845692074984	0.736342027550489
-0.240037909179691	-0.0527667426976983	0.202026106949037	-0.153620089770222	0.522147649430128
0.0180284395982176	0.0579274879407695	-0.12919560019453	-0.328169950803581	0.473912110976741
0.157111856783327	0.120572500990733	-0.240420234343161	1.06487136025518	0.615909518659904
0.321199256498203	0.384570658269557	0.15783807729231	-0.628121222114717	0.589995437337701
0.100977854225887	-0.409404392614144	0.111599632921337	-0.280669562143074	0.3094335931246
0.0697050038210068	0.0288457202758765	-0.288319863243426	-0.739406377423973	0.251665070504886
0.140588505089322	0.372980510896642	0.347802332128105	0.23570051029205	0.496991638865329
0.254809126750018	0.377082389581765	1.00052143140332	0.387143146981295	0.825286628814388
0.570543327932625	0.181279576363305	0.296542409080554	0.297795273068248	0.712167815121862
0.497257813652325	0.496480379116019	-0.052872273949316	0.377250622378856	0.962288531353855
0.822367470356075	0.22233055414331	-0.141469472267161	0.587147001062242	0.792653273866976
0.800822969727458	0.224671079409248	0.612866921008118	-0.425821963285639	1.09907589118347
0.820156643766286	0.313873022002934	-0.0581259741967134	0.998245287616942	1.06315974154817
0.852986784987959	0.360602458000221	0.79887783156134	0.987004204748151	-0.0238829656680024
0.23413895822115	0.186374535471694	0.174649904742535	0.232808585701673	-0.759550126085551
-0.0498336965578201	0.500899809881603	0.235515465247368	0.383241585554673	-0.651660622297877
0.083684982658717	0.0730278335718986	0.519371890044639	1.49414305267801	-0.594494282492142
-0.0214223109052207	0.615118834543868	0.717401482193206	1.49220223807757	0.350304257913102
-0.0224218144772265	0.318064845881855	0.945609573125446	0.238844066269588	-0.293067089974056
-0.12521585818222	0.0951152888472338	0.196921933055663	-0.487971225693273	-0.546714113651501
-0.49770786451599	-0.181306450236847	0.176542722453561	1.40583242009621	-0.747474742347208
-0.179097825589788	-0.0886281470115199	0.382016207351916	0.554993107797687	-0.419427456745128
-0.0432681336714718	1.22448036963073	0.999014085076928	-0.103212113684208	-0.1733444324363
-0.195765144134509	-0.233728693221709	0.578291606750912	-0.0232459928125459	-0.699171843461432
-0.41722118873196	0.255447723710803	-0.139499745576073	-0.460969238372247	-0.659808966986283
-0.394135398400438	0.110161602037182	-0.0846610671784887	-0.919364197210256	-0.833964233727316
-0.464119710531088	-0.271115728928953	0.00487615525934447	-0.9023134616008	-1.05784519913445
-0.340238413958349	-0.190120114652632	0.0531277037229187	0.8136931991225	-0.646827859162425
-0.667871176245227	-0.320999399467752	-0.128149064017814	-0.192495152722463	-0.849975189341554
0.181504777377195	-0.023525692597902	0.446500380293684	0.348042118185251	-0.31832734134607
-0.198799604595532	0.424399075549229	0.995556863483442	0.112431322631084	-0.12593775690869
-0.411772047605768	0.147153628271943	0.421618522488229	0.36119375176253	-0.0347757374320367
-0.156355735114693	0.23701686554784	0.942437080712515	0.483435278052697	-0.501123179397805
0.0368086385221522	0.293293879506041	0.74587340503523	-1.33478153136465	-0.297883034030094
-0.245464674205302	0.392427001850418	0.921733644722848	1.76179221590269	-0.0456564465978528
0.210619719802755	0.498913658625996	0.683663786629167	-0.74943016365567	-0.627372701159625
-0.151365931078342	0.561116401865	0.598343719951693	1.25055919142447	-0.396103737318598
0.0065424307271548	1.03616990210733	-0.0242527194289296	-1.29132618691982	-0.65883500680382
0.148414484821148	0.97491325328923	0.535664710435967	-0.100379099264981	-0.532417827245903
-0.218114200057417	0.401231869926682	-0.0112881869795309	-0.00838677383563635	-0.767287558066739
-0.121258660163405	0.723770874114969	0.143094238142894	0.409037731372607	-0.329982110939664
-0.0768379044638169	0.909148344460592	0.616645726210958	0.782848683855872	-0.556963514158966
0.213134788588697	0.749857230032766	0.367373181607309	0.427063034742842	0.178180337077566
-0.381715802069105	0.70300851691826	0.376005173337192	-0.884536094662427	-0.504797542852234
0.245885424211671	0.679902615025055	0.364051509176881	-0.198160295808279	-0.0117409775962011
0.563677914770456	0.739797904487868	0.581683673829732	-0.504285150828071	-0.113813539783541
-0.138617083396169	0.634114193793016	0.336374186373442	-0.400712656776835	0.18916971573743
0.0179752267871039	0.863873706338877	0.648554854988545	-0.416249005996629	0.0651143960912574
0.0293707588536355	0.218987189091129	-0.226373755181524	-0.698858127675254	-0.359560677093081
0.179173345747415	1.37239555232023	0.415180088422173	-1.44057944197876	0.267495768529402
0.0147025385705536	0.47242026700019	0.75876697046851	-1.46320062241351	-0.840990189961198
-0.0641727195750597	0.387242186755628	0.631705501464811	-0.0222401847339786	-0.53728877559092
-0.132154044315145	0.368246783530993	0.0938637990993477	0.785356865563039	-0.408768521786028
-0.135959039244848	0.492904547661379	0.579252602026339	-2.28483943856508	-1.23418968415763
-0.933951176083383	0.307949570531478	0.665469276022111	-0.0591411643968499	-0.652047555873192
-0.658340460420892	0.0554996868698768	0.101674542825491	-0.760999504258176	-1.10578712280492
-0.514179197745127	0.128701425409	0.108065846844745	-0.125305552596213	-1.53781782266307
-0.418602894576642	0.631265865471611	0.19484970722659	1.21825763455832	-0.760449684973025
-0.550171199864593	0.43731810684643	0.268649643735283	-0.952679546784564	-0.856864335455743
-0.324845807192356	1.06930459559355	0.266417969766397	0.53309969667607	-0.825130394506818
-0.405133465221106	0.226033648810058	0.912310768947797	-0.684721707685524	-0.218794972664864
-0.648047583806158	0.35338253962097	0.00654836935953942	-1.57214266651245	-1.09876224430153
0.146077132552191	-0.122813352580054	0.260468739175775	0.0407255433878631	-0.602205640540028
-0.227715916526374	0.373908018912269	0.421761979031736	0.220256717641269	-0.664513541604719
-0.133974630840659	0.302339820686197	0.933212878859419	0.245666093754024	-0.610425132307715
-0.312910372429837	-0.343442690880343	-0.322920110386437	0.328871236127568	-0.531421758992279
-0.258074290429461	0.33041441321272	0.406712958016421	0.539760525002545	-0.742897824037473
-0.431930421634394	0.210928025664677	0.218033054929287	-0.462069519273287	-0.312565956514429
0.289863125508684	-0.0584553715272386	0.469611858021394	0.804531741927567	-0.274012040190327
-0.348997407818851	0.446329696865406	0.48463676590875	0.932481462590701	-0.272951864555575
0.431880857543305	0.446042013376279	-0.00635491673806004	-0.0416111568645027	-0.238333781973335
-0.074333947193058	-0.00650450121594685	0.656590718625763	0.190657924688667	-0.220412509172172
0.0110661456360948	0.334326558087257	0.54537638110737	0.494697767803928	0.0420353392732527
-0.0144062428124365	0.540414751837603	-0.107147789645561	0.0475456659399545	-0.316121755447928
0.621620744843185	0.446750975571527	0.118910137473213	0.638673931845953	0.01217107857855
-0.186277308432736	0.329863544428993	0.662312201416475	-0.201591905073417	-0.415280470344031
0.366326818834051	0.149895895515448	0.331380112651893	0.903434450229455	-0.307689250486458
0.139692182558142	0.26256081133014	0.241381839605596	0.128996404386797	-0.0202710873095733
0.6615989125885	0.493450287751634	0.978395121991333	0.241189039422725	-0.212205785672411
0.459344069622792	0.396479909784764	-0.0430418625982392	0.00115279495170285	-0.227530684929433
0.0718326139352852	0.0573699688680417	-0.076647851289717	1.49730933981245	0.0334428306201102
-0.0823563305352298	0.670764560863381	-0.0232084740274419	0.719498220790842	-0.151791883679851
-0.073981808663505	-0.139282348810054	-0.585505571899599	-0.446510266779561	-0.0563991143435224
-0.0323221454012595	0.0770923267909003	0.0634639257127694	1.33829167832079	0.169873751259763
-0.20958267699104	0.101452081383893	-0.299457770331172	0.506782750184125	0.706229051636665
-0.299312593510915	-0.438152085881028	-0.691851789815341	0.557133882020951	0.135360303438219
0.331746479950203	-0.0738551882519813	0.192131492330226	0.521364395017565	0.920325473688766
-0.343683906465422	-0.407624558106031	-0.0845231452440805	1.18511968089419	0.229540260540023
-0.0339648388984972	-0.330609232750711	-0.518849600871744	0.675563077126335	0.475864176899037
-0.12373122307894	-0.387395907373142	-0.417677248870758	0.124262833464658	0.615217471701038
0.471734802342741	-0.90805328788253	-0.403009097707404	1.70892801465888	0.657749667044532
-0.0167983481186598	-0.698889988356457	-0.501506783094883	0.968990872725323	0.495083741911296
-0.47873108167046	-0.566900905232487	-1.21203211933344	-0.386117676675052	0.351303722742124
-0.0754850605550535	-0.903524166061997	-0.54093310521642	-0.841220871035181	0.310272781069102
-0.0657044651974223	-0.943179491203122	-0.367136799719642	0.0572023791794027	0.71810373875788
0.00592793622627736	-0.690420015816653	-0.697235905350228	-0.360748362209289	0.537462218383105
0.0259691142644192	-0.0568009296647931	-0.862701901939727	1.076186312996	0.239357540771506
0.577802819993945	-0.450410219560614	-0.607152731678118	0.092051573732685	0.92044093578767
0.40088686827109	0.873792077359264	-0.056711740572371	-0.356827964028509	0.0129635316114466
-0.075362655065867	0.109550293792208	0.128239601932973	0.51884616967913	-0.753548275847401
-0.25558222428198	0.395051690523339	0.264498249023526	0.560713260300128	-0.906292075343151
-0.310063689909432	0.0120569153950487	0.551250386581505	-1.3841931963972	-0.58359628297627
-0.230568177888447	-0.22167042819078	0.064474765241276	0.624827858856344	-0.757347582597514
-0.231965206819584	0.126032020560228	0.323947009784986	-0.728311399934024	-0.127277758498178
-0.260467145882044	-0.609487612316457	-0.184430801227021	0.39463708235499	-0.520438420147472
-0.998507492575573	-0.0700961435941273	-0.323980889306321	-0.706604851477525	-0.373463133386476
-0.182272982724998	0.297524984764405	-0.109325821641311	0.451605609689083	-0.26947616696622
-0.437462517051099	-0.27293632470518	0.055333465857473	0.494394212352896	-0.736760405820586
-0.484363004564819	-0.211789133171427	0.300756484437497	0.557839459491209	0.10422109927064
-0.704339474478128	-0.360647286284626	-0.273558976811436	0.232817346987654	-0.534548689161346
-0.319799270497219	-0.242972034831543	0.229521384087517	0.576335361245427	0.0633184383688276
-0.428458233565532	0.154089229506129	-0.131374479467196	-0.570493553990639	0.0468805094303535
-0.452724791308803	-0.581419360260662	0.0779568780468538	0.405870053130838	0.00583051936408596
-0.41798835128768	-0.341850470523643	-0.195234252463953	-0.674993727916766	-0.240156646888085
0.105775362434726	-0.105681087660238	0.524873501744554	-1.14972592668233	0.251355266857126
-0.161671591003326	0.0518093179656828	0.52115708943655	-0.22261049535225	0.108989384285169
-0.175939870865186	-0.430675954886861	-0.280710330852503	1.21327927901792	-0.377241771867163
0.302273374705689	-0.0179275872872435	-0.11328947341628	-2.29105103085092	-0.285413606947928
0.524305061227069	0.483200380225171	0.551523405060182	-0.331316309232522	-0.46383999868557
-0.176895804009522	-0.166169749973669	0.0101051552438362	-0.348800327221291	-0.792442562858324
-0.152817181267749	-0.0433305287015376	-0.22631308882429	-0.613445813058823	-1.16934896281652
0.0489344527214382	-0.0532519173787556	-0.33897165139468	-1.94823016720722	-1.16628659522156
0.0138516149805363	0.339806715238372	0.4814287341708	-0.242878546034879	-0.423244431168324
-0.510191784391637	0.352489257709866	-0.386588304632345	-0.741604074618333	-0.614106516731977
-0.621930700410269	-0.133567243236392	-0.557581002813564	0.402149973002251	-0.705524273961471
-0.128665602807404	0.210536472266312	-0.391575009671466	-1.34051287849465	-0.344987069249245
-0.39244978139863	-0.497252972896649	-0.0698412009340049	0.694236265407015	-0.439253139412918
-0.182481019233689	-0.347661492611823	0.289063915727146	-0.143298956929736	-0.384147360332782
-0.272075537877292	0.133267494012464	0.00171894298557946	-1.36838163539706	-0.542300905984888
0.104050184146488	0.0559283946592435	0.0778673423289625	0.476800509331021	-0.0200111164737895
-0.0115632145015491	0.405584244248841	0.676418587963621	0.0613156774324531	-0.0370297941269373
-0.0966181202680204	-0.633292970235309	0.28319062622371	0.155307204560447	0.176620094755999
-0.361959584575751	-0.0647997023777586	-0.516047713980369	-1.03796200291473	-0.641282851315289
0.084559890222379	-0.288748524956248	-0.0036816370261776	-0.155555367324487	-0.236199010067495
-0.198754876335752	-0.181325423844689	0.253447083924073	-1.47934338984072	0.264123801818225
0.0201101460926465	-0.579945964237527	-0.344272918037535	0.292389665689473	-0.258012378493087
0.0964345777174431	-8.96448981842719e-05	-0.646860020283692	-1.87821583647168	0.048632126247644
0.0422408835237483	0.46971987948378	1.13291253740145	-1.05052027113613	0.126484927098162
0.218817734246324	0.0859256840621624	0.282581926369796	0.612432327416469	-0.00913427460181272
0.285756923938163	0.822210198497604	0.605343106082331	-0.541596032331982	0.0546523826030937
-0.0252176760890954	-0.0183974365174962	-0.0393795622302095	-1.57263128349133	-0.284799328951104
0.283469891189652	0.238954760715845	0.019680883397325	-0.34708922416033	-0.409782893596007
-0.193636061216152	-0.160330824481607	0.165531094308112	-0.688130574295684	-0.191060290097792
-0.729858749425418	0.284645802001259	0.033184574064214	-0.810125909865251	-0.0137989015952324
0.0692981972332418	0.217536978006899	0.499234247557565	-1.14723942748904	0.355618992163961
0.0929554608142138	-0.081257531392988	0.33800720663511	-1.06844819416335	-0.127382444524631
0.19118803114636	0.0702905567873133	-0.00170895638783244	0.751247764905436	0.129978577013891
-0.611398211793748	-0.204582337182811	-0.693232575076589	-0.751184758151166	-0.21867824758475
-0.0392374589314582	-0.303700739839106	0.101323721957234	-0.595068898590139	0.462641984832084
0.212342247085112	-0.5277129837663	-0.101932930103142	-0.200265849733119	-0.374923145723047
0.0489837357702841	-0.226644833086568	-0.0116105679876126	-1.7166604832573	-0.319572420425774
0.411446069754663	-0.158964345970887	0.0347489615896303	0.217647307190684	-0.180523217975267
0.548917926519787	0.391652182671013	0.223474376364834	-1.46023636821961	-0.362571120720086
0.420609046908301	-0.000629809435694491	0.0197046245837297	0.0613596789143234	-0.924926304198746
0.0938714228898685	-0.0376520751261947	0.381609750988979	-0.5732671789592	-0.184466972667017
0.385236317178284	0.0997672360401697	-0.184019618569889	-0.92253310091092	-0.815400217311578
0.390358152072697	0.606242196634273	0.279210472815684	0.958266681922987	-0.385277335885212
0.240938804667737	-0.088468863449395	0.428671970147085	-0.166398541291941	0.133560840854427
0.0601683537044965	0.146344772251843	-0.0797605502055531	-0.29351173172342	-0.183222766587896
-0.0393753954269004	0.0697298608810922	0.288373934999776	-0.755240325413136	0.0126932027497801
0.266917371591212	0.222077257649273	0.140377712211133	0.581925945899416	-0.325677202200122
-0.035902386670468	-0.105274153773041	0.246167644313398	1.07482934863004	-0.336163266113318
-0.218009699600265	0.349826119666182	-0.455268116015136	0.16587061588559	-0.205170060184993
0.0487079807807509	-0.22648041545053	-0.0387090557530641	-0.130135015611117	-0.0500075851875277
0.0305380245332313	0.417357341411553	0.00469705416957512	1.22579308063492	0.254148176602855
0.117092606727286	-0.555604470562209	-0.378493132495204	-0.547916236330363	-0.0157627365194866
-0.101195211316133	0.312278023786249	-1.04977932453636	-0.704645504398112	0.656223716294809
0.295540348712225	0.0620191747511496	0.0398489643676567	0.874503906742713	0.311469698480451
0.212501764130974	0.221282318285761	-0.322598741816827	0.188424576788925	0.369596512823472
0.390415783452128	-0.382406475244813	-0.0928040330785998	2.060944166555	0.719475492854817
0.58957628816287	0.0023942995907999	-0.496074593112578	0.425349220290983	0.700786561993906
0.89150607394822	0.265571449663994	0.277456214903816	0.997729367841498	0.76308261263927
0.498445629154283	0.275473629622476	-0.32930947913134	0.363809113949718	0.514178176177946
0.622021297854049	-0.325280909668043	-0.100340828418441	-0.102423555219491	0.786312873482662
0.244475454082117	-0.0505162756915709	0.0431517450797867	0.580939252835517	0.55378985975703
0.356216870631548	0.319066462250164	0.236253082138962	1.01062257490561	0.492995224995522
0.202435819111931	0.360872051408382	0.0505356288215661	0.0995913262082464	0.481726018227242
-0.129605836652398	-0.872586413095172	-0.358878163079688	1.68360715879851	0.901992841691328
0.167436586325198	0.289345301568812	-0.0612451915585626	-0.0437406767847331	0.736101408867723
0.24509293783341	-0.159166675932219	-0.0894746085522339	0.720249208205338	0.589858008383742
0.101632630896106	-0.423723980410843	-0.175065257047749	0.272102244039823	0.747779911740207
0.169239539449233	-0.318894565759976	-0.308134336526251	1.26559908339087	0.730780542158258
0.0874414478297998	-0.00155683596682884	-0.0175871755833462	0.733965833556051	0.83554983174751
0.172496530304248	-0.408096595490667	0.337139255055505	0.221507151538729	1.07451425587236
0.262143648465356	-0.256134423216495	-0.0794805911397887	0.379175069600955	0.84238916108481
0.175834605056135	-0.680369119934158	-0.625523970921937	-0.107138204003044	0.844342425547396
0.413340946272824	0.042818011093193	0.095307606538317	0.150692350614938	0.708357928108981
0.308815489143563	-0.391570560281493	0.0708551902141825	0.576075476321327	1.12426829797083
0.214724145303945	-0.697815203421056	-0.706233127600664	0.723577365636797	0.32816280910093
0.250354931141843	-0.0173324808482955	-0.883434863317073	-0.533944718340867	0.829541454954589
0.549789482715871	-0.567541026428748	0.44665534179151	0.504651807505673	1.07199689319298
0.0810451694557418	-0.536549825673677	-0.241684002104672	1.18332960957885	0.317344158642659
0.0762240397665203	0.065226202425044	-0.394883098238393	-0.169983602097645	0.723270214010759
0.114024139834651	-0.280858740067485	-0.6187083917172	-0.536680241393145	-0.011369873757308
-0.255641923915062	-0.171498030259038	-0.645201547315355	-0.702539995561483	0.294202719549862
-0.0544933382366219	-0.819641654157497	0.115275092115111	1.34160281966412	0.44997895275668
-0.189312840143564	0.144148969987355	-0.408847727680256	0.250858677725688	0.579732302038891
-0.223843664955898	-0.815719542388304	-1.00060471049576	-0.350194416079872	0.20506384451433
