1.34237114853171	1.16539991154197	0.184887904282297	0.364515220157762	-0.378944666965222
0.664277260824054	0.954771916108442	0.283307050426728	-0.351056988111782	0.37920210376188
-0.0837587756517842	0.57762560054068	-1.20879098225134	0.399992023119822	-0.848122324237918
0.149623388000219	0.53539614968751	-1.10699515070121	0.607317082026914	-1.46276067458456
0.449200825147186	0.753655757715043	0.437468393270139	0.600145928098126	0.0267344582217579
0.320045575090599	0.536393407004593	-0.118077792531321	0.931684501975908	-0.340075144353637
0.0848405280527601	0.212475398192488	-0.191475690151841	1.06860644850719	-0.716797842295071
0.126354811051902	-0.13521480660942	0.478656143714055	1.45363547892436	-0.148891215146441
0.443468463395099	0.0895557397886117	1.66257488278583	-0.122449518201656	-0.261555569995398
-0.111175704870305	0.102246650621982	0.140398570015842	1.45795941923589	0.0669207080177124
-0.248939627842816	-0.0661802715841669	0.351714854161522	0.197264108402163	-0.861462085279501
-0.378768485196776	-0.222250248527431	0.558975042639719	0.226380312671852	-0.177934690589158
0.123101587778288	0.320540267416718	0.0694317186523174	0.58505296018866	-0.325973330247533
-0.253505180585486	0.371480472763397	0.243487255984293	0.832939477614009	-0.141250133154989
-0.444531596234738	-0.191444184189876	0.196784582447958	0.473582148583715	-0.468013161993243
-0.494538875436887	0.0991089309431155	0.41837235108061	1.39778091835859	1.32499577965134
0.287352481791617	-1.05740031123631	0.605738030043305	-1.3509762863799	1.58889750253553
-0.458119047399226	-0.865618400985474	0.388080992577074	-2.27457020176813	0.0559040591982173
0.16911713390193	-0.441983831872326	0.0745189283341041	-0.29302205948604	0.258660236606449
0.0682024402708902	-0.407985480810029	0.481162781681646	0.348351300473409	-0.560922350705014
-0.14879214172452	-0.810548747980399	0.937226999310988	-0.761497494759882	0.98105418025992
0.414101113066949	0.445501089851737	0.997315076772038	-0.331665168657864	0.16413462106363
0.0198244180407479	0.322157100899552	-0.147451399662704	0.446790679669535	-1.31121982704148
-0.0983145152040917	-0.106724562128711	0.312694029026569	-0.74588317219628	-1.56110811547221
0.0490326666703442	0.720794406984768	0.837914219333831	-0.121682405392351	-0.122767567069295
-0.122634460169017	0.335366726725816	0.233700401431377	-1.5565993935218	-1.54973934198975
-0.718065693525167	-0.286383494770902	-0.766457582198032	-0.966684788632038	-1.42376076066759
-0.312693389574637	-0.0471852244358403	0.105792477444186	-0.803327533169327	0.0235547560866034
-0.016297328978022	0.351796642618198	0.413340291462516	0.159546697158514	-1.09174951340267
-0.567129221775461	0.50482071028457	0.120079715929989	-0.225776978453678	-0.893452423893269
-0.368235250123762	-0.815546167793157	0.243141890210208	-0.276496332310599	-1.68699304176841
-0.15909520244736	0.561200403208778	0.565172880072279	0.526924119150556	0.17434479906284
-0.351797699232675	0.468995680903452	0.758459147451288	-0.239200407930225	-0.260842938119954
-0.204277898092504	0.41969194853028	0.167015703277302	0.512183618675831	-1.14861665385982
-0.0843366761279473	0.512608585579294	0.06666362499175	0.346391973834694	-0.583498600259914
0.255932407261429	0.876229360285044	0.65298078771604	0.857597798283985	0.283867181143446
0.302157211153254	0.843910184396432	-0.470083227323981	-0.0757578120984415	-1.15417174849684
0.315621686010539	0.35719830492139	-0.0156590866334563	1.09895330952992	-0.0508701438152168
0.655368926468625	0.606387960558859	0.6072937340227	1.69271894759379	0.460200529928399
1.0240417691116	0.578764260180624	0.656415211695576	0.643620134412242	0.951061825228748
0.877636695916087	0.512156704785022	-0.0313940288326715	1.4058311883134	-0.0176194540132148
0.488429256215174	0.372610960530151	-0.137528713161813	-0.677565570544911	-0.576539937223081
1.10527179198365	0.163466731415749	0.0932029437730525	0.429740515686827	0.0818066894452178
-0.00974012974268019	0.305245121067062	-0.65943269918605	-0.735117660363976	0.0680349674700095
-0.0343472824704823	0.34701983256042	-0.725725572318064	0.509494311878147	-0.692721759825948
-0.250370311637869	0.486857235389528	-0.791905680546717	0.343555151237232	0.165878483100022
-0.183928854444422	0.139480094799678	-0.0849853259171166	-1.41465873450624	-0.0792857135632309
-0.308063344069762	0.421133649863297	-0.607124781779424	1.11464411964107	-0.17925528828819
-0.357385452142412	-0.330934530431512	-0.564115875471425	-0.947027642067759	-0.595515635702888
-0.789152060056025	-0.0381187602499845	0.187669439326064	0.539855279134957	1.51471369998797
0.11904949829224	-0.542598390166017	-0.164360811621393	0.306995909086955	0.166693610564311
-0.594107600063137	-0.301826629305136	-0.469832768435314	1.58501843254514	0.390856001751045
-0.249697393316267	-0.950573183476571	0.0112560825810437	0.47601445308701	1.05571445211011
0.0724316585185081	-0.179154314050714	0.239285658070609	0.975713894996566	0.627172803259585
-0.373135409634813	-0.666495707591344	-0.531874716206509	2.00056634668399	1.0652220876478
-0.387591356305945	-0.835586341445551	-0.331605168954168	1.32353443830563	0.744931394274089
-0.274210385087609	-0.139157332706324	0.34114001185433	0.0722723873443316	1.59344694041235
-0.218449162983048	-0.787724537010042	-0.633046540384918	-0.110579042031678	0.608786129366699
-0.590577837706687	-0.673061449929298	-0.729028288581658	-0.768816487230536	0.625530666646164
-0.223700475427756	-0.237220307416404	0.34132888813384	-0.92389930948794	1.07409734203583
0.189920849480354	-0.129902878125704	-0.688539031717018	-0.610332257691319	1.23423075596712
-0.0840814993946511	-0.463908545077695	-0.718487010766545	0.0365545969284175	0.780314585922275
0.204792643052612	-0.87436436351059	-0.548638225261127	-1.23759995764231	0.441107431687712
0.584333110233661	-0.501782693834409	-0.28336949312112	-0.0485420620587726	2.18920356209942
0.418598766056263	0.30147721101334	-0.909631482669617	-0.390591486621981	0.328193832530306
-0.0521777048244524	-0.715197949508732	-0.949569280833878	-0.584559116472092	0.423161985030213
-0.163985825277088	-0.496276130373856	-0.449081342172482	-0.964062787470432	0.29269286507209
0.0152632434203395	-0.0305669904183341	-0.0544686919209278	-0.121289031025991	1.30098359609358
-0.325526995377142	0.227270719127236	-0.746041271628254	-1.21631563231045	-0.637772651182856
-0.229279830357907	-0.59059683151994	-0.360779347050936	0.838340099246502	0.377596050603097
-0.171236697749057	-0.376739010134907	-0.388005210532643	-0.574992194261182	1.0644332530012
-0.150057615570116	0.0434230900322656	-0.554721896437154	1.86985081865517	0.104037191449735
-0.690173654174698	-0.701199872441137	-0.260111198442532	-0.271629603804687	1.12723229408914
-0.0398822738166008	-0.828901248990014	0.0676238526404289	0.119146051206163	1.08218079499147
-0.243565750918868	-0.290080484290724	0.113591661882361	0.783688643336367	1.12648755409944
-0.494284769018858	-0.438341674576824	-0.753943434716979	2.15851115926071	1.30270900378067
-0.414667774159953	-0.518786287125641	0.563504171462019	-0.144952532101804	1.06677493955771
0.13407450718814	-0.408424524436871	0.449624394306968	0.0659381153418031	1.44564230183943
0.253764155485552	-0.460619208492688	-0.104551563444442	0.873105438811039	0.973089635761552
0.538820281752313	0.0404757959144597	0.355176078443453	0.779636113766246	1.73142187688301
0.778660808145013	-0.082927577147978	0.22334351762437	0.653886786804442	2.07924828227234
0.471816828135284	-0.567494075881517	-0.517533148454641	-2.5173706144095	0.0594699243307092
0.375476447365614	0.055185791221692	-0.971954456746278	-0.096442407618295	-0.15816152822577
0.255455968020501	-0.636779614184049	-0.74605861023601	-2.76832625640778	0.371132685614606
0.323961342826384	0.157666549482345	-0.109282070525905	-1.36047031840995	0.0954267217756849
-0.429807089144796	-0.551981012313017	-1.21146405533503	-0.810006584134829	-0.141299729385132
-0.250576220564596	-0.602546760079852	-0.588184246106936	0.984360803955528	-1.00244827654562
0.0940552989157882	0.0936467537728465	-0.115917229483356	-1.84276434263981	0.0982313634689618
0.154006407238112	-0.180666347547686	-0.0655294411908159	-0.859610843485971	0.007854716107535
-0.52094200183063	-0.591936713354846	-0.157094603984896	-0.601999424837381	-0.347225150063166
-0.000819692639812363	-0.368373740393181	-0.112521044906503	0.22047503228674	-0.415042746789978
-0.214299291974759	-0.0701712443854608	0.537819386708671	-0.955817774845714	0.38750803890473
-0.0909751907741823	-0.238084794271511	-0.274092417066111	-0.761331615708306	-1.02032489169467
-0.353837212601489	0.0122686109753188	-0.266161412645799	-0.734386926379104	-1.16651633792661
-0.403748416264407	0.117646851786257	0.512481121503421	-0.835825603567994	-0.369253488559569
0.109562279733693	-0.190981123957583	0.350730301813476	-1.17366218398696	-0.554778118851123
-0.61639732206693	1.24543467991614	-0.55670839411262	-0.561909813448783	-1.05201280838826
-0.219830767956276	0.0227655050188732	-0.281075228552121	-0.814257760871378	-0.840321490311521
0.0729923610720595	0.165881561903488	1.07752864614672	-0.907477569585474	-0.347679963802802
0.0790191807649289	0.604980235012972	0.290540655032648	-0.80545988039161	0.31142208684858
-0.508055480988026	0.697158442972408	0.293711415850034	0.259159213428313	-1.62949036749773
0.458943696592935	0.463230362500345	0.623759398832637	-0.0244705832501159	-1.02184480685753
-0.198147051521104	0.372398622732684	1.3459219200418	-0.668151117880998	-0.281583464030696
-0.49725188286507	0.656109073347097	0.645053165118845	0.577158823733011	-0.928152216124932
0.0478335253574055	0.904807127723814	0.730237585952171	-0.298434554742947	-1.51821070950527
-0.417957840876376	0.361742515026112	0.557994140965629	-0.451332837849831	-0.480609331172634
-0.356745056812335	0.417173625767369	0.650058421245142	-0.72520518307049	-0.765288052419656
-0.273391957894922	-0.215187826693775	-0.0364101016049138	-0.368272655463138	-1.00723025304803
-0.57077315386479	0.143503219885161	-0.0518679007396769	-0.880702114947363	-1.02581689908648
-0.192160866798358	-0.043028958036564	0.0756370312676889	0.444609290684108	0.11724387329938
-0.255507183858552	0.102347980006173	0.498097076167184	-0.428903512771023	-0.490196795586709
-0.659114838664274	-0.196095781910602	-0.525219011374815	0.0606219384484186	-0.840743537924425
-0.479553538820207	-0.854267569018626	0.0838370225027316	-0.815378257118815	-0.642765449229059
-0.906926915199663	0.203404233217595	0.807194057976745	-0.276149505622135	0.622119336300374
0.0478218706626928	-0.551718977745899	-0.0884687043974317	0.303626837959803	-0.610625061589003
-0.225754251589259	-0.13175722614336	-0.258945304026813	-0.0327463802650766	0.283567465302024
0.319588405414537	-0.122769346181166	0.716540346019082	0.613804940783466	0.0192394192893925
0.303311102056296	0.294631259433901	0.508974970118737	0.884676562366506	0.0167108868941822
0.545014461559659	0.227874415223499	0.0870094365012884	1.19756515432552	-0.862586113019981
0.532573294554726	0.342720240349246	1.08800450658033	-0.795196908930629	-0.177290303736842
1.00253136320644	0.769836510948284	0.894610740121162	0.812892569181635	0.994201104011498
0.876994429308917	0.588320090724293	-0.362458029541775	1.34330944840134	0.148158243405231
0.875347221301017	0.598228821586508	0.0209214824836464	-0.337974773069186	-0.411978489626373
0.841209562425744	0.624984581646016	-0.416126884410015	0.172830191371146	-0.0116286168779541
0.729540417330272	0.108097959927603	0.0592514621383202	-0.451584787182061	-0.731611144908831
0.423972459085615	0.391686943791	-0.519021722281043	0.430715897381974	-1.56997006525858
0.763797958700021	-0.0684277610167643	-0.141054180516959	0.303642489851384	-0.0905096552954945
0.264694494522326	0.718949920056387	0.410247595654487	-0.922319809592229	-0.304549217501331
-0.374393287395099	-0.132673555878145	-0.27795176556561	-0.00413865906056992	0.120360192359452
-0.150443011096635	-0.949586257814686	-0.0744868734199543	0.767061126094211	0.704206361584755
-0.196328059120041	-0.179708587723164	0.69022537667472	-0.539492641359729	0.0181212332146328
-0.267717960252026	-0.711956113839995	-0.764238208686099	1.24675648340383	0.138434485726917
-0.127858865884024	-0.220528345799597	0.179838363585372	-0.0638666572133896	0.770771141591713
-0.0175603564066849	0.0695035892653162	-0.0755760669328876	0.171694329216053	0.61023549145066
-0.278327964447378	-0.848923646878045	-0.653061930624115	1.03576354779654	-0.147778532483643
0.0865219238202462	-0.793827525435312	-0.443785160413678	0.0410049457412468	0.460673250621468
0.0386316526731092	-0.327052822906701	0.273402136715466	-0.346362108300213	1.65503036216777
-0.0593279431391115	-0.111648888195247	-0.0473899361219323	1.13890406009071	0.543454718699495
0.539109996384362	-0.458730401967178	0.267534010652686	-0.26236758039517	0.652257653925419
0.866721596633383	-0.579667970443696	0.419988783671396	-0.0471731635584168	1.22926727550186
0.169792871322826	0.121129623812573	-0.125381725276067	0.66524271110199	0.110717874545984
0.443486288887023	-0.36036748429235	-0.580679757335782	-0.171797317017545	-0.754618587285478
0.556132805709615	0.502216986407509	-0.234532990555928	-0.555684205736846	-0.472321652307836
0.285676055564389	-0.167590188989308	-0.562352772027834	-0.663808480182826	0.120729384660483
-0.137120946129588	-0.221789348670513	-1.3656495500245	-1.2665774013231	-0.449617926008965
-0.461703029511291	-0.219185983369096	-0.295098102376876	-0.674766848647762	-1.30685397770279
-0.35728715430729	-0.567418451578724	-0.0972323907920682	-0.021246786848116	1.02341288387999
-0.545294795069037	-0.21299544933055	-0.333033127142628	-0.671764331281397	0.136804495590132
-0.438960688890262	-0.326960519	0.446424808467709	0.175385019460552	-0.149066357318212
-0.151555355025724	-0.37517304919149	-0.158738040770732	-0.0259589983094803	1.02935796303086
-0.281739040036435	-0.464896655312025	0.28841241772412	-0.114223085059326	1.03596034836662
-0.0509275387515221	-0.582530026695835	-0.612554580023426	1.24527096801354	-0.458258433715757
0.0040354556383196	-0.191498452443482	-0.0336116850960286	0.801444312143403	0.354116169538088
0.135024459010987	0.335490874315315	0.31896063627283	-0.599936455722113	1.13199584108953
-0.0274060807780633	-0.691586617283956	-0.184606197929076	-0.0471704030963911	0.808003435485062
-0.289119704359936	-0.260194881275699	-0.474633872480207	0.132467279653413	0.639627278293381
0.12097292622495	-0.0973685375423901	0.245307689741629	-1.30460766545519	1.22119403036151
0.259441504546847	-0.252143102402246	0.0190407711673965	0.492167592179912	0.115434342152182
0.0528126683250393	-0.363472531647646	-0.729821678427377	-1.59881593920027	0.0158057345499401
-0.159124123629238	-0.278895483393334	-0.433139000920385	-0.425012286952617	0.386725891475896
0.0688397338398811	0.15891135776242	-0.912627791043331	-1.90552061245899	-0.115930599669861
-0.171511768676604	-0.013931679947429	-1.13450133594224	-0.827451312170619	-0.0077070166177435
-0.971812275839734	-0.311073366658915	-1.04328882211083	-1.46049250588401	-0.481574532684185
-0.348835412097435	0.0235706023237913	0.0255542466562611	-0.723008276525338	0.297049718367039
-0.75940994256834	-0.216764361039632	-0.068120143930443	-1.33626138049413	0.455375860238677
-0.748579555429115	-0.370898043565623	-0.453655534182256	0.768036703030959	-0.300775123040317
-0.296880764702576	-0.474585776788404	0.261237194401128	-0.230312118177074	-0.208229197208905
-0.267152504666623	-0.230089699432684	0.932311543647586	0.123279181080812	-0.174449654590411
0.115650747861287	-0.175252180681293	0.905555307600097	-1.0502584736158	-0.830561857353886
0.0747645598598065	-0.0815691774151526	0.357304203439581	0.353872636222406	-0.72897752809101
-0.132888704752542	-0.0470152566066834	0.400391240512453	1.6013047346768	-1.00579645134823
-0.0179957230922065	0.392711759724686	0.812010228543397	-0.538074176526213	-0.232879816369112
-0.29305912386722	0.152000711223007	-0.445124554066121	-0.688493345337005	-1.53063550919167
-0.169063801520518	0.204329551257179	-0.227987327077747	-0.00534457726619779	-1.23005911862
-0.094739977967856	-0.30744464992089	-0.00482137427629079	0.15398748376306	-1.10947856527381
-0.0601031403645401	0.361880369745819	0.331597696229892	-1.25198889380711	-0.617516695421839
-0.011240111827257	0.412031906823869	0.0747067667353402	0.158794078117679	-0.968000615132586
0.114287935478032	-0.611792728186309	-0.0413955914894759	0.128819713839099	-0.334166792233626
0.380857841978333	-0.433854985037391	0.71590250582425	-0.257829227379372	-0.476658459904376
0.0201113245069948	0.224398233501414	0.0392882241823965	0.309455830469095	-0.324208789979386
-0.0162135711685066	0.00349136323900078	-0.268210552307629	-0.0765588055363383	-1.18554564429601
-0.0772433445106614	-0.652778164519019	0.553830274137302	0.706311795877878	-0.438567677596412
-0.0153023647635946	0.641366327682621	0.553789245559265	-0.58642240000813	-0.517485790107137
-0.432117554600714	-0.143096414519765	-0.058207030399821	-0.675300349546505	-1.40119642903902
-0.68214172313103	-0.257978584734867	0.0419431833367752	0.0889380511339802	-1.38478495585384
0.116664638029354	0.148997309557204	0.114706956182716	0.250665700416642	-1.0870015713661
-0.161686288716495	0.148271737574668	0.68850333453007	-0.480916625746386	-1.28248699508792
-0.0466522329300461	-0.139558665502775	-0.521842599620255	-0.288724614436523	-1.46772998184875
-0.0223915348027611	0.128614914432189	0.391710836384464	-0.339327639657312	-1.76469217857422
0.189991412245012	0.996653889415827	0.611763897500423	0.37507628564104	-0.89867314981955
-0.0830877191439492	0.273207448538358	1.03330739605947	-0.585141163527372	-0.887881146252544
-0.0211819979754661	0.88573383064619	-0.209260992347093	0.16291596474257	-0.391318225272154
-0.572146062076099	0.65819938107466	0.439012518984728	1.43413915023592	-1.29839767660965
0.317853684730421	0.817325894678156	0.90546482253519	-0.792177124832381	0.697007398732909
0.541350757415768	0.877682192570455	0.104429750783634	0.0948900389560524	-0.188629971144387
0.756853029410775	0.891945330088924	0.193063139468537	0.108996009430598	0.246965427237875
0.424563257616011	0.358090862109036	0.514099758057033	2.09997176504885	0.478775216230267
0.480047454415993	0.687680062915067	-0.179564164671288	-0.0855091856128826	0.951258613195618
0.52067697648342	0.99987402580824	0.0201706296701795	0.198846365606143	0.4541491304929
0.513221344271247	1.33622251970494	-0.850053453424689	1.21735667663392	0.388141081556208
0.449020393366585	0.403616876014253	-0.464724638883955	1.26423026413804	0.146578540618556
0.0764898864401881	0.829842901921882	-0.843407825376985	0.677798890273889	-0.14394186930837
-0.588079885562005	0.116355679418732	-1.36126876061826	-0.182980956883702	-1.28590827935367
0.284305223740086	-0.282836950102901	0.0312460456352718	-0.424870109112268	0.30113081474569
0.048892326275611	0.0151214639403757	0.247631671370601	0.219019224702565	-0.00833236687406316
-0.286089114449877	-0.351245305347988	0.144525050874581	-0.130336864325553	0.140882096793287
-0.174717676639601	-0.565680659591699	-0.281733148365803	0.882358210742286	-0.191395381210418
0.387441695330855	-0.325475964002768	0.360864530900113	0.806030377006414	0.495339568584932
0.041844111157381	0.343632434853243	0.792495450651326	-0.00852681346397609	1.2968454432478
0.108169178202568	-0.111670556892913	-0.711443299187368	0.262005612659921	1.02304485855397
-0.543067689782177	0.161750557358866	-0.592371630557671	2.18336868116328	0.368511908267695
0.491808817540032	-0.061040174104239	0.391731744844105	0.669483403934157	1.03849047502288
0.0974327268742431	0.542978906346314	0.593863996110862	-0.604887847052847	1.86313355098922
0.601206483944314	-0.0730015483557655	0.0113075405600644	-0.170513479451055	-0.185229929281864
0.597296626391606	-0.106532416074721	0.148278765637634	0.971757748386341	0.219227672444527
0.942744175554851	0.422885502268505	0.203939928209681	0.0947468919118202	0.650339501857497
0.662372288053864	0.567470664779123	-0.102480098356439	0.4885656471756	0.257457211889698
0.56474627378478	0.832800299837836	-1.1784837231512	0.675931154967885	-0.313777583570815
-0.00343680930764156	-0.23767817330726	-0.078255473463802	0.347639100332217	0.531748614008617
-0.140353124161072	0.503692710271813	0.0601539055910101	-0.332227360668457	0.665357740801895
-0.601971026551329	0.595512457807419	-0.795745563827266	-0.0690730957450328	-0.636941903233914
-0.258849840307284	0.0312012697191423	0.0825230761131606	-0.0354524087955562	0.214755560921605
-0.227252970745331	0.161766214979395	0.460450923492018	-0.1374710134996	0.753309580219665
-0.055176246473326	0.514860540443482	-0.366035861041227	1.5432193147175	-0.457253636996111
0.361941164946702	0.126889989888253	0.107873481316563	0.213136434536451	0.149183603707304
0.375851753426419	-0.0854448777702871	0.40323444450128	0.172835221142734	1.44425957683651
0.381840832866161	0.314905554442867	0.229721576451193	2.23178139054348	0.694066583246134
-0.196882509354279	-0.230465912045934	-0.0938568011154707	0.474945535650582	0.502999123753437
0.206949834524326	0.298899457991688	0.392646656733916	0.215172715253684	0.948777823913885
0.139306014069942	0.245771864861913	0.408951884584637	-0.557498111011693	0.755233178751016
0.625545233458952	0.110038685109458	-0.499258157227058	-0.617553219063119	-1.52555294156522
0.538383878025305	-0.0138943052840859	-0.0932200987260941	-0.999437550762292	0.586241034561882
0.673057230459356	0.415641578873923	0.586301027914651	-0.413406083634368	0.776041610426089
0.645591301900238	-0.0826422997388913	-0.503446135542988	-0.820479162056977	1.21203465647198
0.332773893332333	0.0217271910841607	-0.736825314457751	1.13019830088613	-0.425351510730317
0.333371766916161	-0.392157022619971	-0.867378546195137	1.01982428376364	1.17170626230046
-0.214440135071844	0.142378750866869	-0.226333160104174	-1.03660733581601	2.01377471799847
-0.236000360393222	0.130867437566905	-0.795877373125619	-0.703973595976108	0.3144850517657
-0.532271665430333	-0.0697690078640295	-0.0790273709590288	0.987843170222209	0.280268436630479
0.167546644174168	0.486489434354679	0.532248372393401	0.004178536919578	0.959384778018542
-0.00265731014436848	0.159682881064789	-0.577821196590413	0.340569205617607	0.53083451698408
0.0634560746341494	-0.165308679975138	0.513433850078926	-0.657668775688657	0.274484079481518
0.11982071334159	0.363868139194167	0.30632522697563	1.23350492124965	0.46203205275311
0.33973779235655	0.0923517494947204	-0.145379923546577	0.924532058638446	1.45974566482223
-0.0839575872262698	-0.521189025217933	-0.633733958972474	-0.157272461032904	-0.117106599661427
0.017182634440261	0.607176372733382	0.509361507286979	0.409701289786533	0.179379621570735
-0.101737441084144	0.521548269447023	-0.134473243445569	2.07713544538639	0.479627330829072
-0.254628958498078	0.23965561113559	-0.413872899412436	-0.0647499219782443	0.54041833029116
0.0784949737562376	-0.0863452202468552	0.0504763228391821	-0.0252594441554832	0.717004746238162
0.375923339358568	0.00422001347091693	0.752667607497587	0.976637094825653	1.30519926610108
0.635685301434631	0.769002068345673	-0.286704541382332	1.05157373754351	-0.442681537832605
-0.114201380191846	0.136718920590272	-0.943459364148268	0.477058894294359	-0.269456087189732
0.0773858389592713	0.26660937728171	-0.318999126242584	-0.171097604034886	-1.14996639524434
0.155759047123094	0.467149228715565	-0.660698496166607	0.279912345120429	-0.460265758998273
0.291181806459586	0.210779663822554	-0.694768872180816	-0.0554531469258837	-0.660095210757774
0.269856965008987	0.432240117087106	-0.194650141091272	0.412005861757601	-0.21406795498097
0.243892692299907	0.173450008019988	0.082609904692613	-0.131541833394033	0.589630498263753
0.409049547844994	0.125694025118228	0.0895561506216401	1.30081020931066	-0.761381012604457
0.188167038620096	-0.385451165209639	-0.329120873959063	1.49272285166558	0.459240598867622
-0.0501400134189842	-0.0373918130480341	0.0802273286397251	1.03704499813877	0.84440283846187
-0.366972964063339	0.671183733324485	0.458225489321351	0.972276711904821	1.56238117115766
-0.120372520992798	0.00616049906669148	0.0124269662666506	2.46860392639523	0.976594560885851
-0.185916267691005	0.290923985798348	-0.664101959292869	0.517816005066003	1.62230737868966
0.136162072361571	-0.407093563979004	0.287973628946197	1.49424343746223	2.26353958532624
0.472694962130816	-0.0364156034687391	0.352044104887817	1.09673876930677	0.588783995141868
-0.463105136577068	-0.0163978441053163	-0.131984657791593	1.13925865423117	0.535819029793962
0.0900933137548831	0.0221958732614233	0.443207580157156	0.746794913958717	1.00708337037608
0.374584215533619	0.235624779638657	0.118981937574864	-1.5452442065378	0.846829250960939
0.213713067327593	-0.224461852287854	-1.13473366269786	0.623627814950197	0.832989581684255
0.408525806249238	-0.131975763154166	-0.90664574176977	1.89546747298126	1.2056197668926
0.14302083004399	0.0248078962446195	0.526976171305208	-1.25014848433499	1.83101204112692
0.0392998758880572	-0.7304726563784	-1.28687113532669	-0.6749180885867	0.62942628341114
0.0784379387363989	-0.376991966173927	-0.17489908420603	-0.294882842546926	1.9265307322352
0.46776735406168	-0.557406137047833	-0.502300134651213	-2.01921612002125	-0.247822375134075
0.0859578435611235	-0.675622979768321	0.497100026372977	-1.73266634671511	1.34471949622487
1.00123146749027	-1.38547235362519	1.05150407973769	-1.16208913512471	1.95056883421023
-0.035668077094664	-1.50629345333808	1.07382839458149	-2.97142369061268	0.0207207190851168
-0.17526884102481	-0.868180946648638	0.689001241296321	-2.50842876916781	-0.465916247893828
0.426634124799772	-1.31720108778726	1.143854119625	-1.32473381134143	0.886958570841649
-0.0333514071912692	-1.13653619339792	0.217152772983077	-0.998561892308404	0.975993844626363
-0.634344842376686	-0.821541413904245	-0.352466464684458	-0.249410726765854	-0.546840207525049
-0.418422936969409	0.127385484349069	0.92671333414862	-1.31541562823956	-1.37558847850478
-0.540059689589184	0.321853339640622	0.702965194798738	-3.8528635262314	-1.17346876415857
-1.05744768230618	-0.772570984074974	-0.534067345646757	-3.69244930441119	-2.49708514640796
-0.994523376558999	-0.363262514110454	-0.471617002705353	-1.95717589006511	-2.24034714200411
-1.14555369275196	-0.46882258656164	0.0242229390914027	-1.53200531121806	-2.76395050592214
-0.728061243383395	-0.635950729511605	-0.171077338726496	-1.35228198427679	-1.29194110921227
-0.0159912379269766	0.0762083292352475	1.11935024821458	-1.81830999682909	-0.745006787648035
-0.755688859305626	-0.289273869124434	-0.174378018053341	-0.514270340479276	-2.3129342346966
-0.657694900736424	-0.415659657118365	0.683400596452876	-0.250133618454093	-1.45971591416572
-0.739517109805126	-0.407607196162258	0.702000851398661	-0.362386357901742	-0.304556770875334
-0.300917021730042	-0.334772436396659	-0.176178480431772	0.577413582781226	-1.02402368393772
-0.495644017870466	-0.32831855076038	0.0150926656218621	0.766166554097396	-1.76273866846032
-0.237029611058932	-0.1666832368735	0.773287378224171	0.0552226483875532	-0.529636057945559
0.45467664628857	-0.112378619613546	0.757462360125159	0.891699141233159	0.0902576879491428
-0.0414003669143939	-0.325039596555592	0.505639072808447	0.0184727141247019	-0.951764346638489
-0.155161815072973	0.0739056821737211	0.248315110540906	0.507922208111725	-0.91668940167971
-0.324798107427938	-0.486756885049649	0.457475368134849	0.612746393724718	0.435035505586931
-0.438578238846673	-0.135602562192617	0.558650771437778	-0.0344090212299566	0.0575929063258766
-0.368640129915592	0.680442167734952	0.0642172751752808	0.802894542196744	-0.654506455448332
-0.263716762663806	0.117976283516787	0.0317052582445343	-0.0507847124948284	-0.477064932050879
0.164537652316105	0.701109711619958	0.400029712339615	-0.22660183597148	0.237594036008028
0.0925043198877507	0.342784829403313	0.62024163709419	1.46368923739773	0.521627182169434
-0.366887896666776	0.582071643878613	0.371149479428293	2.54849194304077	-0.544461792695495
0.743160109869231	0.497150336183276	0.692532604637095	0.890175606333457	0.98816163105368
0.0966978261020381	0.573268040834693	0.207449932815024	-0.687137729319265	-0.00365052004806025
0.0535142561969914	0.519943516459589	-0.0931635562602386	0.736960754647314	-1.50219342480729
-0.14391991321939	-0.43395233193248	0.0751579648420069	1.08399872640889	-0.175844404128513
-0.096940419009336	0.151725989248236	0.178009659539513	0.758361949670751	0.110316505213699
0.217564051088522	-0.0968948225772297	-0.344797934323362	-0.777967387880599	0.512415684418527
-0.0101732224267139	-0.117924900714387	-0.905929492814402	-2.21434263723481	-1.59454580317021
0.0538048003958252	0.190371892703403	-0.496968184240961	1.62458694834366	0.25593583609099
0.516916061267978	0.482921238578117	-1.16892549936558	-0.46916187147369	-0.0869987449431332
-0.458967974409403	-0.305624031509784	-1.1346039933696	0.67999514536229	-0.875809644451459
0.0930947958512129	-0.111761914469854	-1.36326477323188	0.375013729389586	-1.34654797810062
-0.500321734981565	0.261479248543181	-0.197781579473645	-0.0919229444346781	-0.346927149335165
0.886247400795566	0.288466383993896	-0.731776173971865	0.580840634651588	-0.0365518998764566
0.32554529166642	-0.277947837058644	-1.47053554324531	0.517535837837342	0.534456149403268
0.400265055454411	0.376735649273997	-1.19717185125996	-1.00200780113676	-0.857811913637986
-0.194491546555464	-0.712164009019233	-1.12389838517696	2.17299505411966	-1.02059126507861
-0.702916459246525	-0.550169466041081	-1.48700862259294	-0.126879498226519	-1.08733655889767
-0.14775287661041	-0.202617415974361	-0.515433410534764	-0.308644314753171	-0.426477749768105
-0.4113525189457	-0.312688196981483	-0.497401079579005	0.0319866863603147	-0.326703754440982
-0.389956516707992	-0.93141693122781	0.258992744521757	0.511516509598493	-0.138587922370606
-0.00718883180311561	-0.294120265739036	0.340756333801268	1.24645546447763	0.589835670948415
-0.139556109625258	0.329463003083721	0.96421911814759	0.191523068226856	0.501450496462994
0.310622757782677	-0.245704115549468	1.52322336912664	1.38020817414439	-0.320292729868677
-0.241302160580169	-0.169933630876037	1.19055659164097	-0.818258746001294	-0.0571913358021133
0.342599098080946	-0.0903435461593941	0.427420467089637	0.272393303791736	-0.16950653705732
-0.0101405740095008	0.0958920373876634	0.434532123140771	-0.0201719879822331	-0.49402421068492
-0.417621188714938	-0.285544677249097	0.244608342366552	-0.209345531686204	-0.187844906017757
-0.0116451894982536	-0.573218724369008	0.0680300482639726	-0.464206759008978	0.639084176592785
-0.231297052007464	0.689251219782101	0.48333466687401	-0.002358501848165	-0.107004438012582
-0.17339306504419	-0.440265859104027	0.346275658362647	-0.225567133284415	0.144937484939519
0.0404745206019628	-0.0583888671055639	0.801706739036112	0.0520137848753627	0.100406080650455
-0.17022064889373	0.790901973744243	0.130819634951767	-1.72282935683323	-0.322749271865255
0.00110818057798677	0.261932567300081	1.16294604972462	-0.575250819538901	-0.31391530216445
-0.164182534918756	0.694301518199486	0.138698747132099	0.431493787553839	-0.372874565186662
-0.110507483382195	0.450991165490552	0.310362399302537	-0.344827522381289	-0.69858457810008
0.174232694063402	0.169241489003197	0.362561631132354	-0.830665730746566	-0.647552161329537
-0.41959087975964	0.155623711015946	0.830649688239134	-1.05165521262745	-0.899021210190026
-0.492106331592261	-0.627925884432237	0.0439582778884521	-1.24614570970014	-1.21222014279532
-0.78618454155522	-0.480768009902155	-0.325791397065724	0.820372097486122	-0.597663663439231
-0.191633811728569	-0.446633422884984	0.19810596842424	-0.636669327110311	-0.645066842562945
-0.3666678046513	-0.534821170720308	0.352648638485004	-0.948801853816104	-2.18029736638237
-0.789629453414291	-0.627236081911421	-0.0622871071373009	0.153075089432763	-0.918331418242193
-0.658571388140739	-0.273521474182204	-0.348349956127104	-0.552520156432494	-1.61744395186453
-0.298560816623358	-0.359827675488412	-0.262875305567626	0.105805307393013	-1.3635514295534
-0.157171108048707	-0.419962454200961	-0.345272722211806	0.091396984658248	-1.87297482372237
-0.134058090243563	-0.135299287583013	-0.451147532276642	-0.0735870492711431	-1.41327962071325
-0.17482617312326	-0.32248275960628	-0.0428737048801699	1.45674261881471	-0.737780355629752
-0.279578923593695	-0.426351828809245	0.165898194709713	-0.799474524064945	-0.487603882873167
-0.107262077890959	-0.112859048628678	-0.0442687421097589	1.8109016029044	-0.398470099157782
-0.0444195719615238	0.156686403006224	0.385677046608722	0.741743106557312	0.159421495886157
0.157484177029546	0.38227718725031	-0.128478407527561	1.39031380183707	0.952096633428055
0.583221687875445	0.308993592570904	-0.3503249121451	0.60067611005587	0.114187674198497
0.102890161605765	0.354082477783079	-0.10505464732625	1.06927762969963	0.14224408874483
-0.0861538554256937	0.690393037394457	-0.499369145316109	0.665993813076719	0.76054926627671
0.101835134399621	0.914602318988773	0.472794623432092	-0.118133456834166	-0.344746673671576
-0.108713994675857	0.472161689120835	-0.338256518786526	0.224374743736621	-0.145989119011692
0.0989240139982333	-0.0580424394445718	-0.0167013242044513	-0.402267383784957	0.391107563647688
0.100541088313677	0.637025355826424	0.136093448219126	-0.0189309074023863	0.0661599965444976
-0.599863155815937	0.0694328792701747	0.0913738706767513	1.06103149134602	0.719069929994051
0.193015575480217	0.101437194071898	0.489688805417525	0.819717178819803	1.25854394433218
-0.00258647896812329	0.919592363542657	0.759964847954278	2.08478519595096	1.08416766621964
0.0346854274782359	-0.0893270057879592	0.988260971495611	0.934335404436561	1.21213499898074
-0.134786465601172	0.300716437607098	0.222532890940742	0.35588673367445	2.06196813305923
0.216348644092121	-0.0563918529034105	0.685825996741809	1.6963778819161	1.19705280088423
0.154817674797157	-0.240324149348529	0.538017637627045	0.595891504176663	1.02691696886073
0.131451509769995	0.138690969800745	0.19019670974	-1.17712443109466	1.53091569076486
0.214711107945313	-0.274372751225315	0.676332399479141	-1.6516695336753	0.669163667157194
0.347017178366094	0.321051519536021	0.0675680559214524	0.659096717883455	0.787021043926733
0.384973661207635	-0.422901385687967	0.115570556108652	-1.02545954299277	0.652941946086811
0.441429153311041	0.642385512427333	-0.390732037233171	-1.44533078951046	-0.26182828807624
0.523876307534897	0.233190973340101	0.208211996822692	-0.452060933664642	-0.107593466300998
-0.0162897520162188	0.444023695989952	-0.920995289844721	-0.474428578488289	-0.920096088343363
0.16499038024042	0.419049038456732	-0.502463173822054	-1.76217822532176	-1.01150346938943
-0.237175129302753	0.355866267620112	-0.538465422489666	-0.433246243056107	0.224779988591978
-0.431936330693472	-0.23339276276255	-0.261630850214217	0.255779454744913	0.464309609236214
-0.803391120274175	-0.482655288299422	-0.0904404837603171	-1.03885358499535	0.751386128232283
-0.328362880821198	0.0648761478509795	-0.136389387489174	0.992688051963031	1.17073534190436
-0.605574793680397	0.0113759357618001	0.113163396809644	1.00005180727598	0.71902628737454
-0.0892087484902955	-0.527330825926593	-0.472892618732383	-0.179609942830792	0.892003343452909
-0.420445103156886	-0.138252309997099	-0.01764284554034	0.726343255844854	0.644163950238501
-0.30010427993363	-0.163852128475656	-0.403873637042633	-0.337594708840821	1.35549625191244
-0.146440920732322	-0.209583422397575	0.0018516271220039	0.0414865994886337	0.72986284652544
-0.21638084815908	-0.0664420121421695	-0.547785701241714	-0.719407349670432	0.339482965700737
0.129329540202441	-0.347818439780005	-0.250680317089429	-2.58617411329728	0.909005921997912
-0.582534892348131	-0.0389851293540374	-0.651736781577422	-0.821290746059597	-0.195724797648109
0.341437805985916	-0.127531674185029	0.126990887186005	-0.0303426947965185	1.12046283393873
0.31786495644504	0.0985725850008798	-0.30475858346857	-1.53483352610911	0.598355248040414
0.104117408748727	0.344886251721511	-0.585131175403336	-1.75493366190604	-0.253842917712122
0.34372332955185	0.15245102385953	-0.210435457123207	-1.43271611616122	0.989386609838729
0.0572459536279043	0.254764749266053	-0.512202806162476	-0.306965248542154	1.14686560062445
0.312763409851683	0.137268712769845	-0.240134382929445	-0.532389888479073	0.214172290133017
-0.0292611373156358	0.0326657916297409	-0.107708835287348	0.273548514746751	0.915226560960909
-0.084637841885216	0.4535133628942	-0.27551951563798	-2.10163898000889	-0.341175370501459
-0.398819343738426	-0.310273605665696	-0.179141129501843	1.32323948834068	0.711173327653798
-0.560967131235746	-0.323542225377649	-0.146196043159805	-0.217501125600681	0.630327690286932
-0.566354523039193	0.462339970255912	-0.155769074335334	1.00755544365664	1.35387339248949
-0.0417635565452442	-0.478829324912651	0.00993388635572207	0.926790229549643	1.40718607871247
-0.0995647189552832	0.0758435195697164	0.219823137130626	1.53986222839868	0.446391348580788
-0.247537211741152	-0.48214985294391	-0.303740558270867	-1.25422062754451	1.08669219190919
-0.0508517023162738	-0.0863114344024579	-0.11148262367091	0.821243455051297	1.4174781274669
-0.172588257727598	-0.134456415435608	-0.261660437531768	-0.316007123263347	1.03166195952033
0.0233400189748915	0.0119774867955249	-0.0300589478595848	0.0859005960784873	0.787728504080005
0.0581981139300601	0.0268321517020713	0.560504460613213	-0.307360078202393	1.35036500051395
-0.19927158653718	-0.0283784406575957	0.567970441980349	0.232380174291907	0.287040241427154
0.250407145255707	0.0259592879537271	-0.385553622136045	-0.230589951403282	0.757903078914256
0.356104108138216	0.123694845375	0.148382349204174	-0.329428366171427	0.308187257342319
0.576226796984993	0.39122447711297	-0.480570000656464	-1.14605669568574	1.05751033752304
-0.0246430054747532	0.384010697145745	-0.91122103836693	-0.109321218476035	1.31142475081186
0.22658822190303	-0.548009033919433	-0.223356949947886	-3.74895117370443	-1.00681133868531
0.739902027314951	-0.754536074420342	-1.82350730672833	-0.527094134078805	-1.423283211456
0.32101556364743	-0.30672264550861	-0.380560616006762	-0.599058857221482	-1.78501025424393
0.33066580280431	-0.260813743921541	-0.224680007243544	-2.78800866906381	-1.60029417669444
0.536854168997472	-0.169511961785863	0.273413531047923	-1.1105932959467	-2.558663113555
0.646955618566345	-0.41937117954861	-0.136782812852317	-1.46289812115773	-2.00518736882035
0.401658463239585	-0.457972164354461	1.02967109103203	-1.33581756503524	-2.0516391282469
0.662953189778068	0.134117451158154	0.218702184062657	-1.65086879909108	-1.12268977585836
-0.196798984548533	-0.188558043024609	0.243367056966203	0.750498890523557	-0.96672965306309
0.763544500784521	-0.796235594840159	0.600893841406552	-1.0105371751713	-0.54401485425015
-0.556932985263336	-0.404067907144546	0.519678751987008	0.919131248457308	-1.34661414105338
-0.176848145077554	-0.652552404366	-0.105574643105302	-0.625127547864457	-0.955461768170443
-0.230209028500183	0.405617676251828	0.291175324495944	-0.347527509970038	-0.983388597732105
-0.315483113717187	-0.450490134395708	0.283478143454799	-0.303588846427541	0.446812746245372
-0.387014138733576	0.288463856734111	0.89899763635365	0.265142015675566	-0.865641612738083
0.363257053272	-0.0921606730584402	0.190926080726568	1.42201721775711	-0.449548560224003
-0.0457361179598489	-0.00344087772557105	0.986188566542955	-0.0569792206431635	-0.146777902745487
0.247674895222637	0.141064369154073	0.370658813873826	0.971050782800242	-0.140315613375576
0.0778218598617419	-0.0475733224808029	0.118362108761463	0.741078252030362	-0.0227327138421861
0.00342635223648347	-0.256885675578836	-0.510954928800191	1.01997024395288	-0.238972648376704
0.801723992092232	0.320680860968357	0.313103498872855	0.306453082057733	0.0318106934446542
0.637326040387758	0.186087351266838	-0.0938663280325193	1.6176183793356	0.0406591118149072
0.736944471385586	-0.0580491410665189	0.0493589035300552	0.267416734148255	-0.864895026968987
0.528840418229013	-0.138875414794819	-0.0654071887989725	0.461993016439584	-0.581803192156819
0.674422223956901	0.0520025027591801	0.38976084984067	0.568293841857356	-0.237057418570636
0.764313790944977	0.312471892703816	0.0109040035345159	0.15417073606837	-0.687512039751598
0.476503266797109	0.13222630589028	-0.231238646705923	-0.341288056920594	-0.757906265581294
0.490236239042827	0.756337715371823	-0.0763298057463775	0.0274978757611903	0.198526922716885
0.775469727676997	0.174902105985523	-0.0977550292758506	1.68492431465089	-0.584247240081088
0.305435791224436	0.481025414300227	-0.503741671184934	0.95155007902825	-0.646277266486844
0.209859184365262	0.724237492329938	0.240582377366482	-0.619293941572772	-0.39123644420319
0.313303438046528	0.975964362785801	0.717772012960111	1.24123682069976	1.26662881606129
0.515491913582084	0.761560191910462	0.359952247857697	1.09077868958992	0.801560444326634
0.0386141896303756	0.263684105272416	0.542952285058355	-0.0519833505973769	-0.05632140783559
0.646250945022291	0.542947531781463	0.09735667344762	0.0426271504559928	1.1913291771335
0.134062754097933	-0.138194359081539	-0.623787374229635	1.81794907391149	-0.0576797306573738
0.0739570499979527	0.145513872516684	-0.760519786229758	1.68193427659621	0.731993329962131
0.3692067801366	-0.0116130628423756	-0.330321845341743	-1.38886619936701	0.124697770642109
0.556840082598977	-0.651281799325192	0.172520051234606	0.918942924792195	0.422441618496664
-0.213642072444537	-0.714431643800168	0.345592425640845	-0.625841426086164	-0.327713910604836
-0.316750234242217	-0.0210980074600994	0.480594292079155	1.35571310247798	-0.0252396411062136
0.0942965316062083	-0.514155059753132	0.136727723485229	0.293851164946467	0.390911551089007
-0.137479898857717	-0.339170960889435	0.659535490535635	0.634650111420789	-0.284207872990407
0.269912634341384	-0.656714982655765	0.441011448933562	0.48872215585173	-0.481988962552278
0.200037891306933	-0.03438685597075	0.163633848070931	1.05473639776454	0.106082104898903
0.127352007250637	0.112091519797336	0.799985245056987	0.21606193719177	-0.378785094064729
-0.348644637974744	-0.231985772478915	-0.0610814070905646	-0.244459101126273	-0.306893267192694
-0.0191918718887417	0.0985049560054634	-0.282117648752901	-0.189558889589244	-0.858841023169975
-0.140522229089227	0.0781431764882489	0.197227937168783	-0.0240076293501193	-0.415382497742944
-0.0921115454872395	0.16476086203553	0.0403534024006442	-0.914498300150264	-0.398714533775779
0.170539361847117	0.107597694351251	-0.124361904534694	-0.0869722502314597	-0.243734325987271
0.108207104635783	-0.100258303691455	0.121471991494716	-1.61106236448669	-0.992103436351975
-0.350168511525749	0.117474875390572	0.567691581953071	-0.269634146975498	-0.691142556040331
-0.481419123176776	0.250713016371808	-0.0733772114472968	-0.497264586584636	-0.625000637942099
0.0364639234501504	0.0399649804262828	0.43092264815697	-0.6103260557723	-0.118328391004772
-0.376231359368427	0.249091782629825	-0.0735182832903526	-0.525463800210773	-0.937206570063214
-0.6409338472855	0.225667698094527	-0.168784948153164	-0.980655209762197	-1.40977457647207
0.110596352995071	0.516652721093736	0.474303750178719	-1.07753175102951	-1.14715647378594
0.207930365395603	0.359724503009387	0.279005327127156	0.180014753909078	-0.687654935485464
-0.00749518940591777	0.191602068097963	0.304197574841677	-1.49136452654304	-0.488964785574333
-0.407042538717945	0.333945203938872	-0.627073919266134	-0.0108016463335962	-0.365398801708164
0.169399369808641	-0.173600178803096	0.023226334181253	0.752155282622047	-0.90057162191033
0.366039170870356	0.241248616952775	-0.683182661269896	-0.251544442943093	-0.384466858364355
-0.346538854128064	0.459016874303141	0.0617161267004041	-0.207804634721811	-0.370346386046021
-0.443761339350657	-0.0499768958147998	-0.468114820293335	0.800452305778447	-0.269008453490906
0.0467050125966533	-0.0265836225555665	-0.251331080159308	1.01882204708248	-0.127780816297651
0.343427479788207	-0.367115052262009	-0.471440480629667	0.482028592293586	-0.333492172843876
0.208587947651076	0.409700350673666	0.171066042292043	0.203618715349121	0.954535871028041
0.200316556400791	0.688282659560932	-0.57524085921324	1.13854179301926	0.489260599879706
0.150986142139466	-0.218641809931989	-0.395414828791627	0.618398365677306	0.528015318643508
-0.195163848321553	0.0751728544370782	-1.03115876476336	0.00197282181044584	-0.283887947605525
-0.110563647280679	0.78621301003343	-0.748317479541414	2.00417687508247	1.49833442198278
-0.29060319779835	-0.237851480045796	0.225397775498197	0.607375355855931	1.25647001035943
-0.388859284351834	0.562504783290558	-0.535198939216451	0.0755987158393191	0.0333046257747011
-0.862178286625635	-0.0674001811199214	-0.463585474492152	1.33326700203908	0.878334055837058
-0.216604033295952	0.436052777405805	0.105595145992017	-1.48706385167122	0.28837692968814
-0.133243470255694	1.01043185410051	-0.00717560606043042	1.85699138761873	0.374361057205023
-0.383499654775771	0.751336794949369	0.137978099391473	0.223199775673892	0.251259634142921
0.035667410270773	0.299889548341924	0.133844805475377	-1.26553996609426	-0.865601322696139
0.188158187124933	0.478298368608859	0.79775381859536	0.736335550914351	0.00495401971862519
0.00456049415244334	0.292632652453929	0.472540820981439	-1.27855620850391	0.0974986145886271
-0.426732701603788	-0.352207400143853	-0.236942923586554	0.707213322708749	-0.121523324755739
-0.327287969363823	-0.031963921009908	-0.12148215554003	-0.490342680966924	0.508406625758897
-0.225873080297777	0.0165869333972504	0.0468950491561657	-0.41920200452475	0.796562542437223
0.151021019534896	-0.203768287417888	0.0437848653780321	-0.0264570529010867	0.273180970329346
-0.442320714654289	-0.346697402149885	-0.527408894766514	0.0990710152429715	0.875666658464865
-0.00499404579052488	0.716168586980127	0.687078735574731	0.61660899623315	0.566397780285494
0.292132749789015	0.289487351041178	0.761729812048907	1.46692563533804	-0.151606730469315
-0.098597687283067	0.333854173063126	0.825045428325209	1.72000219176	0.123889047789775
-0.120884170609193	-0.102320385613911	0.282706028054448	1.4940561137944	-0.10483555591927
-0.0865724930005872	-0.263419590757078	0.434036874802664	1.42197918086619	-0.391280926079267
0.0953237023261968	0.27263606050786	0.488817339481732	-0.264164470145146	-0.512729244569853
-0.0313800055107617	0.169888026793468	-0.0744868721857953	-0.00441259440891682	0.264947524681187
-0.0293280446442358	0.624402580536436	0.215885902517755	1.45428724221473	-0.15152982740793
0.165140643228493	-0.536390851609399	0.532015750733574	-0.594552494519389	-0.786380746561487
0.207024271944451	-0.0162980238954576	-0.0240121411205147	-0.0723231463831682	-0.397078416331141
0.0889020454889045	-0.0118275313160431	-0.53649682827266	-0.139297961690096	-0.184168773861242
0.488812989464511	-0.0909449342962379	0.379050308286967	-0.756881956927165	-0.696175937818635
0.575700543120975	0.0590731609188099	-0.0509905846319463	0.611616568041138	0.455942358115663
0.0326650817617206	0.0979971164164989	-0.122597640001217	0.218286335376943	-0.210247630661003
0.310149762780709	0.074825212664971	-0.656421848417324	-0.124235984914261	-0.0682102698967176
0.287136550275538	0.401103688249541	-0.568706020782686	2.22553311180531	-0.44399089252523
-0.252769865887651	0.0998322281445039	-0.154402758969627	-0.696939261158833	-0.516553341760732
-0.139738179136164	0.170692580510855	-0.862765835977577	-0.546712400842027	-0.644642808198235
-0.135568659616652	0.0146147526721741	0.0999755828240272	0.957068040719841	-0.0357015262140821
-0.341115089113311	-0.125483213520746	0.28560204332785	0.203431639972413	0.552376143742951
-0.394638655462259	-0.582022029043201	-0.536412648322271	0.296671619693933	0.0826021952286913
0.325833162463611	-0.618061822750693	-0.264661605733779	2.17289903087908	0.352026861108642
0.0410660276506993	-0.16157239017559	-0.156370760114099	0.62746411395071	1.47945836545694
-0.26442130144709	-0.683286685331862	-0.353408025974204	1.22015682975305	1.29053907015575
0.29810642385932	-0.502748011805293	0.379322543055926	1.78611741527932	0.7741261709277
0.0404691828105976	-0.355191920546852	-0.236403793926515	1.71981757806046	1.23368143762607
0.288658411876855	-0.549965778570157	-0.00836273648097485	1.80371337828678	1.02973107604118
-0.0600464213244849	-0.0339349648643407	-0.0688820933686798	0.27003213060789	1.75776939881893
0.565879408491555	-0.141266861148154	0.381902936580113	-0.720984614895195	0.658492101715378
0.10267872624035	-0.323008424626656	-0.0937263054321019	-0.917111075707409	1.23058535664009
0.12335759531415	-0.369298618086014	0.432791397974208	-0.328456525110925	0.252752328399288
0.512561108044162	-0.0645843082311813	0.105605108430673	-0.55572975634661	-0.0327034917210042
0.125198494660574	-0.323615477428708	-0.423686944118479	-1.39380485380923	0.549326376679882
0.263497743236448	0.236958228873082	-0.565771529890026	-1.38482376567703	-0.560700711478619
0.332954548090762	-0.074890917319666	-0.892854293821035	-1.49069172172146	0.556825049329207
0.189642266607699	0.580750454873635	-0.754815516928053	-1.11261790851813	-0.111682553210576
-0.381440663627096	0.12660012850114	-0.427405657013074	-0.71434309826348	0.296545921349484
-0.8669631292836	0.274860024853208	-0.384845009077291	-1.27695061952071	0.511051316976459
-0.523315424841023	0.0809308838548978	-0.418938744409776	0.668610188522168	0.784442973850761
-0.174475266773261	-0.389352532095567	0.272506916006715	0.504265004551315	0.616063818963459
-0.069645322267399	0.201816645108496	-0.695597744685504	1.09989762273512	1.24197161824813
-0.0495798553092569	-0.428856312614436	0.0191252378499981	1.75954646654155	0.474797307479861
-0.248786783746236	-0.553050531916004	0.0948364665744457	-1.02030205118168	1.36693197741529
-0.580664109516374	-0.340179358159016	-0.301720549343923	0.254000435405282	0.419908961250471
-0.619438359193172	-0.780921553954353	0.145465381101834	-0.0388303441915569	1.26800646295956
0.242255116007331	-0.116399910733857	0.156513504149123	-1.32902722768663	0.532904982593788
-0.38502420245204	-0.336903058629227	0.00779403286391493	-0.377032963680708	0.434439924489233
-0.324933361548444	-0.208971921463252	0.0665275905740379	-1.03123430341643	0.585073378368998
0.303781105920964	-0.099225899860831	0.625413995422069	-0.287089511491485	0.130708625753666
-0.0672019708747453	-0.0873918634356298	-0.0762474013078293	-0.0257617933555343	0.649176310248754
0.650609988621086	-0.525602143447995	-0.25374079039589	-1.21880161537282	0.367126929776854
0.418308939391989	-0.319184487614397	0.372812201036146	-1.29070532440792	0.731005802158694
0.223739148778825	-0.267390265437275	-0.277702984174232	-0.317574438665207	0.173270301505828
0.354162059962987	-0.303844674888376	-0.163771264730386	-1.86450639312826	0.366056222253208
-0.0893699652806259	-0.0409001869644127	-0.348777005758432	-1.0928572754678	0.850638881934324
-0.251428106044915	-0.217031994008863	-0.321770549440609	-1.12484908440024	-0.554826335786075
0.0359494580955677	0.20845370212007	-0.368616376977049	-0.0107802637840406	-0.668975758687572
-0.327777185803306	0.236911592558723	-0.22219975395464	0.259181969161072	-0.058758952955607
-0.603304652178526	-0.112192864430158	-0.507818631967783	-0.0198281216307695	-0.705805964472202
0.0357116317834143	0.539531786218638	-0.277966854374415	-0.11094144473299	-0.0688512201971188
-0.443859959238595	-0.0458125930900135	-0.294981201236072	0.410273841409563	-0.520143954597067
-0.696901430122721	0.0699857024658267	-0.557039998233757	0.779207847576832	-0.107959731627433
-0.458918510112028	0.171651502147801	-0.101165369587976	-0.198938855099828	0.467252441525786
-0.446573858203171	-0.217292115147665	-0.297318658456284	-0.434835394114898	0.678132682509013
-0.372543955360276	-0.0708240045874427	-0.568673799821538	0.0738562117243961	0.583231571669586
-0.262886447888472	0.0704370231677225	0.0255527650532554	-1.64950080898061	0.201632532538052
-0.206103291360047	0.00411181176301043	0.0600383310098668	0.0557714240589143	0.894557275139039
-0.251800085388403	-0.572137492540387	-0.0789491757404869	-0.446450289643206	0.607874467939447
-0.795617839180235	-0.512816586962737	0.254449822211752	-2.18125992241094	0.475983058642289
0.141427830446652	-0.406387558995452	0.0940578407796021	-0.678867691261982	0.307398808608974
0.296877633672143	-0.330434288302515	0.0583143651044732	-0.758583053888613	0.591553827361127
-0.0522736683139282	0.131690321810496	-0.678939831315139	0.111687572426422	0.711631243896862
0.249845196139575	-0.16479346952399	-0.666634426595967	-0.421916313961421	-0.279900794456428
-0.0559753167629335	0.21797236791864	-0.842365589361849	-0.679230838362535	-0.308463601296183
0.103402722085597	-0.0830236247248902	-0.164571141090642	-0.415413553482464	-1.00411334424671
-0.364763545362277	-0.379784677602119	-0.0448639123185192	-1.70813661498032	0.0720818602147794
-0.605626587957476	0.105669755254949	-0.13677203828138	0.447480895987228	0.340249361738453
-0.125371211578775	-0.102118775315483	0.0847441469373122	1.55095544915766	0.622345820045363
-0.349851752019857	-0.466940112364007	-0.125938702850803	-0.559597741088723	0.650653984159681
-0.362245468927066	0.00434942262641103	-0.218181454677064	1.40627039697379	0.644450277393533
-0.649171235802431	-0.184002378528594	-0.046897301938856	-0.063723981888186	0.0557697277702236
0.189601486262871	-0.184106189870694	0.438682962182899	0.898265297942575	-0.0885030071876614
-0.58626096638117	-0.777360042323506	-0.257444886132499	0.989421733967879	0.514291142490811
0.385380191654194	0.14227375143016	0.310630714403212	-0.19212526559285	0.975434023347835
0.430455903265985	0.103228250266014	0.102082628560512	-0.482102307730867	0.318354157083762
-0.249362878912951	-0.24154619369257	0.253211252342233	-1.38231206425588	0.0202457493003854
0.381325338902082	-0.131708363327339	0.297326056719466	-0.572332885856929	0.317139807958502
0.501908106424492	0.211933008281907	0.629514541424019	-0.409095945121046	-0.531008529987545
0.388132952561066	0.073966997020636	-0.0949894370608839	0.222614678509701	-0.699231060941505
0.609197256970044	0.0424308206578778	-0.262560127370847	-1.03073735531313	-1.03299205875786
0.575816352349257	0.150724696593248	-0.497490094749096	0.484344519481411	-1.23521364871457
0.194081776421695	0.789733563194014	-0.0970779419371429	0.128622058593491	-1.05644795729409
0.0131432769111593	0.0857525882193163	0.303321645799258	-1.04924196750723	-0.175402824376899
0.0551470631100627	-0.155804860100024	-0.0883937615909248	-0.623060373538752	-1.31578231925637
-0.261556100002536	0.120466928524729	-0.0577909926170403	2.24493012546433	-0.516587165281528
-0.36583704642187	0.155709996834809	0.110233213527821	0.0787167561163175	0.0690037331334512
-0.485995436730742	-0.283626663971202	-0.18942578491472	-0.267343376268201	-0.85816990120469
-0.834389609519254	-0.349493397434399	0.191925125897589	1.95947345227012	-0.321892911969891
-0.326290655713161	-0.0591334000862061	-0.231006854871061	0.0800916717254915	0.0580089811602957
-0.0525220220471094	0.0960822842799609	0.259939906483137	-0.166084364137728	0.416724921654969
-0.170428034327523	-0.303567779624235	-0.0421752006800071	0.292533352328848	0.189880983489074
0.0794792908018004	0.410722654093975	0.343164270324363	0.815902976366338	-0.0340889336763704
0.295704223992491	-0.0580928679945541	0.947053329544786	-0.145575659676513	-0.814837816190558
0.280589060228196	0.374307974195672	0.15327255814335	0.447466498695242	0.028516912553454
0.973002880802121	0.848944356329739	0.480113352179392	-0.784853194443924	-1.08574722639273
0.533371859192251	0.287192160573113	0.629496217333159	-0.628538044842757	-0.423284498441524
-0.308620032951106	-0.0719999199506913	-0.660708190472455	0.324579992599873	-1.81929894198318
0.17043037025112	0.686533604977986	-0.192324170225867	-0.491499969546939	-1.95139015415612
-0.295089856662812	0.389380045841752	-0.393533237950709	-0.238101094844871	-1.08366642524498
-0.0800673935512972	-0.127632540495773	-0.0631344514043592	-2.19001989947429	-0.969929417433257
-0.267337988635771	0.330600824711199	-0.035832084213742	-0.40187465065733	-0.589040185207183
-0.283656105923729	0.013665712405287	0.298721269718565	0.142214505926377	0.105504478039233
-0.179040503821373	0.166589276944259	0.492987984741075	1.80787571851533	-0.402943385995999
-0.597379339290198	-0.336620844942583	0.300182911360175	0.395540233524364	0.164443978271182
-0.213475888878367	0.395602856643899	0.12152613055826	0.433525700627746	0.137034089589337
0.0918036770195822	0.23774851264452	0.311471058507576	-0.0477639375106945	1.2130104927324
-0.111222118988591	0.008781289174843	0.277452768870108	0.104967970355378	-0.240917770638473
0.393874215742418	-0.0429189788823532	0.869395271240242	1.23458273560682	0.555370194489769
-0.116845641390293	0.212651423907293	0.546291380802475	0.147117642167867	0.345969011654164
0.571747355284361	0.312228969198918	0.609162871090899	1.59659214157317	-0.197758490055726
0.836889947351664	0.190523046078047	0.649483269651239	0.362399694933831	-0.854763382263954
0.84292289158932	0.169767838932548	0.569804012870416	-0.849179226013677	-0.205109444252166
0.831641270494469	0.0852392447047802	0.276236428514121	0.0232786143698029	-0.30396739636967
0.362702396244878	-0.0898480314852929	-0.385432204776775	-1.27430323777506	-0.868471647532874
0.577406737361262	-0.152724239270573	-0.456838700195525	-2.56656699218174	-1.03903643539795
0.581701654193891	0.259802859356148	-0.37549871298631	0.534586307490636	-0.985009297208613
0.108188426087229	-0.469897831364313	-0.824163398986493	-1.4295967535816	-0.542450688046681
0.22235306820692	-0.326162219398119	0.0638217128141533	-0.654686670274136	-0.35422263489205
0.117796160984956	0.416844796127227	0.291120077214822	0.308533485112055	-0.717482604953937
0.125111341256942	-0.570916942983853	0.614155313223846	-0.843734698700839	-0.629552453859435
-0.253311096146882	0.122594120935344	0.376791394802395	1.25884617709798	0.476850751498436
-0.485816851053862	0.0791284208090011	0.611475133138499	0.781007034133011	0.322736463947885
-0.297056487918611	0.134712114006581	0.211481836857419	3.06090971432468	0.46361093632247
-0.535197827869922	-0.0111044889166103	0.629478120440742	0.9885341338353	0.563258231987212
