0.644393134266623	0.413716164734415	-1.63046235990225	-2.42243506899062	0.0676899604528844
-0.173298069323035	-0.57740268709086	-1.55357400169751	0.01834314206086	-0.58841657738699
-0.625121414509079	-0.567471376534582	-1.92709661692922	-0.125157512807534	-0.696295943254449
-0.502936608598548	0.691020935851351	-1.89473153242198	-0.46682866236328	-0.448650090380679
-0.285257948817906	-0.236780122833509	-0.932487814313661	0.569703635950237	-0.0136904135913215
-0.249220919024983	0.563025466613255	-1.03416757319392	-0.39901403767046	-0.120271649076732
0.0936485982693501	0.00183373137881157	-1.34131186641137	0.605828632117211	-0.563083999542557
0.203116501384164	0.895295770116239	-0.325187748818297	0.589896797062671	0.0411897619532969
0.776714582167251	0.744836380801113	0.817533690980924	1.0141535496703	0.381623303963227
0.47941117577133	0.430993090222513	0.855642895877688	0.367052867173597	0.277930034320095
0.811174332689161	0.21740030537398	0.85339095376091	0.450184255464407	0.0852243924305775
0.554865127046251	-0.355449552997944	0.593816122820072	0.613638748660061	-0.129423783226694
0.517375215459184	0.195681230260776	0.981869591093109	0.706631554508809	0.0746678832374206
0.303864007067363	0.13699945928475	0.691623982553972	1.10049530785271	-0.0163228647882332
0.00109151228658915	0.433004351692705	0.773936451479147	0.218151191667172	-0.100273061452035
-0.536138447028398	0.32528977154274	0.583966260989911	0.767258075715024	-0.236919650765802
-0.64941727577544	0.898047339942909	0.561165821533209	0.734017717279193	-0.120306456016587
-0.702598739360903	-0.259614228962984	0.669402745638077	-0.216082146469198	-0.329173667511188
-0.973750227655591	-0.139060897687448	0.110671778773393	0.443672105000824	-0.591446361164246
-0.368413137971562	0.941703617378823	0.37678126091742	0.991169894168491	-0.291729819633258
-0.49868907450032	0.367279425566721	0.488567138537732	-0.434521369666353	-0.318492293413046
-0.360987182501288	0.494210892580006	0.255938226066918	0.145940805430476	-0.637219870715314
-0.3490340921473	0.892032315309618	0.501680506961814	1.10296399311673	0.0145810183265046
-0.311804343121907	0.575517862405224	0.22025760314097	-1.0318185250064	0.0848843162085901
-0.648492461692172	0.0598867474973708	0.110165321655014	0.436329199191011	-0.281836025812363
-0.41696663788229	0.201121521697915	0.353806188174037	-0.935099362459713	0.102777123796983
-0.198187222781424	0.378221494799004	0.292269527092677	0.352083674966831	0.125672491180841
-0.389845587955237	0.42649395772926	0.442842500317009	-0.210276072774587	-0.0187224819286752
-0.271588957783062	-0.449122579078386	0.631933606239562	0.0210728824427828	0.339520873190532
-0.260857261217288	-0.0903595445389867	0.164802689940477	-0.564994185203436	0.0914710958145175
-0.147998922941053	0.0201430020245071	-0.195233860243416	-0.558098191745732	-0.212030193225356
0.147965423721766	0.520188421547826	0.493332980288024	1.31620923022425	-0.0406614282460455
0.319309568471673	0.154438885672282	-0.082977525511462	-1.08336428482056	-0.0541700638050003
0.53739603880276	1.59718779269995	0.221291769482994	1.11508767374598	-0.344053423532916
0.648532480483306	0.365259493592548	0.487464957285488	0.460367092592775	0.333972250248581
0.410296640357378	0.695296605486534	-0.0828916893300884	-0.039261004413352	-0.221292607515052
0.684703307893045	0.511964671443838	0.208941152090867	-0.953608059762933	0.218978517122247
0.679964571105181	0.753615462140871	0.174880855251417	0.914853680660167	0.327639688147146
1.03240348957673	1.00030582629627	0.538054217131111	0.386413521904073	0.608900637280957
1.17678137536514	0.539138092126905	0.824167717714855	0.650061179418768	0.6355436484608
1.02892085057322	0.558116949702367	0.355242159589114	0.17832028702076	0.260009820423314
0.977975873387864	0.249302978135184	0.205262601068753	0.337440149877381	0.249706243521222
0.889515721804763	0.490764469579483	-0.298236809041092	0.440598813288057	0.170543627023953
0.538647598488075	0.228758328478433	-0.221566532845139	-0.448634489491407	0.160110402193356
0.445362545514084	-0.318387395306686	-0.703526617885455	0.364387237748019	-0.0914633630246679
0.145569602903528	0.66723036926744	-0.0648925284869735	-0.80629437735316	0.174632302092963
-0.365828553148831	-0.122425314260449	-0.581052835558754	-0.853182446643144	0.0224101176645023
-0.598775182099094	-0.592653876151582	-0.287444142883182	-0.479952973203207	0.142131342139963
-0.684907949398699	-0.212689666166597	0.241369253910055	1.12247418919287	-0.12728270021652
-0.745543980898864	0.0120984431830786	0.0653418080308037	0.231804376129713	0.240463334487944
-0.602024883363343	-0.0870286186590066	-0.156303485650879	-0.428316025113313	0.541982725405888
-0.710165934054126	-1.00375249128817	0.0164049594192465	-0.316861011442859	0.554451722991543
-0.54801793647128	-0.672722799846679	-0.186776499385955	0.901689552858034	0.335412653711986
-0.585214249005465	-0.945107748522979	-0.101727609077281	-0.269168775558201	0.919495978746183
-0.406927078537917	-0.606606139753349	-0.452367497770989	-0.306201300568344	1.0630925811148
-0.714280629415689	-1.09997988161408	0.106083981746556	0.221883250246028	0.631263707953485
-0.543449368229737	-0.42585509464858	-0.194141007023462	0.761385605356304	0.836735882814289
0.071356701430917	0.0978859842560657	-0.152644985788016	-0.528525342519531	0.982794666457439
0.0648188788846589	-0.416056740270282	0.21332027466249	-0.376544043820821	0.76062444666151
0.233088991127984	-0.431093520389564	0.143867267651106	0.822349719450981	0.81595636903129
0.23046007893301	0.31178064809174	-0.0524415403318636	-0.273947176634922	0.245831896160588
0.334910832933863	0.19365457417811	-0.599856954244121	-0.831889095973584	0.013296018178427
0.2302792313561	1.3396408418793	-1.30401754790666	-0.877014256651572	-0.3446743636096
-0.231792977678645	0.00219730298786171	-0.988479306026577	0.182855999299671	-0.725750621948394
-0.231697016405264	-0.0503788731108261	-0.474065420448648	-0.756208456622171	-0.598690514773973
-0.647593369058881	0.316530750522073	-0.522045683066862	-0.642179056537836	0.0779590008736209
-0.301797434718585	0.446421734375217	-0.324674214194415	-0.448785511276938	0.18194827531297
-0.851965045899403	-0.513534878000785	0.00115000722197136	0.11657224937273	0.52703311278179
-0.45704602487787	0.2077827019683	0.241203429888155	0.324060178393479	0.260299863802536
-0.563828211624403	-1.3396255789779	0.119924971295379	-0.917327970337581	0.592335548137418
-0.461462792352446	-0.291793734433378	-0.281233943489712	0.25459156428358	0.71755327382747
-0.394175392006716	-0.998140202094957	-0.202523099217535	1.6088812628018	0.476259730529661
-0.387934718086898	-0.452313604645627	-0.168182799334412	0.638607619828574	0.504377850011938
-0.287240226158088	-0.609005595588489	-0.202695189059371	-0.51682247408246	0.592001400271403
0.0550107199358094	-0.000667551067380544	0.0486291791651625	0.157540275339248	0.320030150457889
0.0566128911259981	-0.270377470644847	-0.356694612540931	-0.151664259197302	0.0025695748720887
0.509366084195455	0.207484525897289	-0.209573600164631	-0.425822506050312	0.0437587746802533
0.731029637738938	-0.542494020380181	0.270396786545278	0.651970470905843	0.0503590017363364
0.829265317724412	-0.803137382566412	0.134956127387296	-0.269196406723005	-0.225369040532908
1.03353870882178	-1.24641028770794	-0.794259894745817	0.458080800781126	-0.600179575456527
0.99601592391059	-0.241732262498956	-0.994832320577593	0.580032369172526	-0.387473563676212
1.32999198167673	-0.602933430987695	-0.491683063563058	0.448048943793439	-0.0317625801578325
1.47241125813167	-1.25149918899419	0.243006584818137	0.726095882707947	0.250613884230018
1.42921728726781	-0.287240692286497	0.449945790737657	-0.198566150157722	0.456428656206584
1.38257149987237	-0.893574928308487	0.544107661080597	-0.245060278007752	0.193533515521068
0.991563645235581	0.223940540341165	0.537844121697144	0.277771360602145	-0.0996337307866602
0.639518108039784	-1.00384807795204	0.689674220700945	-1.32331095038875	-0.158291655000064
0.0835971491122088	-0.612920079662559	0.325452395007018	-0.755592394000772	-0.699869273845088
-0.298313386331236	-1.0407574942497	0.346214503026048	-2.29817642056956	-0.480917147361986
-0.559150738059253	-0.147592177252461	0.205104793078385	-0.8596171602103	-0.355607478039612
-1.04284561773616	-0.918721664163283	-0.641542633351505	-1.01924888645122	-0.523983476290251
-0.829138950164069	-1.14058945599392	-0.359234915704253	-0.671784248533206	-0.571790279512728
-0.651969929760543	0.262639386204682	-0.649916058486228	1.14627199292296	-0.334160948306539
-0.6784254950681	-0.03888763577171	-0.383360883892607	0.320150391900903	-0.229645709508279
-0.615165270935828	0.00872553924509143	-0.028124328918392	-1.30704988710649	0.0388870478018759
-0.623793482919821	0.0787157296605775	-0.332500581013565	0.174068210550575	-0.285781117260125
-0.69023086399225	1.00901235012908	0.0739483716859206	-1.13191863055267	0.16644655809049
-0.552321908174439	0.113369991503268	-0.0613613553086064	-0.485396381824696	-0.0983767332031778
0.00161951656850015	0.568627427154209	0.112186043823392	0.0472582960145211	-0.00499388066013488
-0.577345662098944	0.753082744292035	0.320853370789332	-0.0561080371816059	-0.0160734047486662
-0.207128542165237	-0.00456959564424898	0.298067039385839	0.0217942807174763	0.379323537431303
-0.499855102397117	0.315972859965994	0.299332903861228	0.467990454059392	-0.184728904789089
-0.326754739655591	0.129533349176503	0.0464792953490297	0.0437983473651732	-0.168630568944028
-0.0799044419171259	0.707257018569858	0.0259555968030592	-0.312219212823137	0.185237871690629
-0.174704190158339	0.0702157471340547	0.7935251492315	0.331686263804443	0.079470948982159
0.0485528348712922	0.494765015519474	0.338707017220567	-0.754930896378916	-0.0702034134022883
-0.2810036889128	0.429066591875537	-0.127414067947356	1.45006303456803	-0.254418270662778
-0.0957935307668277	-0.301441579964319	0.455229841218021	0.237119076878423	-0.0883139949446276
-0.172876384045304	0.427620281950494	0.419859164765585	-0.256872885635916	-0.113908048451285
0.0512823358342652	1.02746777522019	0.635325917613346	-0.336447386321028	-0.00480219032798906
0.111454772764899	0.815123065294332	0.428953197738885	-0.143900034848357	-0.155380279874296
-0.127881505863142	-0.297969721836904	0.642436780414722	-1.05885846492043	-0.147357082014182
0.0393151115135144	-0.223776976301194	0.255514675716186	-1.4902610607551	-0.476029114965943
0.295253454022482	0.717745866283696	0.217338431001433	0.903297320010217	-0.0921835498887552
0.376067048024262	-0.577131124732616	0.628925833454572	0.866463417470505	0.147467336616773
0.539175640439772	0.327361076515519	0.812498326819181	0.0239454085523408	0.192098624370772
0.660745519718352	0.751272033470482	0.650008043619013	-0.332328108748342	0.38987914636521
0.718650474061556	-0.320537442642408	0.41185477681416	0.984755302525772	0.0330089733502463
0.664562454593766	0.72018444346553	0.262681318915076	-0.227467001869451	0.0481622958340409
0.737640810190134	-0.285130642956199	-0.476417827464765	-0.592713590256428	0.0150897003512677
0.689722955161169	1.37003400210844	-0.291618935631649	0.202025731652327	0.0250459791038212
0.559341062159526	-0.168373808250611	0.0381622771404577	-0.0236252400471893	0.0981515730824527
0.351736055981168	-0.956028556919757	-0.621609548632822	-0.210467208072072	-0.249942620777076
0.413894898671586	-0.256019869468583	-0.291769803065886	-0.536363344927385	-0.209555258159468
0.269274694504132	-1.04687852063186	-0.486712216938201	0.497412891161406	0.0932031463177428
0.414415779224925	-0.080974533908324	0.615996127125777	-0.0273536530834202	0.224574698139758
0.251343468754899	-0.295521445826418	0.681479290749386	0.616740228524713	0.614010884377176
-0.279851958645851	-1.05561118627003	0.0744213417044872	-0.230475742792033	0.431799452535662
-0.323776438251412	-0.637922705520008	0.19276287695097	0.186884226895363	0.648289249142108
-0.446946578032481	-1.05914621209531	-0.0272467437144716	1.13213366353802	0.438516602138401
-0.627253394365309	-0.82096553526671	-0.308330059271665	0.575966695300108	0.458927158217275
-0.537092283859593	-1.64063881603252	0.325516640189858	0.377974884070531	0.347366633650741
-0.264485120262214	-0.436830472731736	-0.595445582827811	-0.29420652794652	0.0935103535936297
-0.415939503348218	0.11552635569507	-0.141744628036183	0.647067137385944	0.210264072156351
-0.251259966745443	-0.506661228090466	-0.44857917967773	-0.617652335024184	0.20881673522611
0.0393248802579337	-1.00773753302616	-0.153937995344051	-1.0512074296485	0.1255478201625
0.17120946248575	-0.597974416197365	-1.03938641498089	-0.769100227442575	-0.0317146831979189
-0.0164269991963991	-0.525662277481363	-0.277254389960286	0.899469820232368	-0.384489512848394
0.439465554976238	1.02116482714571	-0.18351819539139	0.719567728359293	-0.45290779169292
0.577809939401628	0.304646883324734	-0.286105657724913	-0.414329814274314	-0.802545622216521
0.244863662047648	-0.397473389541202	-1.41381263826912	0.341284859265974	-0.747010484635735
0.23331161120629	0.444386856219492	-1.22419661784694	-0.870223396906065	-0.917198981292184
-0.125576138481886	1.03064913728092	-0.995134363289495	0.0777716749177462	-0.591541587566849
-0.00485710874703715	0.207255562994974	-0.169931727124431	0.232269674322743	-0.608030484187258
-0.386674375956053	0.355626201216148	-0.0226255932885061	-0.540657019659078	-0.491199607287581
-0.107383779640908	0.103605675081772	0.541969864882054	0.797401145007592	0.102578390427445
-0.792984871509777	0.131394639478162	0.450481097368882	0.308996133470036	-0.0054357312554902
-0.438089846643333	-1.75029212481312	0.825850432237924	0.166913772408211	0.602304783733239
-0.0840012417362345	-1.06281133022274	0.572019426949756	0.574096860644143	0.11377593947937
-0.200777830947664	-0.653190594573281	0.337150481754936	0.240059748293631	0.624359191798151
-0.183619964812461	-1.02008808598884	0.216570897313625	0.924423593780084	0.442477805531227
-0.184369038634525	-0.105581798981673	0.305843300636094	-0.729458700283609	0.60077863503811
0.119268206100329	-1.17194085263777	0.0387816382111873	-0.347270408020929	0.134274752471868
-0.00895756632011917	0.619316196257185	-0.0451359110715577	-0.434937416941699	0.0191596053433717
0.122977049181522	-0.268123477738938	0.26302428408691	0.432262998139971	-0.0564303844972622
0.248043951028646	-0.522652930696755	0.171778954612161	-0.187355019809511	-0.434404270063194
0.51088787919838	0.111327605099287	-0.00681833454570325	-0.249797396830785	-0.586003083006985
0.809550518336884	0.10364574296323	-0.129320628958768	0.898863630103327	-0.333137467153021
0.449950833524577	0.398525601114615	0.107347256485206	-0.683603223204389	-0.669229940602833
0.566112024567953	0.202120286086367	-0.497956309119373	0.104346078533103	-0.694866937887323
0.104651118670212	-0.218653909029991	-0.396171370166172	-0.29912071391073	-0.7979368325835
0.210149675205102	-0.538374255391132	-0.569636104147386	-0.416646419194356	-0.813067739807619
0.146526515064202	0.517624573975454	-0.375609527712968	-0.540321339243424	-0.628745978159367
-0.222026277368847	-0.411636008130642	0.44072808168584	-1.00236625101421	-0.598331617657163
-0.224023071147095	-0.0153344418303299	0.651621981204738	-1.18492935427283	-0.428879442755535
-0.501158212553019	-0.176030080430725	0.200359828283417	0.47454185087621	-0.690217951491291
-0.456330799550802	0.701030073400593	0.869780289486576	0.61622950923519	-0.82105888093845
-0.42115773697611	-0.714548599577205	0.357600677434845	-0.382483034627731	-0.628030703811291
-0.364125079009479	-0.164586346358499	0.861665720608778	0.101557387586837	-0.164969027893536
-0.29965950899424	-0.112092942000766	0.812141094442248	0.674407825379274	-0.0294583179377272
-0.209047167764782	-0.50651612553505	0.405430520433049	-0.0149654635891871	-0.652697173123094
-0.0831323722778844	-0.416031703531174	0.99894052977866	0.248914101273044	0.131652213596346
0.238475521247688	0.568036684002245	0.881013343210394	2.33903636993937	0.283677408341879
-0.040875860007312	0.48372304323086	1.01988003092591	0.201567539216875	0.397186518504007
0.156852721690901	0.74881639028907	1.11167199888624	0.0446445939697647	0.248529478711414
0.150947126771862	0.489643620239356	0.706276007297032	0.143070752704165	0.0133325206250637
-0.0378854037546767	0.170578245324063	0.548501954838646	-0.465466972583029	-0.108561873974793
-0.193705081558289	0.235966948923298	0.084091455305056	0.378765244242876	-0.319656574296423
-0.183402056988485	-0.0729927499962244	0.0789196119685174	-1.52127105322322	-0.312405280244788
-0.560023412239533	-0.576677563469859	-0.168646373944275	-0.899155059170732	-0.299312432312619
-0.455207523687364	0.00523965442924746	-0.303429990782723	-1.82437165100709	-0.345972559720307
-0.677741201881108	-0.58691594210245	-0.877364531495802	-0.331246046548428	-1.0470136333753
-0.642672463946971	-0.789199088061097	-0.6419204717765	-1.40431570781449	-0.814922760200996
-0.502871922406278	0.699862128098294	-0.21635262173053	-0.12899668228238	-0.827846798414404
-0.495371326343874	-0.601666425547906	-0.530696664658499	-0.552401077682725	-1.04684190511902
-0.658486236673622	0.458533415795748	-0.341475219410764	0.0979994744497083	-1.0035968086987
-0.550942517192683	0.231665237954131	-0.181858847766851	0.894668916802757	-1.09700219355266
-0.701426308385095	-0.0149493930831417	0.0591711047139243	-1.19099076794371	-0.944362731331563
-0.349336226837587	0.442000359690343	-0.0593042949832933	0.287462198638146	-0.478608485990042
-0.342639612365601	-0.149973283552312	0.279345537882088	-0.467521754018424	-0.290312251319466
-0.506570123408858	0.597153377940467	-0.274691249549714	0.356424991302904	-0.563456222766059
-0.166713217623455	0.246920233740393	0.116410443213942	0.142935934582864	-0.32149560030842
0.0443161659233575	0.78056262575303	0.754590160305519	0.0226872301653537	0.0271373498255875
0.251371321339193	1.14282030157757	0.195016538863799	-0.234471187769662	-0.296990331519529
0.420788970928447	0.848347126782573	0.523305178871423	-0.346195023084536	0.291054765967655
0.285776023470399	-0.0464036585712282	0.375142752977039	0.182576075460246	-0.0334450575373022
0.674228519652736	0.58250490696994	-0.220589805396782	0.66296950671371	0.189069222993841
0.593319512887818	0.708217043706343	-0.217542037569541	1.22033004226698	0.0720136441402593
0.756484544429044	0.402983098639805	0.0531499349869044	-0.549118745143731	0.4857133956768
0.895692947310315	0.617846194939618	-0.0836626430888971	0.135069189891551	0.202886380802462
0.862098451159802	0.137647535792094	0.0105480575012718	1.50721774935142	0.0447325157068775
0.877222541600118	1.40420366967129	0.227148816408997	1.69481894263976	0.18170287302363
0.846326803053593	1.12364766711199	0.430387377085166	-0.394899526214576	0.312896348041671
0.774129740155752	0.648507807277727	0.631874281062636	0.0651919568945923	0.512176064221192
0.486263287765719	0.222992171903648	0.791664322396515	0.347097415149686	0.378529657308581
0.168086836346489	1.35405064619147	0.591809077839346	-0.145557921353738	0.347926072009499
-0.00670917666995533	0.739766411766313	0.638429154323945	0.718180671158963	0.576533717357927
-0.268582583391168	-0.552440649384773	0.372756359042102	1.31176135321392	0.7981093179358
-0.733298431848909	-0.300048093461441	0.227058124972302	-0.20637366784826	0.440632082442099
-0.569903338285109	0.027283123941034	-0.192527263417356	-0.238164988211692	0.654304075272504
-0.570819071616599	-0.626132984269526	-0.550660089877869	1.02422178807153	0.463208290775397
-0.417148843151296	-0.818509457920576	-0.733499530875219	-0.364765063026824	0.68308931238722
-0.284568033398238	-0.597802051361055	0.105798055849566	-0.284178805732263	0.814747770384403
-0.415608522417678	0.313101062322641	-0.542600592551777	-0.818242833263163	0.209766407487603
-0.219669457316995	-0.262012417074448	-0.53783099464979	-0.293673689767343	0.382581101183155
0.100992640038182	-0.341011564764044	-0.343282757962341	-0.61493501217688	0.400861269039216
0.0165498520862433	0.918556682231377	-0.661974277712667	-0.143249791410181	-0.0864741579807248
0.0585304058117	-1.13553215110443	-0.981824723599554	-0.228439002796596	0.38681923467982
-0.210681513941089	-0.395329145516111	-2.08813497633886	-0.270547610785798	-0.211580673615154
-0.288680954655462	-0.0592783904064509	-1.18800201215919	-0.0508312800706414	0.0275285160511962
-0.162165307218667	-0.506943109934865	-1.00399567771381	-1.12906558634797	-0.138796702811771
0.147901880320997	0.0406067541852817	-0.583649080941865	0.638669564799969	-0.370257616417957
0.163969092526033	0.343315418936509	0.240597089146741	-0.518977007236351	-0.0999257882784483
0.25830225210269	-0.480980538367046	-0.0669192988409009	0.0285089870543395	0.0298372358924055
0.340603362541949	0.807985908649886	0.193082740117308	-0.31262264915188	0.0835497770901221
0.0556279650383069	-0.166871970931446	0.238316305968266	-0.0956240273776276	0.24509632508882
0.0697146083719644	0.0388951672502819	0.401271216711245	0.542893586750721	0.434491009936637
-0.279020283110749	-0.243135508051575	-0.122072182933705	-0.438908012513081	0.442589776264438
-0.0959693342552491	0.168905710106986	0.0408872536805013	0.764209458452748	0.458818417652696
-0.107704254505856	-0.277522757026543	-0.250180510200903	-0.355335947590075	0.310050563909913
-0.110015900648137	0.355030325506814	-0.133086893425586	-0.196576521967153	0.352792405325638
0.033970393670152	0.135593944955285	0.180263860055613	-1.1871458149713	0.348406295751017
0.261144923307098	-0.164234213585166	0.131070314286431	-0.385411554992828	-0.0716728790077199
0.325125341377116	0.201713417560329	0.00245727479676332	-0.0563672941368913	-0.0182742618225941
0.507208658791939	0.626280801340632	-0.166340877270726	-0.407539113355984	-0.0924682065738235
0.430685452608619	-0.0411727907102109	-0.119111237618569	0.162352164023634	-0.379652163045115
0.328298107698301	0.206316078807024	-0.723866477830646	-0.735155357260654	0.062607159483016
0.232405861069244	0.441423644975994	-0.742249587464863	0.15702262836849	-0.559249067195952
-0.00446912131520801	0.927522736999989	-0.560431698444638	0.823067369810869	-0.330808373119866
-0.20790690345543	0.648562805897683	-0.00794647680939838	-0.49435051114573	-0.45513840739385
-0.277967376347601	-0.419287710429938	0.614234650062182	0.0942812257093909	-0.316888208144664
-0.43887920051485	-0.34551444267685	0.205835344761055	0.0724473874238253	-0.0762209141493201
-0.712791049454718	-0.972744276297253	0.256715546191108	0.0845428088718304	-0.305695568801299
-0.414292704708238	-0.380747547969027	-0.0205508684116494	0.168203654683859	-0.207626205055968
-0.494936571396032	-0.852763218663483	0.0240548435947212	1.37027536313892	-0.155932185636357
-0.352680296384688	-0.322664072591807	0.266582802499505	-1.92873026862616	0.131847793409245
-0.406365165062771	-0.840639060079507	0.0826486337077304	0.0133917498489903	0.132365367114739
-0.113684117948862	-0.297961552070092	-0.655155897355242	-1.08428338837588	0.0841708729129686
0.125840716655002	-0.285066165205453	0.194751000696564	-0.238560383594235	0.350736658882158
-0.0932922001336947	-0.34102080770255	0.103156871178947	0.368902252399984	0.425632231411393
0.283901850977391	-0.528268143549537	0.133003799333984	-1.01972483633912	0.142619346066388
0.229957011986669	-0.537490082994064	0.0214955918762939	-0.255575019549395	0.215238009656328
0.225326287948243	-0.332110205775661	-0.342195891664967	-0.530511796340197	0.0952440981480853
0.31414902461109	0.276372807971486	-0.424998190789019	0.388269016297033	0.233359262812428
0.251888208418347	-0.398201610142957	-0.593853738595426	-0.510516885982529	0.082469261688171
-0.138499972431981	0.573506027339136	-0.514016771771269	0.102012186261164	0.162395540490932
-0.142093389708408	0.27435263549987	-0.687018402772219	0.808777755321018	0.206472926447684
-0.376625381433553	-0.432664569473673	-0.595700095452008	-0.828688644838589	0.283536973461958
-0.402663997553121	-0.480191481667208	-0.282647981701839	0.7473109648521	0.169053046324575
-0.387852444302845	-1.00001869548681	-0.183052980850561	0.986942737273365	0.313771093741453
-0.125334046543249	-0.0311442864408468	-0.0681923813084782	0.3872381524558	0.69043476791874
-0.444323681404283	0.488025197406002	0.459628276047754	0.443813832468326	0.648077471037926
-0.481321070696823	-0.42819219365614	-0.221798485513715	0.223914554503888	0.609784571276303
-0.184810448645037	-0.115287287031944	-0.0338826970148413	1.71376247901083	0.510630352773447
-0.242259477360208	0.174165638274112	0.0576318754483472	0.0777820814764487	0.783315852261579
-0.146258759842241	0.57758638312802	0.358969942951142	-0.237202322501451	0.617956921063538
0.284099293797732	0.066097731030387	0.033448243841354	0.24223560824515	0.628934165526776
0.310283843634457	-0.112718980539101	-0.129287184682633	0.229391290231381	0.31406802602168
0.555350787114791	-0.287684626083646	0.135601510110461	-0.941388909176532	0.218609833245311
0.664228003901162	0.594357979782978	0.526660210064057	-0.950127519582667	0.35889937022406
0.694026146361803	0.045470492628862	0.237278884078774	-0.116829717641882	-0.402278467145947
0.551885678098092	-0.141467348506514	-0.751751631143939	0.753344997631499	-0.300699229137576
0.563394331253379	0.387645152042337	-1.00260235233783	0.159796577816817	-0.473611908527555
0.0817365178710771	0.538981730588895	-0.487754763684109	-0.193682317765415	-0.795314165930939
0.0148121799428497	0.0109476853053262	-0.492907434741757	-0.201773208505908	-1.06083679580207
-0.358927235429473	1.31256645969789	-1.12495398106803	-0.4675259250464	-1.1633113731695
-0.106521083987414	0.68536287067328	-0.511843406780351	0.418005156191443	-0.886441380394
-0.352105118116661	0.217438175334728	-0.0142019488566945	-0.691034856771098	-0.754834845700442
-0.193053398178263	-0.0138445679250559	0.167329534181153	-0.574771013247108	-0.778100460220985
-0.362368165166376	-1.16161600108125	0.178658027385439	-1.24585278880169	-0.510601535189579
-0.295828387055192	-1.2163776574971	0.1744542164421	0.735946273419336	-0.424623641652258
-0.257979691882564	-0.0721488456581345	0.0971763429503407	0.222709134993388	-0.270552636640249
-0.0236588162433497	-0.23522401518315	0.358784963300009	0.714739606898501	-0.0470925844813021
-0.17810257628751	-0.748469323582727	0.00183447449176511	0.338946765756611	-0.0831680388536498
-0.114506974732776	-0.447148620616548	0.649006435926881	-0.228737474976886	0.113292840259143
-0.268902595503551	-0.40122947055635	0.081974736387249	0.275912574479711	-0.423302146883128
-0.202378313337887	-0.180259629859975	0.240695293471402	0.336894507027914	-0.347374163219196
-0.0606817035690786	-0.36050036691791	-0.209477763141806	0.596474476979581	-0.526431443592931
0.0717248718873449	-0.643135578969393	0.18847589457316	0.357359980908484	-0.325725057391102
-0.107345576274837	-0.197207465078698	-0.105608006123852	0.0822245694771001	-0.285840508036948
-0.21258188784908	-0.743286433609881	0.00166761010741551	0.519377750571128	-0.152361535216468
-0.218559960660034	-0.120329735615768	-0.14346178369459	0.200466705848069	-0.347919078385176
-0.326345991049903	-1.34599811688466	-0.163993576975283	0.399051910522297	-0.284678104854863
0.172672127946755	0.0620655506015221	0.394627639105543	-0.421157169601681	-0.257107958913992
-0.111286982244008	0.107822011345181	0.485257943925819	0.425498384201805	0.255817283974842
-0.0751046436999539	-0.522190479106456	0.460035990567059	-0.818537702768301	-0.342749494202005
-0.158766458003138	-0.433372823797525	0.0145158032051498	0.0832124350471599	-0.179649074463341
-0.136998156904701	0.108807822439094	0.117621818195725	-0.218295825317077	0.195680993056126
-0.0460512243032493	0.453020478470792	0.277549264074845	-0.0114252832164702	-0.010347422033296
-0.423294538593921	0.606112426287069	-0.284470719044407	-0.308757287634676	0.302016688670536
-0.19218286259334	0.129063492901713	-0.20055474203772	-0.0377410178288682	0.290109374697841
-0.184502057971664	0.579292272019195	-0.104023065566963	0.201001347347901	0.318037774057849
-0.248492447948495	-0.0369154936010881	-0.505834321619006	-1.80612892274951	0.0587422652652403
-0.288239623137	0.700339664165387	-0.344274752279547	0.573698580495771	0.28728992121214
0.113869233500877	0.131760824122644	0.273723628629791	1.53274546778179	0.395849740309497
0.0471140508602612	0.690486639969631	0.499477430665195	-0.104589287418375	0.348615397497612
0.197761824251974	1.03995096263449	0.247745742080355	0.120201628874993	0.123159554399947
0.262030146313593	0.153277654748215	0.0501727285044721	-0.702755990307646	0.0366483035102212
0.364845382493231	1.89978708882962	0.53346800406853	0.888073714192387	0.500000301578424
0.26026128693747	0.325064679219837	0.379424019123999	1.29375275377431	0.610818325321551
0.458553632101642	0.806103652940463	0.925770517699195	-0.110947562517747	0.685335786807912
0.476698376745478	0.413282166254552	0.872932566956337	-0.609147783884608	0.631142834493602
0.449094299159889	0.619910562531549	-0.0987663166083956	0.670749477925759	0.577566950779875
1.03828094236754	0.221925899631249	0.678835130600845	0.715110679308322	0.666695461986733
1.03686000679017	0.0852198741185255	0.356945883405064	0.586187876678471	0.671210192158612
0.928924865417993	-0.00363397741865677	0.258486861460276	-0.171913906260842	0.40683757110613
1.74779853646986	1.35455906083071	-0.779523653625454	-0.232980478527205	0.520486474480967
1.08814417642336	0.759582300061095	-0.935806888796273	0.626603001040769	0.310626691613671
0.682031206397073	-0.144816890396036	-0.81548227336672	0.354291273993627	0.20947383537421
0.592375591653544	0.470902849261027	-0.846980822150153	0.556705619480828	-0.247733207001575
0.337240243968695	-0.354462957367265	-0.890096779687495	-0.660762956538082	-0.339540006314261
0.136756880924255	-0.412446929445903	-0.274284083191394	0.0637443252263513	-0.0510119947848073
0.341405963703563	-0.415673942218898	0.945091442395013	1.48652280260538	0.42934879438992
-0.312101952696014	-0.310381101248387	0.432456765048805	0.916205443133619	0.554991060165387
-0.131335356152207	0.809458361597452	0.188547584636803	-0.24153168749597	0.468751736397209
-0.250420225545878	-0.302924469555447	0.692765110021921	0.192922348297455	0.507540887306972
-0.203301037728284	0.334821544335099	1.30396911709448	0.102554528368456	0.779234815042185
-0.422693307007763	0.0498353459768221	0.556932117942642	-0.138722420171431	0.36170864776199
-0.294217730166708	0.116329921597109	0.204025945192983	-1.55085961215568	0.0289561025871043
-0.318088794126624	-0.236018278648023	-0.0191913230113462	0.915690019195468	-0.0689097412794069
-0.21031182849632	-0.678621555236315	0.930897412383358	-0.0441583471372642	0.185299316189949
-0.162409905768356	0.487467780886502	0.714292107996825	0.153041489890157	-0.212405339255292
-0.122996864957708	0.265613825902532	0.00785611105850013	0.168820759744934	-0.481809161698462
-0.0436405819050259	-0.448316383874975	0.597514092428848	1.44131783603882	-0.887044294289318
-0.22840568925021	-0.202886675187834	0.00742286968537615	-1.4365846895196	-1.03635226887178
-0.383783001923413	-0.0171009434918499	0.395329731754859	0.887264888499582	-1.18757081855284
-0.116721626465238	-1.1807495057949	0.191604892598097	-0.263893309471696	-1.02708666376173
-0.427969808899478	-0.426186854324296	0.351201745025329	1.1540667386578	-0.865954608549937
-0.259493034699899	0.592405771865316	-0.196065733193878	-0.105606555458723	-0.929856580637715
-0.451446531894874	-0.226528847889501	-0.357307311705091	-0.971340551385094	-1.28861078969179
-0.178328599308375	-0.558332539449954	-0.328997242246882	-0.09278257821035	-1.04057091135528
-0.376462449851525	0.35124162255408	-0.279261699898407	-1.4405136466344	-1.02720962131328
-0.242816378867047	0.276103545762711	-0.073560423458339	-0.010892498881719	-0.75935693376473
-0.3307440260021	0.20408462132513	-0.0858900185309669	-0.331729869030051	-0.830112043455319
-0.33999807917678	0.918241560381281	0.0927031306572588	0.976064584136372	-0.967125718105515
-0.45769171471524	0.229844424036574	-0.0326477199282394	-0.502325192707148	-0.80828337278722
-0.213877826504135	0.753180284535325	-0.479055359380214	-0.217078307721907	-0.7748131336444
0.0536295535548316	0.655117397543791	-0.0410439957705703	0.874010897062472	-0.440321753971855
-0.014393748046472	1.12754010846249	0.395198386189279	0.634579867465381	-0.183379277143908
0.210507425918087	1.34593561965929	0.0751800700735432	0.541734901027307	-0.121827218969105
0.262078515269104	0.230190376489325	0.50160163160186	0.615095461946559	0.0582602008108606
0.700289898811387	0.26211243814503	0.57478691773143	0.431101114655864	0.541909463646412
0.632200469944394	0.770025064745444	0.704956653690649	0.727468983943182	0.857314237327795
0.805019610873248	0.898906315161953	0.386867882207484	-1.09006599051775	0.68164135741331
1.02643510799528	0.176645342038875	0.401432209568227	0.692890833427554	0.496638992595632
1.19558699785958	-0.172147785328548	-0.34589195624866	1.32802486636387	0.676405078344174
0.652919008831583	-0.130335782673712	-0.18093122705286	1.39138634464386	0.186896226963802
0.5810507859267	-0.253746390029801	-0.515512597885249	-0.487763427827412	0.188708041941119
0.358536507790887	-0.600036677313409	-0.318210426513918	0.595258316476652	0.0713672769554487
0.31071917660422	-0.426787274284132	0.00726863972947509	-0.00946607140651348	0.407495925338342
-0.323259148529956	0.127802011476498	0.267950914732142	0.349828165833851	0.31977186452172
-0.308261490092468	0.300327792923507	0.150222201415716	0.987432080767134	0.187001044671037
-0.498743242576494	-0.298990257591178	0.477806139110118	1.93181495020193	0.440624133075357
-0.565608693282394	-0.573915730900296	0.526843370600847	1.00053401234318	0.583132353962526
-0.30568571124314	0.643264047151328	0.781846619572528	0.835632807449324	1.30289538794963
-0.324945461184583	0.300260300361375	0.454774116115337	1.62144401921545	0.628357001910842
-0.311635674133294	0.14478859180073	0.0849731155454209	1.4980530203844	1.29678241426436
-0.0232913168250259	-0.169234834873379	0.57415587674663	2.11716985802747	1.00521891078428
-0.174439280774219	0.214668598616134	0.538292284872504	0.74433658107058	1.08328859955625
-0.165389792067874	0.419329585568743	0.141446689576663	-1.18367747704722	0.690342845315622
0.19375376845033	-0.239514148040301	0.384735817901233	-2.08961024655739	0.808710485531718
0.541492467002441	0.247118460059392	0.281749018841125	-0.152777993121782	0.671045451965964
0.356383482866663	0.855808640086414	-0.0807411332528461	-0.274257539754908	0.655185814082037
0.330453327688721	-0.078147862603068	-0.781696375784583	-1.72912124299326	0.113073142608407
0.303988519336161	-0.691015894025181	-1.19038508571737	-2.56495479209315	-0.135489349518271
-0.0575194856350992	0.399491859635381	-1.12657029522814	0.403175873559896	-0.203613871287754
-0.104930299658949	0.971568024529514	-0.322386377196227	-1.62284465617143	-0.274168827274988
-0.0811681420574694	-0.147134174980054	-0.0416282360098555	0.0676508186407543	0.525712196395027
-0.082670324943837	0.777342735461166	0.490336096646929	0.497604770060716	0.414116243183071
-0.182417171655408	0.446581859824126	0.357368747802251	0.286046168228534	0.490234919316522
-0.201934779922708	-0.231811773663717	0.254705564267517	1.04392311163995	0.509815490380543
-0.251455248308924	-0.205709710049392	0.788624986382944	0.428830685699845	1.05669272917516
-0.19415415297503	0.215983978466985	0.645835542945611	1.95252848490306	0.774070704001816
-0.560508672431075	-0.153608217703488	-0.40805172574017	-0.759046813308387	0.885898521636545
-0.51521210609565	-0.67912995012078	-0.175326271672239	-0.394100776411587	0.311967744542148
-0.189104318279038	-0.409172373901106	-0.0785775449040748	0.524222765230106	1.18366492630556
-0.4504317719286	-0.523462221073556	-0.148987266886085	-1.38867889102174	0.71029268882266
-0.461950776837934	-0.564381259493684	0.0481387673399131	-1.12231323482142	0.562956847483927
-0.389141314069754	-0.823930152898505	0.190355421654175	-1.97038622535089	0.652636938878147
0.21421842711926	-0.577384096358669	-0.200718650734	-0.215797614240829	0.569316354192663
0.235451095702777	-0.895874008631511	-0.786486273481828	-0.226533154921362	0.64750033796783
0.252158193595413	0.106307778264859	-0.336376627281792	-2.71411440064034	0.473510967643467
0.452954837957735	0.0626360422130023	-0.768511659209829	0.0494418693379574	0.528106953859751
0.306046127190019	-0.279957117566391	-1.1827418800681	0.241221091010778	0.278973449084797
0.142040819726502	0.540869561045065	-1.44717301453383	-0.651674577965775	-0.0915051987777045
0.0202196626125863	0.290273306102398	-0.431089611878438	-1.56833680179461	-0.0906609106243236
-0.276642782160728	0.430785585103042	-0.309059131989534	-0.192697330040432	0.0474485991307683
-0.347040443800792	0.18974502977763	-0.717342048849136	0.599155704065296	-0.0472967195594645
-0.35627087122086	0.122821618766676	-0.0616688336632585	-0.956887072702269	0.140995748408741
-0.352724009900796	0.115721994267758	-0.264623682171159	1.44982105517805	0.420537238220894
-0.504934882247024	-0.522161996205979	0.532533430484355	0.299206238272866	0.925923909548095
-0.298175234933334	0.25615302948311	0.0678757558415538	1.70858836329119	0.461683422310945
-0.227133586674319	-1.05025034017717	-0.192013997007567	-1.02251990714138	0.850419695051551
-0.159490380529091	-0.0421809249024715	0.577219507484779	0.0630723725183298	1.06487077274711
0.208226088586899	-0.988636152850809	-0.295775154263754	1.01728770664751	1.18626513735869
0.237680929943272	-0.00571203221227444	-0.531327347022074	-1.03399033879932	0.585103512211879
0.317924193772975	-0.941036154955021	-0.135600523292602	-2.05679529257415	0.746480597219966
0.439678973981133	-0.374588916743144	-0.276449851723434	-0.809742280392597	0.469814467832589
0.661159348104446	-0.0685702880695579	-0.549056132948767	-1.77026214958303	-0.136399847204426
0.752447887759479	-0.611680702471319	-0.670140118346767	-1.24653356594155	-0.310634037331205
0.50138102909248	0.228589305588053	-0.980188156378171	-1.28031087930621	-0.361774319353551
0.29055951202309	-0.822181437428971	-1.47176230580377	-0.9565253541017	-0.63343237469239
0.116790539237886	-0.537057510585033	-1.66015410530814	-1.83527154504496	-0.575676940809402
0.0649348991471192	-0.502862045833996	-0.484799159149435	-0.00263581168205037	-0.430963209113155
0.150028081271356	-0.00605032774872259	-0.524339038307502	0.554975334927862	-0.0436546990256325
-0.388346956689302	-1.01631735409392	-0.339210153016036	-0.179209852975797	-0.561147178469175
-0.260803451660912	-0.159853971746428	0.0345366529256619	-0.43919617119626	-0.185090562607034
-0.510724549273448	-0.258743677816527	0.100518792964565	-0.0274712702360735	-0.32529637179538
-0.444731693014287	0.689526048143068	0.0444026077221855	0.0844633784231939	-0.504077209672777
-0.252742086742979	-0.436201647717575	0.186587630369604	-0.789024810026866	-0.599738951397487
-0.395886230756306	-0.843944729187331	0.787906807583688	0.481795496535584	-0.585626886716428
-0.205132252508653	-0.386003001897157	1.14977822524564	0.50088816294456	-0.438189435817791
-0.498188096961628	-1.02454387434748	0.635829952532608	-0.325222632312278	-0.793593815922497
-0.14548637229797	-1.23834755724043	0.490139662320392	-0.318623768361698	-0.625487749721627
-0.275391429119707	-0.400044110983954	0.49101300197677	-1.1169249836992	-0.531737291967933
-0.098345502209185	0.111942199694355	0.146134919140571	0.722255328486486	-0.299230220136945
-0.317954122372332	0.323210573668053	0.10090748109696	1.10086433661661	-0.626832655186268
-0.0808859219181439	-0.628418709691998	-0.197496449413583	-0.292740205809347	-0.36808025827286
-0.235430272182427	0.206382715785228	-0.270694664067689	0.525883319612261	-0.563585394544406
0.186939818353834	0.233627887987789	0.0218988241481628	-0.224323262218431	-0.419534385472769
0.102768130907867	0.0990845855691103	0.00689091569754104	0.150583213001365	-0.0871058415743671
0.0167535260650428	0.19123906891544	0.418796647010365	0.860387690928923	-0.235725410366374
-0.148046302682823	0.437790141596193	0.387389641790117	-0.271780917914766	-0.302501149741224
0.0188740295239947	0.0545340503573628	-0.112237322623956	-2.01420481075143	-0.337734602715198
-0.221252898511955	-0.231609563741599	0.317301007680275	-1.44750122878608	-0.721428665496696
0.172989599921106	-0.364856429744739	0.391658175238529	0.490158514879291	-0.332948495194711
0.149765753333597	-0.193733941785336	0.5415817899966	-0.523160148428855	-0.256598140346287
-0.18630681803541	0.449265352019589	0.436786026185652	-0.596793232216317	-0.488205745426398
0.0792317579330458	0.301792750070365	0.362127489428004	0.697217396220834	-0.249917296547868
-0.391363835240749	0.00843515099008719	0.135424580374435	-0.48312419316182	-0.254918853214473
0.191172934176532	0.49038649113606	0.0148549090707363	-1.3483155792606	0.189858176037273
0.0248843985325231	0.377746848594147	0.0687133567379206	1.07135406234765	0.100204870722206
0.274234587132447	0.948707334887887	1.00339722526542	-0.0485240383211296	0.539783809012516
0.0839694826349389	0.844908406122112	1.05772920785669	-0.0980642310655892	0.503556771090184
0.393804948485267	-0.13121263386765	0.311510507821159	0.329973058499628	0.471268635409436
0.688702461233429	1.57754216888589	1.0660542158322	1.48741204039843	0.397931402989323
0.772839769906618	0.051818197412911	0.584671151861554	1.14278501037785	0.81152938588486
0.798394964093146	0.742402265918159	-0.0122495473757251	0.388092733839472	0.0491085177797102
0.647714500780895	1.04683226779535	-0.185797821673936	-0.445299242676426	0.228560637359708
0.634352088852409	0.737085427360968	-0.733553678084412	0.2895968705986	-0.223003357795553
0.346257689816428	0.467702359592387	-0.337011424896777	0.478957570705736	0.203561111492571
0.352115538505214	0.868882301274555	0.174801182808121	1.25259999499023	-0.0179167517279497
-0.0970449653213933	-0.151174019937172	0.205954780110882	-0.645096573926073	0.0397353930927712
-0.13677938957283	0.0266965487127491	0.626007597618446	0.00589651541481368	-0.413011053888003
-0.491962586221675	0.262829131350595	0.00436446144734187	-1.3483503897825	-0.363339860526727
-0.515811707724296	-0.955443211611102	0.323366940827465	0.865634833203059	-0.499578373415359
-0.261329348809675	-1.04858725883934	0.259622236207782	0.539689860874116	-0.909645930057722
-0.0578409606401092	-0.273569653981833	0.142060857813169	0.266468069483182	-0.190760791563717
-0.366200983601447	0.151248901306815	0.573210512258855	-0.323774488786653	-0.108703516428644
-0.366424116867329	-0.65989698882214	-0.566403882967943	0.424809202140367	-0.58363982412664
-0.460003605692304	-0.823748539040445	-0.813991877749114	-1.20517630634774	-0.979023517166324
-0.626293507380178	0.0408849203745083	-0.464224454817656	-0.55827164953798	-0.860359520589796
-0.351457078511364	-1.40243384741103	0.154692927282005	-0.938834302049158	-1.02666706424828
-0.386721522726974	-1.00495673909352	-0.186177783706501	-0.344957099130249	-0.638169720422548
-0.191040460302006	-0.200806867692723	0.103396241425208	0.533404864608481	-0.815015818623017
-0.425017523441352	-0.536809651952656	0.293019385922931	-0.641888997638662	-0.846897218686745
-0.309323850897746	0.335101924978903	-0.585747828935345	0.375173254801114	-0.650059522808443
-0.293809255558517	-0.566836454606019	-0.99362233216623	-0.529182442982588	-0.748305173846321
-0.265156720394145	-1.17098995448863	-0.377537275928289	1.00664135120827	-0.508278053942431
-0.313212482963576	-0.0553406237296765	0.0264922212417358	-0.263358186101462	-0.731050714136257
-0.299198183183981	-0.738108685691382	-0.175570963896622	0.163214142196019	-0.770062051954642
-0.362220949733795	-0.300656540445494	-0.423701392101098	-1.47753120586289	-1.07204441151115
-0.156385564251894	-1.13372546903327	-0.51380059548999	1.37066082022032	-0.950483432281157
-0.521041421834948	-0.141257560570608	-0.0922154134934659	-1.74735084642078	-0.574833510449877
-0.21779430110672	-0.132855316359537	-0.240830457492767	0.204166176887985	-0.43731762755715
-0.406514044593169	0.132135317643893	-0.213103443642842	-0.216869594537901	-0.477170271223542
-0.186619431312835	1.05689443068667	-0.0247955009141639	0.635785452397664	-0.230333036272368
-0.289379021590092	0.440373962681144	-0.528846501838591	-0.21888398553654	-0.487023872778776
0.0926648411897304	0.253848194218764	0.00485373429201777	-1.41733521974429	-0.00449815052638335
0.582179902735353	0.888277883265611	0.0925307218128199	1.00844305864732	0.160404786572736
0.585677603590963	0.436190280634668	0.0988518424931562	0.67439937562998	0.428646403379735
0.695636309187771	0.907231746491993	-0.340355822367332	-0.285007312245253	0.310290329696351
0.617873252561342	0.175003389109357	-1.081535781591	-0.0973371510631744	0.24258721802151
0.607603409697624	-0.299426081330809	-0.605603711615018	0.719467245086456	0.37254487442769
0.290441111101501	0.438690311138798	-0.00180905351706782	1.05621346948649	0.0857982686471525
0.192318628585721	0.0852029033350291	0.411602015262314	0.741954723308415	0.333327446218243
0.349170702975591	0.335713365658485	0.818236570420671	0.576051449542112	-0.000611009895608982
-0.0946488485055946	0.932066044215799	0.527915233189592	0.740920202180118	0.108189010682593
-0.111369421791635	-0.518628717564645	0.878666270706835	-0.0626680126239655	-0.230750798033904
-0.610188271656645	-0.861693637962046	0.648642485409616	-1.81762877953132	-0.538625492238184
-0.159454607513913	-0.849905259497186	0.0463278914615617	-0.17295604825128	-0.559844122964979
-0.201030214135722	-1.521141644858	0.264757354155679	0.232453082224811	-0.476618163652514
-0.305090514054595	-0.0853661118926236	0.248667419561776	0.184910139078248	-0.436799335006626
-0.226332313278696	0.0375234172129572	0.0780932839774447	-1.34484940411841	-0.68126532684136
-0.275973718396548	-0.0255639378153335	-0.176444732236156	-0.330831196882702	-0.727453544274087
-0.0597793326042816	-0.293657345445414	-0.284755821212959	-0.939791851273438	-1.02915346424137
-0.0692437431666951	-0.00870189594123858	0.00610164018872503	0.389651570762767	-0.582603129578704
0.00170275986618078	-0.15686596312306	0.284735818255019	0.109771914175205	-0.575162306248311
-0.110068506048621	0.36487508237903	-0.0420914953687239	-0.060421796728804	-0.238087541707755
0.0365355881225236	-0.849895660346273	0.277428476321829	0.996813258244363	-0.128084810202432
-0.0815044963707366	-0.652994378605989	0.666555358164536	0.211164819409485	-0.367711098480154
-0.144371396589774	-0.050090967733762	0.499472269121604	-1.24993055852551	-0.157268520724085
0.102077615844162	-0.1458304682604	0.147564302632416	0.211327846952003	-0.0018502753928341
0.0610731767229202	0.501850705426394	0.535567829669035	0.0196107934350631	0.214930602830032
0.0209189569968547	0.335510339638758	0.0395801847215977	-0.165896260402938	-0.159332820180256
0.179909337253285	0.814799159901432	0.0267038994569015	-0.238421767299085	0.0596026803962484
-0.00170819626925361	0.0584715084563403	0.186169163035454	0.174160730967294	-0.159380800897955
0.44618530234896	0.646772456737621	0.837934833626611	0.0216215952660965	0.392788514230121
0.499902436434946	0.532430344127571	0.247674464533477	0.741906493145567	0.202114758553293
0.894801888152422	0.445337950581398	0.748154536503744	0.509797238686574	0.505295647926401
0.489966334667957	0.367921483192784	-0.353798594615337	-0.501984947138287	-0.213254084295707
0.806147938181187	0.950018709554003	0.136251873518037	1.0705202492133	0.342711178535065
0.527788030959932	0.577914684335161	-0.6485256586609	0.425606946122222	-0.162576466975204
0.37600106432252	1.03370710179068	-0.367451016929974	-0.386675153677921	-0.297199745160543
0.102350928027756	0.502789843230287	-0.240949694322966	0.133577607202137	-0.499546428150763
-0.197032888156245	0.468625980622971	-0.213016368266562	0.448196542350569	-0.17043975369615
0.00152410673414163	0.348460942224714	-0.118990474992097	0.140003669077445	-0.0430420152089037
-0.446617139383751	0.524832458922853	-0.0750789490084555	1.30094172924562	0.079156046952238
-0.177533960679262	-0.130884914279332	0.419150351887181	0.439895287725492	0.52887474507165
-0.441152636039279	0.315338048228484	0.738033734251738	-0.762968158159579	0.421756595915792
-0.552632404092955	-1.0061679177148	0.38271710866437	1.93194426980616	0.60344237270668
-0.370753243813491	0.266106026874265	-0.505249256502075	-0.410401260025035	0.479653941552669
-0.147818159825884	-0.441124875277728	0.179226083241229	1.89835654198129	0.855129427169016
-0.346840000231639	-0.156810700108628	-0.243211114742221	-0.372580188270593	0.738585355636105
-0.180933571705381	-0.101804269089762	-0.394395913413633	0.229969017557709	0.917733763072658
-0.238814076384477	-0.282028075184941	-0.101980915958821	-0.214675572407605	0.645683608652435
-0.403968653283947	0.0860395459811844	0.336065671976071	0.0180589894762317	0.220084601434834
0.0246231034710901	0.138425878890403	-0.316058506020682	0.183520046606126	-0.300093567407018
0.108284903408381	0.465900182098724	-0.123932747253867	-1.45732827560565	-0.576448896842489
0.637305270452699	-0.177983714063814	-0.548245856219659	1.1247747694217	-0.512347874235549
0.723385520758306	0.438075824643185	-0.46396698287021	-0.643305788861254	-0.695711571613619
0.24126962259218	0.0463784700635177	-1.3711729254638	1.12100385800857	-1.11784719044649
0.701355784101629	-0.197290571193063	-1.1136301838517	1.11786635381433	-0.960467728439811
0.0597973928563615	0.831657586722332	-0.86576609195449	-1.04583335244984	-0.904219940188819
-0.109125033942499	0.114449482434112	-0.409147560595979	0.606449998771303	-0.541076190909689
-0.117778698454147	-0.487187705060347	-0.537107167821176	0.777941936407533	-0.0571563949824174
-0.267276589527123	0.295467818185107	0.291901159890121	-0.1522168827198	0.168480852514212
-0.411945751826292	-1.32279023538415	0.0291604020821993	-0.848656052496029	0.0297988815666234
-0.464653753440038	0.111362170159658	0.0983238474598286	1.04891712673291	0.276403040291816
-0.208420845751257	-0.929142725695443	0.0146386790455006	1.28037128588809	0.478721560447582
-0.476113101152269	-0.458348953168563	0.079327897651384	-0.0246841274939627	0.851951489398311
-0.221257132951434	-0.512493786853057	0.0792152370118492	0.525407990390277	0.502404300650554
-0.43825546106114	0.16640673153404	-0.391437605697316	-0.169154507193743	0.134426377755045
-0.324162887518113	-0.339837521514796	-0.101327641780369	0.519934557300389	0.222442482888786
-0.297971390642609	-0.323007046540272	0.444316687331369	-1.44414547889399	-0.173573041430183
0.140133544935822	0.324367127846071	0.294109419501583	-1.75026067993319	-0.159908695082151
0.225357115646796	-0.257839800113627	0.00102546333506531	-0.368384878017178	-0.380060564798848
0.352390278475895	0.664078403454559	-0.293789888720217	-0.657094667335574	-0.630682112789126
0.123561820405077	0.0596818512567227	-0.27994806410939	0.64234203726294	-0.781888391479588
0.399398709983272	0.017266339031034	-1.54641645106123	0.609423459977145	-0.73921138883766
0.340333347303641	-0.85956171512493	-0.496758975586758	1.25193498370816	-0.804086956455242
0.190652979890816	-0.142746203324566	-0.279945035401539	-0.758710106707605	-0.405140040210206
0.508338102184586	-0.295082052350224	0.00342540530810259	0.774933416161675	-0.442959113114757
0.326966689039903	-0.643665949303181	-0.235157341238925	0.220375408662149	-0.379848970748807
0.237700477350279	-0.163918904730126	0.186260783839866	0.654448747836268	-0.0775772948653577
-0.00410222760834161	-0.00991432066316447	0.922341474163349	1.17309861695108	0.74305788959156
-0.161981683240019	0.440272768585343	0.507655136198092	0.422885452631343	0.301109850778944
-0.0872248672750104	-0.62422975482539	0.344732535924289	0.306501800333178	0.937122117572656
-0.134382270695868	-0.998442479366082	0.377764717437413	0.280353604753833	0.962592901384038
-0.0896180310142688	-0.23188129308272	0.43048530262969	1.03726628208839	1.1802785127197
-0.112178494910611	-0.471574261554631	0.324431474053553	-0.0428366862591603	1.12788387507335
-0.150202172393769	0.0494405146197727	0.611496997165446	0.54264492712129	0.705439427188244
-0.210611667241178	-0.304225045462925	0.728509194285808	-0.440719702441343	1.13229063283825
-0.186827016408745	-0.666614018476286	0.32304415358103	-0.705255020491794	1.06486609255437
0.149761650601666	-0.177445950197653	0.31620403247783	0.606795191469121	0.750511636948394
0.440811117913959	-0.829209770014554	-0.0784890633485045	-0.310217989101405	1.05669795939133
0.142098649676475	-0.394467228801025	-0.0725940297684783	-0.790641016999348	0.475407971666107
0.329650914639261	-0.745557336825306	-1.33472141812555	0.723948260322914	0.690214400549525
0.12419667096715	-0.56922148199161	-1.09939006721321	-1.32564596405708	0.471812736815309
0.029812577343649	-0.685484544538517	-0.705786274736137	-0.0530629717628638	0.412902527130036
-0.256689464601769	0.79019930677671	-0.737638778017226	1.05257008724478	0.558022573910923
-0.435753547255942	-0.268142030731415	-0.586781526400884	-0.566258543568802	0.277887886673025
-0.337431860104018	0.496632665665333	-0.124184683836209	-0.091778810272812	-0.0131221053801268
-0.403141000692959	0.553706529712331	-0.081922399002036	0.495348824561451	0.211556989483104
-0.140059053291653	0.79942012404827	-0.151630794214241	0.47907613892713	0.211624241898279
-0.402955767496403	0.271157299781682	0.756613226117795	0.443785374732597	0.42463857136519
0.0134972589726538	-0.578316344003407	0.223654934516216	1.79147409927313	0.634054119151757
-0.295515763978449	0.101729057576966	1.00832487428347	0.553503342843563	0.456914127607083
0.0640643701579638	-0.255047763418817	0.560168859965395	0.0858876517232388	0.875416058395438
0.130212703999617	0.0815538840362087	0.780023063660731	0.816295115962532	0.80177947704938
-0.141811402654683	0.106766798370697	0.832371960758498	0.681453047121499	0.510484868250767
-0.189314773315094	0.683362797940499	0.223597168001881	-0.48536648284933	0.115433339260913
0.162802564839984	-0.171763964175987	0.0612699891456321	-0.422959230597797	-0.350501165228788
0.522458686205141	0.451044535465356	0.166282248063777	-1.65542271075644	-0.195703682527802
0.577207116565709	0.511926575039017	0.476036310980838	-0.334779293249673	-0.349649314205324
0.634677755961875	1.56464468918357	-0.252378919106903	-0.491810264259631	-0.585948516718584
0.160009361640224	1.03533237761085	-0.831175840935734	0.116622196956986	-0.665413594515944
0.16044652338654	0.848512116099617	-0.873877672920713	-0.0853533425880224	-0.832675703035861
0.0714393196325279	1.04449504334522	-0.587021251719988	0.0138368834328664	-0.265277461370989
-0.00903644431261675	1.18714903965817	0.0100168619583238	1.08769499929502	-0.285353591176744
-0.196416738612921	0.117421995177721	0.499885317721179	-0.00476846906967639	0.343250298026424
-0.257492045771724	-0.343009500134463	0.480316257124025	-0.00927824641831568	0.480152224572837
-0.375813027888112	0.100572452642426	0.438127348184832	0.936933922814698	0.293127330219181
-0.133885458387041	-0.121764784594196	0.436588636797728	-0.326639823697232	0.713804359237716
-0.124188151715111	-0.597117972274299	0.840205345352431	1.00273021075139	0.562295831976796
0.0114664402457763	0.757314107875811	1.09903150284698	-0.0143270033766571	0.969174694289702
-0.26811068964141	-0.0183976223888273	0.474114708153759	0.139899689451658	0.438411934629569
-0.0412087619656179	1.01932494605164	0.0237922380849553	0.0252448649254877	0.745820349474312
0.0757095720573583	0.43970274286396	0.637862500065137	-0.258307621846272	0.16239683255937
0.0436812186618957	0.728387489147107	0.428397282595887	0.17807426577565	-0.32287652896508
0.375621752679776	0.976572405742678	-0.149471915706353	-0.634141278874826	0.00849186515427663
0.531224526496285	0.708041486610956	-0.0530135967723351	-0.75322941024925	-0.615559747314377
0.15676079502056	-0.0852416891806301	-0.105271074489759	-0.23855270892905	-0.852344430325108
0.229406335745408	0.724317929023957	-1.02052504577777	-0.622736201650581	-0.795861725058601
0.12808367866189	0.150153617566078	-0.90259682301924	0.54878027099068	-0.801256280869076
-0.132374754405153	-0.281494924617139	-0.423124557630181	-0.937893969648565	-0.879673020069163
0.137542869218958	0.0245393087948886	-0.398110944089204	0.116473323906325	-0.494515074215797
-0.0184542417244068	-0.0126763922202718	0.208908838482363	-2.48425380615366	-0.626099997272127
-0.0321693167832147	0.768152500025048	0.303571203721805	0.969536663279858	-0.0495291744449485
0.12294511005021	0.692612723015086	0.498295328273962	0.681294724196646	0.275675536733598
-0.0265399868396373	0.19858871659916	0.232189322365425	-0.605137950825596	0.404532721137983
-0.0471891383404141	0.513462233037209	0.423716965492183	-1.00892492497575	0.215468408375984
-0.181418708364258	-0.145971846979572	0.166272556982216	-0.0873731710892144	0.408708833010006
0.0265469308814851	-0.177624254254948	0.15377363886848	-0.575070862128597	0.583147838902254
-0.00673316825987291	0.0845267887940392	0.241806504030171	-0.105287700552805	0.166916273399191
-0.0716846648574668	-0.364147077204552	0.229110920402655	-0.693450504076194	0.270564526894688
0.21228997025956	0.212756803509692	0.116209634445801	-0.513532721851813	-0.489170045524031
0.300719165627201	-0.0430528673006103	0.432766094761113	-0.673462740312197	-0.634013237051123
0.503106959345559	-0.0837414517742381	0.108022105348579	-0.4016792644791	-0.712602048622673
0.15718285804037	0.130301426064198	-0.125296958439496	0.82765726972189	-1.00600716761007
0.170254485244329	-0.736923128779616	-1.15683069539568	-1.57480486232114	-0.979515210317874
0.178082357175727	-0.649913034945088	-1.23060865031255	-0.0471160500860931	-1.06064662854048
-0.174198092700236	-0.112425708829967	-0.798013754478559	-1.54496069133186	-0.971446929965677
-0.104260649044584	-1.06829093250476	-0.520711498868645	-0.267180082502667	-0.670108615838867
0.069321025760904	-0.26738305988971	-0.0318132726137455	0.895987552317294	0.165109376640943
0.00610708351601252	-0.655763058791061	0.44156260500439	0.20253676095795	0.109386718730494
-0.0768179264622981	-0.0618348654607478	0.256760839467521	0.705441514629431	0.696831296960028
-0.344295050102904	-0.653589748808694	-0.0866334363351537	0.677507293471305	0.368548198538601
-0.22690212001972	-0.227626362123785	0.216464551041742	0.130909343038917	0.794401058755408
-0.203755984540232	-1.10843533655372	-0.247733595340944	0.917836281772809	0.820273523893144
-0.062062940113468	-0.0558932975642421	0.653840918242039	-0.00393049231716795	0.764966177410594
-0.597438653427711	-0.892993235404698	-0.647928179530811	-2.16423036943301	0.986490763902089
