2.01245664779514	2.19936614664723	1.32985133809446	2.37675386947719	2.79812747530462
0.0761329281055682	1.0401348879037	0.191729381812159	-0.952236679955047	0.915016390018892
-0.342776451689061	-0.457023506520441	-0.496663073262167	1.26151847398956	0.499283297302376
-0.445379458717712	-0.709094880718946	-1.01062985935823	-1.21363851963403	0.3960913356353
-0.911831685560769	-0.345158702484714	-0.606577063724815	0.355254724475906	-0.392418611716362
-0.771285416173813	-0.385957345980073	-0.592625710668034	0.394510615853123	0.28058723536534
-0.857970358827156	-0.553805937962114	-0.0933844129361256	-1.80727061294696	0.210326103685654
0.176561879087105	1.10587201168981	-0.310832669642983	0.183384348537552	-0.0434987514887435
-1.05015521315966	-2.47083067151711	-1.02956283661918	0.934100817240521	-1.12017613137582
-1.08748609136978	-0.775083689326078	-0.117642618247444	-2.32965438689399	-1.83283662523063
-1.34977418201792	-1.4186323386915	-0.884370646026492	0.234566074609629	-1.42935062395123
-1.49271622830067	-0.617633747774902	-0.950249764445239	-2.89980615630015	-0.912574451713794
-1.43625602287912	-0.725258118762196	-0.53594068017157	-0.446891926443999	-1.36006780965974
-1.00708004281267	-0.249947854847056	-1.3278729699348	-2.6093512593915	-1.95712963254228
-1.01859023942202	-1.2220071100025	-0.499759849601132	-0.0423575339349714	-0.854275390903484
-1.08146730906425	-0.434223126758043	-1.41328383265219	0.75345860283457	-1.33641318784404
-0.534989609180623	-0.956306671881431	-0.699279982062583	-0.453638845635673	-0.641803583284397
-0.710595255924748	-0.06768654661833	-0.463908932132159	1.0731040868169	-0.726420947760242
-0.00435598464854374	-0.278118399835283	-0.0310130380629759	-0.545736303524276	-0.404812625368327
-0.611810828053983	-0.291716493980234	-0.483479610813951	0.141983725374778	-0.92249176339634
0.497647674651825	0.109482463910383	0.191438234736615	0.0135482052563636	0.424366818223248
-0.358160598093958	0.276658663266016	0.0532882264758902	0.372123333063974	-0.0304196562324157
-0.697497373308123	-0.216811944442009	-0.975643938243117	-0.038779183468559	-1.0838260687825
-0.252662043548922	-0.39386479723965	-0.706597847860093	0.0756834226898011	-0.446853342244441
0.191796256038813	-0.695687340631691	0.317593907426004	1.3918844449555	-0.363627981278429
1.25648984042555	0.302772721329545	0.43385978151542	0.264551850148806	1.58602308511528
0.635637941980545	1.11640442166062	0.206436752879982	1.59402793404742	-0.000903812214928607
0.630916026249603	-0.00154535344504371	0.494882223931618	0.608693289633758	-0.342233838464391
0.283232273129723	-0.112423325370656	-0.381547915534131	0.829825830031764	0.0661478435443704
1.01993158669342	1.26956444208791	0.24376092133978	-1.02091544645112	0.48770465033964
1.18729764211524	1.81951214184243	0.567025269311348	1.15416604740446	0.942588577763685
0.661889730201528	-0.698026032055549	0.456576736771161	2.13255527986048	-0.0306985146843569
-0.122351836023471	0.00850412693567613	-0.314935551763017	0.768764788973372	0.177070810930435
-0.294246500388778	-0.408908101625837	-0.0831042217648012	-0.00931231327755845	-0.310336411893978
1.00978628276976	0.158216650501177	0.540450262868292	0.261036007983844	1.23682696539183
0.611222578280262	1.24359766335493	0.407282530153552	1.30883852495459	0.659453206692394
-0.940952422755485	0.285428097548201	-0.0272285767924449	-0.0694237652271367	0.425234315581345
0.331640895823753	-0.285329204339926	0.112041449538861	0.177854931818195	0.221730641489064
-0.457381880341999	0.293666829951554	-0.258597036566642	1.02510849432758	0.293059879265483
0.208256430132678	0.405725343856245	0.506866807676569	-0.286651983083282	0.71029610326669
-0.564941729490386	0.317903133757833	0.108364512371099	1.61884995375833	0.0514764367237166
-0.664562023424903	-1.22264290903827	-0.331208705300944	-0.0807827563488149	-1.1129240243961
-0.220257675416212	-0.0532303371360306	-0.219359157157683	1.55997384727896	-0.134035266081695
0.248810297807204	0.644250223103852	0.673643447241035	-0.995387668533119	1.41335690860079
-0.34026746676939	0.225198234457128	0.100913238062843	2.07626842230316	0.38209352285631
-0.514038352093274	-0.218159330041728	-0.0496799154357015	-0.785272374564032	-1.10289049764347
-0.156742634715091	-0.327850150145868	0.248893194526901	0.27170540366689	-0.060108577728983
-0.0150907502950527	0.133364942735433	0.00534566076348813	-0.109451738036801	0.379725204859856
0.269003017960572	1.15234049300586	0.296056381930971	0.890251130601884	0.538793810082769
-0.617010162488958	-0.206708415881008	-0.375100842113826	0.919197783449231	0.0519166281549493
-0.878477723298072	-1.01227366039224	-0.258966713151918	0.666781664157393	-0.497148301327755
-0.273874427926576	-0.314554707276332	-0.0313323264697257	-0.775855448456601	0.0550408417675176
0.14956966890675	0.809455690072239	0.381120136854926	1.76677217483633	1.10446776614989
0.191569001587497	0.388748713618193	0.350098331434555	-0.597210100539157	0.313130001569312
-0.260578631132807	-0.0721451946208125	-0.0565903754173503	0.17781434135629	0.431222338811697
0.0471536883833788	-0.522851328629941	0.277565858937567	1.19447772444042	-0.482643607932457
0.255301691283104	0.943608692747405	0.251484663919765	0.0445327079709325	0.327042285294385
0.534473544438573	0.377254401050599	0.853598630819442	0.0765829788071731	1.73912923518595
-0.454711780344795	-0.595689895052256	0.136087726548815	1.64118273142077	-0.171393302629826
0.0550318075469321	0.372944111353975	0.0762383297443503	-0.555041522007185	-0.761110537911987
-0.559201091630443	0.627575202520982	-0.173781966567905	0.690325671697966	-0.383709493995472
-0.0661768680902669	-0.208038740050076	-0.103431276653232	1.48624053105369	-0.584893983932457
1.24146833447812	0.297563437752624	0.172361905363116	-0.859460001185212	0.787227675228012
-0.709693207968142	0.602899915632823	-0.254693151728916	1.76364150028323	-0.678331516071992
-0.195700039735187	-0.166704708708065	-0.525981716658363	-1.24513434012316	-0.204167443112991
-0.689330471123052	-0.271085921686349	-0.488633624654306	1.58725307889126	-0.41096919615281
0.240777867963925	1.20051968592344	-0.308429215410297	-0.834735979345517	1.05544854709836
0.122365573889663	0.807398849806851	0.351301301908148	1.01558382266155	-0.181816317496576
-0.0134738978518509	0.399583568956692	-0.254934691870465	0.600031280989365	-1.08170254336547
-0.815190410024986	-0.241580125559542	-0.303551485239107	-0.365172426134255	-1.22986513000271
0.268470861138772	0.163233698437871	0.238427595604685	0.891981098203146	-1.05901603580563
-0.222185412460613	1.82674461925067	-0.274278211670696	0.314632231028363	-0.646750085033458
0.839831299492474	0.84425224545654	0.558143217209914	-0.794088090610255	0.17328029968989
0.21357400950491	1.06129492656895	-0.0337979298777612	1.40482395232938	-0.637631462124332
-0.0385449953582458	-0.673047432161671	-0.101548772865191	0.106840512751218	-1.62956847587177
-0.835310203939345	-0.0788965686951848	0.059605936794363	0.130480071515883	-1.05614648962687
0.309821947974832	-0.556379452543458	0.487841226617363	0.578835589259758	-1.09282486539487
-0.0522005883261556	0.546939385977564	0.094263444276622	-1.14586096769334	-0.65365432337183
0.731421264811863	0.0514727868905871	1.17925877574493	-0.140742429317914	0.370028003087103
-0.109250652616154	-0.489432452180218	0.304127962377039	1.07575743405481	-0.595640478475577
-0.742481093652027	-0.826474564027271	0.35191683691655	-0.416748511260234	-0.757237506955117
-0.329239020421842	-0.687827372512077	-0.15183163961252	-0.598550738302864	-1.0236444577831
0.139637364685091	-0.224825047928552	0.328712748496796	-0.690897074427748	-1.04537054756526
0.366163617065723	0.604326216923381	0.125726653011023	-0.238639445658772	0.584069605414296
-0.47327094158677	-1.93708895565393	0.135271633519925	-0.292114214022713	-0.889822773722075
-0.701915646388171	0.0600971589529862	-0.235593385864901	-1.13958228872529	-0.615532537501892
-0.479584577608211	-1.50920782627396	-0.290527625423001	-1.77350579370521	-1.03588702690553
-0.228778402147649	-0.533758047952096	-0.215081709687569	-1.47729119985993	-3.03959107683929e-05
0.301060981907697	-0.154554150780442	0.309610967686704	0.733448101050596	0.344499186583131
-0.419142656926194	-1.2775725654741	-0.233991014986872	-0.661210728450167	-0.851521464009023
-0.205463506982842	-0.854406465382357	-0.185391635143596	-1.29729562407092	-0.079504579670655
0.0792717387206016	0.0140961297423752	-0.10893338083195	-1.46443115531695	0.319926812488104
-0.400517187449997	-1.24769260045031	0.225201514381822	-0.228648444121586	0.795472379512928
1.32156085694646	0.529909038961086	-0.150519295460321	-0.162516703777543	1.49160699457026
-0.628850081825871	0.465935949721298	-0.385477341111082	0.0575857422252139	1.0801681219232
0.0758140634381078	-1.2083460755846	0.225907195114446	-0.201013801814177	0.372471268369758
-0.635718553284331	-0.208646682090649	-0.34757271168769	-0.454680586166327	0.578356433265623
0.731649939552009	0.356834922491837	0.397239203249671	0.483226286898128	2.20922046069087
0.548474062863615	0.410069047127119	-0.0326787783472126	-0.89179833872266	1.62013339156896
-0.0189988957590827	-0.593778671857463	-0.194623866195401	0.465610342620689	0.599503450036103
0.274376345899956	-0.507626888922189	-0.126918036016194	-1.06529386400749	0.0721601724959313
0.196348847865077	-0.668166157845794	-0.0277880707046064	-1.66226420354155	0.636216824891677
1.11294377173063	0.930475054425292	0.36839242289387	0.806405360994299	1.3668201484434
0.899667725918523	0.254980882303873	0.0654694836598127	-1.86572246434963	0.616609340067456
-0.170963127089128	0.257016353345509	0.2597240577785	0.516316463951622	-0.315173977115158
-0.000956082283890703	-1.06934024243639	0.0113567861523701	0.402280670355235	-0.577378379862245
0.440506657543934	-0.736950554935544	0.203827010352395	-1.04530034826003	0.325657120301795
1.10948131509165	1.13778994204875	0.675115543959207	-0.867265269879033	1.58177123756897
0.244498981266233	-0.286071479156349	0.702771030871076	0.646309651834125	0.810440518478585
0.213091599636869	0.292760199706442	0.506171939751644	0.106460513135069	0.206558440673668
-0.272493845482348	-0.907843057807099	0.462513296786683	-0.779613777339304	0.661964282465374
0.654624816750576	0.151909697723988	0.633490553384058	0.159347507961763	0.828202407687994
0.857689721797331	1.16135122373661	0.988290056149616	1.07319725793923	1.36650722336157
0.438187260950229	-1.10951178096263	-0.112097950068192	0.17695785238998	0.330430904481977
-0.55135302893857	-0.402208961105369	0.344932505491303	-0.454338982614802	0.184562468960644
0.157322054130356	-0.909733388042202	0.150121986989078	-1.45933109564685	-0.633897302248484
0.277821079301503	0.188093735496373	0.595970274561664	-0.746983161285186	0.857789018972767
0.0500183477143873	0.592459654221875	0.296708231494312	-0.094864232300203	0.0498821244663926
-0.310791645769525	-1.44210624078418	-0.147453349659728	-0.169102526486946	-0.487476881441879
-0.113594169257253	0.0127109130949906	-0.366976745160804	-0.361766383436186	-0.915485050917965
-0.338893188524485	0.543573145843678	-0.0912103140056764	0.156397839824824	-0.934082885794713
0.232214933513139	-0.214052320106468	-0.351498198467563	-0.726992999165507	0.273844452039556
0.517136162312921	1.0214803139711	0.1155041020118	-0.205012415750401	-0.0503213916869174
-0.420394089651937	-0.30705937763204	-0.652355560565004	0.310241269694164	-1.41036749136331
-0.261563572214213	-0.0458686604054747	0.121715968898162	-2.12711800037309	-0.764166635695929
-0.205961845909354	-1.39921523097576	-0.629745548835447	0.314483657705152	-0.398089626170312
0.188365494490878	-0.424867527971571	0.252790927102127	-0.662710994084387	0.308237448020839
0.352310810304825	2.58184428975291	-0.340247038057625	-0.314366901297547	0.916874369463632
-0.637791073642029	-0.832915325064142	-0.265357669202402	0.382715782094313	-0.525414226618117
0.0712314897107163	-0.207568659499485	-0.54393059442959	-1.31925307678957	-0.889155289893078
-0.85222368817827	-0.715918142192437	-0.334147549078319	-1.60714028092973	-0.851984576991002
0.468239390048258	1.10367078182502	-0.0764742667876878	-0.345456127420277	0.31115137040545
0.24491514053077	0.718745755204882	-0.0172243058624515	0.6973463434905	-0.0740958961173983
-0.315536292689333	-0.54547576282989	0.0887647150903355	-1.56711231500706	-1.52077222066132
-0.359409187833906	-0.545606174158469	-0.319865407876939	-0.312956999042952	-0.217591094523955
0.692624607912255	0.453252880376341	-0.206045304278632	-1.7270776303399	-0.355250589731981
0.622120379562303	0.409140508616305	0.501881703563868	-0.0613190560662565	1.28067286932307
0.400856945414875	0.735782347506182	0.0220650868512849	-0.422829458693699	-0.501127972840242
-0.258622595278717	0.414334193689424	-0.510637843346764	-0.381877869733917	-0.379739012471955
-0.262719119634725	-0.726509890964335	0.265994868437267	-1.33383438083779	-0.310088386799841
0.502005323915867	0.913735802711538	0.240427009435388	-0.291036868660545	0.165625721702584
0.871729266857623	1.15239052344992	0.420257845831037	0.14798047153243	0.854013726441066
0.286260694064821	0.246632371154285	0.324860112834281	-0.211652420617485	0.306011093947459
0.00565394079575878	0.371995944171012	-0.783583727821989	0.69205473298727	-0.86895072570442
0.814820602771325	-0.822355986753946	0.480230033237455	-1.27328884126675	0.447450742740244
1.4771153969035	1.24201415344653	0.681802495351141	-1.57294995129475	1.24721112394989
0.691702572633452	0.695791679846117	0.0871877312992318	0.388223013301772	0.177515483902552
0.975121998296681	0.509115632302245	0.0316397031929835	1.77963747114526	-0.0156598435798475
1.21963232171928	0.243813643188713	-0.407952842129606	-2.25391296999474	-0.850892051985624
1.00848029785833	-0.355516793718985	0.324545041269051	0.846729793958882	0.316899008698298
1.44746365905674	0.593216715264629	0.647310143437266	-0.912900950062888	1.04515008051675
0.705796153407293	-0.234839588500565	-0.198227008998314	1.82254954534493	0.756226323963129
0.539912688865399	0.616708980624778	-0.398341374679877	-1.25442201871646	0.224008895908271
1.00896856630758	0.563477530802379	-0.0454164078986392	2.69887320991178	0.646066289024187
0.708807143791937	1.55764696701781	-0.108146309810446	1.80031091839117	-0.00155875898690495
1.50741709458955	0.897167313778345	0.859980017018228	-0.293217560931688	1.78545837573676
0.690332884559254	0.299902222504619	-0.0997926493855945	4.09605653070832	0.57252792574294
0.311443850471129	0.83153624714738	0.199652887303549	-0.693737636704319	-0.477792786578282
0.566462376587261	0.225516852494912	0.0193869100602801	1.15285000878082	-0.00628998236399197
0.667301546165532	1.12976603921204	0.49383241403488	-0.538805919501203	1.48273561064782
0.236534424095064	0.524124293608328	0.631476275195913	1.43850294847004	0.692036311096962
0.112371595552135	1.13084049682075	-0.479867012552173	1.2615952699174	-0.0371347287104899
-0.0818742576712737	0.803278670366869	-0.135198244779785	1.33322502525269	-0.572967763120063
0.180153733618055	-0.194947084914386	-0.019355246557583	-0.166389552329206	0.359497773361279
0.779849843391251	1.97463751515025	0.724919815785947	-0.118429045983714	1.35389291534604
-0.0472974515604369	-0.0832099243450473	0.329523222281613	2.73382309687187	0.966359623296681
-0.110315918899187	0.338433821687779	0.0982341672988075	-0.594949487161216	-0.229223483349298
-0.487476846559267	0.840312613103486	0.345244737977986	1.23960931487064	-0.181219283803072
0.350059643785569	1.46309523921154	0.597674058355235	0.397430046486213	1.46786585503839
0.830560833799045	1.5678854770288	0.928244983148562	0.185050888999783	1.05335072908847
-0.634103608539468	-0.372881802000043	0.346022645775749	0.751152655850878	0.652000927796673
0.147002197849924	0.403578698304415	0.211570199476812	-0.190844291911378	-0.0648938004436472
0.277070811355956	-0.935260090889814	0.225139384032936	0.108864162259522	0.268851898945767
1.12513655296486	1.98321747978158	0.85110390049023	0.671944589116862	1.62421834032003
-0.137186218262542	0.418681945773693	-0.234741191796043	2.03874088520041	0.663307967177382
-0.29520835954095	-0.2910260694719	0.533361673592549	-0.601625957677744	0.0561573409509703
-0.642101606202777	-0.336670642088278	0.0949287915644431	1.85040097657097	0.482722016024372
0.108938194851561	0.756037024452626	-0.0992345379192686	-1.0766606292732	0.129743686361774
1.11818488576608	0.699783797167954	0.668356574461796	-0.00370114223496671	1.17327928914892
-0.33014631227357	1.06788245605345	-0.196248126017696	0.753381814710357	0.603539734678898
0.669077998307356	-1.13361904673299	0.109362179831159	-1.155671197768	-0.236829061710562
0.378794320489332	0.26849343303774	-0.0454853836282384	0.471979398599639	-0.328314166481771
1.00959613827767	0.607292602412073	0.110929120751743	-1.23585257391987	0.562690184997793
1.26990317569024	1.63693944446103	1.27172785841432	1.23939226245909	0.776524309134519
0.502978022558265	1.0056502212337	-1.07851658766012	1.2261339950588	-0.339533530723169
-0.0073722149867231	-0.5880901560036	0.541867959743587	-0.256015792899209	-0.542789860652256
0.191313347199709	1.4521655237212	-0.144485600739502	0.916181980531789	-0.0795337744530562
-0.26933753135241	0.141897722502314	0.345551452352624	-1.12872189705626	0.663245422563199
0.0444321046245121	0.15082761594753	0.252257217122594	-0.184567319449799	0.671757788656466
0.686558298765383	1.23882022341139	0.36472463239961	-0.139501177486599	1.44476094201599
-0.421980091530666	0.231309407673186	-0.375317722648791	-0.305862266135695	0.130336828442334
-0.161854182762136	0.122782680167959	-0.134463208636099	0.165331362804806	0.0549132625479994
-0.0180601730642695	-1.55865814694716	0.131680604374174	4.63556619291797	0.844121349439752
-0.644862327548816	-0.615901826722037	0.501319740255449	-0.660361986232833	-2.48117318793601
-0.939629308379462	-3.78432253665918	0.276674301483287	-3.84782061476056	-2.63482002226189
-0.688041220424669	-1.9349275510274	-0.377838660456172	-2.91569045481917	-2.00560856519431
-0.527764205127497	0.171418872558925	-0.0771021676914712	-1.57284823088356	-0.688896297745521
-0.83123193809522	-0.660556182949784	-0.673590387485897	-0.134846482920886	-1.15029987074077
-0.259172753795774	-0.148711573380452	-0.671361709875169	-4.78433448743202	-1.74449510813341
-0.0130992387413326	0.658520728922862	-0.697185819059706	1.96641780031402	0.644453817600365
-1.1309946171859	0.376573822565818	-0.0921939684760753	0.483683462077336	-0.294537718748531
0.165143532799816	1.10215668913716	0.694806747536194	1.18328264068102	0.776465768339445
0.153052007325766	0.457669127076836	0.315351033929488	1.71598849445721	0.3001104422773
0.30655230772452	0.575541016280461	0.241282368516436	1.20762819867325	0.245679613188065
0.684061053969376	1.6018796234451	0.650019226682658	1.57940118556208	1.02731681816927
0.448130048526889	0.963243712874788	0.464048365027982	0.407558339694296	0.595123164598832
-0.254912222246883	-0.026719214118354	0.167906679132515	0.764496193827809	0.895460576433786
-0.260884278909923	0.733624900961635	0.129527960691811	-0.0713079434998356	0.0916753234669229
0.144179482216339	-0.811474436673259	0.0543277734609731	-0.761208778687428	0.829783262440529
1.2393701669119	0.104909292279316	0.900393133386848	-0.652522595236328	1.24148616883725
-0.221637833087765	-0.300311041811261	0.228923792057208	0.246666026365815	0.734164661233135
-0.950593079853692	-1.62045054660188	0.040894931101446	0.404743889306355	-0.579011088008456
-0.618477384578432	-1.72092590313045	-0.325196923293185	-1.37837436386797	0.289847307363404
-0.927953815730833	-0.649542440637106	-0.859519982757985	-0.614882991502226	-0.464768449070166
-0.0808697052812606	-1.9153339450052	0.044619653097613	-1.79167875328644	0.10530466225912
1.34293543273046	0.90881112539471	0.243186574820131	-0.992332476488031	0.899522173352006
-0.835640405133007	-1.19428682801833	-0.0784191657630341	-0.939439282588408	0.978603890430696
-1.18057478400868	-1.69898201355659	0.179901023432554	-0.326565220014225	-0.676266607976126
-0.694763537017119	0.0781626175123744	0.432901872341834	-0.643962679817805	-0.0169354899205722
0.428259147019725	-0.736367974362906	0.493043149637984	-0.186844265430614	-1.07258121201383
-0.300287846324482	-1.53321501876131	0.584364266158644	-0.495018066950506	0.203183241006927
-0.342412200457742	-1.69272846859008	0.725109830888793	-1.91638354887183	-0.253851353682695
-0.622299964827271	-0.939661398774584	-0.0313691140700322	0.485342973463525	-0.713996660439249
0.537839437841592	-0.409121211382145	0.746863074127504	0.173920098163009	0.761865095022193
0.283386626673738	-0.923811862079199	0.374691726329338	-1.4120355266535	0.789729956194099
-0.965882794143399	-1.79412173503858	-0.177122650044682	-0.426239029867791	-1.12083378571687
-0.820067131773268	-0.406897284184246	0.702974933214359	-3.21943684339928	-0.775274219413119
0.147774074829532	-1.04995206667807	1.10909268198902	-1.45843123342527	0.686602895861804
-0.539824953441025	-0.635595155342287	0.255481529705782	-2.52170639427193	-0.480593866263083
-1.50545455099337	-2.07167576274002	-0.156030804801985	-0.918441525387434	-2.11746047778665
-0.705792956626821	-2.0925368261763	-0.0366944056901494	0.727296931043993	-0.838098831314093
-1.23745965781121	-1.81330791920742	0.308788063411209	-0.594489702021073	-0.855105655510559
-0.689680821365661	-1.08803942373714	-0.480511917561245	-1.0006389340238	-0.686814424400981
0.206158855118637	-1.06792539181821	0.380410282239776	0.905633679776493	0.803514293059529
-0.801932356121195	0.0792121428638057	-0.967711458916323	1.08171336172242	-0.221183791716083
-0.367601719729792	-0.49748764802252	0.212151903949293	-0.360154250159451	-0.512085904485729
0.151910893026406	-0.501291573138509	0.34898654078989	1.72812351205175	-0.38017779271674
-0.278181218752108	-0.115338532238938	-0.0495641885821277	0.24262460444295	-0.479235400811419
0.2036574876748	-0.247874285521687	-0.375632230900161	-1.55387310674456	-1.8772825717301
-0.578879176450427	-0.33255471768965	-0.544476424437065	1.34648104029488	-0.691530762545607
0.5919248909084	0.358140713388867	-0.763981149523041	-0.624532560326301	0.413947901823176
1.62362268821026	-0.731978215497743	-1.5578906254509	4.16174316682542	1.61906822563593
0.415402048614081	1.0293920227171	-1.05128735873339	0.866558694373606	-0.0378105423930488
1.82816068964627	2.87819100325047	-0.392430965737089	3.1209739896757	2.39659142030005
1.25932991092244	1.22410660535225	-0.378525849299983	2.66210713634164	0.60809150344642
-0.401464440904796	1.01630471207336	-0.383124934994857	3.43658398038899	-0.410133030327094
0.572580084949896	1.01796523426554	-0.812113904013577	-1.60764564330387	-0.654338350493559
-0.417730758794552	0.743648732698868	-0.57955925121709	-0.0606000395402773	-0.875932973300578
-1.19671991454521	0.657952522655943	-1.46818648174397	-1.02325827427403	-1.24669463876665
-0.414955247132079	1.26384816941288	-0.943949849230291	-0.00900658249916519	-1.46448419989238
-1.46054349104827	-0.232451357682369	-1.28423264253147	-2.64608635073941	-0.976892941217614
-0.454045259336521	0.243216901350516	-1.32515779097212	-1.03891480564272	-0.907492150724021
-1.79733092703094	-0.196548368031521	-0.817268323750587	-0.741919478917663	-0.925047233856659
2.56844692457322	0.2696429664584	-0.373313399336811	-0.482703287213671	-0.115597278256614
0.976878815893643	-0.229771646729379	-0.830468487090502	0.597336673566177	-1.09028173124743
0.250917134902609	-0.797458247279722	-0.898707550338036	-0.416707848433543	-0.527788722667288
0.118102939641911	0.36362007049772	-0.900530969926171	-1.47215446666113	-0.555642198349039
0.491145802724612	0.276298527581028	-0.570237635943069	-4.22295582594128	-1.05716596001649
0.425110635410306	-0.766372179635664	-0.538843931685371	-0.3767525632527	-0.363589741001752
-0.208418381396612	-0.915705451397712	-0.360454885769734	-0.887678144840456	-0.561839195484208
-0.121003350407525	-0.605865199200906	-0.381942485783695	-0.817910869043556	0.569544056567947
-0.59535467568295	-0.768951807808065	0.390302758080722	-0.863836744776773	0.173101275298047
-0.241172536318462	0.0296814895600316	0.439429162853568	-2.69522593780561	0.0626849638599206
-0.126141563918764	-0.877902790332675	-0.246347150751782	2.43774147659362	-0.02248208743353
-0.341892198953581	-1.02880917667745	0.0989382766935186	-1.61410375257856	-0.244944266939808
-0.529782453316037	-0.340040098494907	-0.277534610733754	-1.76156543327935	-0.0504950016723913
-0.392048422743992	0.262949332251776	-0.451575714390492	-2.46883910037427	-0.680614576671086
-0.530970425142248	-0.123890919775586	-0.447112721259514	0.575050789694823	-0.731124238945584
-0.641851401902754	-1.27888282889043	-0.420625731927225	-0.213176773118526	-0.753961922908497
-0.783281110148786	0.405622015386125	-0.42392445585672	-1.61690330864674	-0.403045349041204
0.277503672726379	-0.536701932374648	-0.211212175146602	0.0724429667387831	0.0337875880699111
-0.216905496464438	-0.528811679894758	0.35741672122112	-0.969521269024004	0.653176065230698
-0.444031998226085	-1.91091742645118	-0.209059239551482	0.0321190617155338	-0.0854104607380309
0.13517555102107	1.16866718495887	0.335855192542292	-0.510758463495824	0.388626394698639
-0.0450930314618732	-0.696417635041608	0.530485581205009	-1.46357920234497	0.408394268545523
-0.706403674185508	0.383623040985798	0.420782116580454	-0.509986617429591	0.381458087056382
-0.0491491260772434	-0.336466543761718	0.115958321308424	-0.682441286526259	0.148449113646543
-0.430220851087135	0.123130975542488	0.505597591703334	-1.10662377805668	-0.067960832797977
-0.434280641020753	-1.00521221606432	0.187983175170121	-0.455511755308001	0.503614081268888
0.602018716786401	0.699212100422032	0.547693303596317	-0.508508715097026	-0.0234845136893304
0.225503581698349	-1.27009633869391	-0.0775169959688432	0.646369763775539	0.20560774365647
-0.371681372126434	-0.212623287080148	0.12679120268776	0.518822254098863	0.411992036108674
-0.14259082889754	-0.0543211832486668	0.640281299056763	-1.59205022888519	0.507150151580034
-0.23318044267579	-0.28584818992025	-0.121343222642335	0.271955600353715	-0.248025480882222
-0.0888883041467194	0.00144297875260245	-0.08859134729336	0.679194495354544	-0.207674494534773
-0.375659482749177	-2.19054438404823	-0.258869433024624	-0.787938129809069	-0.0215206296173044
-0.172320403078719	1.16140697211171	0.15109639987871	-2.47764208640517	-0.27344320178932
-0.398124132951265	-1.86905916550789	0.0480839862478362	-0.234188456712993	-0.0523010688254387
-0.4376464473501	-0.022467544934117	-0.136938122823433	0.275228438679282	-0.114288584276749
-0.101424162845466	-1.11132269514991	-0.380112997234198	-0.436712221659481	-0.132231032195964
0.30721621269715	0.471166177430008	0.214339613013404	-0.303923643334172	0.388508573330639
-0.106342583326498	-0.665807514495603	0.0339006610524718	0.703815968145376	0.313825355913984
-0.899247751774525	-0.33144342994924	0.175516840854304	-0.11829000573038	0.30762951187068
-0.129300053284162	-0.276768997288959	0.106925103499467	-1.43155710203823	0.166025623883696
-0.301091936269378	-0.372318665115177	-0.107959727562601	-0.319118099088056	0.292232545344451
0.178105840264022	0.26377328129842	0.260554428848474	2.02148302605359	0.160436127809032
-0.464078095496556	-0.490955582482826	0.07528261467554	-0.481890647951249	0.204529391914481
-0.19938113446699	0.695622624875699	-0.161525656735501	-0.467405798224893	-0.10524469539121
0.216322705847149	0.780692163733744	0.289170211718779	-0.68683777822193	0.323932727701386
0.103995419376217	-0.34702993621117	0.363202185337262	0.507500195608225	-0.349675692221889
-0.499664050050859	0.155790207694345	-0.0414438829896947	-0.909483830189656	-0.116840882717744
-0.35685515075893	-0.118681701292936	0.379553964916927	1.15868875276925	0.879823091468392
-0.255837466602382	0.170925534607909	0.559503305212179	-1.68734888357217	-0.314598818636484
0.112896540632565	0.175013912024788	0.191236047057499	0.942933084736906	0.200336385361399
-0.0732011623307414	-0.743650919140797	0.069941357170239	1.14644689749936	-0.0476637622667598
0.0239675125306096	1.51865970996991	0.658002291245561	0.509249852935783	0.131286373187461
0.052023906685506	-0.776631066897323	0.147668233665498	-0.187577844087405	-0.0770906339977026
-0.180446411282608	-0.355405920001212	0.0529589005038498	-0.425025384084121	-0.412327175930372
-0.0609683574402738	0.865224347298313	0.149792008825553	-0.588632212640729	-0.71338798690534
-0.0174135763320553	-0.0167510682385688	-0.0747180275754847	0.0488482424693364	0.171524796069282
-0.072631673697848	1.06025459062201	0.296770751361574	-0.569629267447279	-0.17302817273326
-0.0226180861370928	-0.162064642789513	-0.0256990729220931	2.51948999798678	0.434723279099619
-0.579548764218686	0.17855968696631	-0.328388789784938	-0.183259215215546	0.0587680580953755
-0.141651549528971	0.203837358131972	0.0627546584306502	-0.638738973192819	-0.665432288955272
-0.17788229858909	0.577153277398454	-0.446067863128736	0.0130238932948857	-0.0345324265569287
-0.0673021232872382	-0.463540260209305	-0.547804592277806	-0.521926195750683	-0.40282846820185
-0.408463390198232	-0.416940483847128	-0.879548892229328	0.433211916869315	-0.395160665413482
-0.730227782748847	-0.331642464270176	-0.150135653385275	-0.376805233078559	0.277595041239388
-0.575267479096234	0.903432386316426	-0.293366905900841	-0.727392549364949	-0.277977631288406
-0.0156604800210616	-0.490030599924042	-0.267286465322482	0.277301330706195	-0.137713358756677
-0.545164392796571	-0.283153615297671	-0.526785279950295	0.773806812107895	-0.318468847369286
-0.235441589531809	0.311287413187885	-0.727457284097636	0.400342056496684	0.633539418984714
-0.343687600069641	0.849573383067265	-0.461138389666179	0.821561218285544	0.184262750189154
-0.884496608700868	0.461090965142702	-0.110354952917324	-1.53283695262485	-0.39203141246891
0.0915157618408901	0.17551844451679	0.0313912263335336	1.48757611946655	-0.285953555134227
-0.57977357326294	-0.151849666559999	-0.472522206567057	0.442049783423803	-0.591910984788088
-0.184471903154318	0.29832765031778	0.0536566413561915	0.119403564906786	0.00944718921578509
-0.690453315658585	0.664824323001573	-0.175406398016255	1.73565919129028	-0.185503457873978
-0.13325175926785	0.813490603267243	0.152950870543546	-0.403968755377298	0.130615271414007
-0.543804061882242	-0.179817088204738	-0.213648714884732	1.37411996933355	-0.259797987712354
-0.182874612555352	-0.0495934288687329	-0.0270798101616578	1.73186311382251	0.0920289785085078
-0.137676579291318	-0.712673031352793	0.206708687008695	-0.978662015979081	0.384967784540335
0.19092805684517	1.70261318993817	0.262875218656422	0.143813188150133	0.0766535066980321
0.332605251447011	0.832761817560563	0.553866207547847	1.971963405161	0.170591351936232
0.404276575144525	-0.112970081239123	-0.5627634307519	1.96479020337805	-0.00822602167883689
0.245856357217017	0.807533336557092	0.397392792142915	0.0395526422224554	-0.028701357700803
0.259368030126017	0.656458518872848	0.0793231672701648	2.65980206932316	0.665128188523288
0.452789807365002	0.994225519156848	0.910298773674338	-0.632366509034298	0.043977785509553
0.203837179306224	0.519645951595675	0.150852685862621	1.52231457933856	0.842277266943266
-0.267054390774238	-0.495637467322538	0.331069716801428	0.859699233774642	-0.0405537288534589
0.144221281134988	0.671552578243578	0.330810762830072	0.830353338564099	-0.21537705607651
0.602885019999558	0.66464554444555	0.58356679034318	-0.852689406223813	0.333252754987207
0.345914047077349	-0.922308147838251	-0.151273228733773	1.47725074362964	0.253897153021466
-0.39146851524197	-0.119149456886503	0.554507235956329	1.2923444038618	-0.228169378451743
0.175130583300996	0.169342913810341	-0.719305164941093	-1.54056002026627	0.664812506137962
0.27418279022975	0.697572258490144	0.724944572388968	0.381062265207053	-0.266038380530013
-0.00744626407038685	0.95663224810428	0.414070986988712	1.08994673686993	-0.173136460495295
0.947601463363455	-0.225825999579125	0.0380181245702629	1.6162750790983	-0.0266584822485401
0.0724113968994065	-0.205477099518891	0.498114970151744	1.14222218420255	0.390724386001508
0.823611105706654	1.08642450237669	0.0710770403016138	-0.193865749727605	0.242409915633063
0.889141416637714	0.99054401313575	0.0642211919970898	0.758570650822878	-0.229583177573159
0.236745150413849	0.0884743210238444	0.324996458924101	1.27188845849579	0.544823108122564
0.315123367885024	-0.186675468877843	-0.305010276717913	-0.877253155859935	0.222613543837315
0.0192437148129964	0.279925252654272	0.407710686190975	1.6917295304603	0.0328357712404393
0.116039284894688	0.926482303677753	-0.0591185310788143	-0.124896670352746	0.251128644929085
0.239051117349021	1.13455461494349	0.854079908914769	1.71590219449525	0.777871252484223
0.1613447683262	0.0840341077537368	-0.233509757484307	0.213847386703664	0.365072635317159
-0.31465033101381	-0.809740585142882	0.600377514592049	1.53457360232039	0.920510410589325
0.367131717654364	0.600601614969206	0.36098594604283	-1.27149620898708	0.819122155065947
0.655509012567258	1.21506462500381	0.297287947378996	1.84706121645429	0.356408732203415
-0.416942631832455	0.147030043307993	0.127861518546263	0.553317146616783	0.653499812316841
-0.382360960933104	0.120600231953119	-0.252553290123297	-2.41424742351726	-0.653385691780473
0.0628864101192002	0.0837555154081263	0.161598367173097	2.8887896717317	0.0238997350889098
-0.6481464744508	-0.340616658387139	0.403360302313606	0.11999516767542	0.619962385029684
0.209146121222643	1.38415215644827	0.00549997903064559	-0.170560180865138	0.0939922870717505
-0.446300429845177	0.773495613242438	0.201491905877925	-0.256737846992455	0.725877860309731
0.255093481881072	-0.0716993141324635	0.1402135397694	1.83248462328145	0.649775499523228
0.332317232810992	-0.301558154705584	0.626800470987098	3.45137220147106	1.08816462034105
-0.041767900416851	1.13457759475994	0.0744036835534106	0.649693779770205	0.790002463976561
0.623158595457203	0.614117285074537	0.728296583122244	2.0188647334049	-0.163869403740966
0.282297045984595	0.870872203910454	0.317501537189952	-0.699693747919462	-0.138617822143615
0.479637480950408	-1.10667173876665	-0.613260370320187	1.49827414084685	0.0274669154766502
-0.0139694242686156	1.21732861485204	-0.0924205155980308	1.31083109874843	0.228899150916446
-0.076672067249424	-1.11271487403377	-0.0248928905735038	0.928815832552662	0.395147041281253
-0.579598241713837	0.425394361146211	-0.465980073075201	-0.000579174364914452	-0.00744915864874504
-0.0625643187162405	1.24525477687938	-0.228778319277491	0.440610511987138	-0.243873693439329
-0.0767948443595636	-0.00890889915668432	0.197190520999843	0.284388650823597	-0.579439373866611
-0.0348211128498096	-0.756163590940248	-0.414419648200583	0.88091628861701	0.0645782308697424
-0.0179651191059833	0.784981604134976	-0.141770133597324	1.63713153341153	0.364239354479088
0.500508602492556	1.45196972919411	0.293837258110162	0.192943661054933	0.1436943881319
0.748516866515743	1.89276386205899	0.0499039187689862	1.92297682572879	-0.160239211863963
0.337710724310224	-1.12273580140345	-0.0981910165585792	1.07550946792253	-0.293204652400099
0.19927674265221	-0.941232162215181	-0.308658216473966	-0.796017030821355	-0.574859292462924
0.479401796717309	0.0568923586202187	-0.309873744583728	2.10248697978158	-0.842840744573321
0.481928763558297	2.51542936035054	-0.188531758291447	-0.374662305449701	-1.23697573438049
-0.387251689046329	-0.717199081506212	-0.34744896742692	0.516327827282283	-1.7044129333858
1.28373026985363	0.624377396266907	0.127414600745663	-0.451557349705168	-0.522747973246811
0.235701386884115	0.0982394318421167	0.220577308842918	4.31396686298934	0.117944135608168
0.387452857030079	0.0698517628494823	-0.110186268557059	0.361053593450702	-0.0915210118519582
-0.373848853422465	-0.949976925767275	0.291177151334778	1.22174745116079	-0.649224471358469
-0.302710862149087	-0.261943718715357	-0.284405273660422	-0.220130711187501	-0.895134927860751
-0.0429855274671501	0.255818938219037	0.13046507262472	-0.806430651543004	-0.862550639180255
-0.120929309034184	0.0788402936818419	-0.201265987790254	-1.35105398440786	-0.814454535502349
-0.348294754756038	0.393060329477876	-0.158003750746955	0.73969027988905	-0.509754009334654
-0.0740802267084487	-0.134507920228994	-0.520027982189925	-0.0408483270411804	-0.266370614186194
0.584609734489894	0.638652167786722	0.21314658031313	-0.255155564989603	0.0131181153980548
0.110523100007993	-0.629840864677723	-0.0455950183691601	-1.52571747467077	-0.522419454251036
0.432276654744919	-0.721871422971349	-0.113152470643024	0.931913248356133	-0.731757139519264
-0.302712704690671	-1.06355392525981	-0.391610585579483	-0.426330016086902	-0.418745895514842
-0.196507637624502	0.175184234651105	-1.04079061533264	0.363561411933381	-0.63400875929083
-0.176014758967269	-1.52260904232672	-0.564835215633826	-2.08546084100852	-0.581622243889978
-0.536460094433473	1.81012671537942	-0.615319221496041	0.378188529442922	-1.32007443018527
-0.0762572778371103	-0.815126791535813	-0.745115265196971	-0.493379324900263	-1.25919392028268
-0.119501584157201	-0.624160896949417	-0.245253884000327	-0.274044292469955	-0.185193130071766
-0.492222694070617	0.156967217798105	-0.564393865620383	-0.218368852008438	-0.778895114190105
-0.423463253832975	-0.187357226305245	-0.224752537117104	-0.817712156945742	-0.426709192739091
0.433493767504275	-0.455422794531064	-0.212046302311542	-0.861192980705609	-0.114499124066128
-0.148467420669047	0.883779488735789	-0.114667077239908	-0.648774050161047	0.0611452860626693
0.250147171517121	-1.46803972197842	-0.258558876568951	1.63224857194928	0.46968461708628
-0.281011789588618	-0.248844022465723	-0.219399789090823	0.131849105441467	-0.305063582109196
0.260789353358636	0.970413320853332	-0.164277335411163	0.552127851511414	0.346825113422992
0.157328457939791	-0.50023632983864	0.672831500652702	-0.050188612945057	0.387540922659757
0.723688952383524	0.900820355549979	0.19893859677077	-0.792011004849809	0.607256503983396
0.292447223934119	-0.759729861024092	0.530207198622137	3.16042847646841	0.666102635875386
-0.142036241041699	-0.0730323041525027	0.0674399901063946	0.357403760978421	0.802580928231446
-0.0211609640215677	-0.382499413386815	0.329297690407986	2.11312807073372	0.648506015713868
0.413738136860541	1.81344498052359	0.580340603426108	-0.316944554305951	-0.310631213604817
0.105138595173653	-0.229468773687208	-0.0367010881430757	-1.15593229876967	0.206971098425361
0.552037023961405	1.16018039989408	0.0421570762626711	1.46467533588436	0.539519210216596
0.190673305228621	-1.30368758313792	-0.235972331280249	0.369623328174508	0.353174836356535
0.128565780994646	0.494090753822412	0.498645932909656	0.605811413518076	0.0150226566158103
0.471317845521773	1.42466442818218	0.0179308364254707	0.276472464411794	0.0403045902170426
0.509293674370078	1.06730482399255	-0.366358802415539	1.9215933044047	-0.555477551224331
0.638403128092593	-0.226558245064299	0.216972892649856	0.744496277550284	0.544460527857232
-0.125249659080622	-1.1481828235144	0.0503696363737498	-0.313927514430016	0.408075161960482
0.437625973048836	-0.00192229895552412	0.320585934047525	1.79392801876588	1.23354447471292
0.288916332031328	0.458316881502172	0.380275494975425	-0.452309968111858	0.239733688569102
0.551219964889449	0.459189236647687	0.171082071892141	1.54990532432967	0.189082612102142
-0.0188217533592174	-0.889760453218585	0.121938701478787	1.07411663794703	0.410890506739822
0.158845088469307	-0.850146073341334	0.206487199804478	0.889804182286184	0.477480517769664
0.652801691889558	1.0785724353765	0.130905298350349	0.360490594175998	1.60327530115491
0.00672878374567697	0.585845413075469	0.451112868895536	-0.0263810103300546	0.919568733791974
0.253669452121017	-0.774495309608574	0.0483919159970006	1.15975375861186	0.0281181892558714
-0.538192630409785	-0.176076444906619	-0.0713999849237665	-0.453449353484934	-0.338039269989253
0.530225501862067	0.714524158897375	-0.131498492987098	1.48136667685253	1.21660743802501
1.22081305553467	1.95937268261984	0.693792357476665	-0.62806016527499	0.740235654459939
0.892490133631527	-0.122728508980499	0.218147807420759	-0.40557386054963	-0.039544428832899
0.90993517172089	-1.3393158287126	0.143840088918862	0.929369866633861	0.752908720360379
-0.335072930293134	0.386208924321689	-0.268421349526802	0.711543116946741	0.307769123271481
-0.31335906581041	-1.23676903479481	-0.365394772044915	-2.48446096756218	0.519823003634789
-0.893710145584837	0.239998196192535	-0.32412546701343	-0.802753162507527	-0.200887367001083
-0.593632263896078	-0.181421100794649	-0.6063306242223	-3.69878037063854	-0.879639232032026
-0.419707764979877	0.0698546944079289	-0.656472112317142	-0.650013693558654	-0.319952022885959
-0.72672794173461	-0.0408198890127218	-0.381453608446982	0.0289180101053126	-0.687565333159852
-0.348038290499855	-0.274959626566886	-0.728688652641128	-2.38779896820182	-0.256321900424035
-0.353362575869701	-0.530151369395062	-0.586533795818982	-0.0874203973270606	-0.741965218898683
-0.832423609798607	-0.1312602224201	-0.635183581872601	-1.41882724682649	-0.709012857417034
0.127298437131125	-0.233615888239372	-0.552152729314751	-2.89277512837466	-0.711614437480218
-0.10827258048054	0.104246524975505	-0.215006465562731	0.067631853392092	-0.723080427456099
-0.683248264077117	-1.34441944758717	-0.738605398264805	-0.634320459924033	-0.895028379777122
-0.0656325440835889	0.758114813624282	-0.480745619250423	-1.18164960600633	-0.533098328487943
-0.263920757137724	-0.82745520580979	-0.647101442766948	-0.396944616454326	-0.707641405557143
0.277564622242289	0.352849241810094	-0.0396225543949953	-1.98721784061657	0.152166931205097
0.283298080341574	0.106456991560013	0.000458431694254307	-0.96166162500153	0.131068252276995
-0.119487020174714	0.632583351366523	-0.264010927614075	0.15667967758923	-0.405199639613868
-0.441069418702101	-1.02293274789751	-0.00251426050735815	-2.48679452161832	-0.486556102450882
0.0826574025272006	0.00520556345505011	-0.0122212673927737	0.794533740882081	0.21639274490574
0.110560003864823	0.0268701660879242	0.000778537639866167	0.182101640099674	-0.0927625494857381
0.55822361395933	0.754361149921288	0.213510638087958	-1.3046455308124	0.0650618910307668
0.0958260070947572	-1.0159531020671	0.802470287580818	1.65924107540144	0.898513165308309
-0.404388575725903	-0.167292792441944	0.363425017921122	-0.730229330312936	0.151605006026087
0.411598840712497	0.514936299517203	0.267520242032985	0.821264000590914	-0.382270360385149
0.325606120561887	0.910680747349196	0.643043583196234	-0.148576676945609	0.45225596775272
0.384133570512516	-0.233191214517906	0.133696670338742	0.269242602072939	0.147340195970145
0.0921975374824763	-0.677616101494366	0.266270031574022	-1.02780269600244	-0.158682919590701
-0.262561675060356	-0.460950425667249	0.690405927035831	-0.241338305371737	0.573153889622177
0.191076445483608	1.10175432568429	-0.244165913700139	-0.909557291801649	0.60981526141634
0.939432582200228	0.603203439545806	0.399344164368657	-1.65785577756856	-0.0930730708622241
-0.350862290649649	0.211191688359439	0.574912655015856	1.33275356228369	0.915967725550551
0.331844109602043	-1.52604479163338	0.129027383936352	-0.0418372630927492	0.199877510013538
-0.0541812925272351	1.0012459859211	0.34170052495054	2.30146164222387	0.792484974729003
0.665034751630449	0.343661376125952	0.150974025155538	-2.56262163126515	0.434501492092403
0.227019974767416	0.20671675502803	0.550077686254692	1.96640193359039	0.0816470822824499
-0.12023490179518	-0.855138928450901	0.45486275875717	-1.5075751762871	0.255712548151777
0.0866510424662468	-0.49268854956552	-0.110147212498203	-0.128836136354843	0.0467196742515769
-0.0377636737083982	0.610189776465923	0.231633659481052	-1.80212209317469	0.147898760202923
0.291020954468468	-0.150169936388137	0.205702982504313	-1.04093008404195	0.394262779711359
-0.0502540594855268	-0.69371411278435	-0.661893027471609	-0.841309430625829	-0.521959144167216
-0.209804860909209	-1.17473568607513	-0.297201500969866	-0.242523148025284	-0.179971844345659
0.0279780266627217	0.177862615534177	-0.0174635575377653	-0.836973776963847	0.360494648439321
-0.330896884895951	-0.287010785697607	0.145162492647409	-1.4694323113876	-0.247995990653254
-0.488435437629049	0.218017518638679	0.140188599775366	0.791394969679744	-0.0914072699387815
0.0197074072764986	-1.31782020178951	-0.460158646837053	-0.477004676992519	-0.19829731055679
0.318652890374802	1.05910657907932	0.118915196505661	0.295734859578242	-0.111842914282332
0.454587820223892	0.0999889213324244	0.483150414445944	-3.07502663809496	0.119012004894666
0.0681188531247427	-0.113530337733919	-0.104444789234347	1.02649605065697	-0.301275594617342
0.0764286859261313	-0.614463468959602	0.178231205782317	0.391530044510532	-0.0441093706545838
-0.0351683077023127	-0.264026748351857	0.148024783301019	-0.200808314597946	-0.187739910098122
0.505165030269975	0.643627039742728	0.752823646886411	-0.698113700738632	0.280544919276817
0.230324935496781	-0.199754013853027	-0.0589125762860637	-0.172629863710435	0.169507188213887
0.038256293913825	-0.90121825269129	0.253170691169316	1.66800939047173	-0.153968061634941
-0.23802760170246	-0.214963276176381	0.464294306703481	-0.896160054541098	0.305698528928386
-0.133064160804173	0.247688223773829	0.140363810975549	-0.943984000666394	-0.0820166730448947
0.0022715035938052	0.752535864741913	0.329735953218818	-0.0475838478175599	0.509880704107895
-0.267407706983602	-0.843318422200661	0.640745701225189	0.0549534214994236	0.380567557359375
-0.267270949173819	-0.29283406515793	0.0243081248153936	0.135593656560236	-0.379294718925863
-0.87779131860966	0.166201951311783	0.174137104476868	-1.66992873571537	0.379044114417049
-0.68722847951812	-0.440483835038014	-0.04529227375241	0.247466930270447	-0.776136149463851
-0.13157500527251	0.855919972741703	0.267747604742058	-2.96300667735562	-0.259941045481059
0.225454238038467	-1.68106075496803	-0.263396734636151	1.75852423136386	-0.182040150705569
-1.3804036311832	0.28095511177591	-0.251539928960243	0.350152974693513	0.0542910702506739
-0.868672074835945	-0.859780189169427	-0.68084543042825	-1.1589063845717	0.0369121621836686
-0.429045395272029	-0.384749117776623	-0.444167180280459	0.0808142646350637	-0.44014797108924
-0.258977926223973	-0.237590140151518	0.260755835972786	-1.58683478105398	-0.209280825318717
0.0595761512900171	-0.60542176398684	-0.299235521722554	-0.307881386827216	-0.252997329686448
-0.483948140615482	-0.797809221914451	-0.409671881952405	-0.336342339285404	0.541035626348886
