1.05708514354173	0.766462138296727	-0.0637737762628823	0.108663202974464	1.0418480725907
-0.0571537962431935	0.684415914955679	-0.147529393741384	-0.0429349679339254	0.280687974309839
0.231416655590939	-0.238278063753252	-0.419318628879245	-0.160296468182867	-0.240202330335696
0.416868635757926	0.613810621574345	-0.338048999492833	0.171215703954995	-0.18368397110279
-0.28616650029714	-0.261362815113031	0.0913537513641364	-0.725092487317922	-0.0745802337009868
-0.701286679682567	0.278463908577575	-0.308011143314089	-1.73274743761039	-0.228742968780919
0.165556912198013	-0.264105705545302	-0.110282241504954	-0.667548926588531	0.113391073000745
0.221596671540038	-0.034325685486076	0.138107251145827	1.01007725449693	0.228677895776264
-0.472144472158936	0.142520980856604	0.456079674144265	-0.558732450128471	-0.0343310492188366
0.0979343267095079	0.111147644154439	-0.273985650297775	0.656514381447237	0.113078950522101
0.878795942413368	0.461242995736207	0.186261866864346	0.299571879722778	0.201421029270816
-0.614983034075239	0.0884031046980978	0.154489901113242	-0.0371119634830104	0.518808187679144
-0.0457950628012841	0.429318055090346	0.265346928077976	0.141612680597547	0.0957898554991476
0.753676615757328	-0.187260437689768	-0.272426546337917	-0.401217227132694	0.0804956475193378
0.314789690139995	-0.104133719750364	-0.410016989459643	-0.269819938644267	0.0584269060062904
-0.609197299744125	-0.133926111421662	0.161729403342289	-0.841535206698047	0.366433383840944
0.0533138976396834	-0.177892910886456	-0.38893587447624	-0.917032859934428	0.111818392184687
0.27478090647202	0.0649228194338725	-0.0550925455527019	0.655351859881542	0.237234089946165
0.408024389125567	-0.155646782400095	0.447581045283357	0.383766414925111	0.297852695500448
0.423776319101013	0.147098991839145	0.768846844435147	-1.27512622098453	0.0475555430799455
0.864271252142529	-0.0669087325713314	0.307284761729205	0.753895760231334	0.156999014083211
0.342831013089459	0.183604670251893	0.301600751962424	1.00268895009674	0.107656580547449
0.50548866415621	-0.106272600956662	0.396161878398917	-0.720872165501141	-0.136303332455747
0.608177778046885	-0.37403014157586	0.261555942511726	0.96162965068113	-0.0106495075024549
0.380083049555462	-0.129875342920978	0.434914660517293	0.353293217524298	0.289863495734617
0.112833308869261	-0.12759485626922	0.337000205917702	1.29525387152376	0.104174615233386
-0.0409708045396569	-0.170137757233093	0.272259690096234	-2.01794435387772	-0.00352977413609859
0.468285333343262	-0.133917943541469	0.542667252131268	0.578294054989354	0.10251607833058
0.296454821620765	-0.199070034034189	0.133977914766458	0.0106430150965147	0.049219923481949
-0.254028145286828	0.0257288647518708	0.130042906287498	-0.892008947024552	0.289209429272094
0.0868478608575968	-0.344650116321213	-0.0531755820833019	-0.440681707297901	0.0385677731484746
0.312802490102248	0.0202955053526485	0.137429311556682	0.312143773462924	0.176361368361589
-0.264622408359765	-0.245574566712357	-0.0949078860322248	-0.363561406134903	0.27289939765892
-0.0966033902309034	-0.0979561834515369	0.331252881314249	0.161020420784262	0.605576174246252
0.219380744842199	-0.014769219092329	0.830745939272601	-0.966979083887794	0.360664270294783
-0.142786143908021	-0.222460052404863	0.349415801172418	0.554125857323303	0.242227246076388
0.0836439241640326	0.252149802031168	0.10262513644368	1.23725143084959	0.665914909185661
0.00372485073585622	0.0136324784407802	0.632933202903411	-0.265874330176973	0.310221935796625
-0.20299583050398	0.369315063284636	0.673163031101576	0.256981165706006	0.145236774583007
0.380163769920447	-0.214691374417684	0.0850504313087996	1.21058628893663	0.18781236588301
-0.276066594646486	0.060975004082044	0.0777317537099754	-0.681160250637964	0.356714883867017
-0.455292810413783	0.0711371272195531	0.52951998789777	0.810660833424048	0.573918537575576
0.26984779950206	0.223769355790905	-0.121478052151764	1.15589539354772	0.309718167292135
-0.491933501169773	0.0521354180170923	0.142471231142408	-0.667784498832517	0.290724813284265
-0.475594527376391	0.368017246118735	0.666064553953547	-0.113589423068674	0.134041699504688
0.339869715718024	0.0946495158043942	0.257633291114508	0.239108405932271	0.605900129033153
-0.282047388136979	-0.0105652564124466	0.277044615683959	1.39329542239531	0.0571759072755375
-0.186550566739953	0.181339615924605	0.298101694209425	-0.388123025440234	0.490490620729079
0.0844963002061906	-0.10342231163311	-0.266256397276171	-1.1630792298744	0.0267366704270851
0.0543889694172923	-0.227809401398592	0.99947671715182	0.8851781012485	0.287340766263172
-0.503236112344529	-0.0298977760288387	0.400179532004741	0.605986473487638	0.37518922860678
0.0581443429650633	-0.255743757461431	0.616316780356667	0.0670861563651311	0.549490335426347
-0.0797948672207414	-0.516044581690534	0.195987307707907	-0.300193996956769	0.130938165327363
-0.393502839369948	0.222112786958863	-0.179919071721173	1.00109710846795	-0.0172012844010251
0.079164903075139	0.279476836795633	-0.212621991725789	-0.863049009023726	0.602585415587707
-0.0696331342444387	-0.247870988598759	0.657456426812482	-0.380655285615371	-0.0330674642914897
-0.289927045324252	-0.206070209588078	0.845825348986512	0.217717855402501	0.194601119190849
-0.0977854879002309	-0.0972923013839996	0.0601805855857145	0.818170953630635	0.637246099018555
-0.199278832266924	-0.35893490943863	0.53203733527243	-0.0342682290249849	0.36765029514525
-0.189014235594914	0.322160853821781	0.668739788994044	0.873350879937365	0.265825353833296
0.813703180835019	0.22251881241074	-0.414764264306815	1.38248411718617	0.578465569014834
0.184292661596958	-0.0452092880942405	0.73184431374091	1.37322754569514	0.647541084418144
0.0873469310717948	-0.250806088005185	0.360205026619423	-1.15169750805579	0.0118123584263227
0.402987156506938	-0.00908016073314224	-0.155057156844358	1.24890361737681	0.267242407695327
0.302782952111034	0.00799337323198354	0.101267948159187	0.686584335744889	0.0477780431431589
-0.491098210572051	-0.0409106302235407	0.272250698208577	-1.55809093089764	-0.400147228630517
-0.0706663882970225	-0.124211510058495	-0.463684978812386	-0.0300526983934163	-0.276101426946829
0.034933815667566	-0.446433632049258	-0.0934119859352548	1.20223965028029	-0.377060503339753
-0.351083920147968	-0.35694243968312	-0.591942865034195	-1.02742920718992	-0.363211459332441
-0.809149967430298	-0.432935738638478	0.2265245153707	-0.320571565261326	-0.451788001280949
-0.324482313275818	-0.0818672006692669	-0.496316788100394	-0.191338281459536	-0.516948297758111
0.155282731887299	-0.373908099420198	-0.971436634777391	-0.0168324654887249	-0.221851482784251
-0.381865142859002	-0.285735207529463	0.679000911144214	-1.15471617172167	-0.372247195841982
-0.441615708177924	-0.296890576584373	-0.463585974787614	0.362640271420194	-0.856498794739339
-0.0566359681763993	0.303555184689851	-0.375340983319831	0.388510118133915	-0.59173674826876
0.409487640866599	0.0686817390709262	-0.486459446883301	0.540621001587698	-0.425078660589566
0.579246210518136	-0.128080220529796	-0.509695332635341	0.734380049789813	-0.655381721451705
-0.0324136422950519	-0.00453861020864862	-0.236428925598156	0.63910129735761	-0.588971538405628
-0.0469053188303244	-0.209297062161233	0.314698438758576	0.70934509996103	-0.432188114054828
0.601585309004699	-0.0940867461319919	-1.09441056752542	0.70417357388544	-0.446331083838737
0.603720105734518	0.427304405317489	0.22528384637698	0.808132701255185	-0.236281881035805
0.0798675921079732	-0.0122701283782457	-0.141826561508838	0.142932667280036	-0.792264385230586
-0.120520989839097	-0.512954106736249	-0.484689057660952	1.43086779592855	-0.877818292253896
-0.169904682749	0.391287091045336	-0.447514067644586	-0.600411594542774	-0.587186347628327
0.0237288622354679	0.550218849511802	-0.845830347295848	0.232637507756012	-0.682498066821131
-0.0102348000914274	-0.528408752279159	-0.6512123089679	0.756283392641422	-0.613933612622307
0.702869986430135	-0.343443497109812	-0.0740680156714469	2.38472958380394	-0.631964868495925
-0.212108251381108	-0.0975574683535558	-0.178379246072405	0.126901845959085	-0.48244434522168
0.157999295456296	-0.364531293126822	-0.0896192571812671	0.114109742462592	-0.848730796376145
-0.0050212959054779	0.180806494186882	-0.637113161934486	0.377485683607034	-0.724173176867383
0.331031518051193	-0.0130727649409813	-0.0122253032284748	0.288996159249065	-0.108507308370899
0.101588557575462	0.405515585271115	-0.256041566731088	0.656672839828344	-0.421843872165603
-0.225084657310713	0.166003338114048	0.434085777782822	0.0954799664421788	-0.233508993836167
-0.0702404793030421	0.32965768507556	-0.725265756574021	0.762121657472462	-0.663965680396183
0.0855631030301015	0.00612624437120936	-0.471099067086308	0.842335623511212	-0.117250911693102
-0.38384489153131	-0.205648887265982	0.120600582164847	-0.461878743916279	-0.354998143382821
-0.0973870991440379	-0.200248041176136	-0.148166080721172	1.0262942564256	-0.37445309089306
0.439107714478114	0.129028788048085	-1.01179235130597	1.66678327296484	0.194197388494439
0.0785138088190012	-0.0544584055794882	-0.0500328110460314	1.20568275384217	-0.0564645533085936
-0.248460600933681	-0.819189886059075	-0.375081346427514	0.160151661273294	-0.23414888169289
-0.273302660447989	0.356592471528052	-0.75988613055296	0.0327581272682879	-0.479461547055592
0.0515723304547143	-0.241361746192384	-1.05121355341289	1.58964621774545	-0.222359809659334
-0.500682163141118	0.0433170846348484	-0.279765113295845	-0.26627957235508	-0.594678219522139
-0.296517519209213	-0.280996255378051	-0.289449531719921	-0.762533327139151	-0.267559515102921
0.225057958803639	-0.167513533030647	-0.708068098449198	1.01743675753919	-0.236275299946209
0.223404241073222	0.281203350881475	-1.00909954330828	0.760157591143116	-0.107235987319684
0.124666851223123	0.102665289041574	-0.980793418606653	-1.10644211239348	-0.44434321950242
-0.46096460804998	-0.0232212090742204	-0.447984267187784	-0.718336331479183	-0.719093294545941
-0.108293860430756	0.754631945444817	-1.32542015676055	-1.33923570404666	-0.867158924942894
0.678148266707941	0.278956474184314	-0.959388657828512	2.41948692821451	-0.386530780848787
0.108907595978579	0.208301911477558	-0.352386251966416	-0.869582959232549	0.0655007288617584
-0.431100724225084	0.22854122397342	-1.37385042623627	-2.07628883030783	0.0745959057678129
0.105807289994273	-0.126460327509052	-0.172527289405397	-1.51676906971562	-0.0259168052449296
-0.416582290197055	0.165443892978009	-0.457691409478849	-1.58642652752834	-0.201270416126073
0.140713500348669	0.0635973299876358	-0.941439176006532	1.26280141672785	0.183076417133465
-0.110750744151319	-0.372601301734798	0.20236995332628	-1.86172580278137	-0.0876045801068471
0.00921835203432668	-0.00335344818944959	0.183388912161445	0.188308858247144	0.0276606968288338
0.0225736788687553	0.183602676151948	-0.180731738301823	0.168571046487148	-0.176721877988902
0.102915098784089	0.0309730041206859	-0.170899315067765	-1.74822265827507	0.457688120025976
-0.101312890719687	0.00733163665815049	0.298371359764532	-0.195308042304558	0.214643166903178
0.185813394713069	0.0661899280345883	0.310401514922614	0.119852403254357	0.240266216515081
-0.186771405505555	0.307023296261329	-0.0748310128299882	-0.806510091300657	0.278179199375776
0.558618526497807	0.135537011786238	0.0768552882029202	-0.274810514009588	0.266820439020656
0.741648490995098	-0.338694358015414	-0.187149962707652	0.441103391921468	0.135442520736888
0.193482029316821	-0.129488936001851	0.425510809538851	-0.0693015153043114	0.319362434386327
-0.098156174140114	-0.016754951151479	0.120768250095128	-1.25111214191171	0.142268922137026
0.605976625745996	-0.205353779898622	-0.0906862813353232	0.382858511204497	0.605915008959494
0.504205196858691	-0.0589850242675414	0.0802288669530633	-0.13669708964061	0.290118319858069
-0.432983171009568	-0.344245202998949	0.276694428997523	-0.612610679038086	-0.000338029585505812
-0.461404313113136	0.138245705372764	0.681558421911134	-1.64053975655831	0.329635438120426
-0.0957866081955157	0.305150465779285	-0.299411635566462	0.0552444758789332	0.410324238786072
-0.208372285837297	0.269803194636022	0.103999074204097	-0.134475239728393	0.380703616169108
-1.08423439270034	-0.0594842615016716	0.494890977350778	-1.09802379794124	0.245821040363516
-0.482216829999009	0.12792483584991	0.356442573805378	-1.67638742757904	0.103302361519478
0.0197187707700422	-0.0169341846445182	-0.645797622954559	-0.196323781797432	0.179015260893351
-0.372180970879807	-0.0676535448105667	0.0117376945587157	0.298155639168756	0.414607509761241
-0.257659234542849	-0.0868030185530502	-0.197800612142074	-1.1356376712912	0.256569473468623
-0.479811829082296	0.0348765873453728	0.0513391932315202	-0.887998078805535	-0.108831260666044
0.235542036593423	0.422631671057901	-0.151347590584987	0.264344704470616	0.116836050391572
-1.15932252072901	-0.0193327972178631	0.153977707158425	-1.66961209536218	-0.241929502626054
-0.589707025492694	0.188954729582463	-0.260391488886812	-0.994696057367692	0.0788247952256606
-0.244177144028343	-0.106033455257962	0.190221262682562	-0.571576294354189	-0.321022285249991
-0.703651189522183	0.0180054112212231	0.252169922479729	-0.42862564011301	-0.0547576345704086
-0.301413678075085	-0.347676742720478	0.126120111596529	-1.03763559824751	0.00597133924506055
-0.558544423319056	-0.00898774753460418	-0.0801205731973329	-0.509051840823595	0.0961762855750226
-0.262094369341092	0.309108150477395	-0.554823651792331	-1.0513168607928	0.111103669414107
-0.512997235097424	0.0448511164903751	-0.0515306441609476	-0.0356545804441504	0.262797013594972
-0.453161648387931	0.00175904517533996	0.388505798966156	-0.89816205150204	0.3323376965641
-0.283449786523763	0.173313871056308	-0.497387360591003	-1.05028236932086	0.051749264843387
0.0471714143004048	0.0687178269860431	0.235501692044257	1.02086196893668	0.574913822056876
-0.936006436218691	-0.108015644611696	-0.134842641097349	-1.10385045574322	0.0460779465127111
-0.442111498776355	0.0725855891370022	0.198151903024573	-0.0617854613978734	0.302901909261323
0.195349765334402	-0.00547805159605916	-0.0937752279739438	-0.161115977191773	-0.0012731585028966
-0.395643188724139	-0.366995915633848	0.896804435965591	-1.0009415099011	0.183453901595586
-0.516145804197271	0.331069825909974	0.0220525529964671	0.622815662240509	0.0150905131816085
0.242014376455346	-0.175579128392891	0.108453834354339	0.199057893790767	0.0260729442709464
0.00525731054424109	-0.267567485151677	0.495163995098704	0.874937457504743	0.503175273939793
-0.596262030041509	0.260937273703225	1.10100483063196	-0.142632410283399	0.161798990499716
0.341720452632571	-0.0227010150591404	0.0158828796485168	0.249115614023989	0.563015478476004
0.115163021657911	-0.156094683966259	0.538132167880455	-0.145286758316121	0.137350921397761
-0.159216171207841	0.0467778368270769	0.517794133373803	-0.296789772680855	0.0355011055106376
-0.370653597097936	0.326620407068234	0.665346420210092	-1.78813805736462	-0.0988619780922239
0.191368228987644	0.12344206156594	-0.0920496147363323	0.563336027540726	0.207866395817903
0.0738052175527858	-0.296272688585638	0.327956011090675	-0.338901125603428	0.185455925804186
-0.665942739233938	-0.0751616993413692	0.642433597465195	-0.44272947623558	-0.0315821660456009
0.134518452566515	0.122919751583536	0.664890586931523	-0.95506362332014	0.0689895662809001
0.421814826406618	0.0135058836057849	0.167091790820168	0.527731299216383	-0.0724815003398949
0.133864793848743	-0.168323839234168	-0.0927417116180479	-0.109680111357728	-0.00227777310734386
-0.109839883766129	0.122280170840901	0.66679779308799	-0.570366320734355	-0.00046346516497325
-0.144544691851175	0.122190511189948	0.14456967621294	0.978276735331655	-0.411407093012564
-0.0578982170373039	0.158957564558722	0.11756222644876	-0.695769770853985	-0.670480440272421
-0.0037674590483052	-0.0628962905846131	-0.146636040740489	0.679935280236028	-0.302486224410213
0.00993520936043188	-0.346165587819948	0.717351531641408	0.557575186416744	-0.453387772472537
-0.0327958655226451	-0.0934387973800403	0.125047490389499	-0.575877255008899	-0.575186029962572
-0.377471889331096	-0.237623581355707	0.370420722020235	1.13252477354612	-0.368794192712388
-0.199846614330717	-0.234612151870528	-0.127959574734378	0.60178942390118	-0.57175112726306
0.345541746893145	0.140206389613114	0.306372557835475	-0.850072606861989	-0.374860853136243
-0.109237963766408	-0.138812447301424	0.537619114406756	0.0425547323422722	-0.409970314791071
-0.0654379761175009	0.217743477709856	-0.170960920129409	1.06661511560324	-0.0463908866013878
0.189097972938929	0.293327277176479	0.522557435034392	-0.693583113479784	-0.149351203131859
0.445228850126373	0.114558266953483	0.894385375603751	0.0912675839138281	-0.206021949430511
0.123220880592941	-0.427248384733966	0.16124292787373	0.778168570374563	-0.0492540553801572
-0.143241781326135	0.0568790028909574	0.385679930275776	-0.30080797319466	-0.171725489436367
0.489143020277283	0.213487565428981	-0.439847889336472	-0.0672491438490957	-0.390390091840869
0.480702879656231	0.190268467746308	0.153222756351062	-0.405741551643683	-0.0807379869049995
0.294734010199203	0.0352997004391699	-0.490318601547861	-0.663929401729893	-0.088496380189407
-0.207606389146734	0.0196028304120049	0.851806652012715	-0.0777001277886331	-0.205233924074183
0.110963638435187	0.261598909707183	-0.240308187521292	-0.209894372631896	-0.268400513133235
-0.0409526574636286	0.183034927264257	-0.580668991103612	0.953900833057323	-0.0471789362995171
0.467202943629791	0.0584493476183424	-0.115198435144801	1.00153154180926	-0.267903406301273
-0.137611723760075	-0.28653712633289	0.83999810738756	-0.509358931541096	-0.162611922746536
-0.157987710614162	0.162937846954735	-0.111248055723409	0.441927782375823	-0.225097314746213
-0.359029675658775	-0.144115893626569	-0.180673576937496	-0.782287700264338	-0.0383523907855247
-0.595222824713529	0.238317492292708	-0.39113182167303	-0.373317693329729	0.0390776438989918
-0.100891456692477	-0.308929098936811	0.822749215088234	-0.241288486398625	-0.164756838847535
0.45269981538795	0.0856848473840559	-0.452552550803516	-0.439583195103623	-0.197979717979269
1.23418265986271	-0.0205404781705149	0.0840026460636595	0.607910134143139	0.345557756954038
0.623620619758395	0.356200310677066	-0.473405307518903	0.144363502202965	-0.307191939884691
0.994993121218174	0.0971221967265098	0.164577858189346	1.30326186550219	0.0322374476128169
1.02775664165729	-0.273055694880948	-0.101272349456785	2.01715300456749	-0.146800142836425
0.0668001187615565	0.828236926970712	-0.152590041331591	0.284691988288715	0.0564965554396111
0.468050168537047	0.115738183039417	-0.355598452385534	-0.974195989312871	0.106771106532777
0.283615742479293	0.145540390085534	-0.0684138491689002	-0.965872759254403	0.11952406705355
0.204924278179377	-0.371329714951474	-0.7196046102031	-0.0987273694482799	-0.118186954932091
-0.191914774058918	0.412647287706237	-0.617315056181428	-0.93333344038585	-0.145843769739506
-0.419000790830229	-0.348538910671124	-0.0102577998553193	-2.36932696493191	-0.791104562377078
-0.428585972959289	-0.161732209798751	-0.846339951188968	-0.795740517574536	-0.642284225496434
-0.251394481028516	0.396273208658174	-0.752174222596321	0.0168073362200277	-0.643953562259954
-0.447253234368311	-0.284759689662153	-0.568797644776715	-0.223448122604301	-1.25728629248768
-0.736863336079746	0.330497684307531	-0.754852734453505	-0.971916713616728	-0.681971790228721
-0.311140371256401	-0.0561379293252391	-0.735940491304849	0.913823416820578	-0.444856943305969
-0.312373808639221	-0.00938503648073319	-1.41479631021302	0.271284686667428	-0.4087531080388
-0.147760380398599	-0.157660881752298	-0.0761011799138532	-1.63612322848778	-0.414478184409221
-0.82958059837143	0.232459422689596	-0.805936210455226	-0.291057797481209	-0.813779332300552
0.0317419341056621	-0.307192557955767	-0.563060118018277	0.555932970230813	-0.11856445175285
0.0703177521826674	0.22015771090492	-0.0526846144028881	0.272576430737132	-0.13606429588272
0.160235156900446	-0.173592063910173	-0.0941744655897101	-0.996798371158386	-0.0910737997548063
0.425855940311834	0.0810632419407106	-0.293171936870699	0.729608603056451	-0.0626909044836576
0.54541619278759	0.128714836291175	0.339502907451083	1.35362125901656	0.0138324461629434
0.398470950757848	-0.376058474741925	0.197006629845333	-0.526764583608519	0.372687461857844
0.473657001171379	-0.210371918504987	-0.104420302536905	0.837954574072776	0.0425215011463546
0.212789902716785	0.406754685556383	0.0530279259711634	1.2182389614339	0.140318977726905
-0.364911704903994	0.440106914425426	1.28763051022442	-0.756313429912763	0.25162781397442
0.633083746960874	-0.0986423027022231	-0.184473791397483	0.678690585633527	0.228628897746902
0.122495727955268	0.0732749122315095	0.759139985141049	0.172758381731777	0.260451603819108
0.0837769239538906	-0.137489565945901	0.146955078442664	-0.639415713148922	0.332717922914246
0.176717407533733	-0.00131113506640311	0.323823114733453	1.30134028859619	0.372409998760397
-0.150468969853908	0.165149209403278	-0.0409426020809235	0.0837510282664751	0.278820635203225
0.327919069267109	0.295285020574089	0.0482596955317117	-0.330056768995992	0.285455142054393
-0.0599897158282903	-0.140927732273269	0.19814788395958	-0.86707208756619	0.447903353541327
0.182622381835094	0.12288840328542	-0.0691376656697169	0.722561027812637	0.386096666096269
-0.109575799893637	-0.448524710756294	0.316375523995066	-0.214910278391246	0.179101579092574
-0.411775242855939	-0.0745900116280361	-0.0515011821190871	-1.03928266648637	0.373404162048448
0.146153506159346	-0.136948753788074	-0.63409479975734	1.35902693038277	0.305366938863649
-0.489500298452727	-0.0508268163079022	0.102176816717115	-1.05021568273706	-0.0179186570000584
-0.783514359847712	0.275168788657777	-0.0200105345145419	-1.24946881304723	0.341997979132916
-0.120858761574416	0.353483633726988	-0.147087558780428	0.0454398751016381	0.470286270031423
-0.734716736998315	-0.484649452745408	-0.184055856044511	-0.453772945426351	0.0775973993200748
-0.623267750612834	-0.351228063296442	-0.169455071674948	-0.665310381999518	0.186168072601631
-0.174811475066579	0.170124575744623	-0.122552421456023	-0.661765009559157	0.310670824379981
-0.598217051934027	-0.338130134686585	0.0754135867128343	0.0756812688815653	0.316486807162526
-0.0120432839035183	-0.147819797948562	-0.443354431460491	-1.37462472464428	0.23486758903179
-0.760962500830285	-0.435226611684115	0.500554266400471	-0.855204188479642	0.316724061549398
0.0348305007889733	0.512434584647483	-0.469299649246183	1.25462867035747	0.436275524608653
-0.171157139934447	-0.34226544520472	0.361488971386534	-0.0463892627572802	0.384794689361873
-0.515295213478161	-0.0518455267871301	-0.378665477764312	-0.365072563504447	0.174922283676954
0.397693619808437	-0.0935015880085559	0.291719635488537	0.133201392749272	0.139975895489367
-0.419699111406197	-0.153316172443743	-0.0514631061381417	-1.09276298817149	0.153691124716415
-0.48289520747264	0.410286666473565	-0.38770605642118	0.983063289411357	0.302519927774514
-0.159118802930794	-0.118295945653407	0.458063607968481	-0.240682913713103	-0.0313935805521061
-0.534862584397828	-0.111637384668098	0.298716097302849	-0.615829471234726	0.0199004463880427
0.356363277072647	0.210933444143895	-0.761349769273091	0.856355640344672	0.46853597222867
-0.804205902245311	-0.136668031475631	0.046583673440028	-0.36365856744452	0.166560574383632
-0.234500978898477	-0.149439821974024	-0.0689370559156318	-0.865399473965249	0.383015964107391
-0.190123851201469	-0.129364943471548	0.246769849343912	0.859805601853778	0.205229646471534
-0.21826260675738	0.225602604184794	0.0255140889110995	-0.319696900058586	0.364376237827814
0.0687256879666771	0.207769214525808	0.239731054849211	0.209655436453361	0.515530276628628
0.286114374649814	0.210234532186577	0.76673191923951	-0.677401066740648	0.201658189251366
0.17697014100544	-0.228819646119938	0.49225255100744	0.591294002337087	-0.00237479845305783
0.534481723510644	-0.0731180216480145	1.09222682278373	1.65742414028194	0.682717919384454
0.455821163104861	0.1448650635628	0.105524649059765	1.19149689106891	0.486181938695176
0.217119686833432	-0.25204369058128	0.270838684491525	0.0271780549069863	0.600888370872758
0.252173976774327	0.24497226312121	0.412354144253918	0.645427678781091	0.277130399276455
0.130068737347215	0.257328146599399	0.673071542294304	0.598834178911584	0.469426368759211
0.612451116231047	0.590365721504545	-0.282266506813112	0.669230629548018	0.555852930938636
0.154561095186855	0.135441784848807	0.748634669861011	-0.966282108469123	0.0126300928067257
0.307852653944107	0.10573132197115	-0.206057409842323	0.49670207339141	0.122535843535553
0.554704148103372	0.0284894088733409	-0.145181405926096	1.62850274210232	0.245993385883009
-0.142382779717981	-0.0949511310506435	0.212010671345427	0.487700276592639	0.256557457029009
0.111647082566991	-0.0451695837620034	0.524714899935789	0.115326742110013	0.0548493878728871
0.563775401829523	0.304829270168618	-0.370231255699771	-0.305030858411777	0.266203853096817
0.381902886798629	-0.322100978820276	0.296477991346024	1.35000474990935	0.127268241376914
0.303023231571707	0.277128286439827	0.18145522643975	-0.337599305904534	0.158009707919641
0.100940131288404	0.413465977129233	0.286741160253891	0.870844614575213	0.354801753056752
0.795653149867103	0.185763485516871	-0.0290418050372854	2.70686056033362	0.559383190632079
0.230739146356961	0.136190977040965	0.2529811109931	-0.0619520567526209	0.546910319909477
0.0681274741077691	0.179920810372158	0.0895095002851498	0.501253178385748	0.20179568651893
0.923986207455237	0.210135302881092	0.0978808482768829	0.720739769068825	0.508793936958869
0.655218013556321	0.402346509696254	0.329828377737847	0.971331036475106	0.199420134924532
0.169624499893219	-0.36616488181812	0.792568265966769	-0.786654313191571	-0.104114360736169
-0.100680213888595	0.180356424531265	0.200788086978497	-0.528302918643743	0.0573099110025733
0.0311912177439184	-0.657939628877905	-0.269472860971202	0.968232899293674	0.00660389379072525
0.115431037142191	0.0392699686396094	0.234517657939347	0.401640072402849	-0.0611185214786056
-0.19152025611577	-0.0893116272429666	0.336561070066395	-0.327536311771154	-0.0336699634855898
-0.187968126952292	0.0692908079217575	0.0293626671694149	0.75300548911243	-0.142557778881555
0.012864486195587	0.234939474611373	0.0156488924886895	-1.08473588758421	-0.0248351992306648
0.204483860337447	-0.104314665280027	-0.0754680710808743	-0.539870670872327	-0.194717387991693
0.0776211874307902	-0.126459452487168	0.597672689302058	-0.415094442966866	-0.208211800904138
0.0593410508316078	0.152602848852	0.0824933721490355	0.513059064427591	-0.0090737304156923
-0.199587688864061	0.0629216427020792	-0.624660513680308	1.05384295226471	0.0371402994118259
0.0703492463399462	-0.336753358243662	0.330810379414963	-0.636714360544893	-0.178597788095272
0.0595995734747648	-0.101266646521962	0.132913159312306	-0.795068231542575	-0.388042318500777
-0.207485645474962	-0.414824591993147	-0.303238318699125	0.283259850375111	0.175930379344641
-0.148169780629607	0.0390911334247177	0.242366869577821	-0.291587929987902	-0.019706514397062
-0.302217985904188	0.0561976118445267	0.171501459529036	0.130850833550595	-0.00976911932680664
0.630161814346428	0.274879852751834	-1.09452960454661	1.32447036309932	0.122305172480043
-0.100424144212012	-0.23078234182067	0.218285077027915	-0.0779646529243547	-0.0184285754969197
-0.047013060846353	0.0495447540626281	-0.0414453249333787	-0.565184723042975	0.00111320054960614
0.480342599351428	0.430988430151468	-0.192087272952407	0.315276140067624	-0.218983810520216
0.163026199252966	-0.0299031088452712	0.489637349700676	-0.631153285637592	-0.353863338196558
-0.23665598159789	0.434801684811775	-0.343692361995379	0.316512475769637	-0.189658376574915
0.162227852223675	-0.0436793055049484	-0.812167673832024	0.177613271479979	-0.258307927172693
-0.00793275566244963	-0.325053850557592	-0.422919148745632	-0.620785997854638	-0.0652419201400317
-0.0754842253706788	-0.105356233310514	-0.310375542066307	0.599869292119494	-0.51437210299583
-0.393410117554815	-0.045755690227314	-0.112746947719832	-0.679254264603415	-0.32618094881567
0.650061653755249	0.12400221960868	-1.04987582469071	-0.857050183761811	-0.391329018647422
-0.000592569200407724	-0.387414622038372	-0.446684470585583	0.852172290645909	-0.570150308895762
-0.274094234015738	0.651614747818842	-0.536627969932305	0.304398804815474	-0.866894077123659
0.124968198348763	-0.0801586848763807	-1.15879192096898	-0.789267779404128	-0.604674893467173
-0.286942187429464	-0.02028974398268	-0.337329006267885	0.691813225132684	-0.193644764048581
-0.0695172732748841	-0.0722699368952574	-0.906980502056383	0.0166652956593459	-0.140753559129723
-0.589277592171381	0.147168571081821	-0.440928094278747	-0.526547026650292	-0.279874567875209
-0.0777315172407436	-0.304144999484368	-0.507627799405067	-0.184534526683069	0.0526528157083338
-0.311830799268304	-0.535500521448748	-0.085815799800309	-0.194714330300769	-0.15528237372892
-0.64593364125067	0.0788556254758164	-0.2667642977055	0.7026213619414	0.0651216629106554
-0.077993551817157	-0.134502410904632	0.331802483644115	-0.105789055840206	0.0495865457525501
0.175140972573094	-0.118714545679722	-0.207538563918505	1.22879911107273	0.406953071481495
-0.0336077389001511	-0.196971566433029	0.984003444244864	1.09889255889366	0.150807426342865
0.0481070465827609	0.223724674843218	0.734771461325999	-0.297347252814978	0.113340422382238
0.283674494131529	0.0918235289745486	0.308939578287571	0.0845956616636113	0.246013423289085
0.488526957534463	-0.165268494123151	0.607073525932636	0.698797762982165	-0.0515734122516655
-0.345726108761428	-0.170020783907021	-0.0837984725716643	-0.851847019563065	0.142154257477384
0.132150711734235	0.272581791242879	0.164316064200525	0.388699754843995	-0.00316931063792676
0.717095816273291	0.125103148533889	0.472160113875513	-0.203750915529506	0.00425639947899564
0.0666996805902036	-0.177404652672415	0.418097956668981	0.192216825065998	-0.210906840883079
-0.00702596442422238	-0.144963616526973	0.57073613428317	0.369976975125606	-0.104278163468085
-0.0305634019576336	0.393557659958671	0.240896026761312	0.542904444601935	-0.103534125410871
0.308550770289581	-0.146234410117215	0.448863480056422	-0.238614857856589	-0.198993811096296
0.0319822668354638	-0.0240049482736213	-0.0594622466107412	1.27121311064335	0.204110043167595
-0.034391158607176	0.100945427911793	-0.599584921255729	-0.526499212423776	-0.503864009610143
0.260692386833244	-0.0189735717285356	-0.311861075876622	0.685675238430013	-0.179022148480226
0.35656821902498	-0.376033087304706	0.461635985138829	-0.130096728169293	-0.402809684399696
-0.413807635414302	-0.0757218421735444	-0.704413584770606	1.17073785849201	-0.50589377595139
-0.152485129609179	0.297320508645345	0.107289758741561	-0.639307002332961	-0.431802807945516
0.180115886360152	0.111051398825627	-0.143980736918195	-0.54611660894479	-0.247967936510822
0.352011286812983	-0.0448831763457781	0.119442932743724	0.61509662921362	-0.319949462710337
-0.0616001596425106	0.163655333841476	-0.143598614487716	-0.584281455865262	0.169142737542912
-0.217673274591059	0.00866004472102356	-0.494298624721999	0.51889838490726	-0.375983656842359
0.301503526841776	0.163844912694457	0.309899813678447	0.433368174977112	0.0590605992100251
0.0888717428916312	-0.104910242923346	-0.231287615574643	-0.166590126996243	-0.115571070469764
-0.142423264739325	0.186024936249972	0.227405152721264	0.388552788562562	-0.113778190120067
0.089059908316877	0.0887562103078204	-0.145768413385936	0.136076331408594	-0.322640456235617
0.499580003652345	0.171856602271969	-0.137185331131159	-0.562437269562673	-0.00767485894837674
0.691168907342673	-0.209049071792655	-0.287379300852634	-0.136599731845749	-0.273475567315191
-0.24347264383401	-0.531073656233294	0.327495686289174	-0.747500695953517	-0.439105171101025
-0.0792188386524984	-0.0490469129615111	0.42209613222256	-0.678020099175858	-0.412002489363099
0.366562113039738	-0.424512131026444	0.43894050400591	-0.344985131942046	-0.163574134782256
0.414046386138818	0.00108403264791236	-0.472326696911426	0.449138516792156	0.099838923699359
0.241642025263534	-0.279579109262088	0.405777154749588	-0.319793002972728	-0.00412873321108036
0.108286321272694	0.454148936478556	-0.0881144947541819	0.0875296587866671	-0.0957253357323541
-0.0980072182505162	0.0998633822733394	-0.0169928530843069	0.675014663530875	-0.0295921475547336
-0.305319401199104	0.074746194516197	0.506724217317413	-0.546979871750808	0.0265859215868407
-0.333465444052194	0.0481478221985185	0.719119843006753	-0.421275425682953	-0.0301071138267785
-0.466998644029672	-0.0564022968656762	0.0977097169700094	-0.671113569563524	-0.317373072222457
0.167727377466392	0.30757294104442	0.330816539200514	1.3627032658181	0.528516732755138
-0.138064845374486	-0.27092002688921	0.74270837743065	-1.41027978013562	0.32154908943342
0.173034131901725	0.106437962638015	0.436310396028749	0.525073848663236	0.205172264231618
0.762947039924038	0.630310941963785	0.265898246785533	1.34394747377686	0.556419271217686
-0.366820400932545	-0.354542624462986	0.454792981565667	-0.0525645358834826	0.0464195287763217
-0.0813846047953868	0.569981095200359	0.671422626501079	-2.11512033344335	0.242328809453238
0.261872077573317	-0.0221763659152947	0.0217250338265426	-0.00150622119501976	0.096144650081979
0.031601117489065	-0.057413500916418	-0.155081778079292	-0.932881744882837	-0.286735476939365
-0.36385090796867	-0.114547052155569	0.760598645043684	-0.438964962256453	-0.192503209370322
-0.178704071599151	-0.29986205357931	-0.17528758522406	0.164231275562944	0.154831549391752
0.125334594373473	-0.206803807336472	0.266985937434829	0.173500375068785	-0.0205902474310255
-0.593722684382277	-0.0422504955299124	0.501331035850353	-0.69127042478038	0.158934781878471
0.0607428872721662	0.0682893348947437	-0.314834719442875	-0.47435317736392	0.0550582936966868
0.09182524776623	-0.239701690518493	0.0142344083539423	0.459425711917031	-0.215923226597867
-0.524370561378788	-0.348523695994025	0.198512316627147	-0.184950062193823	-0.271463536005533
-0.476564475781134	-0.0314065592703979	-0.176953524409348	-0.584363944426375	-0.118811395782143
0.406135765449066	-0.111881349444869	0.150173515383297	0.215398955684521	0.0906708916374362
-0.23089676845105	0.113232898107712	-0.405253021420258	-0.282447700637315	-0.291394413802258
-0.301821256495533	-0.025486426563874	0.189858994676006	-0.967405802371597	0.066370993913151
0.0330438852905024	-0.161618348076446	-0.466106931620494	-0.564036379818243	-0.213786357622038
0.261945954957347	-0.106247890560701	-0.0431019292803662	0.525413335653902	0.0213994092233122
-0.473310418545756	-0.0937821232066894	-0.0174828695195581	-0.494478202721595	0.105010909785513
-0.366055133787635	-0.153226515254817	0.429178446812057	-0.24475487714385	0.103581707167043
0.340984818752187	0.155560698216785	0.276819157648261	1.66285485253904	-0.166529449560493
0.0853537867254656	-0.413980298077311	-0.216056649776221	0.500464003015974	0.00861572968062483
0.203161824688985	0.316333957863719	-0.119384697709365	-0.368299517696364	0.210199168282283
0.387920235631872	0.143802189051276	-0.174914157317562	0.270981909327391	-0.121802721927712
-0.0575609212653535	0.0598634710570824	0.133094104302728	1.3201783966758	-0.21688903603893
0.353646379042791	-0.345168072523326	0.296783097382982	0.276344349389082	-0.219227136486934
-0.614243227986411	-0.381668503352557	-0.130768189021865	-0.320753224599505	-0.292187872632403
-0.0895338499359682	0.105872365107366	0.277338307882818	-0.132893543036287	-0.221454238448458
0.369554771781745	-0.151577567040771	0.0838767014959614	0.973124548788154	0.29942114783889
0.0540340507977131	-0.111921396401086	0.127535937058471	1.33798184834919	0.0407409618555966
-0.439192509274537	0.140381151694768	-0.286620521396615	-0.538325664869176	0.322598366940125
0.319833066917478	0.0465251333931003	0.0649720094714061	-0.528877062757744	0.0870140647511675
-0.0530618598377951	-0.275785999423551	0.208604635606338	0.191392534853669	0.546764054069484
-0.541020853002623	-0.220637590570833	0.539039304457969	0.921892172550263	0.462465536995102
-0.312332667625227	-0.234508667980681	-0.0853771374659994	-0.557066782444301	0.396774210655017
-0.314781401467439	0.241782803139799	0.0617717667476715	-0.119662551747293	0.177197060224355
-0.551231065041997	0.183117062958118	-0.13707473680735	-0.683979884651819	0.409819628986185
-0.0947898690587673	0.29457005921527	-0.853304182439294	-0.550143753568651	0.113508616458782
-0.206177420397856	-0.0253332666582662	0.0727209327542026	-1.32909864892968	0.302584504509683
0.300774934322691	0.211053479804979	-0.681323153946529	0.338269963252053	0.312274770376959
0.493054696173297	0.0843139184112401	-0.101488547528709	0.16922376715334	0.15553055573518
0.0316624669932206	-0.138547645631791	-0.570193708471843	-0.837043092119866	0.258774282856199
0.648347345921101	0.0370249541399055	0.265779071215426	0.640548255257397	0.190591016004387
-0.0361116368829648	-0.211559403314291	-0.749921192730399	0.561729655413315	0.131019781893795
-0.179909148970387	-0.119581889403302	-0.835216096962218	0.0311272451848023	0.404681407828023
0.25994402606119	0.290355360458722	-0.088357565819727	-0.899133065832997	-0.165080549610251
-0.197841390612452	-0.0192904521028169	-0.4318274812768	-0.72510707237345	-0.0935882045666024
-0.17471167779358	0.015478496122868	-1.38768552457098	0.47873492862334	-0.462115543404605
1.91190064202598	0.176831044768425	-0.034412549118983	-0.131774949739629	1.83482592380019
0.752256073931244	0.381017782662788	0.32573447680844	0.0757959235993533	0.609656641884979
0.18460836310314	-0.276854137244366	-0.595948278538691	1.00274406278849	0.0580978086378415
0.523632588132329	-0.673945903583149	0.0780205850807049	-0.737052665047285	0.442785174695982
-0.277867899675832	0.0242050958182307	-0.987875464761461	0.717648138193801	0.646349613206473
-0.187279446159517	-0.798539185474169	-0.376668365452302	-0.506921295242429	0.0922033453633991
0.00455787987096247	-0.330497820262157	0.324305288052775	-0.550090460107049	-0.139511968663179
-0.159476964206554	-0.255261042988833	-0.345456553529593	-0.98403644170342	0.58040452821591
-0.307773803319974	-0.029091414803038	-0.879309809414368	-0.589870492645874	-0.341174709995961
-0.061235515691128	-0.603760124031328	0.126582770538929	1.09816274232442	0.355659420503299
-0.621708356594289	-0.530090260327015	-1.16239813758475	-0.626155789959564	0.330421250616946
0.209900674374976	0.362023242384861	-0.910909206234651	0.386451211990998	0.00100448263680485
0.39171577417207	0.0404120192092534	-1.31549612383015	0.3160570100367	-0.423298888393226
-0.372353345616116	-0.441291838870796	-0.606890555463855	-1.54399149269173	-0.467435983998534
-0.580152638040152	-0.205041193872411	-0.422619729839938	-0.530058694791654	-0.124697213181828
0.187770581938987	-0.0460251605612696	-0.624299399781023	1.33128194731385	0.0416927053177175
-0.473681806350571	-0.546292702756563	-1.21212314446404	-0.180190196906853	0.190371777814536
-0.131764396127139	-0.519683718637119	-0.378522019068286	0.0981817919719929	-0.00152872015443159
0.472354547258484	0.504721125638278	-0.299569775127942	0.140149876908118	0.480385934391794
0.363565009008369	0.573459790208497	-0.7456143382971	0.927200254184802	0.532556868997246
0.0485302811276468	-0.611621062061694	0.399924478348313	0.336189165020324	0.014009444928444
-0.0687043228088133	0.130325562103735	0.58615580710204	-0.116778689234477	-0.132615087413031
0.317586753189019	0.0831134438986353	0.195055812090371	1.32176487374823	0.710276765151837
0.314700697439113	-0.191435527416569	0.561928615144774	1.58834782139397	0.170328394621368
0.383921545073483	-0.661308443333067	1.31523821424479	0.868971532818836	0.0206469628373895
0.540890004114425	0.486371859479264	1.24137655700224	1.97975356540119	0.795268268667256
0.979780439185655	-0.135087016222179	0.411746036752891	1.03632118550814	0.620586919734678
-0.348295732163381	0.615495015700542	0.630516733439288	0.44649217221554	0.10197015141252
0.64895556842449	-0.133025406464337	0.506340668491246	0.810161678119479	0.519775574305924
0.597627471916415	0.603884736022948	0.0530668372353256	-0.156306981809946	0.353533410288926
0.198777292448956	-0.509134391463865	0.628768732347933	0.547946019781638	-0.0293171104479957
-0.0289731512347267	-0.0992914561440466	0.822664067172083	0.733709480206086	0.241576805886971
0.376788944825843	0.492860907797461	0.568824822615315	1.89860604068131	0.1429016195357
-0.227122147900173	-0.0216012737830042	0.575188636112342	1.07898268129512	0.166400142083061
0.0366955306628583	-0.408282389737442	0.527113617572334	-0.172181756722727	-0.312480482426463
-0.0825264761621262	0.582784064747458	1.09401912060073	0.563058065288376	0.235336151346048
0.578333850506048	0.265490702775254	0.135696722444702	1.09473549896201	0.382344350133259
-0.701898546542251	-0.0194663123220988	-0.105655146121756	0.0669731981073243	-0.162196117410415
0.0626048761152141	-0.29274553570356	0.489724405481535	0.191390159064827	-0.193645192859484
-0.269065456228272	0.10989305617883	0.949413316550941	0.027673616746176	0.0484152780817435
0.252857228365327	-0.0583296916502381	-0.356305808805609	-0.615147012941263	0.0882785227215378
-0.0705211879348644	-0.155829575796999	0.599808085546645	-0.340547546557918	-0.467568682576737
-0.77862840988254	0.136161251286242	-0.069619910108887	-0.0118630847672476	-0.0870593600203648
0.0758180056059033	-0.0298963795557601	0.713799473873881	-0.500110167813268	-0.00427694710280715
-0.508161451749441	0.0506946335851307	-0.0243891006905284	0.768879786500487	-0.38258129175245
0.260241759449317	-0.799612252515058	-0.236195329625729	-0.909560364119752	-0.245620545780174
-0.532608729163111	0.0995866413774786	0.077815088410209	0.788266729308462	-0.237803447061455
0.0697758975431727	-0.489993147332585	0.17203654146253	-0.9996571658091	-0.187636877641392
-0.684513606392038	-0.555286601782297	-0.0621377979814691	-0.684973109869957	-0.397845040890112
0.236020411935133	-0.201599164148424	0.468485441008237	0.465640388426741	-0.144872644016147
-0.464171768856928	0.613649245400491	-0.316300896074402	-0.47251628190246	-0.329117781898374
-0.20992087711814	0.332181233069864	-0.0193177615110533	0.193431271749329	-0.123889641338848
-0.731771122093818	-0.466726394780248	-0.647087015781954	-0.981022376427266	-0.596894431353713
0.162593007070604	0.445853049253199	0.569308752914289	-0.483167524709016	-0.360003373789204
0.437222947573768	-0.217733579645984	-0.221386876332638	-0.924757647223879	-0.0243179505058518
-0.601789364374668	-0.196438028812844	-1.01409762336951	-0.406704641576744	-0.738926104269284
-0.391212694343394	-0.130921296716928	0.338626887416313	-0.998889490806219	-0.460993203200803
-0.692695345416628	0.293306682910316	-0.343898277595547	0.15525842394077	0.0202408291771713
-0.308424775307031	-0.196839648110179	-0.628700219288169	-0.938524017623925	-0.302269608118661
-0.0982309293868791	0.0454779063186598	0.508058651647112	-1.0489965727034	-0.688219085038683
-0.243402801996677	0.43246102107911	0.180165758337353	-0.751285230944698	-0.0841690050113665
-0.210952836103999	-0.0489884261856251	-0.820621274532354	0.488756222070987	-0.708719163692551
0.126872835367275	-0.450420718453602	0.228321721175392	-0.618725638047426	-0.660671468624054
-0.135758717096832	0.141819569967014	0.0653627299342001	0.358127246648282	-0.141993323504589
0.315181628651207	-0.0464817794228791	-0.736707111370651	0.747158943746221	-0.418521584780643
0.106887425669091	-0.509560640792055	0.732739382541221	0.609872909731466	-0.490727832400284
-0.0745067212957642	-0.349285569206256	-0.193944413919723	-0.351255841242272	-0.100353409781111
0.0396496233873986	0.318018072438754	-0.212253193309555	-0.236005923682703	0.148791388733512
0.053686996618027	0.174472651925655	0.0516213720335013	1.03753355212158	-0.49116003026346
-0.627748997382689	-0.369757552416731	-0.335061020792867	0.438004125987152	-0.348839037973635
0.550327163193424	0.133668307274282	0.493124855369247	0.0621613701049101	0.192519055041081
0.882827713505859	0.220930723236419	0.130621468598134	2.05109086103578	-1.00071469744198
-0.493383115732254	-0.304166172351896	-0.333938178241358	-0.418460090597325	0.048284222483529
0.219597216403921	-0.253356606957404	0.703542067445304	-0.0589204390889259	-0.0392854653745889
0.305789191854067	-0.568943151436704	0.322514444644662	0.0191304422574015	-0.394538771788817
0.391172993604292	0.552364824058293	0.698702759050314	-0.588383012301533	0.181711802241517
1.02298329509432	0.249391848511002	0.245933906793389	0.711301465841066	0.0576951198745901
-0.325314112539103	-0.00420118596494722	-0.588095768647341	0.714935134962474	-0.117891947647951
-0.654785357931159	-0.16561430775516	0.220762163139747	-0.190954386702038	-0.495434742962549
0.442378156925927	-0.26214168291745	0.614345895307476	-0.367764427921615	-0.0790548309265719
0.333225064978525	0.480412138341007	-0.065212376188363	-0.0638384841600993	-0.217037335498197
-0.237702092901393	0.142662339512861	0.181786290347534	0.641660058602681	-0.205445845927681
-0.683454768888854	-0.352905056721492	-0.790004840863489	-0.347675890670739	-0.54597707852075
0.0441094048919268	0.191202375841023	-0.0625219287800023	-1.31245991448256	-0.254379547731301
1.03395482956971	0.643891799400082	0.822270038072953	0.863518594024702	-0.0101811387647673
-0.0548709213243751	0.00695216333477418	-0.788550251138916	0.594575069172228	-0.253614827010103
-0.607115508194278	0.271549824430877	-0.0617424615636879	-0.166174788726429	-0.24776199802972
0.0526622020166739	0.832095500566087	0.983645842393475	-0.404870614099442	0.319009645352796
0.794109168299949	0.640674098700836	0.457592470772796	-0.381533165981478	-0.0217299865664761
-0.59892838383335	0.701675776608344	0.084815603668997	0.670145817744029	-0.37914765335712
0.0915807464644289	-0.27078871193926	-0.205618043325765	-0.143820952009119	-0.224233561583909
0.522892887839566	0.373315498183525	0.353928324747885	-0.0278729535137323	0.414314963486359
0.546059651441572	-0.0412114419149181	0.189249927882071	0.35087277085094	0.171195686244779
-0.398747256519383	0.401778676029623	-0.140117521366729	-1.0877782442714	-0.425635855928816
-0.462399195079677	0.306304150643139	0.163197410666411	-0.354792363619881	-0.22141742394719
-0.638510998606419	-0.116362458218316	-0.0974546642544461	0.396898572609394	-0.200774164467542
0.0620391751210649	-0.138756035357482	-0.610259737140992	0.677720176846336	0.141388783709978
-0.764680103420044	-0.330434917721726	-0.0153623412176965	-1.38490415072901	-0.335449019432305
-0.10605798821286	0.0129410517275066	-0.274008904619303	-0.97673866517525	-0.26663574468035
-0.727941678423879	0.673732235642133	-0.574844305424144	-1.63985766797847	-0.133623186535971
-0.244306739312214	-0.160315352082963	-1.45562871573678	-1.81743923462824	-0.521580376985582
-0.862426319795392	-0.675342977668712	0.280726407903886	-1.73116619603877	-0.645511937893608
-0.409071076679462	0.222040337443261	-1.21404080441066	-0.704739841437671	-0.159968273628689
-0.0940278195498182	-0.138520019546056	-0.601788454348111	-0.978514541752051	-0.190798638335028
-0.630013419595229	0.0266901161920982	-1.25048468406592	-0.76594365590408	-0.451085298946583
-1.62091633850718	-0.532358085737335	-0.741190816644994	-0.964566398126535	-0.419995191442433
-0.930936951669293	0.228540504457739	-0.544868725291819	-1.51324611076217	-0.197300576777559
-0.355989226277108	0.113693232637019	-0.581243720160103	0.408485536550718	0.0947550598310585
0.196266159829153	0.4701214491342	-1.21174546409756	-0.207397838509647	-0.265689525683154
-1.18895616338167	-0.154118983965759	-0.573378249911836	-0.0590317935394568	-0.455268424654464
-1.12922416464002	-0.259854637932257	-0.411825821879351	-0.548396141021689	-0.686140896448012
-0.0482130308629576	0.473617677228277	-0.56513214256834	-1.34694991354271	-0.113527088511959
-0.0733617860872297	0.542302497734602	-0.885672237320538	0.920034329660718	0.0100358067457845
-0.201932685656089	-0.213059599469676	-0.340573205520185	-0.630830312803197	-0.148813836039113
0.172681577674283	-0.314631752593768	-0.325278995807914	-0.873862911896796	-0.257863376338054
-0.601647145503374	0.762631735001105	-0.502897792818006	0.900545621124429	0.233890266969137
-0.346292499193444	0.0292002944264191	-0.531633626469485	0.379748477257087	0.14616104183228
0.0404043496207248	-0.365548959391565	0.33842088027316	0.625785521304674	0.270654026720426
-0.36755004084207	0.269825238009687	-0.179803810987789	0.830665564062914	0.481094386313851
0.77810354966641	0.939453715193919	-0.0204189746009759	0.324346431022284	0.671284121961411
0.330668517909126	-0.0109394714416763	0.745306299910921	1.47032039715124	0.612158805352577
0.590143122607203	0.421226833259675	1.14725261062489	0.119765846780143	-0.0238818305886115
0.154634356598395	0.788412276731249	1.33659795563556	0.106192468360573	0.440822722818258
0.419239811778893	0.376741036599515	-0.233121190348527	-0.461163609272109	0.330712135603736
0.195223724395888	-0.032999599694735	0.461451760245219	-0.643316859769779	0.0222289340782147
0.12537040151465	0.38850067016919	0.81196566048725	0.451542908568258	0.223918251256659
0.703932618076271	0.313685010186109	0.522248230667547	-0.0839487701545713	0.325892288240476
0.423765000329022	0.245960619758564	0.264762235204005	1.83096522162291	0.672647617747208
0.130392532589339	-0.241058844570171	0.686583059600403	-1.59890079944005	0.156725807705461
-0.0110012394194632	0.360986393817136	0.444470174264459	0.313958090203221	0.299651985112869
-0.0477489751793817	1.01509893034693	0.0622435718653689	0.45553953934491	0.559824388512982
0.342392757778159	-0.446875617644658	0.566054756911291	-0.00924308819807097	0.30162670528321
0.593814931866049	-0.524781258497953	0.901904687522924	0.344582817772152	0.282034654832986
0.253667838552418	0.759479169022944	0.758416991614252	0.0610125814011421	0.755292243646294
0.865984631651619	0.215144741014105	-0.528985659412216	-0.651009673711725	0.48465725698449
0.0916040676608209	0.121090649778486	0.837703560330281	-0.463225368658	0.210004732157808
0.378998638959846	0.0739964405208074	0.345304936355842	0.0726881248003057	0.349054446147328
0.130270495607183	0.247006264849589	0.0224204208103983	-0.74190463214077	0.878620839009071
-0.393547147551311	-0.454487776869429	-0.181928330515893	0.709175988135312	0.414764151411262
-0.580165436975206	0.162096753512554	0.941386103441948	-1.45528413484293	0.000923755679284044
-0.0303045037819685	0.367012453341517	-0.303931735044324	-0.699461860942519	0.737924227444166
0.524152966779031	0.125683270679888	0.674434304440488	-0.883909313118789	0.335421760237578
-0.358252393090749	-0.835024080330388	-0.278613458659334	-0.481647602274499	0.298653396501065
-0.697940862002493	0.164130047773775	-0.0714578910115802	-1.59672125473149	-0.108449523513101
0.516015075779262	0.288817604599723	0.625521864187143	0.116937846929332	0.293061287892902
0.400179232629596	-0.180074281080422	-0.25162466202205	-1.9272697420007	0.0543704091978659
-0.226692928236584	-0.115672651177617	-0.203175967673611	-0.304057984018226	-0.0204470421795283
0.254134417853623	-0.0951768303412075	-0.221137936493077	-1.62201793504699	0.0543236963910986
0.468782857484457	0.265066765606268	-0.149699192595563	-1.67343999473179	0.412918296787226
-0.415747322077867	-0.0252618181673815	-0.715029835399658	0.41513488266026	0.314024255605517
-0.370319010454633	0.0315834069334107	-0.0999101230279211	-2.03685924551447	-0.421039008732592
0.147232449765278	-0.0200632786946203	-0.00351695062587566	-0.749454079714373	0.140238810899589
0.000564047707506794	0.103259049256209	-0.106863211558841	0.318719998310489	0.457582518538344
0.577501189404523	0.163604146595941	-0.223735466352051	0.662197194938822	-0.0839413624216266
-1.40168553145263	-0.0785114663210777	0.484523373306169	-1.45369645691242	0.00583626867393509
-0.227022343423017	0.310482607729078	0.160388020591794	-0.972071360893935	-0.0551742676787533
1.05609252220526	-0.182563792786515	0.895319201147295	-0.0298209283217594	0.395896725527222
0.0787091585912946	-0.0656945400857839	0.329623921339678	1.49799828258488	0.345608136005602
0.0472059689139627	-0.449881036102983	0.796094191582639	-0.251854473192257	-0.135068953758357
-0.241257594575597	0.140402912926366	0.952378510088866	1.05089101074646	0.0435017108840276
0.366581113124734	0.363580427410926	0.570488862548396	0.0295216935941032	0.545687433273876
-0.142540244557221	0.000682629567190469	-0.208468940451605	0.220327543014692	0.459008645742847
-0.27870557406071	-0.527929392615727	0.42332452861328	0.139279223564859	0.0271654986448192
0.64600911570934	0.309274971603718	0.407238117473848	-0.19642619132633	0.454876863162956
-0.318822244597726	0.0693235991634799	0.652747871731029	0.849746688330622	0.566988914497162
0.137393238785632	-0.0902864500694105	0.327267389475655	-1.03404921842059	-0.215218825853035
-0.210723051698031	0.322499003776707	0.117497252232066	-0.111949031495831	0.0482411220654049
0.953489571761655	-0.195544011381334	0.782750640223537	0.715290039234656	0.678899625645862
-0.678757773699734	-0.548482499751593	-0.529201959256327	-1.33695801156605	-0.110886638000461
0.214270260286339	-0.285684985899971	0.777488371578395	-0.288191757921493	-0.421954043811106
-0.111363195246656	0.35152199445523	0.157719732660751	-0.249760222532949	0.247734771994748
-0.166124358382672	-0.0427050721507036	-0.0669907882153099	-0.134922547622498	0.131243377280934
-0.432221765353047	-0.422099714449125	-0.0127658522243169	-0.31339220759244	-0.0838607181018116
-0.365947410649953	-0.283406220627969	-0.461965205743587	-0.689720530616761	0.128075046780256
0.534780363507499	0.609787955705484	-0.104208505904711	-1.03490286136449	-0.135601140559738
-0.694523277182098	0.0729899672042778	-0.652686517775146	0.266556652728992	-0.226556012797706
-0.200951888524694	-0.492998135703199	-0.348922845361339	-0.226591837545239	-0.53472768122812
0.817801294145279	-0.207829425995055	0.249063232451924	-0.291610161011485	-0.265876095378862
-0.718711797554876	-0.0430640907755885	-0.998306261140334	0.43043236179995	-0.420788766997787
-0.739544028722932	-0.663017286388309	-0.768618888898825	0.349182279993193	-0.711897729981539
0.771777996018159	0.00214952639002185	0.530745128482218	-0.0246505536199905	-0.168310273306121
-0.61742091246202	0.526935220081002	-0.597049951725785	0.0630194559438375	-0.133526430029484
0.0253101285408445	-0.0483803783986865	-0.697891516131471	0.65597107989801	-0.245583533049873
0.162177691658741	-0.350028343946691	0.296313432839898	-0.0825466257120779	-0.404974170202121
0.968066577818892	0.0408940746324201	0.61424229442366	1.06205752892927	-0.0180287857170422
0.203386758251097	-0.0260463082185119	-0.335580825483789	-0.245784572993469	0.00252673750671406
-0.383673091891211	-0.606843847017147	-0.68660492263031	-0.301354244323196	-0.574817264361099
-0.118977900245957	-0.624010240268647	-0.0360634464139644	-0.0244889019292164	-0.667160926277416
0.643320970159256	-0.0480843201375815	0.513536507423337	0.926712427609102	-0.151040835122598
0.142059504325545	0.707646807010193	-0.0537229205684016	-1.09393538859456	-0.418641582760255
-0.356130926490851	-0.574944768049683	-0.68622896591179	0.753702235689111	-0.996701301260604
0.0969029847865811	0.350908319087294	0.824084254619799	0.0786595965602256	-0.408184414577468
0.758025239439521	0.763212917787976	-0.162035528666338	1.15104210914052	-0.341296175647426
0.0630244771806714	-0.052548536221339	0.110372449799645	-0.157796662351448	-0.661510561338539
-0.508062544492289	-0.180423004995817	-0.372437517809028	0.817897533252171	-0.486642667177327
0.0688453433625234	-0.278504723080995	0.151173275211192	-0.513797737599937	-0.0971805716536879
0.391735841248402	-0.249640986095397	-1.03194514832837	0.809326346306182	0.170025823916012
0.303905482062247	-0.383863317143624	-0.350505991398162	-0.71846301434933	-0.129043201055464
-0.377767510931426	-0.020405868794321	-0.0624857036763012	0.755229812818544	0.0622536035735864
-0.62687835268372	0.450286906800582	-1.18187744471871	-0.0165081939878573	-0.200798288212773
-0.0768563990745505	0.268227790010201	-0.662184206614848	-0.678587409372526	-0.503331965418088
-0.436845800514243	-0.144564930277532	-0.551680404123981	0.0758360702465674	-0.0964445271925399
-0.218793024609736	-0.0604982683624215	-0.74754455615771	-0.210962115617436	-0.0655811554447639
0.172656818455161	0.540687120951969	-0.814423349817261	0.107923306919316	0.103421140943819
-0.77852318307628	-0.176625328070836	-0.816669853381249	0.665647057466131	-0.154258278399873
-0.890700855117933	-0.048647223738671	-0.511651991535197	-1.23343983577139	-0.569117418727628
-0.569896657690753	0.46890123328097	-1.30586046531131	-1.09007404308482	-0.219801331525011
0.413927752809551	0.329742336759801	-0.923394183493583	-0.628490811324571	-0.152264463540805
-0.352639509100106	-0.0521084173773417	-0.663535080289193	0.463231079192598	-0.609236562617207
-0.36952328569278	-0.0121516047520288	-0.494792698757936	-0.899614390068365	-0.729034195716023
-0.696090671877433	0.396014933179834	-0.552544791812145	-0.338232585711925	-0.74836837993124
-0.680939715920029	0.912504673775032	-1.12589325780963	0.729035496790994	-0.838378569103404
-0.646270397448856	-0.363662686088729	-1.07843588225487	-0.616405330557989	-0.954385391700259
-0.203777142801281	0.175643067119934	-0.549104324319171	-0.96789945666294	-0.415334727584976
0.206910984250843	0.690269110750358	0.111400528663511	1.06531115500889	-0.286442754052085
0.0690360384973206	0.42118656982528	-0.0938820363285933	0.792143015723325	-0.271423022786696
-0.715412631393569	0.0770873176546474	0.286226981953496	0.00843970556353541	-0.523756458768506
-0.179236902311293	0.540328265778093	0.573988675250434	-0.214084444597644	0.484073436838351
0.499891590348618	1.30685204266397	-0.143824962194938	1.45802811134881	0.324088590282977
0.407335673532859	-0.48652722208081	0.64995205369511	0.0919669501201001	0.0672292689774095
0.128584037601217	-0.104082739114143	0.846485625294123	1.16764002271516	0.00128241513933734
0.0838972130377391	0.743660424270518	0.892905726516807	1.12401848402223	0.55438184781622
0.571382816500801	0.335138830356098	0.333012532349133	0.878308948229175	0.5613868604725
0.677260316051739	-0.584253032152631	0.194439597744802	0.300673908571927	0.322051585714872
-0.0077723054855613	0.0690363278752912	0.543270700646778	1.31777930202795	0.408158409457987
0.361453531965333	0.541353390861658	0.224176293695136	0.833723493453586	0.50769807601498
0.783004955468309	-0.36273275502494	0.874872199684934	1.04329570668494	0.623056480618032
0.490516754548836	-0.354834993893808	0.766551727109222	0.55401017557122	0.310246858799466
0.365335934058491	0.107198083489259	-0.0421886698742912	2.25372764250114	0.211060958715152
0.499887230013065	-0.349068909138021	0.422772267105328	-1.0448407991674	0.805696985864453
0.616104093014203	0.0835781276091759	0.326374240655991	0.850232636910445	0.176560041202087
-0.268453054442377	-0.253463799750055	-0.793402442616278	-0.0467823343935309	-0.074775110845109
0.0117252930721593	-1.11207194715066	0.543805558458685	0.231885360992394	-0.457169273047659
-0.320536127749638	0.284169567913539	0.131972159098839	-0.678224103686578	-0.193585869305654
0.285581730584333	0.500946682646195	-0.239919577670041	1.52802675056211	0.162438831529643
-0.0285315859106096	-0.473304512256902	0.463916939963115	-1.37995441474641	-0.408475113405016
0.779831000229316	-0.40458325120899	0.580313728441745	1.51884224555344	-0.0894450035852793
-0.269822471203569	-0.262806554049634	0.316560306754239	0.881263625767965	0.131809160806158
-0.100530165525829	0.256048442904049	0.046649251536951	0.565869706665281	0.0452222487410095
-0.370096211102944	-1.17556311570534	-0.0763849251917414	-0.0582663355464366	-0.563380584252072
0.720353051056388	0.0552248024547535	-0.084195262172817	-0.0300675262517229	0.330399762370966
0.545870263433393	-0.28387911061317	-0.00364326458665629	0.125684603987724	0.0189442630427056
-0.347269121277822	0.447614586257784	0.117478911617389	-0.793920826441534	-0.141422235309991
-0.57289520863406	-0.760235838815886	-0.216699960163427	0.798753231328792	-0.358509098431386
0.456492277876757	0.218343126155376	0.173354143272936	0.416134322663149	0.38070426601634
0.431391518491842	0.475110030327437	-0.288163340198517	1.61607051325962	0.247887727134993
0.496958431074506	-0.205864497930287	-0.0606560071010771	0.325688993386367	-0.0986086258931516
-0.489540433135158	-0.452891952861918	0.00815982139843956	0.600325657912183	0.0759123810266663
-0.0448389718725684	0.024447760376196	0.298606516642021	-1.58888095939537	0.216927652512101
0.162602440046128	-0.0305355351979963	-0.344979104497897	0.603572466319282	0.236343775969166
0.556977321850868	0.0484004320258642	0.402284187943452	-1.4815001644558	-0.0583639367693643
0.0052019098218566	-0.0807925000923953	0.432612048815032	-0.0915305206289839	-0.510956764227882
-0.645849057202532	0.65146330887367	-0.624930800178914	-0.625983540127854	-0.0376228534396611
0.466682131169927	0.745605534299993	0.0611673059345269	0.309270981807977	0.0286216886093257
-0.0213369109133463	-0.73844494935738	0.0807982126194934	-0.416068240531035	-0.388693241383232
-0.213055471563543	-0.0309779495196879	0.357731949324483	0.120821929787058	0.454089594201819
-0.0183988451877885	0.267960468967938	0.0330966003238887	1.13160688486212	0.691960970145305
1.48370458290618	0.152942301199785	0.880950127071791	1.32571952884329	1.2135606953761
-0.242091681146452	-0.617271406105114	0.878950328919233	0.440024849270214	0.266979496995829
0.560883864041116	0.575257390577593	1.15671582623451	1.93373322504964	1.14223867482945
1.16489272171881	-0.0672750795708511	1.24915010570116	0.991401507570673	1.02457175241563
0.360559055605365	-0.470155232918116	0.244083802664634	0.711568122279731	0.789213143626128
-0.420546445532718	-0.748988513741496	0.241213814479001	1.50745075143077	0.523737718970694
0.63329262151691	-0.321992395861545	0.339354413090317	0.268859039459791	0.902054567434527
0.891310867732574	-0.248234855756037	-0.127545281571574	2.02595972005471	0.667501251669885
-0.652577308408289	-0.19351355970495	0.116646430858627	-0.35868479288831	0.2507707716697
-0.123799713083095	-0.192089134672321	0.300196346039548	0.676655211851303	0.557281504844497
0.635872531478893	0.094371598129308	0.541482245979839	0.279246951790087	0.551591537241054
0.48016077870721	0.0818408479173706	0.257982270095375	0.295063168171779	0.582368670377272
-0.35462982558888	-0.785366972709089	1.00790281731049	0.78721072091818	0.384476679878824
0.712796095022324	0.341834171675652	0.421552616230607	-0.38580998574755	0.96408985064903
1.01901578669679	0.0714536897540152	0.435965888344766	1.90945880948854	0.428428651721722
-0.609786445919163	-0.837072800022279	0.436715687882326	0.552491770992831	0.327414015779543
0.141882066544305	0.132753918606475	-0.0575043971650954	-0.25358121494107	0.807255475806521
0.920650740385414	-0.146235881371902	-0.127239021445072	0.388825802103358	0.380514548968563
-0.631555105909131	-0.404460461172645	-0.174991296646214	0.130596187899859	-0.420329018991107
0.14216581955103	-0.438356485466644	-0.20570958166714	-0.421790090645889	0.434923638247953
0.695005211733662	-0.0923352704923004	0.277317324504441	0.659653018632214	0.0831139345906827
-0.243298063438428	-0.824468631678396	-0.314170661352874	0.521900142636339	-0.0976239372730419
0.0963692484622061	-0.0781432730363854	0.324564689670899	-0.431137382639226	0.0130756166577421
0.13421472563227	-0.16261845916458	-0.252307309409816	0.645602216615282	0.553085921301224
-0.557970109299846	-0.33120013769391	-0.0653972318991894	1.69485070162287	-0.217627707666001
-0.128757358763269	-0.197477163367876	0.040893193298508	-0.366358277396315	0.467049830037543
0.996224507867275	0.409460745831562	0.0899895519549621	0.541386759461833	0.528917756516216
-0.563916618041302	-0.584892077445877	0.0939827908282193	1.40256328908363	0.110388714541486
-0.401994866624739	-0.692431233209393	-0.123140254078728	-1.1847433024254	0.127656517544635
0.396581078369872	-0.364512813261116	-0.107609640032082	-0.451985835668767	0.723818610857089
0.121467749940658	0.693036372347996	0.265668205905714	-0.363401942673895	0.0795774484493771
-0.962580837077712	-0.428004632933598	-0.61787184324677	0.521016180441965	-0.286345301891816
0.545696070286257	-0.0362422967400668	0.66494854582909	1.08806253469285	0.385508302502051
-0.111830222610296	0.429496406266919	0.509037862647892	0.894843741815309	0.626881487761676
0.142777799202084	-0.490408138905266	-0.126833298669006	-0.0917281363656317	0.196812528388612
0.0693137631961238	-0.981282030691084	-0.317164805466715	-0.443876840331479	0.0965343648721552
0.439166639265778	-0.329162896548648	0.107949215608251	-0.126758218381407	0.367322603214887
-0.789265391824324	0.100524430414012	-0.608901411244398	-0.172380141144946	0.114841935962794
-0.191007079197873	-0.586666310987077	-0.917098909766679	-0.243366904863939	0.0940206578276312
0.0698804209679184	-0.867373616794286	-1.46310286969727	0.330899724154312	-0.761638527755915
-0.611327547404761	-0.427247444788162	-0.0109726318779313	-1.00158058520908	-0.673015904492125
-0.140312058849815	0.404862496296074	-0.67750080617954	-0.590938914697561	-0.174979417803554
0.137704594384635	0.289674680344579	-0.87170977888031	-0.207334787723388	-0.359991786805107
0.266744895546408	-0.253201393754986	-0.987495522691629	1.0833721961196	-0.749793682728712
-0.683699759032243	-0.802862363298709	-0.569135538017557	-0.246062515956818	-0.703817758785942
-0.268506830077621	0.114521563348966	-1.06650528500668	0.0146658404940399	-0.213100151650606
0.228226593615546	0.357169882243475	-1.44835261635257	0.261155140327893	-0.222947962484309
0.0674970335900227	-0.261041086434464	-0.133311401623936	0.719599503926172	-0.656807842481118
0.0642631121653813	-0.0111088077855966	-0.713583852414011	-0.48356462446276	-0.263024227782921
-0.783131171309894	-0.0200280922999589	-1.30745426519904	-1.30288978181768	-0.204731059388621
0.485518964940419	-0.14351188264669	-1.19404582124264	-0.112167554121139	-0.282994446985784
-0.246324355645025	-0.905240486223696	-0.531082474433157	0.0716314109862635	-0.327722433643802
-0.100935852913003	-0.182806632876873	-0.454175961777138	-0.589845526748308	-0.517024850119686
0.427126264344615	0.436316185184611	-0.344645416095659	-0.962045766182512	-0.1775708156244
-0.0467325170248598	0.201579101261222	-0.252203828275637	0.656341739502671	-0.853421531660838
-1.1192995138087	-0.56047696129056	-0.480265438823097	0.510674051818802	-1.2900004309991
-0.518065719380523	-0.074286021850144	-0.414052173452615	-1.4679928686449	-0.4292916223411
0.521547623941969	0.620857311447601	0.124441436744389	0.352477776741156	0.21292039899005
-0.0906049253387141	-0.523244285833045	0.314150856845651	-0.46374126149993	0.18217522700982
-0.720864638194895	-0.649009028810689	0.267594878060589	0.52819732560961	-0.232286581239676
0.508637639116532	0.43485023242829	0.166967354886055	-0.0386093724888371	0.303433441621394
0.656667128525058	-0.342403629480659	0.678316406318003	-0.308720761032501	0.394687912895486
0.00123501763126985	-0.564355249619601	0.30364080172567	0.320722931646905	-0.120363739554206
0.705742452575245	0.133987828616565	1.46973604973048	-0.0651123576024039	0.0791066769386411
0.200866610273714	0.650856597035719	0.906334437722798	-0.210634160065193	0.132873607142014
-0.050314410597422	-0.775278184836506	0.0431194183905985	-0.631869456451726	-0.0204241193769638
0.133928289860224	-0.950184419689175	0.3237769629142	-1.05393298958046	-0.461546816448395
0.893797199213735	-0.0167192473047792	1.01124816051101	0.0882114995144499	0.138169087261784
0.12857473364766	0.685536465896383	0.639418557511721	0.795003169568866	0.340689590972664
-0.499945147309678	-0.584019682152645	0.161846959373775	-1.3733481936813	-0.470139436740088
-0.13251337431079	-0.32360502096308	0.276502056803089	-0.71143034820566	-0.613572208018862
0.656769628376348	0.112695328047504	0.996009194895381	-0.343876740704834	-0.141313430305235
0.384452078395477	-0.134246260402	-0.434049300216646	-1.06545175766467	-0.591422847767907
-0.146967942204959	-0.241929065348205	0.39783570020533	-0.532185340010437	-0.84918929931142
-0.254784726564352	0.0851817124469986	0.0607425426691243	0.527341778152696	-0.5309747636995
-0.114073214154073	0.504217505578809	-0.0716458498781369	0.180135084000039	-0.128995017391944
-0.429597579109208	-0.498465227403875	0.0218583740007522	-1.27307052585759	-0.81327295400182
-0.0866907699424069	-0.0409965052808001	0.236920161400277	0.636452339874358	-0.457106519143189
0.576599235240927	0.550320105458821	0.769452015005797	-1.00257462850027	-0.269176008101452
-0.51749091566565	0.777507422819158	0.527091220765637	0.497925834550734	0.0647821083626209
-0.745173293245108	-0.59722640264902	0.515455476831028	-0.783698354185873	-0.371188890036276
0.713652879214236	0.585703593589392	0.756664798888337	-0.0835942902668373	0.386947006723184
0.453217499552512	0.417530416520463	0.106744832036709	0.352157320037628	0.367437076811395
0.146308399212457	-0.0382624288402698	0.177941522183928	-0.428052828876442	0.0124035027373904
-0.314587065189302	-0.365091759353274	0.439876479981403	-0.73652132450235	-0.265421911521986
-0.455065560886693	0.464031536367619	0.623968351578058	-1.30466181933627	0.18193763062772
0.0387215062563026	0.0302874798356172	-0.012939162891785	0.351625511155362	0.11018382587288
-0.0404967801527192	-0.996412271382017	0.607669529031414	-0.666602624933286	-0.116982677941724
0.865471087670588	-0.239381661549111	0.917231083542389	0.818158626352833	-0.487056724875826
-0.236830936215684	0.822164187638913	0.399587032503914	-0.103643727102763	0.216837061112871
0.109476604649011	-0.0993057677395155	-0.040315284158483	-0.272753224889471	-0.0702254902084849
0.067913327310611	-0.584979308704367	0.401362070256814	0.145054700844671	-0.17704768850075
0.448695979249798	0.491385189203615	0.408026365015666	-0.713148585762365	0.193889378651323
0.392728269059347	0.223082327455228	0.678558393466376	-0.351986807907373	0.0533428679444813
-1.29504262887737	-0.428257925484201	-0.187711594342729	-0.235416107718714	-0.301069157735778
-0.353433605455654	-0.298209715351641	0.289485557230737	-0.0668508455253563	0.177339795093765
0.953901479906719	0.857088932000518	0.295908716998356	0.179223399582497	0.37133649499662
-0.87948924560818	-0.661595361971963	0.217928798534981	-0.129187890262169	-0.107306386814803
0.119107083852039	-0.175181020473069	0.201085736982209	-0.173845806082992	0.137277294693095
0.811915093755175	1.01676227563012	0.749637791826395	1.62278106360929	0.358097047326842
-0.154246745447924	0.818977509799278	-0.21728655227088	0.158740665579764	0.3769587615981
-0.489136812146601	-0.183928863647903	-0.0650527949250141	0.0634729540110075	0.0893122577011612
0.854183190517445	0.345027729511304	0.999676194649963	1.2477187500727	0.297783309656548
-0.214942839805647	0.89813899774031	0.352932785640787	0.410004482261152	0.408387342900708
-0.215936635827598	0.00563157959093775	-0.128827908067227	-1.25949479477234	0.243909626338038
0.185488446092755	-0.366530214391455	-0.160064583940983	0.454613604820545	-0.196538837774393
-0.352626202799992	1.20864345170329	0.0301806673531337	-0.838918938178558	0.714355244664561
-0.0917173376625657	0.224337411777144	-0.758905999417678	-0.271687741730796	0.375142584111813
0.472318570953087	-0.578835255888152	0.0570171351849132	-0.2562194694988	0.238126016238395
-0.471958220902635	0.3857735455755	0.697096155020731	0.486171982351577	0.570679048385242
0.333868539905784	0.795467655476651	0.0390137792314767	-0.758775044046905	0.662204495929565
0.572729247185109	0.388598633385612	0.628664067905879	-0.976432416172331	0.40714199557701
-1.04672532735374	-0.304776053733824	-0.0285778826895279	-0.282881921843222	-0.175643531065947
0.0337745306647026	0.437602806836306	-0.0184087059633372	-0.430362819657917	0.292462531697105
0.698073666073565	0.624179706234781	0.146942975547294	-1.18726043311867	0.466678125806226
-0.341056624893535	-0.237349413448685	-0.798670277457075	0.40256135751365	-0.0583028412367399
-0.589882144443036	-0.757717299625834	0.250406744097683	1.14503228362625	-0.0287141495049181
0.49078248633715	0.481681226029045	0.495266667116838	-0.589989069195935	0.183233772361573
-0.169670572284896	0.550161880475922	-0.611873899193482	0.0738027470561974	0.247543416669035
0.616875589805504	-0.119746087681376	0.354329277096391	1.34196661588156	-0.142967209874644
-0.765194046611595	-0.149512224255169	0.000216390806549196	-0.83120921803043	-0.0339070180135093
0.289543885425855	0.641045370773503	0.200632225105032	-0.604004478009444	0.287151479453408
0.492401599677714	0.578251150051611	0.113507401896712	0.521148740610946	0.00403363667063219
-0.900693805194306	-0.0660324711323198	-0.800303205606845	-0.799851774997185	-0.334881884480244
-0.899790735291177	0.170176334632346	-0.212936559474457	-0.444730509424015	0.127583323852891
0.533814036344416	0.509341019613415	0.62072070078135	0.0717359294047847	0.0581947991952684
0.252597981188853	-0.592077122268133	-0.159148493752816	0.116981435931057	-0.357338985401944
-1.25764842694183	-0.248709233415019	-0.398021658351151	0.170048650050188	-0.593786377144827
0.275420295404317	-0.0771164221264956	-0.291869919102811	-0.325668819649165	0.0329482325997879
0.676663860567167	0.506124303072833	0.360471789493233	-0.576816380799853	0.190104894391039
-0.835076818020151	-0.243130656918193	-0.471833277989261	-0.257950824448137	0.0275469919661363
-0.300956571135512	-0.546932111849223	-0.202192019432411	-0.386550565303933	-0.311388509550547
0.236487507103183	0.608624159295628	-0.0325649204302452	1.24020476657323	0.172355927628061
0.31767479321103	-0.11056759860006	0.197981887817772	-0.708986018387074	0.0814598830189052
-0.806710015987342	-0.109902233350986	-0.513581035661562	1.20984134442105	-0.284788537494608
0.169324940221275	-0.144879645689299	-0.112022786536907	0.195758118975383	0.161977485137037
0.554728658045096	0.503260837519048	-0.389904547911395	-0.236906888831378	0.154052257206833
-1.15499573968384	-0.0884797939540498	-0.977607485615319	0.276089896972601	-0.394387029227843
-0.967715544760162	-1.34072839521505	-0.89079444383869	0.511519028076307	-0.499431605922879
0.300553975420127	0.0727336521057032	0.232394075277049	-1.29352029671943	-0.149025959381274
-0.633320032420786	1.12785304885806	-0.405863333824376	0.978684875839733	-0.138092646749486
-0.139106410763009	0.274224075687849	-1.00601262880204	-0.353749477096924	-0.312961579212677
-0.114088809645771	-0.661608524777358	-0.816941497503827	-0.171060794703523	-0.576704950908527
0.658604221380052	0.564520088003511	0.0667529169458478	-0.650834884489554	-0.321844146484742
-0.42403375595954	1.11796780950164	-0.777184810680861	0.15167666164263	-0.0945138820376057
-0.762923668542266	-0.0398391246118711	-1.43291691488545	-0.352135802753553	-0.338602072912663
-0.351522927494149	0.196783195461135	-0.969533564336628	-1.02789918580307	-0.400185836565499
0.539042431821923	0.568236043876305	-0.26745938069859	-0.4123321968125	-0.081207345864316
