-0.219973815682808	0.442102222397384	-0.673377693396291	0.693161414279579	0.0256875648772376
0.713997115489187	-0.208040379555663	-0.931702978126961	-1.17235140014103	-0.148513963326212
-0.525714104480923	-0.161023637486662	-1.67522599846318	1.08451814618443	-1.43430751600039
-0.535118785078701	0.0593122411746033	-1.01066925869598	-2.51165363949596	-0.730600670954794
0.0107499266990032	-0.715482647537115	-0.799676164084759	-1.33387106583713	-1.03276614597566
0.27079195069298	-0.861857017936655	-1.14827092945386	-2.22834279093842	-1.1104689987936
0.0776193181803969	-0.725896497261478	-1.09190688286214	0.834543640964954	-1.04416333078952
-0.41509442893884	-0.427581957464042	-1.25175975066129	-2.53597337454959	-0.989217353936556
0.10922354087019	0.286056759420869	-0.320104521050997	1.27213728540876	-0.0135064880694594
-0.692727570882059	-0.163739556269284	-0.930770197129247	-0.889800613593375	0.173299014667436
0.730824137671781	-0.372967457644424	0.330264960014396	0.46868952726471	0.109233074577863
-0.0172159471884908	-0.81580962629304	-0.63158727201761	0.0798170267212222	-0.124677169603711
-0.198074295959695	-0.687613875218678	-1.13763889523136	0.907485072284946	0.0410506499620069
0.412057059273782	-0.0304310108197905	-0.713442698081121	-1.36023753858858	-0.273839312348971
0.37254229640057	-0.360853465547554	-0.810521231895789	-0.439029635699222	-0.671448026656324
-0.755975783622048	-0.257966209740192	-1.4801559176379	-0.319461706866999	-1.05977474021999
0.729713638693043	-0.422740353601826	-1.30575677783809	-1.796499551321	-0.93109413798282
-0.268589682062826	-0.509309629542664	-0.576804461272316	-0.282728457637565	0.132482379868643
-0.766323274650912	-0.725885676832325	-0.492218993132659	0.0824437705897127	-0.230780501543657
0.367321667129825	-0.813679663245	-0.720529435508486	0.753341192105902	0.100057342713409
-0.675396210494211	0.111724683066535	0.198910742175412	-0.398597680728508	-0.786195060024009
0.290419159053062	-0.873245536712582	0.206640190959832	-1.23024073749065	-0.583095474511611
0.0969012438644646	-0.421360166964464	0.399984986753649	0.715271540730965	-0.559043701811635
-0.147407050924491	0.187195708576245	0.427087409815584	-0.977831114621945	0.286117235807959
-0.766936673149994	-0.246365188445405	0.676153648670795	-0.513484153366725	0.260753647415256
-0.267855767008526	-0.601056856654543	0.642969434642335	1.1058526841003	-0.400574734625996
-0.816943774245823	0.212912878119578	-0.101584064711802	0.770302641836973	0.420420264524598
0.488257243154151	-0.349996069107217	-0.62724359853254	1.16325203915259	-0.51845426752109
-0.287375989201652	-0.536714370878677	-0.572647360626359	-0.319741384038314	-0.226539795086786
-0.537001148166833	0.416251069674458	-0.0712165111669264	1.58550813666792	0.1193891597765
0.0356669504415999	-0.349135228181905	0.0123008694712629	0.921630898282909	-0.333758902384673
-0.0769647812875589	0.265539754257019	-0.359929845701662	-0.34604101623164	0.0169152837904815
-0.779102950659349	-0.344924351766367	-0.437161366439474	-0.553576745510928	-0.445863191340302
-0.749217142442135	-0.200918026771778	-0.592118080413016	0.833703253049197	0.424079857477547
-0.0500850543536978	0.627371921707622	0.552878687154348	0.22361986593876	0.0615711796486222
0.0205790648750668	-0.111943871113955	-0.276313396800661	0.0155494764397608	0.00340379047159567
-0.375506363294267	0.0577633754017229	0.517026875580705	1.19596949470921	0.464343894355955
-0.067834603083445	0.501004361221592	0.837241050239449	1.27416713180723	0.268990065535328
0.165536574730631	0.933286718349855	0.67866169624254	0.72309778385227	0.31120377711892
-0.312893083739816	0.758628446825969	1.24612504846449	0.443721255140465	0.573106542310189
-0.141797501485991	-0.194222674849857	0.832220898117218	0.63416974806418	0.371532408533191
0.541436254396699	-0.032556688336675	0.731976048170986	0.289197449744326	-0.183242089440028
0.448189300553763	0.518198606813029	0.861179678650118	-0.456955773693156	1.27745014930481
-0.0386311008261117	0.169430516648357	-0.416316755167851	0.842650480878158	0.525122310020807
0.987549125486446	0.329636666614249	0.952647826836881	0.92716623712089	2.03562977619972
-0.0576774926227963	0.299429257204366	0.917590576806972	0.277911170692088	0.166140037071358
0.718102567020764	0.0661328669291551	1.35443277519404	-0.954914328739383	1.06729035822442
0.506681484867067	0.597738576317761	0.864913251872246	0.975795976135207	0.135168112194128
0.315962042866975	0.663415011277178	1.24421323501597	-1.52840683231069	0.498866889504319
0.467585460536442	0.100760552945973	1.38691332762719	1.23189203001938	0.593047766560184
-0.136856402454805	0.381042171275139	0.508297268883102	1.06563734720623	0.0873565372431894
0.106347433354208	0.11220413188753	0.447022802738484	-0.0054633602781969	-0.0558336673028321
0.537790428435078	-0.0411049066183313	0.077895624434491	1.08458332022956	-0.0838653800356598
0.853804782119111	0.116438972281789	-0.421406184663663	-0.44029506058313	-0.913146293343155
0.59103409691162	0.170229907160691	-0.301890259046009	0.937410118282345	-0.534666148916817
-0.426509884427855	0.396876136330795	-0.388796282244067	2.30800078001808	-1.19815601460332
0.92434480892603	-0.392624980410216	-0.670999956412873	-0.834913625607605	-1.35800223031652
0.171244167638366	0.296769694882837	-0.377027381158741	0.712791262954947	-0.871402908395901
0.363658705452915	-0.411589606925842	-1.03532694854794	0.0386848804127957	-0.844475625704575
0.338428137273122	0.498379770915832	-1.06763693605807	0.405750178219609	-0.792808928611879
0.595087904536738	-0.694637895259117	-0.162743498716323	-0.535970238245852	-0.660595481977032
-0.478368905327981	-0.182344887458261	-0.876239533140403	0.102681640764956	-0.836619767906826
0.643063532115981	-0.557485625494494	-1.02290642598319	-2.38725402284636	-0.970969318269001
-0.323807775680163	-0.225470032023777	-1.47692605719763	0.999735037600704	-1.63658753101588
-0.0396429541659083	0.426216243104076	-0.428442583280279	0.470623437664616	-0.571289420903224
0.0494270715852356	-0.913654230219259	-1.38239820399721	0.34304160028685	-2.02782850000699
-0.0386822663495278	-0.241217224653701	-0.837960260699939	-0.687747651402826	-1.66069253433461
0.599777911036507	0.0692694505253486	-0.541955693511378	-0.376519800724272	-1.36074203445133
-0.157209845924256	-0.281131534934658	-0.903036187251363	-1.23202161287276	-0.704730285024211
0.504393339367473	-0.24712033594498	-0.579610055675684	-0.130331598747051	0.309444881963205
-0.0863483763048338	0.00917725648595427	0.600317870170731	0.350107575759373	0.160467536765654
-0.635526103353835	0.454200763477645	0.0569339775071691	0.105025935040196	0.450803246301391
0.485734090425182	-0.200075619853222	0.403445426617164	-2.68317241587778	0.447500127214671
-0.491783040578829	-0.141814678319426	-0.353121517610371	-0.952946390156134	0.456762089583431
-0.0502461445105045	0.620510939142955	0.0435452310068139	-0.863686062631365	0.80210409933881
0.189988691038204	0.0885555869070763	1.0202536996373	0.382674171658697	1.32074246190078
-0.201562739289781	-0.469986579414478	0.663017435129707	0.581480910556865	1.19154745128957
0.0617506867425865	0.486668624329558	0.501445957485952	0.45910495654311	0.799444382462406
-0.568902559413869	0.0239815284600741	1.28654913388093	-0.148050312473551	1.01599955047954
-0.28044003238549	-0.134484759066705	1.55354540389838	1.24360682585675	0.251967646931775
0.0115998707855569	0.264318874991652	1.04967132275065	0.594182960728166	1.38015882974005
0.253645590555377	-0.117757766993925	1.4786399883363	0.064353590307917	1.39315329337407
-0.280480947407597	0.210035487721789	0.782140727182505	0.866182711084339	0.378520824706329
0.166006900849692	-0.193520498033064	0.144975880161533	-0.439410543056632	0.587490646218179
-0.0569371834206512	0.506069649790553	0.483893726728659	0.577141341068652	0.947502818111401
-0.314332046377754	0.0707986616865865	0.107793384019421	0.638766800040676	0.961103542852171
0.542360660577264	0.52881318310136	1.04298029877723	1.13559592619444	1.08321046476431
0.247291040455623	0.500651862478301	0.980845741521128	-1.10348224037727	0.574800704770761
-0.419387769436307	0.379958886650776	1.31066808601766	-1.00550305812308	0.61516999119122
-0.381736265153168	0.123992882602788	1.16185628735467	-0.151082187095875	1.09209806799409
-0.456381482741266	0.777376250516904	0.901597527065075	0.382121603945061	0.363889744048329
0.165025280430857	0.942682467284531	0.626599965679056	0.0977081894987896	0.790819812835446
-0.052701026939359	0.207394325028238	0.692266196830255	-0.479554099966732	0.778164258808654
0.168000763970719	0.263790569383325	0.142625659098024	0.0194364892032326	-0.149769949191877
0.25360896647984	0.603613773949817	0.557398196199783	0.964477796743025	0.34873425767525
-0.436136594423642	0.590833222759876	-0.450857870238836	0.00311376587526888	-0.157670067092646
0.33413147253277	0.561739195422837	0.321235549266264	-1.12852234182351	0.556081235895068
0.405448587285435	0.942676440627647	0.934996081175321	1.23972260671684	0.988979371187504
-0.479265093828977	0.469385381164873	0.896889225322883	0.0550421365192957	0.889148505544772
1.44190021403824	0.0943812660282328	1.49663582418648	0.587469349256409	1.58004702929105
-0.355888487197759	0.580573853641457	1.1510284555263	0.169562996330264	1.37172131196296
0.677943644413488	0.294015276985328	1.21472565367847	-0.986254163481129	1.56340062931067
-0.0644881096966307	0.555088271411239	0.893124757126884	-0.159287590232439	0.80394592302295
0.0244920736086267	-0.0873483613465078	0.748339429738761	0.532160649319685	0.254928054018594
0.776542239851969	0.0553994251412581	0.155030142223572	-0.114849579936406	-0.175042646220091
0.108817443284559	0.564237837937995	-0.605308944914552	1.50059394814591	-0.586484122993036
-0.405379966003309	0.124566095392254	-0.207503577192434	-0.350974541096854	-0.141071140714478
0.0695216701669417	-0.847852691008364	-0.239659036351648	-0.015618146088829	-0.957477820902214
-0.61338917368544	-0.181423301166923	-1.0318706216431	-1.42941656148491	-1.33915265134011
1.0953867589084	-0.15366203765103	-1.33326611519309	0.593412066900811	-0.942254885249554
0.383667557304077	0.0226856974971006	-0.781069340999769	-1.15076975148597	-0.378205301049014
0.0849746445587814	-0.100283298014756	-0.686012673202074	0.449041619614788	-1.53665712319308
0.146051228611195	0.121135097575425	-0.95976255351261	0.270933215164396	-0.308455641143902
-0.0866115325827112	0.0415436948715027	-0.712302345640489	-2.11275395576879	-1.39887939726887
0.3359580250914	0.145179440879693	-0.715669263162612	-1.21058716687959	0.175019040405386
-0.870273541461884	-0.34421662919826	-0.432229168732223	0.0654966494751301	-1.0960705338343
0.675226630699245	-0.316556428727224	-0.995603640812063	-0.461145627851436	-0.541347480561452
-0.386130766941169	-0.25349505660165	-0.880339593629002	1.30424400245219	-0.190091547139225
0.484718147595942	-0.628985675102923	-0.84341799303377	0.530973331781097	-0.755383131225387
0.113853093558513	0.226317083374848	-1.73547947702014	-0.598412587367198	-0.673008969943407
-0.261677089558209	0.39674504841159	-0.533718690314435	-0.0800650371435237	-0.400344397872217
-0.307564768335962	-0.683428311633528	-0.943163979949186	1.0427670388003	-0.648353713738142
0.6136114503016	0.281625337856213	-0.338492238594717	-0.421827209670073	-0.100926401134629
-0.105062177845442	-0.435371424271448	-0.533954647306122	-0.177732764340573	-0.688843441346233
-0.839728197083056	0.147360166085875	-0.213819409634168	-0.785042718763654	0.10076997958514
-0.570360249091749	0.623523667603393	-0.0431688341287304	-0.118299674539968	0.360539266662393
-0.174493532184002	0.0960584482460046	0.820159517852459	1.86122231702584	0.385793770408607
-0.540699831790324	-0.232836324251761	0.362518034972879	-1.94016265038139	0.283333358096723
-0.222356974991999	-0.42253633397341	0.569542053434595	0.948644081627058	0.554036746956551
-0.468817964493148	0.111702681812113	0.754996491539224	-0.68592989106922	0.904719354519473
-0.643913748903878	-0.0319907287676229	0.717029401072754	-0.325934041831517	1.08128579045304
-0.724693380434705	-0.335842945081018	0.760653631698907	-0.372468918344979	0.337822199986797
-0.299028514963886	0.35270814495022	0.740606492107532	3.07424835778559	1.38373360730386
0.047983733387607	0.0855655657689145	0.873693389149231	-0.540728034127853	1.06681263260612
-0.372822157532931	-0.621664353876658	0.734024135361725	0.604706728537398	1.12824045158907
-0.284063997077083	-0.199773593810511	0.317467869007522	1.57200192730267	0.310787196329545
-0.149899326184028	-0.33720581582986	0.463394612080733	-1.13298057279398	0.451636600176085
-0.733394070865679	0.0519785502664464	0.975084439415506	0.0638885790675399	0.519288843432167
-0.273182836207166	-0.0152364054366549	0.476461543756342	0.286024403659744	0.224416436237048
-0.560932662589718	-0.213087749157237	0.764037082546917	-0.275927720141176	0.289393265643137
0.119475099058981	-0.0452314199916217	1.05584031289199	-0.292925409698977	0.0861540764444798
-0.24231203221355	-0.632901053945707	0.0733817036501674	1.16074386374667	-0.584574727109725
-0.736336266545416	-0.596609642699974	0.196460236194034	-0.173826756608145	0.688423358726233
-0.152175145832201	0.591158612809644	0.329309177282572	1.27849373782977	0.135990935563294
-0.419258193942255	-0.237095781118996	0.258680764385556	-1.61880487407106	0.985169783365632
0.0950685081594562	-0.221762848829661	1.03683484007152	2.00027831802384	0.473678999960147
-0.265240582744657	-0.169684178895685	1.10759475972292	0.726299769835356	-0.141745681565683
0.392960614930554	-0.151624502346753	0.735974981083941	-0.852112464695313	-0.107074848338428
-0.288867244485724	0.164296337987181	-0.262327851283639	-3.40022134219003	0.826430674925592
0.524519512281782	-0.295587686310602	0.244559800496305	0.620429481034618	0.208368760586059
-0.723406237186947	-0.13256213342528	0.624084453164748	-0.806372192903601	-0.0318257184332933
0.962354426134967	-0.0800541594688005	0.0259112863220431	-1.05033670036128	0.442885682680307
-0.342973914040505	0.142002088082987	0.371344605279659	-0.961366248443648	0.191076669977463
0.473749673914565	1.07902138425362	0.297087259320483	-0.0126214880389248	1.02002258101783
0.518652024591194	-0.305183333125592	1.12868918208859	0.560020408279587	1.18944258926698
-0.52227037425906	0.942309943482537	0.503356571943898	0.0678403247164088	0.755960142694486
0.682032490106757	0.387791756118037	0.400622208131908	-0.0934007862489309	0.80976866671325
0.893480327110814	0.558231234918619	0.409398139699963	0.810041578303407	-0.166105046890273
-0.195916528409428	-0.0199688715217496	0.138908590635785	0.142359439139766	-0.290485050669723
-0.0702159685332711	-0.48114508478591	-0.506763791123144	-1.08735347582965	-0.203630813773265
0.418889800222765	-0.153983934904292	-0.582812962131655	-0.8998024323963	-0.198150165477572
-0.231080308695166	-0.201613058029731	-1.5635271539966	-0.189773015571931	-1.1641254794005
0.352653750320927	0.228616530873896	-1.23481730772722	-0.326296097430621	-0.873720015587635
0.738978805510504	-0.187606548433153	-0.693859845178983	-1.83565221265753	-0.926991818880037
-0.435310274841294	-0.614110391531913	-0.434423106248862	-0.808812182352353	-1.13505458760456
0.888894134556623	-0.627822287442545	-1.44835325139537	-0.45672078910639	-0.832692323714994
0.253233866116589	-0.0828962069156224	-0.751468701060121	0.262359388281663	-1.86354909403391
0.66347447408593	0.318049843601325	-1.04577781535061	-0.588590364642843	-0.514795428061952
0.245108013133421	0.0500731286563253	0.163418673492448	-0.0500579157648852	-0.420718682157785
-0.0724078072579159	-0.414768751996348	-0.80953837673583	-0.153740328570652	-1.09030764943654
0.631398606794968	0.182646398699636	-0.271669006720102	0.183772079501956	-0.464258772771389
-0.323766026732085	0.269512146819793	-0.997710458003516	-0.523806791247373	-0.64919074566007
0.405515042671813	0.0747566082923522	-0.901013463556846	0.621154131314188	-0.387298246835133
0.2088903988516	0.502733388228109	-0.938338917881538	1.87155793172142	-0.223475509482907
-1.07813149388778	-0.709517252619183	-1.05145392883202	-0.444125944354417	-1.22954932023723
0.784706241896488	-0.281791038780221	-0.501746841584006	0.287950886123233	-0.165819668706513
-0.826198252197764	0.13403880118701	-0.763752545503575	0.261643714933958	-0.878196779901534
0.165838243573512	-0.154387779869388	-0.455621778454129	-1.40610602230323	0.110168805544675
-0.891419767846712	0.368662980832452	-0.00247643971965732	0.944689398760882	0.549833718037176
-0.62462801037178	0.0216283783223748	-0.216184962326726	-0.510721773985078	-0.118338706844561
-0.336859455138738	-0.407352661097028	-0.0813724114562377	-0.938897951642074	-0.801233237506342
0.107897534640846	-0.182855614932763	0.394365033616739	0.272406806482074	0.488246348847783
-0.835346176607884	0.186192076368605	0.022055548355804	-0.308362753958305	0.917614240645093
-0.347145094838475	-0.260627228608596	0.652855133425638	0.154929803482186	0.493334793342886
-0.811918009956286	0.519353612677432	0.400176779483615	-0.314089273927751	0.959086483944063
-0.629376918194282	0.115026260758459	0.850130492293055	-0.364869793080663	0.655818162570331
0.221157177145908	0.249298111466587	0.128316939152886	0.486079337952185	0.946593149953192
-0.106251972681195	1.06638742697502	1.34772583114117	-0.79669114276296	1.52975616133639
-0.575405983646449	0.285754738367094	1.5314404412477	1.91823039271053	1.13921276023677
0.0997265099833677	0.237057099926168	1.18802787785097	0.277577130579072	0.518083460155331
0.473816884635245	0.308929549145133	1.03085436322661	1.72044500929749	1.39794346577106
0.552367712162991	0.27958701505037	1.49238302704766	0.814405495646646	0.824591092843758
-0.101126844777282	0.953942791190253	1.43772262243746	0.509067741020571	1.60019861841341
-0.476972367886644	0.764450816727324	2.03982068272626	0.796757297414244	1.62977368751444
-0.659643433517365	0.323290523457531	1.04175326624423	1.39598246590349	1.2695867061145
0.123688830948456	0.5030731525056	0.986076815764363	0.526488727323127	0.703134630990532
-0.0530959354865697	0.678780606714595	0.895818968605807	-0.261560342303859	0.622248038980508
-0.0816820089969462	0.383831991828866	1.07073423541171	-0.0418282700898357	1.94406324665384
-1.02044706199122	0.614520472364795	1.33621663874285	0.919470235303297	0.664074021085401
-0.129760528425704	0.200214976914922	0.989945066919469	-0.172048929277801	1.04576296352274
0.0211086170669468	0.192847334074093	0.864372098485194	0.271914562889197	1.24631257711669
-0.468172938477254	0.643123803418993	-0.0207249468995763	0.52176837838544	0.558346151736278
0.86522305078855	0.176731349055688	0.434023881755598	0.607939912341685	1.21447724954144
-0.261230043452335	0.302341821868132	0.621941787406058	-0.884394391602011	0.222542160420355
0.898495776143962	0.0394292569674748	0.865602958999102	0.408387348646273	0.843407294245952
0.270258172169647	0.207375021716336	0.473350609085387	-1.52170644566156	0.0754349380736073
0.666202650667854	0.510342816274113	0.881069603811743	-0.377132582247048	1.59243195920844
0.646947157079406	0.784525043642754	1.94312768053111	0.204480440631308	0.543782497156185
0.892829951533957	0.443783475838582	0.309362543712722	-0.59165903683063	0.239057770683108
0.407372228363639	0.0212553087492331	-0.297780157529626	0.101401553581803	-0.110860243274985
-0.163380015664211	0.591211792232296	0.122176626576791	-0.114882476168472	0.600972861925435
0.642416038081479	0.126084774479925	-0.294653539955747	1.27572594895962	-0.278621406247835
0.307299073629645	0.202934588953268	-0.947816923821014	1.06170380091755	-1.07404676657011
-0.184935148112148	-0.574952991577865	-0.62884372032579	-1.69601191882668	-1.10316781423296
0.958214970154464	0.242558846834265	-1.37753683351911	-1.38626551003177	-1.43512094283908
0.0623311473598061	0.104558867458538	-0.859535762184186	0.144454715590325	-0.00787072171201704
-0.935908372692043	-0.158136630219992	-1.07443109406607	-1.85720102801874	-1.53547832229975
0.375135718540142	-0.262020318510161	-1.31953227721595	-0.725469042115553	-1.24284081941884
0.0761807431366632	-0.343276279891557	-1.08774512869233	-0.272327494481541	-0.848131856393908
-0.302845183803248	-0.171045740647359	-1.66684499741661	0.442628667405689	-1.57142167883551
0.330331542653434	0.0888831190217984	-1.56375872323997	-0.0431561660254355	-0.579851945121244
-0.161236627842353	-0.208714939725796	-1.28863664201547	0.0469304131686439	-0.829902167641357
-0.365735857462913	-0.577813245410172	-1.40412264287472	-0.903928255215051	-0.972182316589499
0.12977493207282	0.812236069396413	-1.70182258881401	-0.12325428671997	-0.385004638992734
0.0809173480523148	-0.287827448742091	-1.57121285232024	0.130821558041536	-1.07780137709868
0.13771152527319	-0.720981702787156	-1.78821886276927	0.25999033555938	0.109887986408175
-1.39839039280464	0.119487971088373	-1.84976984681773	-0.514905809666378	-0.870911927639848
-0.167881562412375	-0.494200384241291	-1.58551582087725	-1.17602892268298	-0.548151676648132
-0.737419802541111	-0.353788587921906	-1.43081534909044	-0.944698184262807	-0.711709162788877
-0.0990244327868472	-0.100035457562525	-0.531939783738367	0.0434931090084158	0.297690507370463
-0.756592284249917	-0.451292628001841	-0.454871782687713	0.908996552437823	-0.263041716528628
0.226016258068993	-0.26431881324435	-0.0852649368732048	-1.04717424972857	-0.0570070629996723
-0.47619133375678	-0.474599195589342	0.576355835434227	-0.168135310670209	-0.223140033374178
0.327140860873455	-0.163683138848628	-0.0541251585971642	0.0400019529316545	0.0923247458634316
0.0454234162951354	-0.763690418687221	0.0553211259344798	1.28679049611219	0.102473463662485
0.136799067872953	0.0862085582946126	0.207146390493303	0.24731063588297	-0.163046873425956
-1.02286263573422	-0.703943534282984	0.203136190422468	1.42956701195918	-0.173873857023038
-0.0575208053572367	-0.165700541574074	-0.0150802199074576	-0.214739565486248	0.505869188934169
0.729795436441747	-0.0677117505155714	0.127177528626368	0.715033613743999	-0.395684376187545
-0.508993790364912	0.0118735248480802	0.0909278772033763	-1.61766788386076	-0.138121971331836
0.385374464005434	-0.944557500887689	-0.335556403081436	0.320456284797935	-0.548949396881105
-0.306814249024108	-0.980306782033934	-0.451541108473726	1.76154736439279	-0.416214490044145
0.0595317651303884	-0.271456490449799	-0.543964918771019	-2.42210561038206	0.045480792660412
-0.458963359506738	-0.321001232499695	-0.151083770509081	0.374216093180332	-0.0419619459491314
-0.288143848313969	-0.313564653389357	0.359329430927882	0.0884319061767035	0.364145695916902
-0.10028978474164	-0.0225376316993184	0.2092911868851	0.199514755194565	-0.4276400450488
0.767833198161591	-0.230680131349369	0.360841681232509	0.266780535092743	0.254454474525933
-0.179902706051468	-0.201669536411926	0.588593414700284	-1.47431477364476	-0.18793265448611
0.170572026590676	0.121723752562575	0.0587173213974921	-0.3715680869226	-0.0460750599806053
-0.165370263778579	-0.674551326215327	0.575396880399192	-0.804255728994312	-0.22146205619238
0.64867776433264	-0.494149390186557	0.71615516478909	0.780076244352079	-0.411034729838638
0.0892134815203203	-0.158717569732591	1.06718153947095	0.535851629663412	-0.275079965514818
0.412207158010527	0.201852572356813	0.536590110885169	0.0735344622350842	0.0046230569643727
-0.0662401272242974	-0.496511418824472	0.948464986742349	1.16631452665683	0.533922934519213
-0.247120708840641	0.0274351314078845	1.00664020145899	-0.832415888241656	0.0720171988103772
-0.190228836587245	-0.0717475270643937	0.86385311286174	1.04800862599058	-0.0687998357935305
0.965090091510399	-0.0506299811460882	0.873941596110973	-0.942996766465599	0.129412258361694
-0.0276663228557989	-0.169400381999461	0.792026372942796	-0.590119763146164	-0.218042694319318
0.866175909803624	0.934639750084307	1.59109520556872	0.807084250460052	0.625158447048912
0.146105401233971	0.143859499489368	1.47769734026856	0.507524609100661	0.549588046378257
0.29992487121094	-0.431159892726108	0.796070805569135	0.187194039955092	0.329440148075633
1.06141262441723	-0.0327813643902488	1.16056308162401	-0.0862305591707442	-0.284530677369914
-0.183229734534204	0.0748640303420579	-0.345128466914406	0.307375211206413	0.366559624970521
-0.141897153492619	0.40648186513066	0.257251004207156	0.500289986241298	-0.0306453975580979
-0.478803814102655	-0.194561658090251	-0.456559432555604	0.648438559893186	-0.473842733387252
0.518054132416124	0.155210295888241	-0.195465719817019	0.149776374768571	-0.618848726430938
0.545039892068875	-0.127759437244939	-1.1052399829644	0.256744130211447	-0.521195841837497
0.201641525730168	-0.218568040833028	-1.26769191395239	0.871829963622619	-0.433340306795565
0.0635099767774207	0.716764487131597	-0.563917627053496	-0.558612617863293	-0.511552433410286
0.011840606824619	-0.534151675707461	-0.982371038036265	1.55641274462686	-0.711428946194902
0.193367616384827	-0.0747818256572211	-1.45666224502821	-0.0420809605307299	-0.755754638602625
0.403642065774694	0.00477192265670438	-1.20916480098144	0.761196241737901	-1.02041530744378
-0.0295435926764862	-0.234408184095054	-0.984862528547578	-1.27379465959694	-0.80530290503775
-0.670274040785243	-0.147516757434629	-1.39903105669329	0.386114541837533	-1.13219471150445
2.31420817969674	0.621887322380602	0.350141658919893	4.48974287871544	-2.56165055749441
0.519518437174331	-1.38287763318132	0.395903775978114	-0.856369677981883	-3.27373382154124
1.75884261080281	-0.836714498145845	0.617028048211793	-0.710936400695907	-0.354269283248636
0.555769719557962	-0.753502612867102	0.073261348693952	0.450212746369335	-2.4827107446328
1.24448840215768	-0.603722549128837	-0.275404796930152	0.521719291320323	-1.37169918357047
0.405123593481571	-1.17029084728603	-0.443133755825128	-0.440212541072744	-1.57275870344528
-0.13451112163212	-1.37650871550518	-0.458001053301215	-0.776689357623903	-1.62500724476991
0.196127156850376	-0.735998269214921	-0.709160918647875	0.173271103260043	-0.307104401814601
0.402232442914387	-1.45877333080228	-1.38587732624263	-0.0813280273220114	-1.53972044202707
0.207812128693826	-0.860191346528713	-1.5273979084083	-0.749670546868425	-0.812245950179934
0.130320857168018	-0.125967961081961	-1.34175064708659	0.217617194173107	-1.5907449895701
-0.227336770435907	-0.598101297739594	-0.546314576642746	-0.0628590463223243	-1.67848724283919
0.660662585638173	-0.849512875190085	-1.2859311504651	-1.04115466760195	-1.48182584573556
-0.392620463641295	-0.167856681298999	-0.579862013260653	0.748390744698939	0.159388989020194
-0.0787306528666963	0.411935486524058	-0.693682344691654	-1.27904948171378	0.456554607911577
-0.40773294111169	0.586472908506479	-0.487615911769071	0.640412658922933	0.0553960324585131
0.188252499769305	0.062995012267901	-0.517001343269782	1.00161313297428	0.121037611203043
0.115920405976384	0.605070573192285	0.0506311938080372	0.943311398517038	1.00950267818847
-0.0670886889419481	0.100587887995022	0.587741140863759	-0.113225711740342	1.10424638303451
-0.474439573426324	0.194253331322236	0.0605865298832887	-0.614493221797941	1.00233662880087
-0.715419389212364	-0.245348866327225	0.271888173952766	1.3700854768288	1.2447084397623
-0.544936595722877	0.314535937448367	0.41919412421303	0.812869402925244	0.518617976088999
-0.105459663743341	-0.468760231562398	0.33165661903381	0.0459928099737516	1.30241258572602
-0.318298413552379	-0.320329046887295	-0.408931258378096	-1.42193720077534	0.694775196396982
-0.865230772605047	0.093057976213817	-0.442591440497962	-0.711162394280316	0.858742706603016
-0.771935689181387	-0.224251362737664	-0.369145513195809	-0.00763300507039367	1.22776078694126
-0.318780567903993	0.508363198106671	-0.203703030041215	-0.933552012370533	0.821889361599576
-0.0977719196785208	0.19739158675121	0.232947192610899	0.574457661771733	0.748878978785037
0.0568973006750514	0.665327280785721	0.448846106361863	0.989005313758681	1.03121167442543
-0.376612663109891	-0.0982404437931472	0.256916777962869	0.0209580894369195	0.532312115208247
-0.172956756910289	0.413222565072221	0.233780420935278	-0.236534339743588	0.70603496357955
-0.694040423358012	-0.0788995097546	1.07631210318992	-0.351796926440359	0.426124886419335
0.208719309729508	0.800810586993221	0.0665761151846035	2.13417624865787	0.376374387242726
-0.0154938131957542	-0.211593311711	0.0637251797582798	-1.19413255382022	0.439396161397276
-0.625178077896659	-0.0495323244946199	0.101972206147933	0.187023596892862	0.0732645566947967
-0.392334156193775	0.210620953011817	1.1913058655896	-1.88979217163077	0.747006156009007
-0.901489488324129	0.245068569894184	0.0203405079470867	-0.509571513890164	0.372730769631584
-0.964106611904211	0.385611960486496	-0.036976364695153	1.72810437758023	0.29365370175247
0.420071353640134	-0.426542775237932	-0.185772451882211	-0.138633835966393	0.793461312306428
0.302998688601562	0.975781009539154	0.506066562592361	-0.31270939741092	0.747489273071753
0.300403463274129	0.264094739277403	-0.0190698363855437	0.614100609424092	0.333736201238008
-0.193883458290063	-0.472536062186008	-0.053807263439715	0.468740175887283	-0.00339348027985812
-0.0393427166120232	-0.318539847638885	0.568476486988237	-0.940785353064475	0.663624266798431
0.362833746086172	-0.103265653952337	0.969594651683675	0.389297021445535	-0.231246903467747
0.138145208927248	0.214177850935589	1.43599238218883	-1.10089841868801	0.288673539149069
-0.180813986364576	1.01176420973464	0.796130108389071	-0.897783136755423	0.0115141158959819
0.0114117024020442	0.697677161319659	1.41693802301872	-0.424669173607048	0.764844546488404
0.11082309615806	0.440837925350825	1.36559419457173	-0.0836036249716646	0.565038919379096
-0.208083219744113	0.876495978545803	0.914445949083507	1.0281147911764	0.106371571542401
-0.354711317694313	1.10730066242443	1.06219136574655	-1.15681245517495	0.358680898348654
-0.173199663950023	0.0536017734190855	0.343659649516061	0.271109723684471	1.06734794718773
-0.120831932994331	-0.292152408316351	-0.519721468260428	0.390703635173599	0.202301604626225
-0.127834241229486	0.328952552470895	-0.395010926705368	-0.809710176417393	0.503237147605927
0.872428364466242	-0.383282810011336	-0.618875102396563	-1.08939479695847	0.0870161936475384
-0.662781391065357	-0.34982568385783	-1.07850109455175	0.0711994038121147	-0.495259276127191
-0.221299393158391	0.424511265560504	-0.343833137610432	-0.225646879372383	-0.223949550624579
-0.0809534588979794	0.0964919195471548	-1.11550464640874	-0.943702044226461	-1.04984005132489
-0.0650486774949869	-0.261860975817439	-1.60127455283238	-2.58442917682102	-0.644506148472677
-0.403650611448556	0.382867184791954	-1.20211318215631	0.865685743464292	0.0637915444427559
0.744019352653108	0.331628777099413	-0.87675700302528	0.70270792603014	-0.295549880298279
0.287130720642471	-0.305599476220769	-1.30404308429806	-0.555822011729385	-0.113830308401173
-0.171030764027351	0.216188531668456	-1.15310164426531	-1.55994030643867	-0.291206773335044
-0.00971085069029866	0.0339194732589892	-0.583247937822473	0.01118778172581	-0.9361127449521
-0.26423115785159	0.148639897972443	-0.725351032597278	0.325055243691901	-1.06488844937897
0.05319192049778	0.0568156119276281	-0.495216223154391	-0.640362563310005	-0.707060661746479
0.192729296724703	-0.111270166130755	-1.00408099338596	-0.583927044986752	-1.50960411467164
-0.637224863868874	-0.211954963700081	-1.24323213348173	-1.55271787022506	-1.38360199434057
0.0421438651435022	-0.398914038689203	-0.746353609786941	-0.110085243599692	-1.20435130593724
-0.487131453152087	0.212861556624822	-1.4145630193722	0.371639271734894	-0.808823379461341
-0.474355789522904	-0.144214752106419	-0.0674055824110786	-0.793994766451855	-0.546710699362943
0.462172771413407	-0.0177187373303644	-0.863442562700652	-0.574633678768559	0.550683297021801
-0.380756173424736	0.152645848730052	0.441760525584102	0.918824661832139	-0.123220137422085
-0.178304860535727	0.0642531346134988	0.759872172178662	0.217176793271418	0.933546570620625
-0.431931855443706	-0.244604765658851	0.722182310395131	-0.6061086609578	0.212465036435787
-0.575035969559581	0.647521215409177	0.092278740152433	0.161193758546196	0.410045385674665
-0.0545070695470664	-0.330404309980917	0.464478502547334	-1.66129253255091	0.262952885766988
-0.281272138086684	-0.627339216448048	0.138453986678529	1.15705084437731	0.108457543248283
-0.627666058592222	-0.25320722561562	-0.569834945634439	-0.233397706587034	0.0737110752875614
-0.438764071021016	0.281855980503946	0.264425539385609	1.10653972016471	0.289268711854814
-0.0110936320602908	-0.222632234083634	-0.597412036828185	0.545259532897402	0.477754720597209
-0.0985670444494463	0.294851884129103	-0.0044738866776709	0.0867101927207465	1.00574236356065
0.74503211851602	-0.0233089280152796	-0.322343232450875	0.693050541758573	0.601809949108991
-0.691202011281019	0.203651212201165	-0.115166481513653	1.88950501519089	-0.371839638618805
-0.331423955457486	-0.105583687430157	0.590791598307091	-1.45393340790353	0.568345140674795
0.340914810386103	0.116357451351782	0.141604067572131	1.77170760507151	-0.0622043526631274
-0.521723530488279	-0.0373620021168964	0.666439602995709	0.361100967543513	0.521171042199643
-0.130143085366104	-0.556552538965058	0.824950926124998	-0.509946824734195	0.493963779699453
-0.510860071410398	0.120972180176102	0.0658804318686535	-0.638432433381516	-0.109297817700638
0.260120462243503	0.307952736028967	0.686792198543819	1.41223117658306	1.03886988244356
0.0682566116440124	0.0334453667045558	0.213488306456657	-0.0153120489190687	0.356308325625844
-0.148246386231538	-0.335337946483772	0.115093110912705	1.18902365425234	-0.00896820259330741
-0.469736730033068	-0.195970001170194	-0.0802283005762567	0.460353641896653	0.45797343235438
-0.455331578429133	-0.560450594279312	-0.0278941401602136	-1.58878266103145	-0.200063413685436
-0.273089944305102	0.606156820924437	-0.0949636272511131	1.60278711578505	0.0525872576937735
-0.366209901803005	-0.760431295999377	0.244096439586221	0.0884455909931594	0.299271128094047
0.826462085801931	0.606474534038797	0.431638493694171	-2.56662247024327	-0.410221261418435
-0.0457290715474573	0.382909272577983	0.0447513075801479	0.522344662594904	0.433616610268808
0.317247341401766	-0.0949562924899797	0.643403219985028	-0.091278235070509	-0.523673650116878
-0.104281537116593	0.79379671855859	1.56983082043388	1.83722250498664	1.43058069759884
0.737387811709413	0.769958132325725	1.48018988646633	0.919125382684256	-0.00150491629519958
0.968054582153448	1.1619080843035	1.67756143029065	3.26300657482484	1.61689939477871
0.446019071527478	0.64878343108755	1.09580620525103	-0.289152183665972	0.930968467099113
0.0480818725206272	1.16219429942473	1.13366835147013	1.52973657630539	1.21199304690389
0.835272478778201	0.528284764256351	1.12790775969726	-0.262033073446056	0.105240438614897
0.3548835704497	0.238519583560808	0.37200746995684	0.746941288443533	0.469640428554242
0.778930016000791	0.801766395687072	0.214714330483275	0.661370501399809	0.3303878868124
0.49508664304976	-0.224185599172217	-0.384632449929733	0.38286190365667	-0.163132096154634
0.334884065491254	0.166580026909225	-0.323944194434484	-0.77530077776616	-0.507194945027931
0.395488712206943	-0.363540793820303	-0.737225129169222	-0.385520161583877	-0.481638989169511
0.680468390027132	0.470910991606538	-0.83255645884534	-0.544223278344924	-0.488169821563003
-0.181843306795495	0.276859680758687	-0.899516440752427	0.667954141175006	-0.459352183195361
0.144358529458795	-0.280058303881415	-0.646023562000703	-0.757901623524183	-0.348944011446654
0.460652478708428	0.177629195330883	-0.917633017903036	-0.899963116777179	-0.526119636981905
0.0728615716121101	-0.0822095219682676	-0.225977623116974	0.678785845087022	-0.81386153906122
0.477796118797912	-0.199349095424427	-1.369922826789	-0.520004237581415	-0.943170687552277
-0.142365576271848	0.411541915088726	-0.541920648121855	-0.154317317070967	-0.833864123381519
0.10987095286677	0.01846656013783	-1.05483825597748	-0.182168879267395	-1.73336169395354
1.20003360301145	0.227864024042564	-0.932152811825536	-1.01634324875453	-1.03789462659914
0.144503534992671	0.643184114423298	-0.779072547800991	0.335276795456613	-1.65919336322539
-0.17851378531177	0.153723515622451	-0.337674658374701	-0.641592211960182	-1.21321887655253
0.269114924110449	0.258409706016164	-0.687877184342933	1.26481007917448	-1.02065288019469
0.878665552148101	-0.0468443475195093	-0.614279553314794	-0.348826088753613	-0.729648880668121
-0.741089005129218	-0.617350567193443	0.13766989344112	0.245916502554514	-0.570088276252277
-0.00843757493854891	0.1142834463082	0.0161057301353591	-0.321446530349065	0.312711189266189
-0.641653854086152	-0.807419193821449	-0.12296879857013	-0.404281348508545	-0.0379578593677241
-0.503967264742265	-0.0761577699463205	0.360568398525433	0.460414989971025	0.228026475814912
-0.423935557292326	-0.510357386691394	0.308856655961467	-0.283145523782615	-0.203718288280826
-0.275662768554023	-0.665022230126542	0.666215030426506	0.0336744668352173	-0.431557909057067
-0.874962176858876	-0.762883858130377	0.640996728330432	-1.01504186560751	0.0361228982741905
-0.685991377919587	-0.532549216370077	0.23393394780088	0.179075519220491	0.187705007361416
-0.459427275809898	-0.394930152639223	1.06566536368406	0.721665395900896	-0.0768950147663194
0.155505788595789	-0.235467023810929	0.425270262152428	-0.393330826529481	0.488831160983832
-0.364635944082491	-0.262414356890668	0.988730606352224	0.649907384617941	0.953878350823638
-0.0753029932081682	-0.017125166785333	0.842307226615716	1.05738089328275	1.04479950191989
-0.0143075664975792	-0.0345362134499773	0.849833596057928	0.759044180047238	0.450946164439371
-0.356592799347916	-0.39318489748461	0.163777018870715	-0.0104232393848695	0.136007254900398
0.204514904136228	-0.70406536596306	-0.0486914551500913	-0.438320457638021	0.181868035390882
-0.0554078091336587	-0.455360617826501	0.690882992810108	0.611183024932307	-0.202292222999227
0.194889505180811	0.325031281678041	0.142119321578785	-1.20331916930095	-0.160010429729454
0.187865104272385	-0.173149768623159	0.0947066406884319	0.050658660625915	0.686565167388929
-0.656772564314693	-0.231357735783931	0.501814489994295	1.16634098760579	-0.0190884631975684
0.394971564328376	-0.226659359956864	0.601428454429923	-0.291467058623567	0.171537434984281
-0.239942992797224	0.383536111409076	0.953758342988059	-0.862641379517199	0.910015902255077
-0.396560368797665	0.4286662072571	0.511509616037084	0.472761727058248	0.0332189238485176
-0.472217708608146	-0.281101321381016	0.380221551470267	0.440273153923675	1.22926348033985
-0.523765171501967	-0.633118665090225	0.746595034968864	0.338202200744589	0.325450093062015
-0.0543115366001475	0.173569209948177	0.211475798729342	-1.0485729408655	0.881692836415011
-0.272664361002099	-0.10825144192526	0.27927511094929	1.30747331754278	0.762051109420058
-0.240942706545443	0.0599778028955617	0.73390185613722	-0.567880407706338	0.422882656196067
0.245436254355143	-0.68994037391877	0.674377852576441	-1.75961140261078	-1.50330017802634
0.24716727354605	0.0203517135507733	0.846067689633673	0.720775578205068	0.660196480880661
0.00430309140076565	0.137090025983055	0.89574881839842	-1.23368718649192	0.516318977768047
0.681566976278604	0.557752457464035	1.01952551238644	-0.803683357988364	0.531676066744778
0.601028473845285	0.117752892334549	0.78389943981365	-1.30055664656231	0.675883888406201
0.628884957969497	0.635216137962426	1.02319149322707	1.11154557761268	0.703466355842885
0.537229825448429	-0.0268175633191671	0.401480139076514	-0.122860537879131	0.60553708237347
-0.083638900154748	1.15708707313153	0.880627076465795	1.60016920512531	0.394324877435178
0.0548530384608398	0.190420892539618	-0.216867094802408	-1.01844003577813	0.0377029163486699
1.07049646790066	0.118246318085723	-0.273035287791499	-0.382692770722135	-0.33358200859331
0.292244291946579	0.0392485882284846	-0.743596164976617	0.784869400711886	-0.575331101112465
-0.0842910734402197	0.183429650106332	-0.295772782343992	-0.555231517388849	0.361685342252661
-0.214237274677464	0.349471714841507	-0.67259801789723	-0.0798086610791892	0.182782720010386
0.402146824929675	-0.0720578787670429	-0.215292101057298	-0.277219760619265	0.206047036256232
-0.127347704251875	-0.426059126618459	-0.690993112408196	2.23265010036542	-0.0344962392381051
-0.136656858703416	0.0239563081998643	-0.824623759481752	-1.96410829816907	-0.000913352301999623
-0.0096575839684936	0.249465285434446	-0.727382756979365	0.656981194424383	0.293222276047059
-0.16038389802574	-0.156144590435932	-1.30492332017401	0.0527291660302943	0.124285800703991
0.753460893936847	0.0590346843841187	-0.989583606337067	-0.664103077139529	-0.12323841909833
-0.269579015488827	0.00793781318809499	-1.29644561519126	0.99112932507612	-0.994824655041709
0.152428351299296	-0.392126344634859	-0.821548316648393	0.273706869881437	-0.295156621558602
0.513161232697943	-0.145412285694408	-1.33359570279442	0.378352654076044	-1.17794667352858
0.281717626757091	-0.268046502093748	-1.05285302696632	-2.04133098283553	-0.70324635967744
0.23738499430059	-0.519413685001103	-0.583108557338853	0.211575595271395	-1.3465158619963
0.281566172053344	-0.244563592752992	-0.391698037122561	-1.39715029155397	-1.53729922451621
0.211362403106064	0.478727100598902	-0.378091109908366	1.41980412031466	-0.498540135302546
0.1701366810776	0.790102996979382	0.733767436594729	0.163066964522875	-0.233112107898435
0.242767896408848	0.288745473073654	0.23948472424095	-0.822541189381976	0.0771601213653726
-1.1109020993662	0.312271077229377	-0.192741050717532	-0.625438320335151	0.828723789808903
0.0496880987900757	-0.5282357528034	0.418356470986622	-1.44177202185048	1.09800739177823
-0.89434679941882	0.218113170339061	0.0230134615671349	0.53677226890437	0.614060947281326
0.0735278571188473	-0.929023170778245	0.705126284823367	-0.28989555363762	0.85951249514847
-0.726778809444602	-0.432154458754741	0.316785220279701	-0.607811307248588	0.393015576151302
-0.252634694912453	-0.53273777834597	0.639310371525567	1.38000987732979	1.60055160961427
-1.05499030863965	0.322057867295619	0.280205228418234	-2.45448803658546	0.319216754154298
0.202211306703576	-0.322191253230515	0.452541639031948	1.03027962133068	0.633273792268864
-0.323553242355997	0.0422617494470531	0.686159293612297	-1.67253094351502	1.169337266434
0.19744362209928	-0.0109887478030525	0.656617703280475	0.593011618661005	0.482319212873044
-0.000112476194715712	-0.243052331613491	0.31396519401663	1.94537165373081	1.59902381951208
-0.358742488224978	0.0444348414668149	1.01226421328982	-0.746183293838974	0.861426516713701
-0.122877876132349	0.50707018219867	1.11003495886074	0.13108804857353	0.97791790426133
0.184560604107338	0.358330964915687	0.668160340900821	-0.037152583753639	1.1053731668745
-0.653810595111703	0.244058439821503	0.546452574211247	0.48486420817952	0.222757601431823
0.031782120975388	-0.0353363635424255	0.843494868592318	1.12575232567328	1.39413039395907
0.0560082565219823	-0.364473306704507	0.113458578965956	-0.413212139621205	0.810898762585665
-0.310877310791142	0.183622571851505	0.932313140479802	-0.0503944905969244	0.28321303976932
0.3368683192867	0.293136329359362	0.0625906261510761	1.83119360740722	0.336485570672065
-0.481501720360412	0.559116685334051	0.516446959657626	-0.489781156998741	0.360614502400931
0.410585441592788	0.623779844970651	0.952546445832067	0.770941042443815	0.825759544125819
0.0590555743702169	-0.0666097388341154	0.503676799743589	-2.47325993390759	1.13248794806539
-0.313868091623271	0.310664094110026	0.671041114394536	1.81967745890735	0.945056083409466
-0.170629907868124	0.174553863543339	1.48342375829624	-0.444969937249945	0.469705839621655
-0.150412043968927	0.632535244953889	1.14680592029172	1.99905785424732	0.732129220459094
-0.197596045551128	0.360871706447332	1.60135103471375	0.781091650649716	1.33262541287412
0.341144199798552	1.02352877408097	1.05843222885649	-0.970770739239085	0.409980623158669
-0.398045773825116	0.289939958352481	0.834994622191024	0.647339216130194	0.73624579437746
-0.128808493823589	0.490686570201852	1.25353784146554	-0.225054629149925	1.1885429682786
0.0573844396322927	0.149816705901617	0.955782095141757	-0.545099684899072	0.514562196152949
-0.0877756361478788	0.3832472049809	0.847442504863092	-0.622300309687769	0.047658532428172
0.811787064099159	-0.352803720517126	0.344692686871231	-0.57797502360702	-0.432109173692319
0.0482182401190891	-0.176565051746952	0.683941394515001	-0.578255152787309	-1.78914112801954
0.406113732355664	-0.858336772128599	0.0374224195947967	0.195755962580278	-0.583284546198711
0.408195785544863	-0.138516655236403	-0.915688290965433	1.36612176466589	0.054460736886986
0.623131232274655	-0.310645461574842	-0.61713589611138	-0.551957281652883	-0.131648843198833
-0.0529972487385896	1.02379336804505	-0.738445893813051	-0.347500629730403	-0.562893039226318
0.0702032606677292	0.0675246184552211	-0.390103782023212	-0.104761833200527	0.31564086917903
0.840365644977082	0.625713537650841	-0.286779350072999	-2.18929980310381	-0.185429724273734
0.633605667713813	0.325815637034742	-0.73053625471814	-0.343071992424371	0.250714302199255
0.344784181416036	-0.17277032651977	-0.433190145462203	0.0646378410040778	0.0052575659918581
0.561932947602754	0.237075748649587	-0.665737345170165	-0.149314067214076	-0.379373347711805
0.344352132799643	-0.00668727412051511	-1.1219415550724	-0.537507259617525	-0.403640055291392
0.269694247349924	0.439638148591923	-1.26884483184594	-0.253683751728751	-0.446207330948569
-0.304525197704441	0.0172252125766714	-1.05058017726934	-1.71694810628131	-0.621050027283756
0.271420773081662	-0.797104319333775	-0.973116384719829	-0.799471272059525	-1.12758631755254
0.181337288838952	0.308700265009421	-1.10662785716493	0.186562559496168	-0.0451226218782062
-0.045623740439134	0.0134863285803324	-1.34204581475708	-0.735286126474683	-0.0173856860838223
0.713095021178552	0.229037666081382	-0.815030013619573	0.288805363503074	-0.228884021068097
-0.310129302087361	-0.484571253450711	-0.697737827891636	1.20077315368648	-1.16872868806951
0.686457636478482	0.105457762687453	-0.59371897785348	-2.16550741092538	-0.51292854397297
-0.959605259666412	0.402041195855953	0.0679872887281306	1.22292480821879	-0.167889137707446
0.0244128802389276	-0.207755645675883	0.491396204256239	-0.672186718050268	0.281801383859021
-0.165080343977663	-0.571937318245524	0.11613612423297	-0.501952404321411	0.658394967928283
-0.877316875933059	0.0523867114729728	0.784192111267351	0.0410928085668745	0.463911979018869
0.0530441162393932	-0.184216934551206	0.441843547670911	-0.448081689727046	0.670675865727339
-0.760161141286778	-0.161475918786489	0.36504494573102	-1.2364365575258	0.665741490380405
-0.392858983845404	-0.519398679611707	0.367597911196129	-1.6738701337458	0.207610867804265
-0.12856391736565	-0.429976401163405	-0.312022802360484	-0.488729752770019	0.114792974258661
-0.236528964489581	0.371587458730062	0.527328416456582	-1.96401572739274	0.239366166552293
-0.363336345368094	-0.507017864316947	-0.0366171994395947	0.428900644994078	-0.256793682513801
0.0653543668287895	0.0306908086143103	0.499242939032918	-2.26213630040339	0.59065864389638
0.715537378184511	-0.525474559421238	-0.105071084220783	0.924436542435487	0.36812889533876
-0.321231992982047	-0.397393877596082	-0.149520364764447	-0.42161471642198	0.397088762946882
-0.0860613790691732	-0.572443682070838	-0.0436027608195512	-0.749212243013301	0.0410179943016745
-0.854907825030048	0.00641624772066762	0.328836835689173	-0.146234963747584	0.449397464140847
-0.241685346695255	-0.126769314441804	0.0102667349229341	-0.604924047796074	0.501445967565956
0.148313653425482	0.256216016789693	0.178045676556549	-0.327999005165514	1.28010747874129
-0.26290096840235	-0.815106055566229	-0.164994206600311	0.544888460381198	0.62130257946911
-0.0648163246977561	0.864846946856314	0.0115817592030866	0.401867903783761	0.242210606675831
-0.325085145895579	0.13442291361159	-0.0637958988559313	-0.715776404351717	0.844710251119411
-0.263091637273915	-0.0392886993826724	0.40998225718798	-0.5520365772877	0.16743341878917
-0.313801158631391	-0.157302074725928	0.935167485016384	1.25538624998334	0.508876221697965
0.130075905440351	-0.110475257440917	1.55082255559651	-0.5638798289438	0.939483037775934
-0.685013963636012	0.11793770829747	1.06854862503258	0.592657363242151	0.236248061895026
0.426560482919739	0.233056489672473	0.577790691931863	1.04271110745353	0.0185436928586222
-0.204362181774367	-0.222828482474712	0.805376641685017	-0.48210806044077	0.911615767567148
-0.831819136244148	-0.98083194699596	0.975435036696264	0.313270087749612	-3.56244655451469
0.568541547116504	-0.907154599789548	-1.49911775462265	-0.487001785669164	-1.2184739928786
-0.436259504571864	-1.25065818500057	-0.066804639280975	2.40160124148321	-3.39988942989043
0.97205913856369	-1.26060911339625	0.73783891822041	0.325158857938842	-2.28438932780683
1.61726485614865	-0.222108257064776	0.955802698561482	1.15822408898912	-0.640289126744734
0.514276641939615	0.385623507185378	0.159083987509993	0.230640610941266	-0.0371975823879487
-0.080671516269288	0.282679823161724	0.362101558519075	2.54122189672527	-0.00468571805653023
1.24597734092881	0.545587641344716	1.22878720564406	0.466045887795555	-0.175094284654847
0.403486900936171	1.03961057463221	0.432667488558175	0.979759872257039	1.01017609605742
0.429676720069059	0.361646752694369	-0.28551830550561	1.40296714283295	-0.800692680739978
0.185445254294694	0.308975594570637	-1.12725031086086	0.306342433658772	-0.710954528896345
-0.612917248656807	-0.195901633781532	-1.34395563703197	1.06909653968197	-1.44082914652192
-0.41939207726933	0.514706283748599	-1.46561807535538	-1.13861189428335	-1.05544215026115
0.175410431019889	0.129291848886706	-1.53621200670557	0.355386384055185	-1.00090847441932
-0.277083165934986	-0.496151546088031	-2.39652676261196	1.89597437556348	-1.31829798321804
-0.954012541270959	-0.818025708224799	-2.89020060269131	0.311241200933154	-0.80143294831354
0.381322822539543	0.620156559248029	-1.49394165270747	-0.231463058703298	-1.08282569931043
-0.123226399575061	-0.594894598357826	-1.67256970510237	-0.0967139096290239	-0.623107329114139
-0.265433412631778	0.0621469971425737	-1.66654193185993	0.674571002055863	-1.51448597096311
-0.674857416903974	0.299631262476063	-1.94880176200176	0.926722820690376	-1.02803332210762
