0.938984828712277	1.16720974208672	-0.0449844045049709	2.78662667574014	0.254129956265072
0.185398659772254	0.343181028556271	-0.190096170372671	1.88711902556377	0.195549395892848
0.0281731502293627	0.0043370335249252	-0.23249863612981	1.19281073627334	-0.984634127093344
-0.433128835823351	-1.17302334507289	-0.203302264488803	0.692248766234356	-1.15035682565453
-0.336880465893238	-0.595116450591444	0.0103337775831416	1.46655412059694	-0.284008586006697
-0.164572849773853	-0.683854877174353	-0.137731267204732	-0.715716094888887	-0.785445120133936
-0.0731295897919692	-0.0944017676507125	-0.336718217430682	0.826441082583071	0.0908571199940676
-0.11259680281043	-2.02469122599599	-0.489272137903392	0.132612401709387	-0.929359059050108
0.195387524659769	-0.870883420588901	-0.261432827640759	0.69553901549745	-0.745690904597779
0.0178909848870463	-0.697878251073478	-0.244880553612301	0.523463563343955	-0.333279648332701
0.128488179057934	0.0295420795609743	-0.583378084629025	2.57252464104865	-0.365835970059872
-0.121277934326388	-1.83729695312222	-0.262584839607301	0.560760321760581	-0.389467799545705
-0.512241346586874	-1.192327797307	-0.524758726565088	0.00659407023359928	-0.477447675590313
-0.211588585569906	-1.6008130548998	-0.55758573239754	2.37906574013646	-0.625427884030949
-0.57013828804983	0.641974240652817	-0.784964536184703	-1.95458701304063	-0.688411350237107
-0.6657929138011	-3.84878534244883	-0.182015385775992	2.6317751026638	-0.0404554560530903
0.125634494246103	0.238417815430716	-0.658619523208739	-0.535028745300321	-1.04659679491516
-0.0730354232946522	-1.55515953151164	-0.271726088317864	0.0291582606950527	-0.45038741994947
0.170966398029432	0.245563079854655	-0.15489894054101	0.834699274735148	-0.0465138186431748
0.502812585325523	-0.18138632879103	-0.210857522321262	-0.328546976790202	0.15797432503184
0.823546518869919	-0.140223938624037	0.554421434615393	0.840767163900387	-0.213442219264267
0.478904825807713	-0.140731045170129	0.553515522096182	-0.686861931400488	-0.0250848452744344
1.01567341856172	0.964038298915983	0.0462528252912326	1.16536173583341	-0.00896956551865261
0.591079540686742	0.310627899903361	0.270432179627628	-0.354205297459511	0.263818956203856
0.672552605352639	1.31644385908152	0.358449712351243	1.9516207342028	0.2351525990103
0.573459623212881	-0.274195260795983	0.407312665686631	-0.995056856602817	0.263581723946454
0.662858651876207	0.176700214003671	0.188847448506846	0.377352220691963	0.300573904761317
0.751616026619185	-0.0418311159804643	0.773787178090805	-0.993793503243768	-0.272458417208098
0.850937035427423	0.548911654392642	-0.220700432348141	0.757439689985037	0.530731193606507
1.07439865770422	0.407127429267022	0.168164244746471	0.0731596565053583	0.0199258690731265
1.32292724674062	-0.345250080304619	0.424656259685025	-0.319230137737318	0.205271379429684
0.947947442835472	0.647383645523986	0.250529057711429	0.203316157579362	0.799572463717045
0.895601732574144	-0.224778807178584	0.510426324979139	0.971809358567987	0.550198966836034
1.30214416398949	-0.515600208686243	0.0314850037278066	0.338689170773061	0.59560934710114
0.584205312925912	0.638604587366842	0.734282047572613	0.734200036580685	0.754182206994676
0.365336252726579	-0.793764384210774	0.348666301662998	0.337046902052507	0.627301977526615
0.125197144624636	0.269941975046016	0.612982765070316	1.17003291737493	0.314506168971014
0.453097718761347	-0.0469809737668867	-0.118615145795884	-0.562590663769332	0.254043169113067
-0.22100362021871	-0.288910450081033	0.0967559945551715	2.37797794111092	0.586642152044902
-0.0967275316452202	0.936548563746378	0.215256645556863	-0.513425399748877	0.245118763722931
0.0506550573513541	-0.54349663564575	0.0951223006951166	1.04639183698854	0.486387356337518
-0.221639493033921	-0.310457800210509	-0.063631036713904	0.534952463025614	0.531863555100528
-0.207681395750184	0.116879569639031	0.190386950538703	-0.165094956937869	0.307377562800301
-0.00119178946216879	-0.476575385826907	0.101855542762145	0.709830244184758	1.00029231916109
-0.0147551865532834	0.142448363601349	0.0900254689036042	0.560546190882991	0.329657789219528
0.176156288677442	-0.731250457198684	0.106010588947188	-0.263374873037308	0.79963887898035
0.114593056220582	-0.862289682568084	-0.0360285422055229	0.282749468599618	0.677588399301385
0.320587745519794	0.759410247349494	-0.11606437492686	0.869075803388834	0.20525676395755
0.300253386124371	-0.930760442353593	-0.111925254800175	1.24332706817328	0.522485820467272
0.296651942886778	0.603851718225656	0.382943899038454	1.16148153952308	1.05042040295566
-0.0141224472635601	-0.533456099198942	0.23173163263986	0.374031051057549	0.432261474049475
0.13347095790583	0.315487096876443	-0.0453494780733895	-0.865998905584259	0.0313609030413674
0.0760105975167781	0.894887916346381	0.168959308089555	2.71142845244557	0.947598685035848
0.0322720675388256	-0.848378051155637	0.231528035166719	1.21051767147488	0.899725436517877
0.00893991682432373	-0.194643863809611	0.237087360675433	1.32360378889938	0.481270510877011
-0.202897669338061	-0.00087249416804286	-0.0966179156031444	0.201273275025773	0.313029044310553
0.0385818523435501	-0.0732857310650812	0.084212425229183	0.139403152815432	0.643807822795122
0.0401074578177717	1.07869023163154	-0.195669159396144	1.1431292138562	0.313758831863407
-0.0665801125118481	-0.348672992963884	0.529575874089526	2.0051831387611	0.62375551118223
-0.257226821796692	-0.660759973821282	-0.0311890499636895	-0.359709946115997	0.548339385194159
-0.316525016158065	1.02940587872913	0.555127504875928	1.95574122782511	0.050657830482816
-0.564247583798082	-1.1857017311857	-0.277510814044974	1.56499223765188	1.17029264603875
-1.45723985551031	-1.52720594450824	-0.916367112954295	-2.27221128742458	-3.19489680142294
-1.03905094241196	1.65312940219789	-0.567110620018275	-4.60061752143972	-1.28417180279349
-0.394534520699376	1.15201936565395	0.27598872583171	-2.16262153869129	-0.628659913180584
-1.18737160675432	-0.497742572830188	-0.303755152905422	-2.17804418428775	-0.890574741640042
-1.35530885256558	-0.605611119721331	-0.425484313924968	-1.87156445707838	-0.709885282169434
-0.792734152648666	1.040085041447	-0.654577011298987	-0.172494977976033	-0.30170854522061
-1.16605667659794	0.0524866678210231	-0.573734968875443	-1.48227433215018	-1.26464697979539
-0.499236805897138	0.436468688741679	-0.300124955620811	-0.917484061711825	-0.66376312999633
-1.2150535575171	0.532973910772911	-0.54521418869013	-0.586850649983147	-0.983563497626344
-0.784807084976715	-0.0622948371062189	-0.365680602064762	-1.55565655139912	-1.18710028615155
-0.898037350773458	0.179456772429617	-0.41201830538367	-0.0405218447639038	-0.379398782802415
-0.972459544376308	0.663366980160411	-0.704023352095386	-2.72556306158812	-0.909902563001317
-0.853837495660971	-1.08964535967905	-0.358746934325843	-0.69892545467259	-0.56850325312014
-0.297905445207869	1.20233247657338	-0.39719403710164	0.534501096830714	-0.390272456239707
-0.700013846615075	0.586582956007683	-0.466238663087241	-0.887159704973209	-0.920627346856129
-0.374887354544471	-0.16040874857	-0.208148446998349	-0.539765420689777	-0.741529289548083
-0.122476716869958	0.335727050167289	-0.172847938330902	-1.75853343732358	-0.421779762692595
-0.152775277058318	0.433028170286032	0.0122707040354413	-0.0263902302488667	-0.541008610860638
-0.0985025512435483	0.269640801578098	0.00653847079275373	-1.3753373395843	-0.746865123071902
-0.164388437092214	-0.317505703798929	0.125049907231609	0.800505700880613	0.0350959988000903
0.185228226859007	0.932401376284469	0.327401486154988	-1.39729019066456	-0.198049011450109
-0.464099489565992	0.569176078218896	0.179385821838164	-0.379216626676206	-0.533660068183841
-0.198384977038475	-0.46124076921391	0.202085169092484	-0.260891942848334	-0.82597998140459
-0.109610503128708	-0.399570718194916	0.0679326037142087	0.168005085097721	-0.444664459851338
-0.241459539493413	0.426132182593352	0.430137137384633	-0.422977653866061	-0.234320118411689
0.13169480221739	-0.0849841529807899	0.106232485600363	0.0584388076885781	-0.161277926073915
-0.358350477317095	0.43305399624948	0.357872523883809	-0.688874993400748	-0.44103867676623
-0.318106489615004	-0.250140098633452	0.463953756574454	-0.224306659226761	0.192257855301768
-0.669144102921198	0.364546095917776	0.0578270934094415	-1.68034302783087	-0.278400364379533
-0.202777592819107	-0.420757340841903	0.286311349110565	-0.737996692761443	-0.388978204983121
-0.201487032473726	0.645766441857008	0.0761941191165821	-0.0913610935962855	-0.159119937874592
-0.286936420122527	-0.0220178340685501	0.0705795326882071	-0.563957508442479	-0.81079386069117
-0.172166898210344	0.480503838743422	-0.184936984271416	-0.573140894711795	-0.0982300014449988
-0.000489475393716683	0.394212136595752	0.217146692375132	-1.27538096284928	-0.0835899326474763
0.101231823719222	0.543464301098569	0.275483210730318	-0.54700211614897	-0.189608486605936
0.362913148548186	-0.0503131640849038	-0.34610455033123	-1.81940475844127	-0.39366366956919
-0.110436149891726	-0.374705678526883	-0.0665998833775885	0.0408579154484447	0.242446737833543
0.297210852857514	0.444181932663807	-0.0213861688473208	0.311502071970105	-0.147281489326893
-0.0984312258711009	0.49172971288317	0.323759780659219	-1.43824624387271	0.459465020911573
-0.0655240979031526	0.192697071115657	-0.229476975549769	-0.124652835026735	-0.298887946480358
0.143392621254167	-0.472384757958232	0.133048703636682	-0.468752115392042	0.161421703736664
0.175616457245171	1.33802812928319	0.592026326676421	0.0289168031078754	0.580705714069919
-0.173537826556523	-0.365341716835771	0.0874032145848584	-1.47254037106076	-0.346883787751597
0.308741855895736	0.640418972256201	0.454905948981578	0.69343440111275	0.0724014337841992
-0.0738412951138784	0.401661228571002	0.449870822321109	-0.400071217601211	0.633658901625105
0.0926131531071008	0.613484122511712	0.556614067470919	0.0370109781906473	0.292752477234593
0.00271804609107225	0.688800616676352	0.389777366160215	-0.661253868254648	-0.177902346596376
-0.0365299781699938	0.621218010863153	0.0172673748092701	-0.910490448259746	0.0451350430070644
0.27344790240879	0.50479852893903	0.67445454662178	1.20343971943681	0.510432435879453
-0.365627486127969	0.0497626788120725	0.474921927459612	0.179204992681149	0.66443945963406
-0.212468153657653	0.183133766040434	0.357793257683567	0.531650800423995	0.845139012689652
0.25463193326513	-0.273134416128966	0.423124832352988	1.37224599674676	0.758794193108831
-0.370745360721261	-0.174939700059047	0.187085444702527	1.84648099602391	0.413258952159636
-0.120691795531741	0.13708903671574	0.38327364505881	0.199355418303305	0.888779252874633
-0.540467397376453	0.244663527493666	0.466099631350114	0.483153334981601	0.876435903899335
-0.146920992738605	0.117009137081068	0.514766394528004	-0.0355186501390536	0.733196801828207
-0.411962914291067	1.86492292120664	0.102281637021264	-0.327266807386121	0.126515359598805
-0.260455010796503	0.712142920897286	0.504818709505206	-0.612479594535217	0.504238659530084
-0.69182034345578	0.14836315031796	-0.17777764653321	1.07846407011941	0.50696671344962
-0.0381493378773927	0.683551342594005	0.479628597457447	-0.711697910081522	0.553891646523587
-0.408834847096547	0.801907193388285	0.117670210072005	1.06335366111734	-0.0870169258592614
-0.073233052966944	0.706747833896907	0.269075536186316	-1.45701807060874	0.536050762446612
-0.182571243162477	0.874036017506765	0.340277789475582	-0.733702658141201	0.100487075103423
-0.394041914923558	-0.195221407296861	-0.154984453857064	0.0749649796750648	-0.141398500769095
-0.277234627263441	1.6305184185498	0.106388527616225	0.221472278374187	0.364881298628652
0.452750909967549	0.788275601116939	0.199307780826576	-2.52085307189111	0.0212388362168275
-0.354217094999861	0.592276855353829	-0.236739893129065	-0.678956439975975	0.0942609019165734
-0.151037233530476	0.180708194745168	-0.236001697003683	-0.273996743068222	-0.260745816882769
-0.738982112627691	0.859325534235644	-0.46490729006794	-0.366815072962809	-0.26474620996023
-0.570991442435298	-0.33067497875877	-0.327547406348006	-0.462137454960353	0.0735071418717431
-0.305016377141507	0.807396831332636	-0.252610777489593	-0.292892548288939	-0.853456819920648
-0.200164951584609	0.297688255666403	-0.257152579333179	-1.52594254317649	-0.959753847578206
-0.368213709795775	-0.938076884251179	-0.586917364985251	-0.797866324745715	-0.115727358466932
-0.611928246213706	0.0905763069876789	-0.575733809748312	-0.311478103055432	-0.24303971124399
0.188738049290193	0.204275163193785	-0.112217656017612	-2.5050620249224	-0.0460656649572493
-0.382485292087083	-0.0578476017993428	-0.152019893451627	1.25028073973049	-0.305895886722465
0.80437609341376	0.885975149402997	0.0647400676024964	0.124305171902333	0.225494740762815
0.415852785053094	-0.0993338107513956	0.151812961179968	-0.764192669260072	0.182934538595534
1.05574390125576	-0.501057701875461	0.55460201325769	0.956312294282734	-0.425390596043836
0.38144445421088	0.0610900115707728	0.137552464033211	0.286642038735568	0.231021946387068
1.15529459428643	0.365345535629119	0.669470439477622	-0.590456705744833	0.488219633585884
0.836386843703439	0.206722531382146	0.66288000189193	1.0120986208999	0.507865710816938
0.758675922897941	-1.21800803873135	0.596748407398992	0.5825570022876	0.487337503190124
1.61857346888472	0.43134988994632	0.731212719649085	0.455898214090004	0.725685887896093
0.92739744977293	0.356181609382432	0.686709926387475	-2.51107913732145	0.329508364264026
1.10038960572115	-0.127527184841162	0.330702466899672	0.550847447894171	0.481478655001932
0.931867897389294	-0.322602789352155	0.238006124597053	0.725874859145503	0.98841242801056
0.223831847148024	0.104279145621243	0.13494192686695	0.67747461962921	-0.149770747858505
0.292107548485076	1.22115432957163	0.249641859314306	-3.81039598340602	-0.214780365933494
-0.484504400383451	0.344333748340567	-0.390915307909399	1.01782549415932	0.310931086969893
0.221137771358668	-0.829299326485225	0.0761863662672698	-0.528176129946991	-0.193329285196439
-0.187317628079967	-0.841114729361638	-0.367846027275415	0.527604212454252	0.266784460681304
0.109296720398109	0.25246001323443	0.197330584960919	-1.6669228900243	-0.332245855799695
0.249118103948054	0.762284284599873	0.160984084023465	-0.730060400423591	0.385996152877268
-0.494358789660906	-0.53683690934935	0.0432727730723985	-0.70642417020268	0.278618792654739
0.201863274165517	-0.948569207709524	-0.36675657672688	-0.414212695747819	0.201052905940042
0.19349848776603	0.0625061277510092	-0.267782628645061	-0.420851670652581	0.0403311019709979
0.402063613889754	-0.447723286851076	-0.264024417000878	-1.61137333286962	0.333005703570138
0.330563331501033	-0.304262526751871	-0.199759592279566	0.0786867260122164	0.0930710876395161
0.255521138720536	-0.185262975723889	-0.163059142164055	-0.120920595907544	0.580521080802679
0.513432947954808	0.215174641814479	-0.481706265819628	-0.0529728985095304	0.0153385074217198
0.58653551965799	-0.33439024805258	-0.0326033802765206	-0.955405709683049	0.0173315391663086
0.623382648662353	0.2034195811299	0.065263819863314	1.43102593029588	-0.0268469544755898
0.471274868991757	0.0340754876596948	-0.302019418955693	-0.768478465023537	0.235798757179683
0.383592256366139	-1.21981800189865	-0.0342117416157641	0.779134852904541	-0.371945694125317
0.999362850613679	-1.14645825948273	0.25781667525703	-1.9940056898353	0.438039826122325
0.757403677575092	0.63396299871205	-0.0240534818321228	0.259892000898709	-0.199254313269593
0.315595466862674	-1.19701115817749	-0.256218784209521	0.113094959261555	0.464399602677677
0.483068779979341	-0.0675446846584927	-0.156255958451788	1.43005008247368	0.158142027542947
0.566755170764778	-1.51314304738258	-0.0291631126501522	-0.166697659831413	0.902497310506597
0.397359660486092	0.493388103516749	0.279493826530832	1.38914265328865	0.485689824293166
0.439917435928702	-0.1417412712708	-0.413363711635732	-0.666545798972629	0.676628577569144
0.229424067061191	0.0173619786453376	-0.197380104414819	0.180606412315453	0.846891742484852
0.28162657717892	0.229479525259975	-0.248439271590406	-0.175336029032061	0.0175101832875323
0.033670749563846	-0.00120637719406409	-0.363053439531332	0.883503017823463	0.945287003864332
-0.394561041007398	-0.453766580993012	-0.533844878796508	0.209861861921554	0.429745297613729
-0.58429463670886	-0.54614093598142	-0.0371716471285843	0.773866642395356	0.0215015997556427
-0.287231252591329	1.0891699043725	-0.197717220380346	0.04762067346831	1.24776856689598
-0.657343554757444	0.387125264395866	-0.313936040057104	-0.590935524375175	0.0900579642885564
-0.383969851781606	-0.628184042851639	-0.0769015310966067	0.701672104726563	0.231180149746876
-0.27061259722919	-0.837380224150634	-0.612569290132445	-0.630695147028251	-0.0144129488731175
-0.597356627990679	0.82185840751411	-0.421932263639584	-0.977063477161405	-0.214905592624992
-0.0568662200996397	0.634542699314648	-0.490326573735986	-1.80868259820911	-0.3605094499565
-0.903133122384281	0.532333574166498	-0.73980551066221	-0.151286743417577	0.00324879891570927
-0.0422078372829272	-0.255367759014827	-0.368021878726766	-1.95786010146797	-0.0157565931636631
-0.495865303711708	0.467586783204687	-0.597527046269452	0.204687660768176	-0.00510405441562656
0.0850637621506186	0.132516708645429	-0.487186735860704	-0.708613214416366	0.0506978492047726
-0.357482305396205	0.0102131640207299	-0.338099168116569	-1.15745185738754	-0.00120503298804914
-0.546897260434228	0.13572655794516	-0.274535944889402	-0.139962214095499	0.380780940334186
-0.579450578931822	0.961833787467222	-0.461791376469275	0.546736875882586	0.530717102922931
0.00387893169337223	0.189647776510862	-0.712080517622153	0.967966140935214	-0.362140045414322
0.307560853140371	-0.812688674673486	-0.248050322824388	-1.1699991257966	0.101625689484066
0.455759307382522	0.990674986898378	-0.285485286548801	-0.0781939034761683	-0.124057342726227
-0.159870588449255	-0.496625858912003	-0.351165361523497	1.44092315298316	-0.110471250466385
-0.140818207883958	0.238539048957231	-0.424603429379755	-0.631486404649265	-0.252165182501679
0.115497722519932	0.1445082840736	-0.736413081814306	-0.127622612360134	-0.0315530749298471
0.456213633370545	-0.233213484588495	-0.410024092935043	-0.107611801858195	-0.353177877947762
0.331585881722363	-0.48207201230142	-0.262810955546905	-1.15660905677766	0.0498571489622229
0.131510502295969	-0.380199489219155	-0.442280319476152	1.26923001689681	-0.00358835455810187
0.419157187517493	-0.348988229479612	0.181945551102576	0.052693339926371	-0.0267211337813523
0.632185951417517	0.282602337486674	0.0905363169855004	-1.08368934795289	-0.287584058008066
0.822358431484589	-0.778449522991165	-0.0253534493538777	2.14372029784786	-0.216204216076616
0.254194624452778	-0.834053424509924	0.0544138602112086	0.532123880832048	-0.283001168494593
0.659896718592762	0.657860862383759	0.145021540882191	0.816896673474593	-0.197472992680482
0.429891299368052	-0.839783718650501	0.330555424621175	-1.39388742102283	0.0540998363130463
0.653775085136207	0.233851755110941	-0.245519604821517	1.42836815022417	-0.114673730997947
0.323297123620773	-0.832744760968978	-0.0999210248422426	0.91874406823359	0.318738790249288
0.740393432194997	0.233081918564533	0.0908077572171252	-1.13640066062383	-0.235198959536915
0.857129150529021	-0.722210244550893	0.0575929231228092	1.07422294174566	0.472110316735507
0.0487706939916845	-0.479657687103349	-0.0124008635948296	0.916068790715568	0.468192136087486
0.0369531622867325	-0.0245558870374591	0.196401982661041	-2.13145447250834	0.667302803506301
0.450832694141502	0.221247288819447	0.293006773398771	1.89845946993574	0.736881126796485
0.14294792862176	0.182466312105874	0.480229666610109	0.857924257893511	0.989626646618377
-0.261858188079213	0.313021533983052	0.575248039471914	-0.213473294757394	-0.00422141158980009
-0.514502198985191	0.141810344094177	0.30948949911741	0.478510724941541	0.0368989689459227
-0.390743741950056	-1.07888318223974	0.107488312901189	0.336387484227872	0.252664869465986
0.0863528154246724	0.133477219475362	0.323168729077298	1.31093102783171	0.364057240605154
-0.144997214812262	-0.0224937274054032	0.285471514371809	0.91920687998783	-0.00133573588894596
-0.308526355955807	-0.762593995366953	0.0873947297129491	0.196839980488369	0.0125127004653577
-0.745367767117049	-0.805374984724678	0.126947589461574	1.10059844263617	-0.591726187788272
-0.591111797930716	-0.321441559138296	0.190626491713223	-0.255284328711867	-0.29640641953745
-0.172289508386332	-0.221706468445602	0.181000329832152	0.749705074087076	0.292986636359331
-0.239813915437689	-0.344012347647273	0.119484731343837	0.20987747123808	0.0104517113552901
0.222675617404781	0.102198843667317	0.237350239978101	1.26401280385931	0.321628650705727
0.273519806128823	-0.779536655597917	0.420779552539166	-0.422991947734559	0.478117248491257
0.141523719829643	-0.766252191091646	0.427622278235583	0.28166248304321	-0.15203707342525
0.0876264742287025	-0.0387060566959477	0.313595624096786	-0.341528662411055	0.0179130266131869
0.137126499445392	-1.27272686712893	0.58091024859964	-0.256745508794901	-0.650450703634111
0.571867417933442	0.656356101700608	0.229711072328708	0.365121617210484	-0.207680170968771
0.254573778964552	-1.21780467512903	0.739112603741656	1.11946172285465	-0.242639754790072
0.111713202637985	0.840503665299916	0.0203375536843492	1.61319499314415	-0.346770061792319
0.286475694812758	-0.932012894334089	0.211153099771402	1.23852289281673	0.0673484031733053
0.121993442028608	0.157548388067555	0.39629697405901	0.561173376448987	-0.687595044466613
-0.18086144546938	-0.393582213807834	0.477185861517166	0.0686321131902818	-0.815466575434699
0.154841710459297	0.174309808812409	-0.294374963679762	0.304953595787503	-0.13077499193932
-0.583504827084098	-0.656990543778247	-0.250308014120985	-0.000236545430221171	-0.684353730480974
-0.278233438965126	0.139876277825142	-0.169119044531417	-0.560619390548783	-0.687164119308904
-0.481972670354545	-0.15251824088456	-0.35534841157122	0.15105715444615	-0.232052971181913
-0.971992535191711	0.211269259718194	0.246055874878988	-0.357718092321342	-0.733503690469687
0.204504347972149	-0.323982494252033	-0.509467450594093	1.40176357729609	0.0621044346247496
-0.0581823945004238	-0.662128173049851	0.532464325077951	0.244665810910841	0.399468240049967
-0.689924137209681	1.50829200152217	0.286836737756209	1.68970209588758	-0.224565319498073
0.262765516351713	0.716684693903938	0.131309953640971	-0.0410804527484231	0.289548206114571
-0.10346370884201	1.28284395090839	0.481007520094691	-1.04422694553863	-0.0791080125293056
-0.268149575417369	0.909756697163855	0.188176991584535	0.468600099637587	-0.842061398490641
-0.172968162685782	0.57458120380712	0.0677168800084772	0.0367078345917028	-0.849237233357681
-0.704538742867031	0.0453124562500993	-0.466318248316008	-0.806657789722494	-0.487880901469902
-0.383188712831436	1.06631606495224	-0.289952701204626	1.35123557805012	-0.544190838855062
-1.0963187147781	-0.323979724418206	-0.0482199942450918	1.23150580782112	0.0255346991130042
-0.746042388988898	0.0301670784174391	-0.406491306894327	-0.372020425995037	-1.47698729904878
-1.05128507025883	0.157933409904242	-0.877661263294098	-3.08446952591423	-0.254483941830688
0.779782883942327	2.52036275161498	0.048898633035895	3.76663395981305	0.721114934228164
-0.233985280976904	0.335719211895294	-0.933593387692676	0.437151274263831	0.100924517055879
-0.337287746626668	0.679065104160898	-0.631181027296291	-0.0895671983156782	-0.163636398360606
-0.819129044227554	0.16061043502983	-1.0455024635121	1.6207701264107	-0.654003087000303
-0.0791523495316438	1.32179755750865	-0.643560674411083	-1.61637544081365	-0.46740500040485
-1.12491030919763	-1.2661004970631	-1.03469202763863	1.95728222864076	-0.748729226025737
-0.563117079957187	0.282082124149263	-0.532298643929616	-0.269365881506267	-0.905739080364217
-0.0768782135243466	-0.186371262569617	-0.659364737510101	-1.16233943858835	-0.326552501224389
-0.659842791592373	0.599265558443481	-0.47606396978888	0.758798212909067	-0.195013611715945
-0.101340471238921	-0.805132901736737	-0.193083615158847	1.05322124540817	-0.613403597771561
-0.269212909685438	-0.0472002987738799	0.0581356237225505	1.09423740720099	-0.139847161648062
-0.556124475773391	-0.15007434877713	-0.420012915616242	0.463063935673587	0.167261237071024
-0.983619676114849	0.00968082635532067	-0.734864578308575	0.657772863676332	-0.363538158583428
-0.813643916846733	-0.0539280979029415	-0.583867270289475	-1.68736597906168	-0.568553935381806
-0.945276978836722	-0.27145476918722	-0.748963257369388	0.579742275022112	0.0978567587967292
-0.94178831942514	-0.559927811818046	-0.866614289524095	0.0710945072754041	-0.484860053907812
-0.333821410718458	-0.191768101328158	-0.568937259765037	-0.697937173661302	-0.407856948777208
-0.0416126899660608	-1.11753553592816	-0.122386889482501	-2.32028812776985	-0.17990631367042
-0.0408293128737772	-0.145450713340008	-0.219650705517869	1.18401948006798	0.733328604136592
-0.10588413559379	-0.87735005626471	0.0627766367040426	0.954896221032154	0.136409350799712
0.454775942837026	-1.18109400117101	0.339872523716024	-4.19874907857141	0.735185188384778
0.180524281625048	-0.34818741337726	0.336706390506722	-0.0853696906222239	0.145905630480546
0.232771605242667	-0.198153332371361	0.443028262701416	-1.7893303096764	-0.0414017561176451
0.467881499111185	-0.778526612405431	0.459689446826891	-1.00557718772123	0.316655437107284
0.180479244113209	0.841751412291051	0.547194929638257	-1.142866645007	0.233596136852739
0.318506485431543	-1.90418688860465	0.566236999011894	-0.813369099919794	0.407360433151865
-0.111833077939596	-0.139596221239966	0.561560865062582	0.478115185808372	-0.0738883444087629
-0.0954908118882029	-0.381829676711964	0.554590712386713	-1.90375415565105	0.0308212051165346
-0.439265199328883	0.394781379642835	0.326142689393407	-1.25463314103858	-0.0666095809108652
-0.176627405814791	-0.933892225661154	0.309325409021109	0.354754605538527	0.688957244260681
-0.181970664527079	-0.355511566964904	0.473312739363943	0.121709732478431	0.310723502360105
-0.0374075549684135	-0.470183574816726	0.113449411779503	-2.26355481327453	0.480855592470963
0.00307026456896412	0.552059756976076	-0.0812799837119046	-0.485357876518362	0.787580614310452
0.206693992276031	-0.444261604475267	0.68958686064368	-0.481089426412838	0.443769966547352
-0.106473773537019	-1.13251997312556	0.0983835279819069	-1.85857328496527	0.348476684464329
0.212366835662345	-0.172537874253348	-0.0215827552216006	-1.04382378016431	0.473126906838818
-0.0133351504452254	0.384040789919039	0.379814346039833	-0.675055986548407	0.156002115000152
0.421304789899337	-0.214555420380314	0.479155470804549	-1.07903409336315	0.467339884635188
0.0907457119220495	0.15031602491985	0.701264945128294	-0.496460358528236	0.484209121187754
0.24017626150121	-0.114676554671271	0.157260179687642	-1.68007641812746	0.054931379181309
0.496355668490889	0.173815232646758	0.7876519249345	-1.92585463507545	0.252064065529313
0.222123589501911	-0.524992653462693	0.465413932291874	0.161231931745218	0.801309145258752
0.144416891238104	-0.198503027814521	0.0419972441054892	-0.0160184357466419	-0.475189855580716
0.143074396288072	-0.291048514808675	0.152235947786282	-1.50910625683513	-0.680314791349406
0.156822397001721	-0.712269804623383	0.13794840915069	-1.85407204910758	-0.761201136485469
0.423819265126662	0.246240769349055	-0.242591694618399	-1.8546043890452	-0.346373762578519
0.135735562841423	0.069884699886346	0.338086768696143	-1.97070329238009	-0.23755808081713
-0.0805338796876313	-1.08897632337276	0.0477859519434773	-1.34813686125231	0.515144082008663
0.415456309513333	1.05741981324493	0.13244413832098	-1.19993142061401	0.497773256751899
0.121849217648301	-0.513658457982187	0.104685089903304	-0.847756929965144	0.377541831682244
0.131599993925596	0.957164530908166	0.385297048548303	0.755150946805189	0.594098932413424
0.421715552409602	0.476372156279076	0.405383167745448	1.76981464548993	0.528312265934052
0.16646666527758	0.385088993013415	0.541819563690186	1.67131060936717	0.812243811808398
0.153553279310303	0.718595200914222	0.246939278750085	-1.15880310080318	0.44586991159907
-0.344247771805209	-0.572916174826827	-0.264919909326184	0.0970574605516743	0.272050526188929
0.0183190801861219	0.0259134679231434	0.323018008385214	-0.255993287443344	-0.00340667986379392
0.0267618902833922	-0.137097143985481	0.0496570982895623	-0.0508112209485567	0.378941273368613
-0.12025704704245	1.01182346898877	0.148289762015003	1.76121803018898	0.290781848927182
0.25176411300583	-0.34190250116514	-0.156525527484931	0.0447496958437356	-0.153036100941668
-0.0896115132327964	0.356997445768227	-0.320244706220646	-0.111218721997101	0.489316539742977
-0.137530894573291	0.0771185859902449	-0.391292510618921	-0.0549380539904603	-0.238212919460664
-0.180912205341492	-0.326875374833499	-0.20504912512034	-0.499420868442861	0.271864886764407
-0.0860654785056198	0.242717790077973	-0.105497519828561	0.957332550525901	-0.3212902542798
-0.283082618972303	0.140383955621475	-0.0593552216597907	0.00249554608669752	-0.091547288659974
-0.513829958613043	-0.286738949376716	-0.336831486708646	0.452983036083604	-0.126605196551416
-0.324178289511447	-0.324121541754478	-0.461322150521413	-1.41499289642646	-0.251378463450872
-0.425719612412567	-0.109955085802707	-0.186283786338635	-0.0994774930715992	-0.352821310711358
-0.357331052697653	1.41239820814144	-0.407652047520055	0.360508482401794	-0.944807790236382
-0.0337958266148549	1.17334169446671	-0.379683776833276	0.858395731956413	-1.96982024588011
-0.44495676398816	-0.20385498177773	-0.338038307727829	-0.615323247328959	-0.867331156891894
-0.0256107679789463	-0.299579619038565	-0.288063935562419	2.216645100315	-0.354167245076077
-0.363192080740899	1.32941085900533	-0.15209448607463	-1.85159097166166	-1.54062498281802
0.167687410155362	0.647371882337363	0.0735400896534832	0.153828416680675	-2.01143490303856
0.17363081931799	-0.22449386217855	-0.394042815060739	1.63888508808023	-0.675843069124251
0.134283316210383	0.412947890262126	-0.0570861131114447	-0.621462725978302	0.223225766650943
-0.205384139101813	0.442275551180434	-0.277417647358441	1.3823844808627	-0.390900958028349
-0.321985501622075	-0.232569147642483	-0.0885891238971789	-1.00655325268325	-0.561683140984245
0.129454883880456	0.057443648461133	-0.178661910069116	1.66800060212084	-0.311594539293832
0.34028363161204	-0.0529710173642843	0.0429962797232029	-1.18677099439841	-0.0861547034760857
0.69565246520228	-0.0549632282740205	0.569882151653066	3.40473605898045	0.246643848399916
0.471589489625072	0.0851850884029706	0.201877942668053	3.56675274531231	1.48546540204279
0.276543637840273	-0.70908598940853	0.338853215655153	0.698767160131884	-0.102456179506936
0.620023752780558	-0.906244990159874	0.742865467802225	1.03655575668646	0.43162387635586
0.423598082692811	0.542152970102849	0.762232975429526	1.74874392028824	0.873470739252076
-0.0578493607163145	0.401377807163581	0.530937799709327	-0.194738169703063	0.41669059929241
0.413079063831077	-0.0271841753896782	1.14626482002086	2.61091063572205	1.01357082657373
0.316080579235322	0.749948232420455	0.563451487857186	0.899016561083214	-0.0544541264813802
0.343710140373416	0.218728270149254	0.398042151270637	0.471348540852488	0.306705169223505
0.123859980051241	-0.162862928845142	0.605193803214601	2.58385803937846	0.226460458207955
-0.0143984890779856	1.21188825825614	0.104706936337078	1.12869084138796	-0.684890815745876
-0.118951745514095	-0.440824791693427	0.504765387499476	0.690447833811768	0.215530264822604
0.370947891815967	-0.558316485969422	0.0762733289665761	0.553466373379661	-0.254619551037064
-0.181514247825988	0.625045203151354	0.434728335327441	0.354627582311324	0.197825743397942
0.0772796880309091	-0.344533504496081	0.293515066836326	0.882586479558364	-0.771220248273712
-0.224533322685784	-0.266492495627113	-0.13388706562154	0.0214714216882792	0.0959665323094493
0.209224902772415	-0.88255561244892	0.333961854158792	1.72357721208452	-0.478303706959745
0.112210220544337	1.50189785166895	0.461444410420409	0.161302640114826	0.314546829064896
0.592558916255764	-0.321374170856263	0.0249130900970529	0.191350642378806	0.350557677488983
0.719241633522348	0.923946293149573	0.783309228010756	0.108606983046292	0.806857082314605
0.347345321474092	-0.592575824047396	0.207697308553404	0.181297016398535	0.368828732155888
0.632497561183789	-0.413973815148185	0.353007939439727	1.90223545059233	0.394422976197285
0.777443754993622	0.321463578130001	0.410510133117162	0.781489853820014	0.0533313807999979
0.377329798672178	-1.05119357192539	0.469729406836473	0.825124193196323	-0.950875091648419
0.200306742591476	-0.333789798839883	0.131722650848172	-0.0325775447374338	-0.736682862789485
0.391205137409643	-0.777663941582606	0.175443474340968	0.596347859409416	-0.891447521170905
0.0809369215788149	-0.265198164222361	0.120175244977613	-0.566708528341255	-0.6420246999673
0.304832400367237	-0.218491209531229	0.152405844497109	1.21232232916233	-0.800527049167851
0.200949283854878	0.249564354212402	0.206237432091872	0.489016771164879	-0.92427004450359
0.0286855069703017	-0.602229543004393	-0.0288942957825519	-1.46770083159011	-1.00341406838358
-0.346470478692694	-0.468628553237256	0.0567462227574302	0.14129375284807	-0.641990145797602
-0.318815314855088	-0.12811634667997	0.169504590886199	0.976732298651536	-0.962265142358684
0.217694040820566	-0.0489822540026377	0.352941968162782	2.90747554756394	-0.251060134855159
-0.462405989000471	0.129560482797254	-0.113115584077672	1.01409452974679	-0.604030289217379
0.154152414475425	0.147517857021955	-0.334003806859069	0.741341369203054	-0.489071260596958
-0.60892101379352	-0.618843127010051	0.12004334401174	1.62926765582634	-0.477624811821182
0.0803726641259972	-0.44182971516767	-0.321779455773631	0.203799784364651	-0.53374733603609
-0.21136589780615	0.0882289917882966	-0.277540027332038	1.73246488359779	-0.702911570655763
-0.6583831354221	-1.44341155167511	-0.32079975899126	-7.10513843032357	-0.157754532414743
-0.618000828763881	-2.20750574517499	-0.708832779589069	-3.88556835851344	-0.144068537348069
-0.187046759766605	-1.5199709842718	-0.159306606468716	-2.74451643927897	-0.637722470744085
-0.193232168673806	-0.874577650874752	-0.869236931085436	-3.39503023848878	-0.667339060045502
-0.510239865361091	-1.05237941086442	-0.740990402251582	-6.49859907654796	-1.02269072649038
-0.542858834321579	0.672860161476003	-0.141488753177601	-3.63956948768782	-0.153177895978771
-0.489080302634967	-0.375581640039585	-0.487655626717733	0.881159882562635	-0.140808449408686
0.297267881771979	1.94639144865611	-0.700538142025914	0.320240325268908	-0.211540007138509
-0.101753424985588	0.0714418790703859	-0.417567785707893	0.473401056605613	0.162063836360144
0.0303927136952905	0.704595091277674	-0.369980703274203	-0.239274023367976	0.0816419185585128
-0.399880156923952	0.286240701078231	-0.731598275588122	-0.190519681121659	-0.0238669077453471
0.1896947364427	1.06516449068833	-0.00197798656214578	0.156448247265278	-0.0423228058312786
-0.297958187104903	0.294218972163532	-0.315085447833787	-0.181551081088332	0.0881347693685196
-0.278521904898544	-0.295649282304432	-0.520883971280678	-0.638070997510169	0.0981448100539171
0.0672638483599391	1.06462277192375	-0.154941738426757	0.382437618641331	-0.00567048233237496
0.112563038763264	0.176895278047126	-0.494393743802168	1.27224078288166	0.0758482804666577
0.0991394379161888	1.36011022925257	-0.364369565231272	1.69029628769402	-0.172469556499258
0.205776642585389	-0.378902881985956	-0.624886818834136	0.804571285966958	0.297063952748709
-0.323219994989134	1.08257468039419	-0.533840731640389	-1.00926181820544	0.772186427576661
-0.104058094868575	0.329353490235474	-0.323263676541604	0.722632350448926	-0.316534481961224
0.38044368110053	0.553268274415052	-0.697655743837354	-0.395348002873763	0.647661391318784
0.186118095956569	0.686380007284249	-0.196376877570791	1.14161044695936	0.658253208638403
0.144987529940441	-0.937142276461703	0.237512455762024	1.07899348512398	0.336492799764977
0.422473888746	0.877998427710009	0.0686273146872903	0.344938622017204	0.550618306399484
0.323535551245959	-0.198800635666799	0.247851884993172	0.473265481973962	0.363472518199403
0.303432102752918	-0.117128955111334	0.471401949125821	0.65549715195454	0.7007528950363
0.200342867998825	1.20452462069357	0.381681335658819	0.80635193261894	0.520261193457663
-0.0630260454675631	-0.593532578523181	0.322761997473431	-1.40679527007098	0.238162701546747
0.115456039809513	0.901826557348841	0.361752883654309	0.860503559554838	0.811061652898164
-0.0346076645525957	-1.12949209197515	0.30571927383236	0.498324499143333	0.505755341267524
0.0595065839889961	-0.222107741067963	0.0610931858868639	2.41780315979087	0.41894378341535
-0.123203982796498	1.04202847982404	0.263557647115883	0.861186133682862	0.190915631176544
0.31266995747798	-0.1045469162385	-0.188040917379671	2.50745584010392	0.587958140000984
-0.196460872692569	-0.673605471370154	-0.000138925870853923	0.804432612493885	0.663176013013516
-0.103545501819997	-0.080166978925995	0.0893626508683772	1.30046201714538	0.549638283103442
0.284455390289163	-0.0377768102324276	0.131468319449494	1.32384867164539	0.843648375705447
0.171703766522375	1.07441263990814	0.0795981878838009	2.34251555885346	0.258135047443547
-0.0185705355273626	0.217218028905991	-0.155882346016432	-0.226715496487502	0.539550019854983
-0.109114752425054	0.597228474595743	0.616460503609268	0.538039257217765	-0.158509352079369
-0.0947662098443503	-0.383970864524713	0.227499728793514	0.319857493291934	0.497574309208153
0.249456892147543	0.470102830913252	0.217570299313524	2.25906568024309	0.511533987968196
0.0214005076397682	0.135319907096166	0.113236474195742	1.93739897022685	0.643080323100933
0.0790172906051596	1.47960878942075	0.629027596945633	-0.950127686988327	0.489508291150858
0.0357265263876904	-0.48492983092004	0.236784187567704	0.526841297676199	0.547838988465762
0.0461973238569705	-0.343937235857042	0.60137401057717	2.35895451708612	0.932823430484041
0.18004586440786	1.04326937497607	0.0312221135254398	-0.00762665227430407	0.941211110586518
0.0402517871371526	-0.454852395353772	0.168416697259334	1.36824351078056	0.435063489347863
0.275445511446485	0.916356656974252	0.300695192794121	1.11132043300732	0.369701607163926
0.240796395497069	0.0435048579462181	0.202251910424092	1.16394670425153	0.313815235107196
0.563425803272134	-0.380913169975813	-0.061870687745407	0.369803700052408	0.0769523256704905
-0.0818327681743492	0.344274679940087	0.11307173227211	-0.254731957708806	0.440529385972709
0.330166719671076	-0.124139384363978	0.052503733436971	0.568301028805811	0.279689483602231
0.368686368414318	0.146310627201539	-0.155070302936018	1.00949662533736	0.8668544167951
0.130490515973649	1.08846752959205	0.0554727243903177	1.02355666498672	0.268856759985489
0.169576541664017	-0.716997480299537	0.0796527018074633	1.59276561123531	0.262607711610694
0.0707569908226738	0.605120436819149	0.133965007442857	-0.640926592112748	0.0365094441988393
0.441278032019668	0.421601479788956	0.333589805475087	1.0119769903337	0.38148004520805
0.345059681468795	0.309761774869765	-0.0190585936493111	0.356556970594288	0.150146194916285
0.40252441438466	0.173358961834788	0.505272233567693	1.18661206196883	0.0279749281656035
0.354859104885148	0.692142119166303	0.241053883884778	-1.39532377390583	-0.248395458625784
0.702077987399469	-0.0529104617336022	0.255591642663208	0.992569137291357	0.564979628001677
-0.0346592703851768	0.686453886227115	-0.428539981024837	2.20803315129107	-0.41116300681116
0.843501293760439	1.2740611088401	0.30636744182744	0.183067260632439	0.222526857513491
0.878943872935686	0.251226974389288	0.129793196928282	0.784532247907988	-0.376924479894708
1.23465753457117	0.877484091302646	0.171252217025821	0.499712947544652	0.208036450722188
1.58150957879717	1.14856599565075	-0.0691882102844661	-0.264875973603128	0.964631238829789
1.03814344078428	-0.154561809889766	-0.116016891420176	1.61381064835747	-0.0104918921938069
0.868205076411122	0.79974876012043	-0.3471176199394	-2.23979187880698	-0.581491363230011
0.529519071033221	0.160002764664217	-0.0179212439346366	0.427780686205974	0.0600301024978393
0.260800114768011	-0.25125684798677	-0.508184577799306	0.330994801080805	-0.473033290083914
-0.225369431908673	-0.612491441722998	-0.810117343934722	-0.120937749834628	-0.076963012680571
-0.623930086121185	0.130931434777432	-0.720281393876082	-0.71782176393126	-0.239489292818364
-0.752212080815647	-0.0977851842730346	-0.492712591617464	-0.897220553465196	0.00858089249626384
-0.231177884258093	0.662981114613575	-0.862269457807168	-0.259266428618553	0.140192987534388
0.033226179046116	-0.463301217222296	-1.15567110159898	-0.652806801654257	0.352023662238384
-0.220806904117804	0.434892306163706	-0.761954370937744	-0.244568593590642	0.387549996569803
-0.203681313122472	0.72594383311929	-0.590875738671312	-0.218887194444908	-0.0497507491658629
-0.496019438330035	0.102720171474776	-0.925172587013091	0.415990610523575	-0.369569956783963
-0.261735640423236	0.0723104398496362	-1.1409167754298	-0.546262884285479	0.192498505227564
-0.323004440536787	-0.566779881476695	-0.854008858411716	-0.0145745819330039	-0.149382023579346
-0.552541721355435	0.751442594100928	-1.05476516100102	0.72507238981756	-0.00694081587590773
-0.140892760954169	0.129356379671211	-0.399145170047151	-1.8449068006788	-0.396355876808138
0.0841516945636406	-0.401027267097288	-0.528235619561851	0.645111119104319	-0.678764332240622
0.137904911668211	-0.735086530539768	-0.496626585602097	-1.8426365500652	-0.0861724105271515
0.0410016913414671	0.365492748272342	-0.138554113235887	-2.04223781807069	-0.304488430773006
0.408035989006954	-1.02496063596045	0.229733306900826	-1.59831222908117	-0.330519361247341
0.239258169989629	-1.06458148146962	0.302981800794779	-1.05476986870121	-0.0150343145673491
0.608746514023717	0.3243577648059	0.466936795325678	-1.18218611708289	-0.293974423933682
0.348719359247671	0.061969501106696	0.322088784007676	-0.064876876318089	0.208555160376309
-0.128767735887634	-1.10474891868364	0.224894074248132	-1.21956427499603	-0.015105219545798
0.384323573315099	0.0510954296463692	0.751359166248862	-2.18395643005077	-0.473287596053236
-0.451023857593111	-0.636878935936819	0.214482476082723	-0.574392789267066	-0.0740141230977783
0.163574982421558	-0.834518209660216	0.196618690170203	0.262701257909808	-0.547974032862286
-0.703817916660145	0.530960936293966	-0.175288398629024	0.525927083282291	0.103586053951069
-0.367572370018395	-0.877009046714353	0.295754419756707	-0.22277852263415	-0.626067046783965
-0.765043394289324	-0.712433092326787	-0.041118197045848	0.616984343690266	-0.406199784959276
-0.619803072996748	-0.428752569138778	0.11202889223212	-1.94657792474482	-0.0787697393852735
-0.406633163250546	-0.444426912043635	0.0761470100459193	-0.68938877560478	-0.0797700700355304
-0.304406084923204	-0.340778809205985	-0.392896069935927	1.42552805351436	0.128163925536605
-0.372919016144201	-0.358947979014301	0.0612398614044481	-0.213798285049417	0.192534198041817
-0.23404799265875	-1.08933897192696	0.283066235777664	-1.33239365550748	0.360466919414673
0.06091775169777	-0.594188556285773	0.474432067389244	-0.457075709851789	0.648943007030014
0.0933893773035907	0.188058425783721	-0.1841802072807	0.848782318507288	0.270310440345796
0.0381280684718233	-0.784983943455541	0.353102624367329	-1.91227736178859	0.567567819776967
0.063348826171693	0.668075936951333	0.270035232616802	0.139527312170433	0.236205257195317
-0.268739788598995	-1.25171530952289	0.434784874961742	-0.0437444471273449	0.516362690402197
-0.0926094817257073	0.129571206627296	0.0916649401652583	-0.00644069602248736	0.254267907991313
-0.0432734711293676	-0.738217882472463	0.0223790783658235	-0.016077324056581	-0.000230760732686486
-0.374821135647383	-0.101595456886544	0.138643563169908	-0.838111201230803	-0.096457131063463
-0.363190394476792	-0.41436540482701	-0.0147199115078524	-0.487525259705521	-0.434012132025625
-0.0049728409054	-0.391500084591777	-0.278912937659865	-1.62978809872437	-0.22848078140152
0.176563064937781	0.798301414118685	0.269265504192484	0.009612257338421	0.0285396911094984
0.117719147374306	0.65231567849474	-0.515464081880345	2.07440241401475	0.336660564199078
0.297854320963099	-0.433866292004777	-0.00700103029451675	-1.41030900315578	0.245635240829446
-0.208014760490379	-0.204650385498899	0.131907995337398	-0.935343422685508	0.414478669501269
0.191965426624169	0.0161523180319128	0.321586453116929	1.09538248756001	0.335511964236956
0.0914934022493997	0.259875281042503	0.437588386281265	-0.615790067590162	0.398321708096535
0.47929101723865	0.4220142027227	0.0287201753788319	1.34451487612951	0.262635132164404
0.256223789768379	0.396205091413549	0.484909907273412	-0.506212570272355	0.134942564598864
-0.249663590429195	0.027907864162791	0.510969967525577	-0.091794729200217	-0.110756478276163
0.307867380489227	0.441467884190889	0.585983470047309	0.931777942845124	-0.155033874612055
-0.367503701115824	-0.650763855479706	0.252623428163965	-2.97237796268449	-0.497459916918573
-0.109414079886254	-0.295220080340283	0.254313862995426	1.35013871161218	0.229031517697546
-0.37905422412166	-0.598523091951069	0.069599212286854	-1.66316933931443	-0.119075376918993
-0.514714451742307	0.192490507153712	0.00300006315232994	-2.00215264833554	-0.627226460793121
-0.89259038396265	-1.0779388372118	-0.0918847700054848	-0.75579757947651	-0.460207796781019
-0.921645680089185	-0.406964860204973	0.114978552487705	1.39430165110618	-0.197495916744929
-0.482787049994137	0.476065362652712	0.205211277201095	-0.702092851647891	-0.406428975673607
-0.440105545521989	-0.0743673515863679	0.141920799712379	-0.541539770550745	-0.108228220145463
-0.419137457671022	-0.0285417910371266	0.382273227455973	-1.45267920667696	-0.649120341779419
-0.268144524422932	-0.284515964651955	0.101035677759824	0.518109801680149	-0.181233936122787
-0.292344030232583	0.209120534897332	-0.209938118258491	-0.0333366753802331	-0.322728860654228
-0.261347378586472	1.14950592069475	0.0512798868203872	0.0810107338802955	-0.682846838429152
-0.312664390154713	-0.553031929216612	0.00951450349322613	-2.17656402031765	-1.10194252252396
-0.320686098086606	0.0235208119663643	-0.467609529241804	0.206044696565685	-0.330279838695417
-0.499530817813767	0.29403439177875	-0.362658369521037	-2.16034543931759	-0.60165560922519
