0.601712668022273	0.0725800576530894	0.687795612142877	1.61392296818756	0.804790001398938
0.0775667509449247	0.402962426158133	0.276229925527603	-0.195212668940441	0.234284933391175
-0.0897924473371727	-1.04060183566448	0.0150505182620194	-1.22206857892958	0.0787570819804161
-0.938099739946538	-1.39633523037165	0.0220918437145255	0.3970649019678	-0.696863806751948
-0.404616267961083	-0.319083535849686	-0.326892329523843	-1.36470662779473	-0.792799560623862
-0.313602300975749	-0.180119267370468	-0.316736093562461	-0.285160498687898	0.0854436876397901
-0.30509572477151	-1.33727690984625	0.256680182658786	-1.11468867897995	-0.722555345412389
-0.512160308784465	-0.546941452605284	-0.175308716922828	1.36659926510937	0.151565070391934
-0.401982348320998	0.00708359393960486	0.358807834515352	-1.11122774402984	-0.233197021877352
-0.502161616138551	0.147548588716731	0.200095065489493	-0.760401617701439	-0.491370888957695
-0.419805434709071	-1.49079660942826	-0.23402230170866	0.343889398452583	-0.0525716840019943
-0.374531661177479	0.475952875513749	-0.352782114346726	-0.0123919291261435	-0.660494920407315
-0.612359515211227	-0.400142143885203	-0.385537971729812	-0.342232500864219	-0.576634173049451
-0.406252378385772	0.198219008977419	-0.232116165349076	-1.78233205010855	-1.08623310739904
-0.283003194093714	-1.39713385254625	-0.807149145531377	-1.36543879896954	-0.714273057198417
-0.321359650269045	-0.45304523376887	-0.451552618922033	-0.0965046445080006	-0.948838478049966
-0.358405687978228	-0.797238532125621	-0.448428318122762	-1.50914284741039	-0.278066901129552
-0.30647530609448	0.322678300976859	-0.452476133260314	-0.217063307352297	-0.662659387208192
0.145747912095156	-0.4775161754749	-0.166242053209759	-1.24689478599452	-0.395957048469102
-0.0744526386943129	0.427165430987759	0.20748508850899	-0.432143342131364	-0.106898802211809
-0.0322945619526402	-1.01071080753174	-0.318515598713356	-1.32500654665118	-0.11336675278111
0.365688284315303	0.770512444179441	0.0402113248267681	-0.102294044207972	0.0231674878557389
-0.350331015573229	-1.79468843882458	0.40734730831001	-2.19937731515199	-0.418044864978369
0.237910132878288	0.00353417659698845	-0.0224503529542356	1.04306258646293	0.0528481240347501
0.164080406914793	0.811870413619411	-0.627764983125018	1.07629299850039	-0.427448398184788
0.317438893570606	-0.942223226455077	-0.190763752234032	1.22105871487713	-0.371956728931725
0.568824256894712	-0.111541967095749	0.0146896228969602	0.20214208886205	0.309725673860195
-0.150673163339551	0.272982960661205	-0.0664653596347512	-0.466087606680478	-0.275037424155542
0.39617444285625	0.00179452416427697	-0.143714955523728	0.30871093959345	-0.0252165501831295
0.153892782510842	0.845914606722743	0.278135403860701	0.472262574494393	0.643150072046777
0.053078326149462	0.470399726438105	0.550390689380668	0.202234074375885	0.463677362989994
0.469393199362298	-0.244525649864285	0.268390026394598	0.524035074503513	0.159644018513867
-0.0475594454797308	0.897539963059221	0.402467537828222	0.275625792711116	0.640117627404386
0.0339037563309065	-0.122290799899483	0.389457976214603	0.253729678233594	0.105066511781095
-0.174297062984058	0.542436457980754	-0.018509782001506	0.248199448255811	0.0465509587015571
-0.253334130855882	-0.591910131291495	0.18574799244322	-0.307411260832089	-0.334266032038142
-0.17832098176654	-0.378301732961789	-0.261964201428917	-1.25068774563194	-0.0945037962442066
-0.15355481225251	0.195929273437021	-0.338715244804648	0.225950597232784	-0.347413701891587
-0.464794884456536	0.730111089701353	-0.28739717146586	-0.827265018204256	0.21158348657365
-0.280960055026969	0.587501952834736	-0.143685312905216	0.250844187140664	-0.227239095063191
-0.0208406058451546	-0.865792213519988	-0.0810372332778934	-0.421401276198473	-0.0387342278718469
0.106607991373543	2.28868465782768	0.16797884080349	2.11182919678456	0.291607010483258
-0.288693756443774	-0.541733231480998	0.201790256324821	0.828067625435285	0.25516994309471
0.322100600822876	0.582380275604542	0.0746254674932843	0.339310989951769	0.384939945544984
-0.117701365356603	0.969120903643369	0.387107040707116	0.649553126866451	0.138666186869442
0.0397503794536956	0.925730846461262	0.50581027055606	0.809879425913617	0.245234493097568
0.212111459154112	0.331619817830541	0.466402737505246	-0.710484792930605	0.313051107228977
-0.0997198473415968	0.351172325915604	-0.0820770826245569	0.0551842126962284	-0.044402896295075
0.31995575239463	0.420370435641397	0.710629668784152	-0.101212783213029	0.639704839776764
-0.00186110790398684	0.088681800498179	0.25933311105154	1.43297594607036	-0.0024160576000334
-0.0692673246690563	-0.494533290514584	0.148221063591374	0.109783624099912	0.0393837030606373
0.406063283111726	0.458003062868283	0.272642330961821	-0.744821668270906	0.148956836887015
-0.239368931851727	0.0605672778600052	0.232086597634987	0.60862632313155	0.333959796641591
0.0349460740974345	-0.0591148271319959	-0.192261539549821	-0.779555303263197	-0.465810696461203
0.21285016043275	-0.804756433487349	-0.192128130546922	0.554998711483902	-0.261209532618837
-0.137706390256279	0.658334823673107	-0.0836098515714121	-1.03587400630943	0.163553639363722
-0.238919531549235	-0.382256023075949	-0.0296555490104908	-0.0720108068416687	0.0167175664114552
-0.119558780642916	-0.587581683626986	-0.356557502329668	0.777281984918488	-0.0606539490236011
0.197104972739628	0.23057951554678	0.0539179354778596	-0.156546351161328	0.00828409832723555
0.093360433440618	0.646314769774913	0.293426076035534	0.932572175459164	0.743157843408919
0.104698848188126	-0.554948587480526	0.220742953063555	-1.99312310818955	-0.0320053926848398
0.0769179973451711	1.75955137631209	-0.0949216219653496	-0.244656155958719	0.0764656678682826
-0.0228323484776663	0.0591670468357029	-0.279793133933705	0.397402158398078	0.397713636172023
-0.0596161376270243	0.17373929657496	-0.14509305260604	0.946816860362912	0.32286033072557
0.111363515197349	-0.37783994633566	-0.522286226035374	-1.0937737142455	0.0524261414946659
0.339903964690334	0.26482943782916	-0.15503019135648	0.365769363486925	0.703564604037127
0.024811286962443	0.212385265520706	-0.599851055897454	0.157213845992621	0.159488722218981
0.0991947865241435	-0.419006163890142	-0.389156609095744	-0.274955447215209	0.0129676681396378
0.191220585303504	0.148382633594411	-0.155211654814451	-0.753806909471855	-0.139568079590468
0.0273094317582009	0.327663437789344	-0.0733540042389304	0.0844537025390303	0.25859270597936
-0.108910070705134	-1.62901788201588	-0.533710992089623	-0.229407946110385	-0.239233384770762
0.48827956959641	0.840939715985943	-0.103661423878884	0.404237232379273	-0.363424391611563
0.077295792912886	0.691554524893723	-0.0662193495995585	-0.210538501276663	0.214169562562665
0.209937993941292	-0.892391917133982	0.135036270464392	0.0544399149135793	-0.22525472996352
0.193441396951322	-0.3545063713054	-0.350620310855734	0.41409896836512	-0.053236258225305
0.167916260080511	0.147657628200203	-0.153002543626433	-0.794366668391668	-0.232787341040982
-0.0190709958920497	0.607191708005377	0.267860288992642	-0.744322102398679	-0.27407541854809
0.297548274138873	-0.0299036988038675	-0.199969541983486	-0.0965105118397909	-0.261156651328576
0.210746714602945	0.547654422373553	0.203141709407608	-0.777370249006333	0.0274811739499618
0.0560299743887498	0.917905210947342	0.250857531383543	-1.27992444710004	-0.109917176095783
-0.124815675949548	-1.72383551437045	0.151888085385806	0.575265240845428	-0.204457368145903
0.0451803632995206	-0.504857714336898	-0.105873120363742	-0.898552208210812	-0.292375413829795
0.0031397499456829	0.303440744663228	0.29811229903988	0.251819306231021	-0.154361224100706
-0.0678425437256076	-0.10192106098505	0.10467602419581	-0.356255078291264	-0.144520424325805
-0.0514137199844711	0.341716028818172	-0.163205430791978	-2.34252761690289	-0.234413877101915
-0.0869667298116492	0.27005501021069	-0.0180066102427908	0.0379537298419672	-0.0723032398114353
-0.152660808893488	0.655066078053683	0.107067686417535	-0.27583802529148	-0.184105968693048
-0.165030278014185	-0.501356873932162	0.0098224154133558	-0.435223584152026	-0.0171198744934618
0.236613512167884	-0.0743986700536635	0.052949939148169	-0.0542692545322808	-0.305358326569841
-0.329969189241905	0.0456447270189923	0.571853439649069	1.09040849379732	0.330625368985146
-0.0217568071416195	-0.496449998246964	0.221685739291417	1.14543959285585	-0.0324857186131466
0.105073858019612	1.03880776400496	-0.0569850159566189	-0.645728853604081	-0.30157100401881
0.167199007761582	-0.0140433522767105	0.703407703288816	1.79077453264015	0.341380112935882
-0.23893785140318	-0.46574611806799	0.285401156020786	-0.433079583350765	-0.245443879961271
-0.0460797427572409	-0.0940977252984228	-0.177257931898388	1.25950224045167	0.177814291544935
-0.0815556200747462	0.30928311975162	0.445971760672392	1.43187008417433	0.257262329634505
0.141790486316916	0.0423170946345307	0.34716858667582	0.655983755786912	-0.0155323570209972
0.0857426576198876	-0.0885731161087926	-0.166227073369634	0.39136871174832	-0.0941106761974464
-0.0526547317183963	1.6839019292851	0.468371512236399	1.89175854974093	0.479008529932131
0.1725559585907	-0.648551087574009	0.25758207652514	-0.996425065075666	0.0629524956586402
-0.160349188849909	0.0452353810040382	0.369617868108453	1.99298917969878	0.342288157485682
0.147798582481769	1.22517046863585	0.341816656205286	-0.0601256600110061	0.0382040071208137
0.0245827442195824	1.00758192615918	0.478101014420435	0.514181642434298	0.569454188186437
0.0163583482394244	-0.667520930634114	-0.115021668057455	-0.673962248681148	0.141809861368058
0.219575083561052	0.169236548033244	-0.0170842925963195	-0.454537523804622	0.251286531313855
-0.0261335177890907	0.23927249340171	-0.0397278278066792	0.929052153088379	0.656205425582082
0.153632104612689	-0.523797188016477	0.0112993563977464	-0.637692073894781	-0.0310982539094874
0.0911919511758497	-0.304261386370427	0.257720500795653	0.0799041800877024	0.455933104258653
0.1715184541813	0.724625556142518	0.0930369481542719	1.36578111058528	0.55703619876669
-0.220220086303314	-0.410489891582238	0.509727884747957	-0.120632724963849	0.359181778901465
0.10047322085072	-0.404417631895839	0.214696418595535	-1.30220199680673	0.126557551319609
0.0253276923536369	1.25317111237312	0.403664179475996	-0.604571787200246	0.418848436710425
0.124481804315672	-0.232432643314115	0.234510317532022	-0.459263131314054	0.0197543891696063
0.213999848366209	-0.498849710649481	0.444180104406241	-0.565930270281548	0.144517327362743
0.179658538359164	0.157183689967543	0.272119847461054	-0.459289935888769	0.312168066575891
-0.434579984413277	0.00469022532073414	0.535446286719418	-0.0617528605383463	0.23639706754582
0.264791449226072	-0.168532634072158	0.049880524369523	0.605504040191376	-0.221862033955025
-0.184333352970333	0.569448374278039	0.217937048493957	-0.774413942827066	0.140653955501555
-0.224872644798978	-0.110485270782915	0.227328957673809	0.850767247307282	0.333247298592685
0.00211560707802539	-0.472624973551744	-0.153683539484101	-0.327893076227553	-0.184945770456832
-0.0112819443328306	-0.434256845561013	-0.0555798613358889	0.22683408284453	-0.0867359915564206
-0.0442956672817113	-0.703890304458494	-0.0155587674463247	0.567801022320113	0.45195697452851
0.0404752665309429	0.418045262105445	-0.389953932154305	-0.877312220649703	-0.12507521166854
-0.124520584732491	-0.236639350595745	-0.648208208520619	1.31741395960432	-0.176522966397005
0.0726378015315617	0.296365585044949	-0.457271676539998	-1.23736817328949	-0.154589675410925
0.136024489796905	-0.109016543038105	-1.0196257726538	0.289245993236769	0.123413381779897
0.350044950591055	0.320914984186085	-0.854428848869891	-0.863006536491084	-0.408367430807463
-0.0901377217255328	-0.238709158836767	-0.490747404905343	0.521389148848497	-0.0737607415275141
0.148870138484809	0.468723220924376	-0.843427311217303	-0.775893260444539	-0.327367545648681
0.308210436444409	-0.421272938064708	-0.536887493490147	-0.908634962738314	-0.335442236768692
0.668199569095771	1.08903506823823	-0.232840941293518	1.60827886245053	0.453645689504026
0.508194937219653	-0.102852684944052	-0.325835549506028	-0.513594257851572	-0.0250888043058465
0.795277983878783	0.205202356333121	-0.806944650609259	0.810292728184984	-0.104833542610943
0.468051984234076	0.225705315942486	-0.431296424532263	-0.364747330087161	0.127029020335436
0.511389178390149	0.578412510983866	-0.104376140963082	0.0694789978786415	-0.0558395056726397
0.354211556021102	0.0790933606395012	-0.361279184562927	-0.472318067893318	-0.173126665743942
0.150786440555048	-1.07581206995332	-0.294300064623846	-0.0621590294924125	-0.0919027648448572
0.328470724770309	-0.339959806385939	0.143349855361133	0.572593638009784	0.164035009134528
0.0844366928575574	0.25485742488698	0.0738129627264041	-0.916993945153275	-0.240309715203116
0.226540556177578	-0.593864389147785	-0.0704358346678682	1.33389908448454	-0.026278445211877
-0.0550366728223395	-0.0485962659406242	-0.0703538875511958	-2.10069674680184	-0.135477749296046
-0.0769023718706353	-0.073088936100819	0.083244296077564	-0.159348077821111	-0.197197024868419
-0.0661149727040944	-0.769769750429224	-0.127487756362564	-0.0573939052997657	-0.268045676093808
-0.0130921752550306	0.600537721114761	0.0749606425963972	-0.383375458799187	0.0375248692344579
-0.173975617583176	-0.874888071890851	0.24972961828014	-0.0617639535044592	-0.189973245895734
-0.138555380294079	0.760001769592149	-0.195000177688138	0.502234341821254	-0.215798342911511
0.108022213052546	-0.47699555962139	-0.0578070781281664	-0.630211778048446	0.0869380296976602
-0.150358896307901	0.314547888080364	-0.0373361684369088	-0.455651009145127	0.0758986199533293
-0.0441438695954807	-0.305683518800667	-0.336452912174394	0.818184919872186	-0.172053187260264
-0.377805700832114	-0.13053658204881	-0.359724254615129	0.464840299901111	-0.169621271299392
0.144172663081741	0.343715334635823	0.0781846241704124	-0.331727070140882	0.158424808008483
-0.20311967218806	-0.239360059123434	-0.17448368599552	1.25817360392566	-0.0270498555504304
0.0672229840212534	-0.0603386865607067	-0.278529964902106	1.1155005299074	0.201850957791196
-0.186717613689382	0.0977389538004658	0.316904651676153	0.851792007430166	0.439471083197996
0.105716589569703	0.842303465539884	0.563935130821993	0.881460634860292	0.508753610148144
0.200927687633659	0.0272826959846111	-0.0696836721398621	1.17926147274859	0.162906735135674
0.337631308795287	0.471411459520376	0.544025793261816	0.977221055989754	0.531928956753829
-0.301310357018753	0.454674533336763	0.563874104611772	0.861990158455876	0.569156531520474
0.352501755715976	0.266882664647788	0.565028702755845	1.05866231782801	0.336575022596452
-0.0903685828300868	0.298613743342822	0.434327085452164	0.364882484490414	0.45883719033898
0.00572033254456515	-0.213516939361088	0.908639693697197	1.09552479723353	0.467103515566998
0.189146186904793	0.751692302858497	0.181972615723043	-0.135821185506183	0.217024001488996
-0.0772166351196728	-0.914187608107999	0.615641480676367	0.872910529067013	0.355144652759679
0.303577791830855	0.546848939932043	0.601937462273341	0.27147286897512	0.507734143674123
0.177304142585611	0.0863909139453074	0.272687250261866	0.146728614834532	0.205577226133362
0.206572041212412	-0.234942103698277	0.00598525106890409	1.26989477937757	0.0347211987246593
0.0397460573011509	1.22636092215221	0.336496911710141	-0.019773795563349	0.551427834451101
0.276725025026275	0.152979825705011	0.367286090406063	0.116112895586551	0.49127353751046
0.208686704909678	-0.609730282891189	0.433152317834849	0.814740395575877	0.280799710266773
0.182823791449013	1.39388766864745	0.570413720596828	0.707519689848993	0.415231950189289
-0.193809819919157	-0.842294215068474	0.394118496544479	0.600925618742678	0.110048704293797
-0.0740789162527583	0.557314906358358	-0.0660443878462204	0.306876399364844	-0.134105670049733
0.0302208036891244	-0.533486266663289	0.0782017331400908	1.03936169544799	0.288606764487814
-0.180125808024256	0.115051107063469	0.208350712378619	0.535515168157949	0.119067453797929
0.00998811184504476	0.198443010902767	-0.119058854678639	0.802127309393548	-0.171669228738512
-0.246457820355086	-0.308899815797538	0.200583629369827	0.258418505896524	-0.0803538521092116
-0.109309334580754	0.0509212595113198	0.0604130632802128	-0.0133917699312216	-0.0337605329324734
-0.522674437829149	-0.19596912404949	0.31277673022636	-0.643480173834197	-0.107959620257906
-0.281106031861742	-1.36607973961134	-0.223945230812112	0.0399559093576165	0.311399562820758
-0.253589036472228	0.652278111180496	0.238803579324833	3.18510502612926	0.177063123164203
0.538583008176967	-1.72404077843171	0.0139369184470736	2.0195388451661	0.519299026645623
1.10864845849483	0.0615375535208088	-0.786991828173112	5.19249170170412	0.219192113440045
0.82731311165494	0.687014697784505	-0.367899436450301	3.72158413125605	-0.585937642504469
0.857952616582405	0.148480768187013	-0.0851284192663354	1.35846399763039	0.644911082659893
0.604031309060671	1.55310296707023	0.370696010768879	0.866271169951384	0.17315754099929
0.513481515104554	0.377174566762743	0.369843445730343	1.70464875285957	0.697696968456459
0.192976776523541	0.873341268635694	-0.091243380293446	0.611890429247853	0.0505518876006152
-0.0144788444425388	0.452267635457576	-0.593704156561761	1.72980806379704	0.101325163882469
-0.100713081139613	0.88399372925948	-0.826206799433828	0.982240984464919	0.0782901669417443
-0.0931784965603917	1.37741564062172	-0.600583889525827	0.247917380939973	0.103498744738359
-0.210050059886485	-0.669444484545031	-0.0328238259872425	1.17118156676727	-0.298550662780188
-0.474695298133593	0.571938664566738	-0.792303004693266	-0.130627825962494	-0.454295899499874
-0.589229778372875	-0.416150679490345	-0.821260357819872	1.24157301546382	-0.675044490363016
-0.163353775760218	-2.53561620415751	-1.7878722623665	-2.92336005004997	-1.55313319331772
-0.25902117257904	-1.21201136012687	-1.4243130621329	-2.44256667338132	-0.0688834174802939
-1.43621964847827	-1.61310410400379	-0.941338228203719	-4.7684738726588	-2.76654030396254
-0.465480648998233	0.0497071137525379	-0.386869448180466	0.97975910033997	0.0133501582972438
-1.03474088810381	-0.504585706913035	-1.51645515337869	-1.18560855845505	-0.754894655117542
-0.672371491345827	-0.691850869081969	-0.943575592023303	-0.146437319253217	-0.301868010169736
0.0480318068494486	0.94029423418037	-0.335552882864543	0.0182598364550545	0.152574206416849
-0.173070918499985	0.181842918282838	-0.161984099149898	0.0303775551670549	0.482674977619027
-0.0387318754226108	0.292589313374646	-0.323547857288413	-0.78382823805085	-0.065288483759601
0.0853648064559463	-0.129007639491329	-0.525366397753009	0.297775686042831	0.188676586699908
0.0679101335806962	0.608801027268941	0.464091376250366	0.758952923571179	0.645850198508625
0.375397529054674	1.16827729094527	0.260350538397834	-1.44657211310667	0.719840321148026
0.00177790399610675	-0.975645893411898	0.414673391058072	-0.779574487767373	0.0587511170036353
0.346806075408661	0.781503927527651	0.574542034709424	-0.88693147691924	0.50974466535092
0.479256117534218	0.579932905040729	0.865539454013713	1.0981827739408	0.752319990294298
0.114593045810249	1.0160886952	1.28644225846602	-1.41938240451174	0.0876371368884614
0.528415505196822	0.217317401270051	0.426525760992396	0.381161730853008	0.259233312024239
0.356894447200796	0.590472600903371	0.912724933914886	-0.542888005656035	0.0479600332953365
0.493298315270232	0.738610364225102	0.574297207800435	1.42232604472337	0.414244945835454
0.143417426398205	-0.118660347379459	0.418373887508059	-1.10242012670597	-0.280096319818553
0.113453880252506	0.335834944958187	0.0875354702794042	-1.14660415697873	-0.350936905318537
0.113467581391087	0.447559945028609	0.175592368113767	1.28173162988687	-0.173760083751788
0.314688684158214	-0.871001200258903	0.496542475539074	-1.82912374779372	0.034850670935854
-0.455785612600509	0.228600816621884	-0.13188022930863	0.153837477520135	-0.372998988638261
0.00663598893406027	0.0268226434764537	0.482637545116545	-0.905925197127937	0.0259730337210683
-0.179359379189451	-1.15705506419936	0.292852142820002	-0.946977570600631	-0.386132851038183
-0.152864875095345	0.728344152033954	-0.132602280813971	-0.359147548662019	-0.400513415444638
0.302424894093481	0.428511549627704	0.157361201882126	-0.228897816497334	0.0269549231229267
-0.103185175465205	-0.851263377121119	0.00229251137912858	-0.303075731154826	-0.221187513737494
0.0671554660019819	0.3648171848456	-0.0262301312153559	-0.412561396965906	-0.362931145424084
0.347755182337904	-0.10422510175389	0.407463278393595	-0.438023864752247	0.189929176909467
0.221772406141673	0.526953043019654	0.458322788379614	-0.104605281323087	0.181239567234177
0.172557627648078	-1.06217210637403	0.284212728024057	-0.381223199782048	-0.480212937163912
0.330088357829974	0.820133075674789	-0.075586290050141	-1.66659807828428	0.153222684646852
0.261501401086074	-1.01775096008785	0.101996225213086	-0.27863251340608	-0.154812015052299
0.178510840872612	0.039696529754902	0.529049939297635	-0.0241026373776286	0.299630930936593
0.0113986932884426	-0.89385029253752	0.114709292902651	-0.259251774986185	-0.123355369614439
-0.136328861888014	-0.594185189799402	-0.133504989208823	-0.435585591210918	-0.0333005869046192
0.0518745299451896	-0.636723192564781	-0.0625157601522832	-0.761741187420441	0.0327910369025659
-0.0163033077000711	0.472426568030791	0.212778438324307	-0.964995296245128	0.222446947791376
-0.243674524819504	-0.116394597413779	0.118358300972125	0.57748767952268	0.0943143542773998
0.252185359469442	-0.040212322264549	0.00705513875555358	-0.478689382174901	0.210774817498992
0.491730740868149	0.587496720513809	0.441789536713518	1.09538137667842	0.911834105762872
-0.0513292926564154	0.181599196289283	0.481773067196252	-1.23820697682455	0.515347291947228
0.126210503301763	-0.442816215885876	0.350995116620524	0.0157590343466435	-0.0775721778737781
0.480104404057785	0.320551372777559	0.584933815899896	1.15479781096501	0.435314129761823
-0.123317349569825	-0.223658408963727	0.344655459689904	-0.585871817126861	0.0259876132778416
-0.230061908629854	-0.103577650555111	0.133655277150238	-1.26899085587686	-0.282136578967454
0.0161338665115455	0.406590655609483	-0.114512895702913	0.0360731098523627	-0.368365224210487
-0.109911802998215	0.133561415022687	-0.169212178355287	0.0042702561475918	0.0922602163095234
-0.325991295856359	-1.41486785076345	-0.521313407003064	-1.0049676999872	-0.563747705597758
-0.712656363752674	0.768709890679643	-0.298278015039879	-1.71615903758659	-0.550270091609094
-0.593347727400418	-1.80082387340364	-0.804690491262405	-0.639393754081146	-0.608373143432804
-0.36642896064068	0.956548831621513	-0.321948276415836	-0.896486425779941	-0.164934587468366
-0.796498860893712	-0.782043320217563	-0.350789187556548	0.747033700906763	-0.266106908183565
-0.67773872915441	-1.1044829093013	-0.814313462989595	-0.846016045578083	-0.448273404751736
-0.438010286987107	-0.0898754771882283	-0.550004810411961	-0.151213707768414	-0.71425761337182
-0.672141541648749	-0.592770213017261	-0.267946699988803	-0.471220145646413	0.158783339314084
-0.250267814981277	0.263504465168417	-0.0665908111916477	-1.470202837421	-0.154379236401768
-0.927739583411333	-0.590938808544581	-0.163154879611155	-1.48594145378237	-0.509849548751555
0.318997404534693	0.295564295901686	-0.425377802638	0.680619998180205	0.702442008088996
-0.29527027862359	0.483740227910904	-0.781246107094294	-1.61172241142299	0.0438274652125214
-0.310025660244703	0.428039312045612	-1.20185278309763	-1.48817680774371	-0.526129136668219
-0.600239327378074	-1.03311894469071	-0.873722036629903	0.320556931480513	-0.114467199801811
-0.0835589218236974	-0.520235146695968	-0.722829660913868	-0.406491555980053	0.088205184711573
-0.46413766263359	0.645271303759982	-1.05783250753194	-0.0489042777132633	-0.0254572691998204
-0.063130402323938	0.150720055472496	-0.673980109538853	-1.45701598197275	0.0352498300980869
-0.321200465362688	-0.78169874129788	-0.121327460343704	1.07335915792194	-0.286807249199965
0.043911946940618	0.666870507868325	0.259304841193624	0.495935806251709	0.0872326627736567
-0.049147710919053	0.169522605287585	-0.051735665712132	-0.492018651536586	0.0909470273883095
-0.0392713572560055	-0.79253256636752	0.346068202029417	0.901925347233983	-0.0156341901215104
-0.285590915967465	0.471635315715189	0.955897349987529	0.291402650736408	0.162414671841548
0.131908705501861	0.436594478221695	0.205985572253421	0.598171227182058	-0.329384124173507
-0.621815107487149	-1.89861102914174	-0.270792795017485	-0.619926663768212	-0.41356095540234
-0.236402220236209	0.454743825405523	-0.00949810672044222	-1.20783113150004	-0.609899042648336
-0.443056134533371	-0.257247754277981	-0.419078140553671	-1.116837347356	-0.446957829178405
-0.518899193231127	-0.489128550375158	-0.646840945423633	-0.677624040183429	-0.947572246951534
-0.163701010083517	-1.61462994697488	-0.467954685800309	-1.41153687176125	-0.43729518869742
-0.151066989519655	-0.976356115774321	-0.167759063517062	-0.96393174249868	-0.409323546906774
-0.288532631087281	0.89054492298412	-0.556586976592341	-0.120961754181109	-0.465392240615848
0.0779236760691654	-0.515386386866677	0.0845027915445222	-0.863011999658039	-0.118260269238619
0.00889790120225193	-0.602289359797797	0.407231783582258	-0.4918777535368	0.514143458043352
0.357675394617168	0.130024084120338	-0.0233344512978805	-0.514848837237204	0.236559000405596
0.344448353151808	0.0570043933101414	0.559241802952564	-0.0460310757753306	0.402227785082984
0.147572331020513	-0.119721125323556	1.01233454434872	0.633438958185024	0.467321490971939
0.210698989208734	-0.0308391221210228	0.950888232654791	0.207255972067183	0.456549434257457
0.166207577328484	0.462906055892721	0.313998414115142	-0.425853302388252	0.283922887537853
0.265872544806864	-0.0754624308992682	1.07548648307864	0.619431884949141	0.390772455304409
0.293473213079576	-0.0780408245407427	0.768530879553821	-1.72160037656927	0.442220942250734
-0.416050483231084	0.0142529896378906	-0.148254471401101	-0.202642043203087	-0.234841186186423
-0.254292673996341	-1.07299387202811	0.361038244585984	-0.968447631402412	-0.13763316881512
0.0617435560069364	-0.847854515221725	0.141251538667129	-1.15559538753926	0.0127836284627931
0.0471948281594471	0.352552337377215	-0.245647698559448	-0.0803579006298398	-0.133902364352591
-0.0645024696948566	-0.006927454899375	0.239097685951629	-0.6776289635007	0.00453556665949442
0.348461431492511	-0.264382074341433	0.583174866288768	1.73929167760564	0.421233749043654
0.123805874675258	0.700006033776326	0.246359196254746	-0.262634877362073	0.321476911089285
0.0440630814465683	-0.225225148592753	0.104297746974472	0.317256522306246	0.0881477664713253
0.205901503672469	0.554960208353254	0.764796967404963	-0.292436358660065	0.640369083764025
0.0398998327999795	0.580593214970125	0.754559430603557	-0.914057226503674	0.326228791484872
-0.0825727621106372	-0.409151958737089	0.177967754453223	0.526222976877613	0.127084211282493
-0.244864888158144	0.611678311267098	0.696614517428327	-0.76842803411112	0.35960364998849
0.112862923073812	-0.538565143944493	0.387392342597853	-0.528633242955392	0.400903004220348
-0.164591254332404	-1.25753719405093	-0.196213760456972	-0.571717646541339	-0.000735278169434375
-0.166582210325504	0.524205822051271	0.605681034137022	-0.374476700131303	0.23299062219591
0.158989736754931	-1.0860142754127	0.239368385261233	0.675861968882742	0.132573660766368
-0.409859989292052	0.247916798460786	-0.131691945557319	-0.315240310082363	-0.132896504845974
0.0389354186838188	-0.890566249007903	0.200233064967672	0.385375796821432	0.197037392908816
-0.228177178185642	0.624361750469755	0.186802062364523	-1.11222143537651	-0.0236742025147745
-0.218306705967732	0.270258238910923	-0.273474317438605	-0.921917170882527	-0.00767862838474122
-0.176590039087413	-0.566554958317213	0.439574977102755	0.0305766915961032	-0.367645290411834
0.0824899387142974	-0.804069889261064	0.259174732653393	-1.38070555595959	0.152305642725229
-0.142021171108897	0.687728975296498	-0.297754979215226	-0.245980406585258	-0.0280473181166665
-0.136321513466338	-0.86350221477949	-0.3173168645341	-0.152231991478332	-0.357766291475779
-0.0516400263724126	-0.364944658693852	0.503411656348865	0.0569685005385139	0.045770160605264
-0.0799416972939258	-0.232694627074638	0.280515790489392	-0.81045776564039	0.150460476935541
-0.00492176985065792	-0.160737577864222	0.0264161354791317	-0.704676952432386	-0.0855005791820733
-0.262784022805098	-0.760356324942171	0.199202694176799	0.509543207474828	0.0987333739754568
0.11483595774325	-0.787386148428422	0.202565459814991	0.155443117747587	0.179028508251756
-0.0894852177512037	1.45947267948261	-0.250254499839291	-0.627703185519977	-0.149046686185636
-0.369927515971704	-1.17929384538135	-0.36069019041119	-0.742948977669333	-0.245964355446902
-0.202974466900525	-0.682559722165933	0.353416732333532	0.162289147983991	0.0531906593151959
-0.546717985556538	0.229290945095828	-0.550842276558191	-0.534829376623154	-0.288566764860153
-0.416157491390569	-0.219462014435029	-0.481817597584102	0.240521370406682	-0.682557879202847
-0.0397921855459724	-0.985722831477542	-0.279045063145466	0.28212383531555	-0.146206665394665
-0.312769931949057	-0.0177358552300902	-0.254970908587115	0.0433696433138342	-0.199681683945591
-0.526425674590206	-0.101056763995371	-0.124292508026916	0.278164558751084	-0.467592812693333
-0.510084802630408	0.363803912469559	-0.743155957077606	-0.0117632621676595	-0.236395121548876
-0.321773037337214	0.0256528262066497	-0.0638014707249916	-1.77316781784014	-0.184591064449518
-0.481629407690128	-0.698595975221766	-0.457667852495663	-0.233483952733481	-0.351369054256199
-0.534313970510373	0.0802251403966746	-0.928853583973099	-0.256846579722333	-0.473821954526249
-0.125749727045759	-1.2848596341687	-0.270278185021499	-0.419787274660161	-0.041149019194881
0.0410444114694727	-0.217222384475236	-0.191588338302332	-0.365398087393	-0.281517255658925
-0.264822087555478	-0.42113423832391	-0.436698752583719	0.421581004739606	-0.450614451627694
0.253762871656848	0.52209512056991	-0.0975472403897855	-0.287143780986405	0.101141727060682
-0.0416670527003271	-1.13781558447802	-0.483221066074454	-0.496671947986489	-0.0352394963246246
0.0288456417539348	0.124529073317036	-0.788147364007186	-0.0859093388805577	-0.261562729739298
0.01941215681202	0.164256449903332	-0.222714906678403	0.0726760757047448	-0.224039514959964
0.170038712778368	-0.370027350177647	-0.136171961537067	0.132011573455227	0.181570984789989
-0.135468048822898	-0.363576637271923	-0.100963156808745	-0.664552826929611	-0.135796674745729
0.136388481434441	-0.307217222371993	-0.0987098397972718	1.13097665188651	0.0574808337273718
0.129350687080549	-0.943794930629847	0.170819708927088	-0.28212981492123	0.0573268148328562
0.273501404420008	-0.462413832759561	-0.164573128038348	-0.139139032734148	-0.0991232429387635
0.240976945476869	-0.759500326059096	0.109182104394095	-0.656658529919575	-0.165126839390073
0.00450727731898967	0.249125184278752	0.554590751692068	-0.223500676238074	0.192755314307963
0.10820954895046	-1.88695711518071	0.238347316450428	-1.48788345386832	0.0223859860621489
-0.0230081465211159	-0.0879445864453394	0.192043861816402	0.415062367940772	-0.317623588350733
-0.0146206285869993	-0.27812079942044	0.340390614425617	-1.43613231616273	0.261770441528103
-0.160912564281225	-0.327341258701403	0.232578742873621	-0.322169462209294	-0.381592301707379
-0.000205600606838701	-1.03022991790728	-0.127705069471381	-0.469895377225918	-0.289974882449152
-0.0611434736653866	0.0515165783309605	-0.0848566137527012	-1.76614898632681	-0.22315842674007
-0.448684225572046	-1.51318949769109	0.296681121751706	0.222815416655574	0.108805338546616
-0.603570566701887	0.0627482912596676	-0.582175885688533	-1.19649354226843	-0.946136736280645
1.01693852778803	1.27499483821224	1.01962373101585	1.51940762876722	-0.481385841391641
0.384265633662774	1.21857245100171	-0.147053745596739	2.3352643417649	0.336332895215786
0.414877232111969	1.48547560279792	0.169061189360011	2.19556108702621	0.239078490159107
0.287365970872559	1.41831297547238	0.693112469457584	1.58284328661807	0.55215859087183
0.510928460544851	1.52139214149272	0.134036809774493	1.26979204090344	0.111059420543263
0.700247794650731	-0.0599511130074029	0.873321720455074	1.98838755736912	0.633219155108163
0.531789978983592	1.82333477321326	0.360953856902517	1.94447473704765	0.35032825057212
0.431397426037046	1.90707763959289	0.483465447132094	-0.423747408042281	0.0673077942683004
0.38398906486527	0.00022911046072875	0.740306026751179	1.63910775237512	0.1230137752598
0.101673235533186	0.76850398644256	0.745611155275485	1.23103732458516	0.297534091542928
0.134755798654067	0.690500834839566	0.480342192330555	1.56211090933115	0.123288024357842
0.234536862948419	0.105690171505846	0.974014394222148	-0.262203251739473	0.133058065164865
0.292166936436702	0.768037995370327	0.768333363569663	0.668079033876451	0.174936123017068
-0.0163540608280749	-0.447841639058281	0.0124158828741108	-0.22442526341582	-0.336907934893558
0.589884028695193	1.50017864509817	-0.194603433233405	2.01707111493068	-0.25962898079327
1.01307279487634	2.21017807073205	0.743437288401001	1.10100503864319	0.589236902045481
0.305853624075553	0.138712660843123	-0.0873365783360027	1.10905165699278	-0.0800514169393593
0.622238756718726	1.53335997355262	0.87591240151533	1.55930829134501	0.0107125650898783
0.577779803979202	1.48120056577758	0.340253485270194	1.46567659963596	0.0699765608970412
0.304190296005588	1.22784141197175	0.465992314481706	-0.0954853152443175	-0.786752024233041
0.823123917916211	1.14057288006095	0.29119369767048	3.41361070498571	0.315763960165351
0.230538505425263	2.18664923326375	0.0756759043158979	2.08402708761685	0.202263135648898
0.599965308554366	1.86086473942511	0.0178227562723855	2.21220595344506	0.404481824730319
0.380189017166153	1.10579983552131	0.112829609457301	1.97110020840474	0.563362174565764
-0.082366489081903	1.71312169230149	-0.0913263194587204	2.31575933743842	0.143742239177632
0.43975150818275	0.68782437268335	0.0241443997527189	1.17951632921426	-0.0684753521586547
-0.0574187708127809	-0.0930194001666839	-0.441216193391414	0.307980059094669	0.298869205317921
-0.243663511539576	0.595261329428379	-1.33260244102014	-0.0439009259887597	-0.685114676454951
-0.0588732515381283	1.10533245032454	-0.877367416744021	1.04942660722364	0.236831167940792
-0.0318162258967866	-0.457658506495174	-0.845134180185951	0.248582089993704	-0.0566512379162006
0.0297962554954113	0.781253522645356	-0.680323292212914	0.819397221435926	-0.0338981156778416
0.0291552744832618	-0.175820361706173	-0.460116882491669	1.14447792441998	0.124879509346274
0.327920921252632	1.29144541887417	0.220194328930404	0.438516852348604	0.273127244857852
0.11128710140869	-0.224075879458426	-0.0139840199243013	1.23985938289362	0.0579086456968787
0.167828776931707	1.29800534963881	-0.179042384777805	1.40040487028881	0.0412833396921646
0.555873679487287	-0.207368566353258	0.424525298605482	0.524294253606463	0.28286478485875
-0.20146699369593	0.767667480407359	-0.183412263677612	0.997587847586776	-0.0626983422354704
0.0341294691368818	-0.643305232318776	-0.318569067050744	0.96780659771892	-0.0281810149829935
-0.0125399056175103	-0.294309302347027	-0.262970490988256	-0.905144847631835	0.444802503062395
-0.303844841118032	0.999354618327955	-0.105963287580201	0.811410803239251	0.149186860772458
0.284171558376367	-0.558071252740712	-0.43519037025727	0.0149411477047535	-0.247964000407042
-0.194909575723725	0.224189721920185	-0.185395293564358	-0.354672156508594	0.0565409702356903
-0.0938189974781224	0.0536812987058358	-0.625578605845073	1.08683274031527	-0.524340855524258
0.121863775803499	-0.513760074867751	-0.36783946940343	-0.426607528035125	-0.502595141103862
-0.143722429648619	-0.190628031115406	-0.53657881011908	-0.291758837007759	-0.00957620453492664
-0.118581902983144	0.181330939452288	-0.993836242274883	-0.279086905597229	-0.324324517502732
0.201556321552773	1.37424790124207	-0.676999767447378	0.2157126542002	-0.443536412498502
0.149964775746147	-1.08842063583361	0.0369101531780755	-1.11308636523895	-0.118018871729435
-0.269188140932339	-0.194138694481359	-0.623147295869797	0.159623637821982	0.0537048914937238
0.152577352818297	-0.796531413037162	-0.441201454703833	-0.545422460062616	-0.30499941683947
0.0949147308050893	0.871012737206819	-0.0981550870028193	-0.416215320915923	-0.0322504789311569
0.313906005578237	-0.47785651244094	-0.327167489591833	-0.563529497566855	0.0953084495588818
-0.0806590395139863	-0.511304219652124	-0.328263070444424	-2.0051282211955	-0.400938461658551
0.389018619306606	-0.462983915338939	-0.167490769847052	-0.396523721068431	0.23254748342862
-0.075927638751892	-0.700506557968991	-0.209161970362363	-0.899094844510311	-0.143201853982139
-0.255875629219309	-0.0571053195434337	-0.323408052517123	0.799383008246248	0.104343826047165
0.0142313002878816	0.25286174698381	-0.162235476092888	-0.104805419860724	-0.146759324795976
0.148118405317123	-0.526411791765817	-0.003698064430091	-0.501278377396671	0.417810407289617
0.314414657430321	0.836225025840487	-0.0154970551756657	-0.740339389694105	0.205971345503548
-0.248817491308771	0.788980980602685	0.112733894243607	-0.181224942217178	-0.00964566032477754
0.0346477733167682	-1.06479769288679	0.246718827837477	0.55043418651001	0.148517472519176
0.0953360439052871	0.175470433917379	0.288024379272299	-0.0380666409221867	0.324971825755605
0.302389021437675	0.782762368408058	0.11091700044605	0.0428025136340545	-0.087545504787749
0.124481326259117	-0.922331361841385	0.16363093049839	0.0610980319174619	0.419512024378819
0.355456105562864	-0.614328776074213	0.377755896897673	1.67653666869832	0.431663402170471
0.15869000746744	0.980868485794339	0.127383496105104	-0.177225337650802	0.0259991326208833
0.242165147655618	-0.575334963582675	0.504545910233151	-1.9279718790404	0.346801256995788
0.402145182052648	0.604161852333056	0.464345723786648	1.45263850392764	0.272040074761974
0.108569645420805	1.07991811072735	-0.00282095898491808	0.9291735648914	0.391809690019005
0.231380076174638	-0.218570885646734	0.300148392059194	-1.07058407910285	0.122878845386704
0.343235417338962	0.362201545127466	0.537470753420369	0.647331024184655	0.422597882285732
0.144226995090885	0.359953224813512	0.0962226913328905	0.10735240623414	0.593129529416649
0.0544265457313116	0.26196928921087	0.0826244973981096	-0.415899879557477	0.234899788255636
0.387933788932374	-0.0831760806272242	0.531380228145936	0.100364729851838	0.634493565694109
0.396218931202094	0.928409062460075	0.0353155739083931	0.864508042483941	0.408890371274281
0.0948158863288997	-0.570639845831209	0.0853840092088828	0.0943867065657235	0.00734869535201065
0.369623900662937	0.285011917877835	0.342183361413699	0.309563493190319	0.219473359595215
0.215638674196493	0.479268981830009	0.261056281211902	0.921073976636824	0.0509190412183409
0.295654957179897	0.908836765858091	-0.209738624151525	-1.497959648719	0.0558520170727152
-0.0385717295325393	-0.902397744730735	0.265291276925195	-0.251662878464133	-0.326631784507748
0.0153307900031754	-0.766076060409218	-0.0235218138944282	-0.13183949350436	0.118284816803729
-0.257254000746963	-0.167230419574985	-0.348189693088851	-0.325762202727547	-0.229194178929364
-0.442035395172418	-1.26836207582425	-0.514794196273198	-0.329155053736224	-0.420977709158795
-0.284566909594524	0.133565721304434	-0.357306697958519	-0.277570470072619	0.00278529725862243
-0.498273292043809	-0.674375738005984	-0.0280780028192954	-0.936248976736575	-0.0470865519487559
-0.258764623573488	0.356405277789367	-0.860355223282953	-0.790455302292072	-0.525759261257958
-0.285088659001642	-0.993100301205771	0.188267942145199	-0.225330289964733	-0.425690584781718
-0.0454463379516926	-0.380916962328892	-0.175457830125091	0.314204404767307	0.0844415948338837
-0.180552180429653	0.659502650418347	-0.384107089344764	0.47291322012765	-0.142265748086879
-0.404107693499039	-0.398273591606158	-0.338994518795227	0.0945615054996397	-0.634034381201218
-0.423782761146677	1.14997576826829	0.012948152335077	-0.232027873662388	0.0114827577446072
-0.428655979479153	-1.37755863907426	-0.166891596947728	0.690296896479789	-0.0566182834333747
-0.206429374794913	1.08559078121052	-0.503231102655692	-0.228853395482723	-0.243279583783552
-0.182383172262762	-1.25917899760807	-0.298956206811195	0.460592811622412	-0.104501772084296
-0.0920162813820416	-0.828525063771507	-0.430416400275609	-0.175601672934319	0.00334068899339959
-0.175297703816238	0.259535765730524	-0.417325002674909	-0.705878039423038	-0.300673270880146
0.0681162624844436	-0.588019366003958	-0.596513966553278	-0.0911487230289956	-0.212152247438742
-0.29086242480353	-0.616304923563775	-0.475808065477452	-0.0563805089531706	-0.236459544364515
-0.0244665927028888	0.0175258326416359	-0.504754785548874	-0.810126791526424	-0.176524838231103
-0.590153914458303	-0.991424437290389	-0.828655094537659	-0.263172987685941	-0.549035278290985
-0.485538615341484	-0.0846181292871285	-0.750144220427262	0.0158531363026898	0.128078210612801
-0.106081352516431	-0.639580177701398	-0.16593906523016	-2.77567286379245	-0.228870291704626
-0.339487300666525	0.49774896264035	-1.05785666788031	0.368524499411195	-0.43672540696688
-0.466169014204613	-0.693185853201745	-0.538265154774702	0.203625051608328	-0.27169639950487
0.0772392058974672	-0.808390221299834	-0.144713814480842	-0.393388276981955	0.056067098791383
-0.268490066113403	0.670883112913023	-0.629799189680968	-0.274099017147715	-0.313664941444539
0.0508709365613228	0.494315079128054	-0.152345628304476	-0.56861421418451	-0.173764814764135
-0.117249164345294	-0.478804221837432	-0.198679938835027	-0.249871098255323	0.0478759781090861
-0.168369041985219	-0.524714230784673	-0.392122640966993	-0.257340844937364	-0.243547127237865
-0.261382691696048	0.955811518489234	-0.0131734225240315	-0.345799921641178	-0.163118296220001
0.334113782908957	-0.450052991796914	0.181135443173352	0.305196815770269	-0.0741786901823091
0.245926598234158	-0.69076894352743	0.0187987484914461	-0.491923157867525	-0.105382935251395
-0.0697768352629354	-0.438084143616616	0.125537249730037	0.228437856992286	-0.253245675396855
0.0419140402514337	0.241958142568286	0.444239624005296	-0.034523643502626	0.2562632474383
0.210293535896191	0.358196531742493	0.305772455142966	0.358239353373142	0.1612581479402
-0.155436510160882	-0.489508646743901	0.350721201198557	0.690957432195756	0.0776414805602563
0.12381238274617	-0.50655895042391	0.8221634454711	0.585291680182336	0.229338250934016
0.117283262111044	0.0689252631835384	0.608919452750126	-0.737249252838093	0.341337821061991
-0.0781296194674508	-1.02951618968393	0.209761425137659	-1.04158060461141	0.0256906383127639
0.0279311062554884	0.5662462557403	0.7410993705528	0.328759580139444	0.145363019133222
0.27088149271802	-0.596392252751786	0.460205932200706	0.189145975713089	-0.0203232425828718
-0.0130156972400811	0.190218312158175	0.0701405789082019	-0.768353469712735	0.0838953314896206
0.116357772340287	0.166190172890399	0.552154418132796	0.23867562276443	0.487285184852386
0.400739349216466	-0.775948175709614	0.404972668242838	0.0971532342436279	0.503460752764833
0.0797584171153938	0.612278033571016	0.391460885710427	0.844760674465746	0.181811822060266
0.0115492913330959	-0.15142189997738	0.743749553371622	-0.892836355544944	0.0766895173311046
-0.0238699304964314	0.492198860268358	0.644937908357568	0.441730370814841	0.852236526609972
0.0922591553892163	1.15457708165357	0.599602533862703	0.719910659263649	0.499965832555635
-0.118411413889657	-1.12209349959397	0.634460049169687	0.323876585765885	-0.0205957010170596
0.0867040497185518	0.650760716976323	0.675415754613924	0.320624665177318	0.462155223225967
0.0531281440266541	-0.298255293493422	0.266850299613785	-0.494995783133915	0.134125296666726
0.0514322361330876	1.05932030400674	0.0814352892343654	-0.59144655882681	-0.24507798871698
0.390669029028837	-0.780327226075965	0.390954763552433	0.457551854318861	0.136271593879083
-0.355270191151834	-0.0837924653622518	0.0674340455074299	-1.03333599704427	0.0829222633593992
-0.0819495333686919	0.17708349717941	-0.128006390820159	-0.293264730520179	-0.101006660865491
-0.194955425111169	-0.138384902985105	0.348757160547947	1.26227119983145	-0.220090048331347
0.0305104042425788	-0.468692100139291	-0.01048461440467	-0.640002753834352	0.43327029959755
0.216744256442189	-0.228649539753592	0.283720140713967	-0.433117576170953	-0.202166958124817
0.0168259175534797	0.272579502784211	-0.119467129398887	-0.265231084099028	0.042247621821073
0.338271872985826	-0.66879741343558	0.609515713126183	-0.218188776738442	0.36394190746021
0.07810277769788	0.584819338124146	0.49271193010455	-0.0217153204810981	0.215712205651463
-0.0373319591685553	-0.788120244073992	0.496417966773461	-0.495230585291849	0.127431831468229
0.109025893782694	0.473491225308025	0.452050376906015	-0.479880398105587	0.460005911367907
-0.109221179398529	-1.500460914972	0.576966142857544	1.13426596024755	0.17826530702125
-0.201402171448819	0.58880876251397	0.297924840770802	-0.32702208758931	-0.240235800848402
0.0468666287905286	-0.570586501021971	0.343733749601234	0.322943863434874	0.212135058680954
-0.256696715237773	-0.369890513002007	0.064557365337692	-0.487452540454334	-0.106209850304533
-0.0923738215250255	0.0521068838568398	-0.523026305770555	0.334083331096261	-0.608326931499691
-0.0213902711965057	0.295067667838807	0.199205223093303	-1.47775620706164	-0.133092457731728
-0.108800887957265	0.381829074468658	-0.0379628253882507	0.0649014248545738	-0.176387202719613
-0.140464298233547	-0.0405029194633276	-0.114397472062685	0.538689876322643	-0.0619801391739595
-0.286659389024066	-0.36932326141863	0.0143655385784044	0.0637739746863215	-0.318365453172589
0.0718369998546634	0.329467231349253	0.485459001390852	-0.133312953904132	0.198345829526803
-0.300079859119493	-0.156869897067954	0.0360513655683332	-0.747939689344071	0.167176715422613
-0.0519055442092343	0.245578940820526	-0.0883625061141974	0.00453493087686881	-0.302697597119181
-0.2277483280907	-0.834645785582744	-0.134148659011063	0.484384407437686	0.0746316750614964
-0.162903653744924	0.609695072807472	-0.239693682727124	-0.15824759361588	0.0572306721817752
-0.365724333883669	-0.256833981684202	-0.89226893439095	-1.24700080765222	-0.581927145820109
-0.222056641616373	-0.437493481863752	-1.05696676867191	-0.437859828085538	-0.232426972422537
-0.121707510503193	-0.117384631872511	-0.799797796678149	-0.867104102073	-0.0210311148833653
-0.43602839712146	-0.846150096472778	-0.738053124437698	-1.27819240818849	-0.367605020178105
