Subject	VOI	x	y	z	Size	
100307	LTM	-32.159204	-7.701493	-7.850746	201.000000	
100408	LTM	-44.389140	-7.954751	-3.592760	221.000000	
101006	LTM	-42.031250	-4.000000	-12.000000	256.000000	
101107	LTM	-40.145749	0.024291	-11.846154	247.000000	
101309	LTM	-32.000000	0.000000	0.000000	257.000000	
101410	LTM	-44.011173	-10.960894	-6.044693	179.000000	
101915	LTM	-44.514019	-11.710280	-3.738318	214.000000	
102008	LTM	-42.062992	-2.015748	-12.055118	254.000000	
102311	LTM	-41.856574	-6.055777	-10.047809	251.000000	
102816	LTM	-33.976471	-7.952941	-13.976471	255.000000	
103111	LTM	-29.862069	-10.068966	-3.956897	232.000000	
103414	LTM	-29.983871	-6.000000	-4.177419	248.000000	
103515	LTM	-27.301075	-16.086022	-5.215054	186.000000	
103818	LTM	-37.130435	-0.135266	-1.623188	207.000000	
104820	LTM	-26.000000	-2.000000	-10.000000	257.000000	
105014	LTM	-29.976471	-3.976471	-5.984314	255.000000	
105115	LTM	-34.114286	-7.457143	-8.114286	140.000000	
105216	LTM	-38.000000	-8.000000	-6.000000	257.000000	
106016	LTM	-42.000000	-3.968750	-16.000000	256.000000	
106319	LTM	-42.058824	-9.756303	-5.638655	238.000000	
106521	LTM	-37.968627	1.960784	-5.976471	255.000000	
107321	LTM	-44.352000	-3.520000	-8.624000	125.000000	
107422	LTM	-40.000000	0.000000	-16.000000	257.000000	
108121	LTM	-40.316667	-10.000000	-7.825000	240.000000	
108323	LTM	-44.137652	-2.064777	-10.218623	247.000000	
108525	LTM	-42.000000	-14.000000	-2.000000	257.000000	
108828	LTM	-40.000000	0.000000	-14.000000	257.000000	
109123	LTM	-40.663265	-11.714286	-4.102041	196.000000	
109325	LTM	-33.746939	-5.975510	-3.820408	245.000000	
110411	LTM	-42.000000	-10.000000	-8.000000	257.000000	
111312	LTM	-31.901235	3.720165	-11.983539	243.000000	
111413	LTM	-38.077419	0.787097	-2.645161	155.000000	
111716	LTM	-36.298755	2.099585	-5.817427	241.000000	
112819	LTM	-41.951220	5.170732	-10.009756	205.000000	
113215	LTM	-44.376682	-3.820628	-1.614350	223.000000	
113619	LTM	-40.215768	-7.784232	-12.024896	241.000000	
113821	LTM	-31.732218	-7.748954	-1.832636	239.000000	
113922	LTM	-36.845714	0.628571	-2.171429	175.000000	
114419	LTM	-35.928287	-7.904382	-2.039841	251.000000	
114924	LTM	-30.633803	-5.436620	-5.056338	142.000000	
115320	LTM	-32.000000	-2.000000	-18.000000	257.000000	
116524	LTM	-40.951872	-11.475936	-3.828877	187.000000	
117122	LTM	-40.047244	-4.000000	-12.070866	254.000000	
117324	LTM	-44.087302	-8.087302	-8.063492	252.000000	
118528	LTM	-44.015625	-3.992188	-10.023438	256.000000	
118730	LTM	-40.550562	-6.056180	-11.247191	178.000000	
118932	LTM	-36.051502	-11.605150	-14.188841	233.000000	
119833	LTM	-34.031496	-7.929134	-15.968504	254.000000	
120111	LTM	-40.542222	-2.222222	-12.284444	225.000000	
120212	LTM	-34.871508	-7.273743	-7.709497	179.000000	
120515	LTM	-42.000000	-12.000000	-2.000000	257.000000	
121315	LTM	-46.145923	-5.905579	-10.549356	233.000000	
121618	LTM	-33.568000	-7.376000	-1.888000	125.000000	
122317	LTM	-36.517413	-13.771144	-15.681592	201.000000	
122620	LTM	-41.013158	0.131579	-4.789474	152.000000	
123117	LTM	-34.574713	-4.011494	-2.172414	174.000000	
123420	LTM	-38.114035	2.157895	-7.666667	228.000000	
123925	LTM	-41.968504	0.047244	-12.062992	254.000000	
124220	LTM	-30.227273	0.181818	-5.625000	176.000000	
124422	LTM	-31.933884	-1.752066	-7.760331	242.000000	
124826	LTM	-42.000000	0.000000	-12.000000	257.000000	
125525	LTM	-33.959016	-8.040984	-1.696721	244.000000	
126325	LTM	-41.563830	4.648936	-13.957447	188.000000	
126628	LTM	-34.588235	-7.803922	-6.849673	153.000000	
127630	LTM	-48.000000	-6.000000	-6.000000	257.000000	
127933	LTM	-35.953488	3.934884	-13.702326	215.000000	
128127	LTM	-38.185484	-2.016129	-14.120968	248.000000	
128329	LTM	-50.015625	-7.992188	-7.976562	256.000000	
128632	LTM	-30.098214	-11.687500	-4.241071	224.000000	
129028	LTM	-42.152000	-3.912000	-9.952000	250.000000	
130013	LTM	-48.000000	-2.000000	4.000000	257.000000	
130316	LTM	-40.703518	-6.190955	-1.768844	199.000000	
130922	LTM	-36.008889	-3.520000	-13.626667	225.000000	
131217	LTM	-40.000000	-2.000000	-10.000000	257.000000	
131722	LTM	-38.000000	-12.000000	-4.000000	257.000000	
131924	LTM	-38.048583	-4.056680	-1.813765	247.000000	
132118	LTM	-42.000000	-4.000000	-14.000000	257.000000	
133019	LTM	-42.186992	-1.918699	-14.178862	246.000000	
133625	LTM	-38.031250	4.000000	-16.000000	256.000000	
133827	LTM	-31.600000	-10.270968	-11.135484	155.000000	
133928	LTM	-32.000000	-14.007843	-1.992157	255.000000	
134324	LTM	-33.680000	-7.536000	-6.672000	125.000000	
135225	LTM	-24.839080	-6.666667	-8.643678	174.000000	
135528	LTM	-44.000000	-12.000000	-6.000000	257.000000	
135932	LTM	-24.000000	-6.000000	-18.031250	256.000000	
136227	LTM	-40.111111	-3.976190	-5.928571	252.000000	
136833	LTM	-42.136546	-12.112450	-10.128514	249.000000	
137027	LTM	-36.415094	-15.383648	-6.440252	159.000000	
137128	LTM	-35.112903	-10.693548	-14.903226	124.000000	
137633	LTM	-31.714286	1.789916	-10.109244	238.000000	
137936	LTM	-39.980769	-12.028846	-12.355769	208.000000	
138231	LTM	-32.222222	-8.131687	-6.148148	243.000000	
138534	LTM	-34.450216	-4.155844	-2.112554	231.000000	
139233	LTM	-34.136170	0.391489	-2.306383	235.000000	
139637	LTM	-42.243697	-0.260504	-12.226891	238.000000	
140117	LTM	-40.000000	-6.000000	-12.000000	257.000000	
994273	LTM	-33.882845	-1.866109	-12.133891	239.000000	
140824	LTM	-36.745455	-5.236364	-20.727273	110.000000	
140925	LTM	-38.097087	-8.951456	-15.339806	103.000000	
141422	LTM	-40.057613	2.246914	-15.761317	243.000000	
141826	LTM	-40.000000	-10.000000	-6.000000	257.000000	
142424	LTM	-42.078740	-3.992126	-10.031496	254.000000	
142828	LTM	-42.000000	-12.000000	-12.000000	257.000000	
143325	LTM	-30.157025	-13.801653	-18.198347	242.000000	
144226	LTM	-44.000000	-6.000000	-6.000000	257.000000	
144832	LTM	-29.699422	-8.369942	-14.936416	173.000000	
145531	LTM	-42.023438	0.007812	-6.015625	256.000000	
145834	LTM	-38.372414	-7.296552	-8.027586	145.000000	
146331	LTM	-40.000000	4.000000	-16.000000	257.000000	
146432	LTM	-48.000000	-2.000000	-6.000000	257.000000	
147030	LTM	-43.232143	-12.071429	-9.946429	112.000000	
147737	LTM	-44.000000	-2.000000	-8.000000	257.000000	
148032	LTM	-42.149378	-15.742739	-3.941909	241.000000	
148335	LTM	-40.176211	2.052863	0.643172	227.000000	
148840	LTM	-33.989071	-12.688525	-3.322404	183.000000	
148941	LTM	-28.192982	-8.087719	-1.807018	228.000000	
149337	LTM	-42.000000	-6.000000	-10.000000	257.000000	
149539	LTM	-30.092050	-9.841004	-6.158996	239.000000	
149741	LTM	-40.000000	2.000000	-8.000000	257.000000	
150423	LTM	-42.000000	-2.000000	-12.000000	257.000000	
150524	LTM	-37.861538	-19.261538	-11.353846	130.000000	
150625	LTM	-35.289474	-4.197368	-15.118421	152.000000	
150726	LTM	-31.320574	-16.105263	-6.727273	209.000000	
151223	LTM	-42.000000	-4.000000	-12.000000	257.000000	
151526	LTM	-42.031496	-7.968504	-10.000000	254.000000	
151627	LTM	-42.062992	-10.055118	-8.015748	254.000000	
151728	LTM	-40.056911	-10.130081	-8.252033	246.000000	
152831	LTM	-46.000000	-8.000000	-6.000000	257.000000	
153025	LTM	-42.394850	-6.008584	-11.665236	233.000000	
153429	LTM	-41.929134	-9.952756	-10.000000	254.000000	
153833	LTM	-40.428571	4.015873	-6.936508	126.000000	
154431	LTM	-45.952381	-13.952381	-4.015873	252.000000	
154734	LTM	-33.810345	-7.275862	-21.689655	116.000000	
154835	LTM	-35.283582	-8.358209	-6.492537	134.000000	
154936	LTM	-38.000000	-16.000000	-10.000000	257.000000	
155231	LTM	-38.173077	-6.096154	-15.923077	208.000000	
155635	LTM	-38.339623	-9.764151	-6.679245	212.000000	
156233	LTM	-32.042918	-8.386266	-4.240343	233.000000	
156637	LTM	-35.444934	-8.035242	-5.867841	227.000000	
157336	LTM	-39.867220	0.066390	-5.941909	241.000000	
157437	LTM	-41.965116	-4.790698	-12.337209	172.000000	
158035	LTM	-39.698324	-0.413408	-0.078212	179.000000	
158136	LTM	-39.829960	-6.186235	-11.935223	247.000000	
158540	LTM	-38.072727	-6.618182	-4.193939	165.000000	
159138	LTM	-31.676596	-9.668085	-4.170213	235.000000	
159239	LTM	-39.642857	-8.250000	-4.517857	112.000000	
159340	LTM	-40.070866	-6.000000	-3.952756	254.000000	
159441	LTM	-40.015625	-1.976562	-6.007812	256.000000	
160123	LTM	-38.007812	-9.976562	-3.984375	256.000000	
160830	LTM	-38.000000	-2.000000	-16.000000	257.000000	
161327	LTM	-35.975309	-7.967078	-3.728395	243.000000	
161630	LTM	-42.106557	-2.008197	-11.934426	244.000000	
161731	LTM	-30.117647	-6.210084	-3.579832	238.000000	
162026	LTM	-41.658333	-13.991667	-1.791667	240.000000	
162228	LTM	-38.445415	0.445415	-12.148472	229.000000	
162329	LTM	-33.367742	-12.219355	-7.264516	155.000000	
162733	LTM	-31.755102	-7.714286	-3.183673	49.000000	
163129	LTM	-37.919028	-6.097166	-11.910931	247.000000	
163331	LTM	-40.136000	-7.984000	-9.912000	250.000000	
163432	LTM	-42.000000	-6.000000	-2.000000	257.000000	
163836	LTM	-40.227273	-1.840909	-10.500000	176.000000	
164030	LTM	-46.000000	-14.000000	-2.000000	257.000000	
164131	LTM	-40.135458	-0.079681	-5.960159	251.000000	
164939	LTM	-44.031250	-8.000000	-8.000000	256.000000	
165032	LTM	-33.927711	-4.152610	-0.080321	249.000000	
165234	LTM	-38.159292	-2.035398	-12.327434	226.000000	
165840	LTM	-32.000000	-2.000000	-4.000000	257.000000	
166438	LTM	-33.742739	-10.190871	-4.265560	241.000000	
167036	LTM	-38.000000	2.000000	-12.000000	257.000000	
167743	LTM	-42.000000	-14.000000	-4.000000	257.000000	
168139	LTM	-34.101911	-2.522293	-8.611465	157.000000	
168341	LTM	-40.000000	-10.000000	-12.000000	257.000000	
169141	LTM	-40.144578	-1.887550	-9.887550	249.000000	
169343	LTM	-40.095238	-1.992063	-14.103175	252.000000	
169444	LTM	-40.007812	-0.023438	-6.015625	256.000000	
170934	LTM	-32.111554	5.960159	-18.111554	251.000000	
171431	LTM	-36.000000	-8.000000	-14.000000	257.000000	
171633	LTM	-41.780591	-11.721519	-3.662447	237.000000	
172029	LTM	-44.070866	-1.984252	-11.960630	254.000000	
172130	LTM	-27.509804	-4.401961	-7.519608	204.000000	
172332	LTM	-39.936000	-12.128000	-12.128000	250.000000	
172534	LTM	-38.000000	2.000000	-14.000000	257.000000	
172938	LTM	-40.034483	-7.974138	-7.732759	232.000000	
173132	LTM	-30.000000	-8.000000	-6.000000	257.000000	
173334	LTM	-40.260504	-6.109244	1.731092	238.000000	
173435	LTM	-40.294416	-9.989848	-1.959391	197.000000	
173536	LTM	-31.283019	1.207547	-13.069182	159.000000	
173940	LTM	-39.938462	-4.507692	-3.000000	130.000000	
175035	LTM	-34.023438	-0.015625	-5.992188	256.000000	
175439	LTM	-44.047244	-5.968504	-11.937008	254.000000	
176542	LTM	-33.659864	-11.251701	-7.931973	147.000000	
177645	LTM	-48.000000	2.000000	-12.000000	257.000000	
177746	LTM	-28.817734	3.773399	-19.566502	203.000000	
178142	LTM	-38.369099	-7.896996	-14.300429	233.000000	
178748	LTM	-31.417989	-5.386243	-3.100529	189.000000	
178849	LTM	-40.000000	0.000000	-8.000000	257.000000	
178950	LTM	-42.000000	-4.000000	-16.000000	257.000000	
992774	LTM	-37.818182	-4.008264	-11.760331	242.000000	
