0.279419936289477	1.63216439673422	-0.560522374814712	-1.09869019972902	-0.266198481295014
-0.350367311082512	0.463237306618255	-0.325176169048948	-1.0704288939343	-0.39640492197596
0.171226617142081	0.730659237381746	-0.857762887596905	-0.683783192519495	-0.94797235807391
0.1129778259519	0.318061831273203	-0.435620127486287	-0.667736622953971	-0.650214135817495
0.680564094369021	0.906765799665197	-0.831993359804188	-0.624862574709164	-1.08061177445087
0.0852463231289892	0.692930137667474	-1.07919315029566	-0.116845856887309	-0.883617875546742
0.0378000220323982	0.725114301554702	-0.401404800947314	-0.413834335374681	-0.736333618836847
0.150962920062947	1.05328524550713	-0.275926362807029	-0.321960867070114	-0.200012181231049
1.05610756039158	0.84591543187559	0.238661030008457	-0.933372484734548	0.52949668755705
0.107315477793557	0.486360052813568	0.214501873736048	0.579987809890255	0.0588320681380904
0.537868316239244	1.25874101082984	0.498915802579139	-0.473885916442728	0.309515210447833
0.326876127489415	1.07301804771299	0.470306015829833	0.134753386603372	0.0555991195745171
0.695550804054195	0.516734173804214	0.663248855864162	-0.432258568088222	0.0696027523802624
-0.177670806934269	0.402295728474376	0.529412171086608	-0.913973248343928	0.343321043638691
-0.199633133979309	0.335984135447088	0.234157035854809	-0.220563654161023	-0.0644005920947219
-0.233704880847829	0.965603257322659	-0.529217167975005	-0.783996563898761	0.21606415278453
0.908737795458188	0.034831535386807	1.67692829437276	-2.02754677399077	0.707887487529035
0.121895910702548	-0.846702210694004	0.131415679570348	0.394163157319848	-0.399070666459042
-0.101600030469695	-0.432150990540983	-0.245018146716862	0.422897037223217	-0.696779128400769
0.101909384043846	-0.915766559414366	0.445119319106952	0.452307899615009	-0.523295085715538
0.616845516782071	-0.433422547186449	0.686440510070738	0.586722314850479	-0.168945009101931
0.492676404782266	0.11979572709411	0.0868506182023053	-0.299087734284278	-0.934446685685526
0.990782575520487	0.08837631608519	0.933126105672376	0.95323650128964	-0.533421004804183
0.657918913733366	0.548440461158422	0.25928705456597	1.01217074680442	-1.14439129513341
1.23773697511754	-0.681802435972259	1.02964761260415	-0.570863443727265	-0.883303329573081
0.928622570547632	-0.376393179232583	-0.00631648293226206	0.673469093051389	-1.26837916413759
0.613266682735788	-0.804257840812202	-0.116740187737936	0.0618784644887578	-0.951148406441619
0.369688176593711	-0.293580878551032	-0.385972651051252	0.107737769288927	-1.09462366769206
1.26184282327547	-0.627351850748776	0.029250307615643	-1.00827118446685	-0.486844647364867
1.04298288860394	0.0296283957905518	0.61064087778925	0.123016465727665	-0.474473982877026
0.582939622180466	-0.974649556974226	-0.426281273070182	-0.616238389750173	-0.498731921350521
0.376825049286832	-0.799747548513562	-1.10020826822143	-0.633254908862199	-0.999204719778996
0.488517864858553	-0.871104116457906	0.0495961758035853	-0.434907286597717	-0.865899852897276
0.728622088706527	-0.842057950961163	-0.536039115719266	0.00952222565145089	-0.280339041075582
0.234236906909007	-1.05617728305601	-0.261520057670733	-0.753998745224036	-0.693360678667107
-0.245751207843642	-0.573816318785355	-0.986907451830042	0.0932265989150367	-0.34924101138886
-0.151500935403038	-0.486715074100402	-0.0926129942448417	0.0113936723080975	-0.827774909868266
0.041110585260287	0.034462744942755	-0.602589902563692	-0.0807933862872523	0.0578548264987106
-0.0928065610405541	-0.0696320720448547	0.0325130293883335	0.542560891400998	0.0720142660028468
0.084935159708962	-0.0578857215224273	0.0561235946845503	-0.824594126996513	-0.205840570560207
-0.787619308108007	-0.188480648280728	-0.342097033633813	-0.548215982444436	0.15070741186422
-0.185695439486756	0.156535257105265	-0.278357154105432	0.627122473018618	0.468123062274001
0.0459724788067537	0.375811764094623	-0.44522158676985	0.755932686449528	0.561178861128151
-0.0489277705841018	0.281941627918702	-0.377390277802825	-0.46325576236593	1.0820149187549
-0.0619027011112244	-0.0780497269774193	-0.590855456727566	1.13851517301229	0.0242279263205547
-0.510744314587553	-0.422955201473703	-1.03864603981952	0.371275912204075	0.0931685964727067
-0.128769686474497	0.193788797528021	-0.546549645182295	0.456870817419701	0.479570457855056
-0.683418418654201	0.230271472048458	-0.175098526098592	1.65303350314925	0.330125572703928
0.257550280982891	0.0341841698166641	0.300732529373331	0.523901027331854	0.971109377346761
-0.675432249135385	0.229760772716803	-0.16992905491215	1.5132348507356	0.422936804535783
-0.506455818562319	-0.732512114581281	-0.421626986236848	0.468309365622735	0.126136801570307
-0.39165999800172	0.109408496418026	0.640659546316354	1.00337085546453	0.447007493504207
-0.558755788559148	0.169946119658619	-0.0665331544249103	-0.00353927124356026	1.0964889220655
-0.376023301642307	-0.276419378910614	0.412063084606403	1.15587087722146	0.66934638108065
-0.424763103239293	-0.385231466762864	0.0394844020422202	0.269561880355895	0.589117640103646
-0.370805035959161	-0.0665250639088714	-0.340268586079837	1.64104869504173	0.476737444280543
-0.411245474424884	0.324020458071601	0.140900356286874	-0.344516659376332	0.613039973356711
-0.0702917626276958	0.16404493026627	-0.10736339480472	0.786062756329267	1.50516314801667
0.0383628828822693	-0.551490182562218	0.531588893069423	0.828733932147243	0.738062626280222
-0.458446957295664	-0.711239962862378	-0.713309214675193	0.0825601557050863	0.635514485368429
-0.101642836523681	-0.704695805121059	0.0495192776355358	0.895009505814384	0.617965171176966
-0.0502735175797522	-0.0278265218095886	0.155315513802684	-0.266530913445353	0.888425340820382
0.167580608463126	-0.116710619690702	0.189322269486499	0.197305688668393	1.06484284283806
0.0902034433047545	-0.441851227718726	-0.445230648805924	0.731588587867936	0.763463191768038
-0.0647173415726705	-0.525590210157685	-0.814337867976863	0.810735116711131	0.711888770155569
0.0128988211972523	0.0153761442053453	-0.541705253690204	0.585047214045651	0.415628020533456
0.166451476572143	-0.165511553144261	-0.120911848821333	0.693396782865424	0.0415874086823748
0.268623752859837	-0.516336012606655	-0.00978829689180501	-0.103373883654022	0.323462823954695
-0.9181488402118	-0.228860348144123	-0.643955536420249	-0.452329391222557	-0.129439431747071
-0.458848524582234	-0.324847618319199	-0.154194980430954	0.833375697276681	0.0311716757846006
-0.161296148041593	-0.0742094230283773	0.0631618804145157	-0.189745878850729	1.11001513904744
-0.451394443172267	-0.0110184518473308	0.702850550448706	1.16996116258707	1.06510820282248
-0.636405869597498	-0.854240969881675	-0.492300691167302	0.631266134492551	0.179353183881046
-0.721933097312541	0.255639532849999	0.0378795879474419	1.32175699624379	0.555117717455435
-0.616302234003088	-0.630658990556281	0.20556954032676	0.125426146135163	1.20948945220724
-0.301444973244434	0.352545882624027	0.703989887518207	0.941081151094881	1.33086578700103
0.00520705910872801	-0.686584390467269	-0.116205802787023	0.629640222287279	1.0705909870314
-0.454056901861629	-0.506570678323387	-0.773541143576923	-1.11260147708495	1.46338282718744
0.315892067015748	-1.61676484266464	-0.311726026012132	-2.02362690790129	1.73118122653805
-0.258040018257831	-0.745158434693932	0.375373312860687	-0.484431881099219	1.62558023318233
0.559217745163809	-0.355094635250944	0.230611369006111	0.0437938536945452	0.814006765027296
0.272008670820881	-0.465031889774058	0.431703851452237	0.107490055584139	0.558345785369753
0.486885390340637	-0.652212500447148	0.541773970869166	-0.000806535048087221	0.310901082741886
-0.199538175637853	-0.195610576825738	-0.609627759676142	0.623733858887924	-0.551689343373162
-0.35018079112642	-0.255976587743472	0.107831790703767	-0.0158530263606439	-0.273075733032098
-0.515779263182397	-0.191619369134875	-0.247980572288487	-0.185378135906227	0.156499834457937
-0.22764720101088	-0.197484233243502	-0.32046950230004	-0.590436244945385	0.199556083967377
-0.29021947691953	-0.208680108220168	0.284063276301323	-0.901019569340359	-0.508668285757387
-0.611349379484767	-0.0619102799511782	-0.0944116474392848	0.0870608167064038	-0.74018661232197
-1.09969748230912	-0.195167267354909	-0.7948609187868	-1.43511881248464	-1.21224697600947
-1.07368439927115	0.510029611861896	-0.321271553850508	-0.521418054923443	-0.453981807590793
-0.756675999244747	0.0729127744087082	-0.0683541113748403	-0.166676344167652	-0.338016206936404
-0.511958751461839	-0.055373175778736	0.226199045434804	-0.663637977489328	-1.46547941177373
-0.621838867823901	-0.195474747867828	0.485659892312108	-1.05890371313625	-1.28675260122517
-0.896741566486095	-0.0752599787609398	-0.511670072910107	-0.049695114354634	-0.779665101688991
-0.398080055024158	0.23364921420941	-0.214135726054331	-0.0127288903981156	-0.456408639215322
-0.284533321785769	0.438687655347292	0.777777057848091	0.431733491255319	-0.387449971914159
0.512462539528427	0.115646074735941	0.733769257560222	-0.62497456123224	0.254103441227896
-0.124473589523793	0.833038106704433	0.680526827583571	0.215935177649171	-0.425472585717937
-0.229298240636706	-0.153215706281598	0.469909113041746	-0.00340727585831713	-0.884824406964991
-0.0229958209511181	0.506008540432146	0.451172202349216	1.26716481368732	0.153481313905939
0.204079650186317	0.574236717064815	0.986898163129691	-0.777376509481787	-0.758057315180851
0.17976540033889	0.865519149853554	0.904331261792304	0.857735232002228	-0.523477384514598
-0.0535037658118554	0.932836318096215	0.0178521572665109	0.184631960124229	-0.423661878481152
-0.146571075150241	0.55830092897475	0.396780389220881	-0.374453084992076	-0.627903645176989
-0.133525979704388	0.233712414227791	0.224828719180858	-0.916417792612638	-0.90220687134048
0.0367896744560159	0.893491805409389	-0.140757437858864	-0.973220249667696	0.00981094734233312
-0.0515709393363951	0.568558582857312	0.517906624793334	-1.28937447482543	-0.334162671680033
-0.464497585932386	0.0814291480384294	-0.635638066687198	-0.0408717820599705	-0.2156370855602
0.0125320483071116	-0.142666564828463	0.134252418433749	-0.354115107506059	-0.67262995804233
-0.757823332437995	0.527406083923212	-0.401881812280071	0.640968454070724	-0.898124497057593
0.0440186757473877	0.0447890903843763	-0.0987521486035379	-1.55074329109022	-0.510126019054214
-0.15361361031931	0.404622602926432	0.54979044079392	-0.573254776556047	-0.713358110199016
-0.184709445307858	0.512452077545116	0.0696831547683174	-0.118928614173625	-0.471161430298415
-0.0760038426698213	0.158692518801158	0.0585706011979611	-0.107461196788794	-0.799365273158312
-0.3975791943321	0.365918165648423	0.359695956486934	0.906024269015753	0.581474997807806
0.2825636312857	0.823420808386941	0.900393742612784	0.147568940113672	0.225259702247762
0.632483037786062	1.35611323945087	1.07293416354045	-0.285085778406043	1.0095502456239
0.275057909427665	0.308158028031309	0.663560808119016	0.394532088677916	0.303930702425021
0.14207818648245	0.148966078404099	-0.109682401944026	-0.0932145845415654	0.593592838557173
0.786826127199085	0.723269962939209	0.161654881062144	0.0939696500676765	1.10925112545335
0.867020694882988	0.0569930065137648	0.530060997636947	0.58916185759277	1.38459778019181
1.0300922205838	0.506277708209064	0.934014506691727	0.0835096622237241	0.762839419166654
0.633562650841794	-0.0606859670103708	-0.43022394001053	0.215412993642059	-0.0258678228543518
0.0533701694805125	0.0137143837323009	0.00333777991132924	0.205651274011149	-0.173293496994659
-0.0468048445461039	-0.0605841207145232	0.0989485984559701	0.715862584850648	0.0945232040371697
0.0371485250520373	0.280918679828702	0.177345830843902	-0.55512257508235	-0.593382504986793
0.0819533742029523	0.0135163621154815	0.455785324465903	0.169154989043632	0.0227972583987994
-0.554160507513257	-0.291959728533679	-0.735345931782511	0.225861672591356	0.0234160648601623
-0.26594659343718	-0.145057970088544	-0.290594060998205	0.787175040565737	-0.469155920836007
-0.5279858963594	-0.237338619330529	0.0962158785197912	-0.894968152539341	0.610562855184145
-0.0389569788310202	0.0707925264392006	0.243269138163738	0.864118475504401	0.704795194651199
-0.468799228646501	-0.0677563568556776	0.126541606466434	-0.0914574119840681	0.427585027105951
-0.573380851675958	-0.00380632766074605	-0.294647937871455	0.857277375891396	0.882087450646133
-0.483107789582016	-0.981746273252371	0.0163186847330228	0.250644792061701	0.8396279922934
0.140266528123876	-0.0647016823592403	-0.0392681611168339	-0.137498257743367	0.729033373305601
-0.437077451892436	-0.197958260889918	0.406893962643485	1.28016787777869	1.23198393334537
-0.283402694723339	0.11038883222863	0.111334738688925	-0.217877455707237	0.765911425112319
-0.642781116676349	-0.426479633182331	-0.444763565306864	0.304036018368837	0.633339959658154
-0.071681878711285	-0.35384138430545	0.200384342444841	-0.861702503173114	0.696347161372548
0.0121527870671487	-0.399304500047132	-0.151235047384473	-0.236417374752433	-0.0304688862716486
-0.53310044839588	-0.953909043762932	-0.494255675604662	-0.281031560006711	0.153982069089065
0.0986556865773293	-0.00738003172073914	-0.709402492664216	-1.41582503063216	-0.0242420043811332
-0.200055344070467	0.43007341249266	-0.553328714225245	-0.423789854510817	-0.229454064488542
0.177959680024579	-0.535976577233588	-0.295588109553356	0.217224822282422	0.20233500415833
-0.009961758478199	-0.304740075554797	-0.400623789876769	0.401931901667512	-0.357143326459474
-0.00302015758555415	0.151326079313571	-0.287370147527701	0.671856451310539	-0.659564446355027
-0.255391307881846	-0.933809695247301	-0.345672816671951	-0.900445843598398	-0.369555820458922
-0.0309859572085719	0.360992308699771	-0.043544892946889	1.63294719149081	0.438209693025294
-0.0784389579957077	-0.029769699402465	0.263241714241837	0.271017128824694	0.123005544849003
-0.341018949254468	-0.529386585114465	0.130544715270614	0.483271431740134	0.101427954601297
-0.547207218587668	-0.140460383094563	-0.249726315821253	1.51712581723529	0.310159964363796
-0.416907801051819	-0.23814535921992	-0.146994216904449	-0.14104683935215	0.778800541302174
-0.0316694158837415	-1.09573876401704	0.538911901350105	0.757925798928735	0.683470170345614
-0.00979331766571306	0.131622252814041	-0.363268484739428	0.248703512778733	0.521775003040696
-0.338144762445568	-0.476461671618191	0.0328577879320834	0.147632689202765	0.281803321128499
0.175405751923479	-0.917713146231941	-0.769872097964808	0.987426642052813	0.376897855828017
0.42938673471278	-0.2300142522965	0.377458185513164	-0.498273941810297	0.69104059746569
0.807757238891027	0.0155993967200374	0.200318967087212	-1.4108286688655	0.798550513850417
0.398785835870689	-0.102560572438807	-0.621895097599087	0.327520031041336	0.541987596859207
0.241357249970736	-0.227144792053679	-1.00792740319152	-1.29812670559124	0.400237258917654
0.450118548431954	0.311242625107664	-0.551505872616959	-0.541130625191163	0.553735337606442
0.425209599813904	0.0286134626412638	-0.341201179948583	-0.605978189353479	0.154827688063582
0.418486178349902	0.0351569988198566	0.335092805201739	0.754906272012609	0.0544804529210571
-0.182120047680744	0.162144119743739	-0.388814020310299	-0.574474373598219	-0.593604323695635
-0.286904178452039	0.574387319534695	0.12543846567196	0.0507104330172187	-0.487615470413485
-0.619469417574893	0.245473406790498	0.514699556788764	0.191630821443388	-1.86218592670661
-0.284379424212021	0.239568281960712	0.445803896796155	-0.351532207471707	-1.28773333969172
-0.25918388097146	0.629128829529338	0.731010369035009	-1.00510760730001	-1.71533170765731
-0.0800107151260903	0.59467353629952	-0.0403052071160186	0.277980226694969	-1.44394818858383
-0.624981421386596	0.406013271938907	0.632942191953875	0.379704236250755	-1.63701314949738
0.126244532244841	1.47993695069932	-0.182057253726079	0.214270060697319	-1.2537373632129
0.0821167253267932	0.403359690449998	0.456866783800472	-0.386242182541919	-1.06608517526655
-0.221059407975053	0.840329805796204	0.265848420943268	1.18713958836544	-0.64362756966642
-0.161955935600104	0.270705577453233	0.190270868439439	-0.346643696777878	-1.22593144259104
-0.011267019236627	0.327189759073977	-0.500521491953096	0.877276197461319	-1.11230472686388
-0.248610354358521	0.347517965018051	0.813581202475431	-0.32844557367238	-0.723327529185091
0.232355634033279	0.195617841617373	0.903052300256199	0.0884043061390279	-0.182671920826374
-0.187552862270707	0.265192480245301	0.116752361777705	0.381604926568696	-0.181322750981856
-0.0844867970088061	0.16728706803041	-0.181564924793275	-0.575475839722706	-0.924052457460764
0.0231811177277748	0.297995265251689	-0.109555786596001	0.510613719482117	-0.446491808192793
0.108646579211279	0.255344312390122	0.17732265883853	-0.084012757973042	-0.480559476087782
0.399709167098698	0.0273986255335247	0.500959140082442	-0.26516839706894	-0.973690702481336
0.219132396362821	0.791629036915873	0.478396486159285	-1.02783884446984	-1.05999826756992
-0.208956656295687	-0.102530098316157	0.26448785236454	-0.512313013190838	-0.733265495057029
-0.131301552035782	0.143881115632104	-0.423251587666287	-0.251956010467061	-0.69522603469558
-0.174647614944005	0.129919917836973	-0.37922470713671	-0.316583302852364	-0.95151714922717
0.120846625893752	0.607157646284973	0.445033159330677	-1.61575266382213	-0.713741434064033
0.0522557241362467	0.76395548015868	0.116454594828229	-0.0111847052778445	-0.862741304471686
-0.251803790161269	0.054873365441916	0.19074705672968	-0.00969512071305191	-1.17500466554805
-0.334765542774812	0.425701621639037	-0.023908571126843	-1.06967504175539	-1.18463753600545
-0.0906564762032622	0.876338120735645	0.657981097492222	-0.770089333539929	-0.776330289104866
0.237051846284675	0.141096789319906	0.606213907546919	-0.823032378573424	-0.32634134685033
0.259389879140267	1.03050786853486	1.57476996677481	0.966255192647635	-0.206856953589378
-0.0360671849517249	-0.0349633135360528	0.0181493309576599	-0.78554732824658	-0.194493872987016
0.221618995573295	0.88923310655496	0.0789747252044823	0.387077978297379	-0.186267189399841
0.247109357758219	0.638856605265423	0.303497968405245	1.32304434404229	0.739193111626945
0.921464231841231	0.672586670009623	0.698419614165241	-1.06890614145859	0.386241170958039
0.769617066599145	0.113245551947652	0.561407780606001	-0.550627390834457	1.09690852191183
0.697243011404424	0.150321670186698	-0.541984224573089	0.521374022237614	0.588254877558034
0.281643023138463	-0.392242122707186	-0.4170277617235	-0.48958020675613	1.48212988843034
0.564968342607749	-0.0878548498313509	0.472139479588688	0.166043666876935	0.876772545294627
0.420191100422542	0.289804500196623	0.69833542964789	0.676707116524384	1.22602121838493
0.895190642545297	0.381285038217486	0.390108342155945	0.836260436197729	0.692440172694989
-0.18822972952632	-0.480090439984069	0.553231229042774	-0.260558814528392	-0.077238193037347
0.548184463684337	0.317833922503576	-0.419488589054554	0.629235174378615	0.724477481658211
0.164179306462252	0.322405952016784	0.628698430438451	-0.65589358130538	0.891127737539617
0.329925180402277	-0.641619862465434	0.693313011054218	0.780985997558501	0.443958510402288
-0.625134564618928	-0.219816078774714	-0.627821335367148	0.200000665349413	0.0796588231766171
-0.0616156803525217	0.00411301662046139	-0.51711002282543	0.404945819212925	0.579377229670134
0.136999514601207	-0.0479728678394476	-0.475001126191844	-0.543281726082473	0.844815232064038
0.239942632662293	-0.460786772709897	0.66015531812606	-0.759582131826087	0.839113760652246
-0.442388620774669	-0.344792128053457	-0.363256250999146	0.502949918957745	0.344791640930838
-0.310979302772978	-0.064374211002402	-0.399332383791002	-1.63073024588725	0.248386763813178
0.432745794683193	-0.436909362447356	0.176568110392135	-1.14825117657039	0.779259575664338
0.268947379679685	-1.18656480673363	0.326003915664595	0.00114347957689452	0.355711641660404
0.508660298968985	-0.0529842635527517	-0.499256699308129	-0.542348179818927	0.390083250596009
0.492603469134637	-0.571160755410815	-0.330072252336943	-1.00452006229678	0.404870925707387
-0.186625294957182	-1.630885461294	-0.779043662070496	-2.79356020198039	1.44043837691315
0.415034028561591	-1.06788171872536	-0.060107294492614	-0.743517740065194	0.459256480546303
-0.0835155740140115	-0.0194462792245153	0.166872726279218	0.406597328775361	-0.391086591090291
1.04375630326363	-0.0481549724445702	0.283841703897738	-0.22693832945819	-0.0898809664017302
-0.261466334048464	-0.108986306667096	-0.42661079407358	-0.177613947142612	-0.309362464536015
-0.188459386540717	-0.15942131578545	-0.0233486736410395	0.143009637473287	-0.235462360210763
0.204235308327602	0.401813302089212	0.0623954667734862	1.21593997938921	-0.0727514571028829
0.0255470201097699	-0.36166034214647	0.302383272360046	-0.62090447653205	-0.166846070882461
-0.0526817420755129	-0.502750850981279	0.259227432826028	0.0986520644553233	-0.538933968366914
-0.302755824739012	-0.537168478415588	-0.544516614597847	0.236093948983614	0.201342995157045
-0.558310895403121	-0.417538151812674	-0.57849975137475	0.353432719218121	-0.290597791629143
-0.0745629930356274	-0.392810026276427	0.205962127751919	0.335315196184931	-0.0153305240425164
0.335737787988375	-0.536819830544403	0.045883981508441	-0.376722349773028	0.954036340514366
-0.349228394331674	-0.710683456175834	0.247049048613217	0.516008704060324	0.0844269913792088
-0.35826825876201	-0.364075839080272	-0.624302993255034	-0.152825063184024	0.0921650634847486
0.400189139967121	-0.806977351352437	-0.120278824334734	-0.0185234698873063	0.281033084337694
0.304838621416022	-0.435638742720351	0.374066783147127	0.174267990928352	0.638881918232603
1.17523486103884	0.0343223831776099	0.283569276123566	-0.433369707448918	1.18090505651607
0.0959409751301659	-0.415652424140916	-0.230203509973056	-0.00899709543614408	0.670856076779957
0.116647429902177	-0.144417780282829	-0.62196619479668	0.855773176290326	1.14276834608921
0.448087967623025	-0.6465255832841	-0.799630710511202	-0.179293237537892	-0.173409022263061
0.125057055546762	0.14137996260391	-0.040677277670258	0.47331093445043	0.0120140479612413
0.522479151847455	-0.344237601352808	0.38096749930638	0.160992841605692	0.596260527881284
-0.357020275934311	-0.633687054563629	-0.363888002569005	-0.252142238112537	-0.0427696444089041
-0.367236498765541	-0.168180720758249	-0.231918481853232	-0.250306738604236	0.0178063267694046
-0.359361707364069	-0.0964958210782157	-0.295192966990761	1.16754420283012	0.17263230030897
-0.0900596614695194	-0.329704797728683	-0.103195132806449	0.815204715124552	0.101339977847132
-0.449041984966957	-0.682460844897809	-0.176189041340803	-0.105070751008921	0.384174373634628
-0.117848333905351	-0.664371046552201	-0.311286643641707	-0.522667099176631	-0.315307571613104
-0.60479640118574	-0.305136554213373	-1.22835314991119	0.761777170049284	0.650170671438939
-0.501098997594023	-0.79979449038904	-0.555830842145264	0.0330161569310543	0.126409643039205
0.123152719892799	-0.756344652427767	0.190961065943871	0.0625290203821024	0.578823242842469
0.0434918702596749	-0.375956271793077	-0.318843252611873	0.136737034678757	0.350107363490286
-0.00838099925481688	0.105386865277533	-0.0850501205014551	-0.831530637283859	0.911306076598048
-0.0230173730721334	-0.976377639626595	-0.347073029805686	0.382541130634472	0.547894002463642
0.0632539073365182	-0.860560000037221	-0.621230578439357	0.594880018307096	0.885148122659191
0.326446351146167	-0.097393185521619	-0.0320372891926397	-0.774889069437754	1.20609817422666
0.723785773613882	0.131620671415776	-0.213209784080283	-0.274242938267456	1.55739658822162
0.390241338080398	-0.657259358828804	0.247154884731236	0.0946434628105099	1.02855323520582
0.0240446377228799	-0.672802869414734	-0.336759199238792	0.262113296369673	0.440662201661983
0.420924797101597	-0.295213986120166	-0.578238315322009	0.175031767109772	0.392715348095887
-0.116214791238868	-0.38665364466178	0.159500258366721	0.32179750203832	-0.475454682972532
0.257269211980049	-0.0906347285630548	0.562187344397842	1.0670849837102	0.189877472390382
-0.592143396263563	-0.0112279129879111	-0.316047279883794	-1.13539661251484	-0.297879828823147
-0.0581742265473593	0.461652888983122	0.0551188661000925	0.322802713316481	-0.889883272330502
-0.435219128840395	-0.145211101593007	-0.527023343271011	-0.394719951410844	-1.05744639870272
-0.578244640245196	-0.0515868719633562	-0.470016085279722	-0.583269322898669	-1.23915800113606
-0.446813655452755	0.295683670292177	0.297612489036536	-0.0321258103931602	-0.818265246489326
-0.196572651060297	0.30344362655023	-0.00383715837015195	-0.148054235154184	-1.04400605170483
-0.0518574274003377	-0.251345478478551	0.0805770928471195	-0.973308258868141	-0.904074389069208
-0.303489512539442	0.319214425147253	-0.50784276186931	0.770993102649813	-1.23123437779014
-0.243289788928983	-0.018692891026786	0.108471100631694	0.750725644337415	-0.974053266809601
-0.205058808601221	-0.124960288704011	0.12952966746821	0.658270478073422	-0.329234602534653
0.627190573922503	0.0784430733582996	0.742662035083734	-0.218744925410224	-0.579653864085897
-0.247327997568247	-0.324394779419559	0.240033298547154	-0.698619782481259	-0.46444304473448
0.696037588793601	-0.0409525799970095	0.0838724589868075	-0.249671369063607	-0.811542513169608
0.462176732359247	0.660140785787541	0.848925200318215	-0.0407949593800231	-0.432327554777447
0.352437727923341	0.536239663508114	0.511821214464662	-0.149886898728345	-0.689051033903827
0.475845119726076	0.305937444643525	0.481765408090022	0.389436557402139	-0.93548400064493
-0.179986895649951	0.829826977558149	-0.00794973999115617	-0.150829775030285	-0.825664757824114
0.256764045902237	-0.111811622547541	0.193669792954861	-1.0085542606081	-1.09843035744685
-0.245676871851838	0.204767889918173	0.0853810209287132	0.511547772678236	-0.797296747685515
0.152860394550879	0.621741134493199	-0.0754859528776799	-1.54463373670114	-1.07508116623133
-0.369810671603076	0.160755288960501	-0.122921709221173	-0.739168221918536	-1.17298842507123
-0.684835585746113	0.584015976175155	-0.440089206599924	-0.64814725209974	-1.50302203107818
-0.53216750505589	-0.0181298577128495	-0.473999643133195	0.393298955362173	-1.40045909224237
-0.535881916912581	-0.108931784249143	-0.878921236756543	-0.25983654569352	-1.30581475752009
-0.423745837894539	-0.128110398100434	-0.452284173719199	-0.736048047190523	-0.951115040973463
-0.4682186631527	0.0431794129910216	0.0019353147009331	-1.17915800994038	-0.931597126544071
-0.604715367444828	-0.170383258912367	-0.826894148457278	0.147381761282391	-0.893226811178947
-0.476908386364277	0.376389472744231	-0.429863740469801	-0.32394359496158	-0.622282510237174
-0.425267269042513	0.595074478203297	0.092952280502303	-0.843822003535072	-0.600068924131849
-0.206227623135982	0.80505806485717	0.212482606268295	0.395416683428444	-0.236928149840312
-0.0196557091417666	0.245060883999263	0.994183235867986	-0.265660438717858	-0.587237989015436
0.310115848998937	0.314676925332355	0.0622715933270916	0.660517144980462	-0.592802452340497
-0.410933400885431	0.529268763904058	-0.238900233103891	0.918276533958408	0.276453638583729
0.314300406542955	1.09571678892158	0.253404729311	0.442991764489311	0.0823584641387907
0.230340910349334	0.309011854516499	0.0469071380848232	0.34579715871781	0.940034567996644
0.27041844886368	0.61063922389476	0.319948137374343	-0.164365721983562	0.17388224517812
0.0956130055724091	0.369494249806461	-0.385077950162859	1.55917715596431	0.279592672318611
0.471338479469836	0.574741495511704	-0.15924434005224	-0.190971482087639	0.366813191938074
0.356012651541993	0.282567900769965	-0.418846264205106	0.313029146363636	0.874436259098687
0.65049457010308	0.357687638931926	0.600254317044396	0.999324761772167	0.723487120096991
0.603715288796968	0.593571236710272	0.34886774801532	0.511442217967156	0.611934462252493
-0.187437515454737	0.358780127166588	-0.723330193027994	0.398515817340346	-0.203404892319562
-0.100777326083443	0.0203678621319229	-0.0139911534698191	-0.365469435516396	0.624464217186372
0.116891886026528	0.426420946384944	0.291718230963111	1.61712522786303	0.667649798586123
0.119434047220184	0.424346659104668	0.274750611345353	-0.871436929139039	0.608578162798978
-0.00806041489462207	-0.0444393287875245	0.0434109447843553	1.41031878653965	1.1887816627298
-0.0805426588528728	0.161918835632743	0.0278346062332188	2.05611195603051	0.55217383752055
-0.123992710361576	0.525611613484875	-0.0884446480533289	0.0001756468942419	0.968971771245742
0.305837231815725	-0.271491053104679	0.648164139566262	0.0745757849241713	1.13182254083312
0.0817726962293928	0.13694166117848	0.189818865602562	0.359576666884607	0.826016102245615
-0.501471684661087	-0.421418205352256	-0.498816031723368	-0.377796649981813	0.406522423748059
-0.0386304507123949	-0.75268316671964	0.0428206280250687	0.456298666635354	0.437282238811993
-0.165303570027471	0.0995180628409047	-0.313696101595342	0.130894507819117	0.416054535970606
-0.162503649881329	-1.09363462678503	-0.279758642777904	0.287035498848327	0.593101500895804
0.0220769653968078	0.237603441303376	0.530285353498843	0.159109958504708	0.639182168622197
-0.132936922458122	0.469445412709163	-0.363199200211274	0.898751020311117	-0.0136514575024104
-0.253013993250584	0.246631269000127	-0.947554822287618	-0.588528545208899	-0.517901109014955
-0.362984482148463	-0.166443659172649	-0.915919813553454	0.539536421022934	-1.188303387354
0.114617170303023	0.14757792839702	-0.850635698833637	0.743252751048354	-0.5442796750396
-0.357820218422383	0.14880206064365	-0.723229430317239	0.045381797126504	-0.0657715053284475
-0.122623212364047	0.200932535691241	-0.327543887472258	-0.0261895125690066	-0.246486007629811
-0.0214517216781028	0.2484379028002	-0.228193094254595	1.21473136749545	0.490683466457297
0.463727057337436	0.00608787081893703	-0.0493815016213677	1.58680554870534	0.0384447757830502
-0.178312734505124	0.796565250050984	-0.465103900094691	1.78804750556383	0.103750010312708
0.0872342484789266	0.754928238249348	0.0944601184896736	0.392581426666916	0.538068213963243
-0.24151804282063	-0.262270261177633	0.167896190472938	0.644905380997527	-0.463939276704683
-0.107363171534242	0.536787670241021	0.607884453324284	-0.304872811904326	-0.132314918741802
0.0205639495232146	0.97610471859433	-0.0372348807032547	0.274917446894161	-0.360345281548103
-0.0501372209019464	0.563669958159022	-0.246323972170489	0.603471110745112	-0.5162185849418
-0.459452814621772	0.853537620974468	0.484603618163726	-1.03415487758798	-0.60168431162203
0.000695363053301353	0.850831636712655	0.375304495179194	-0.0602192000668668	-0.289725899848369
0.158518090103035	0.434974067815712	0.117265902168622	1.05820581589368	0.191146207709053
-0.0481632432818934	0.931647458446474	0.376282309983151	0.702062452149118	-0.293358672351832
-0.0470837626452906	0.189921694804709	0.458435756244843	0.271367126656649	-1.46022235214926
-0.188381230898795	0.641321099000106	-0.0168953104907094	-0.968776317053997	-1.17426215219226
-0.183620376718761	0.274965542211733	0.271539687311124	-0.494402959704143	-0.389410017118445
0.21455234347147	0.592165261805486	0.0203811499326967	0.497252380741819	-0.788199734115083
-0.242465857419272	0.544274615346763	-0.023544440800559	0.0123371859228763	-1.07911428741493
-0.637023460281168	-0.589812865075165	0.235236359603866	-2.79379216976323	-0.670827208500625
0.107599835493928	1.23896229210813	1.37807859002722	-2.12755698009908	-0.523121060531504
0.461432234529577	0.219153392231947	0.987912774789887	1.29065266542667	-0.381252472840831
0.267058454711778	0.323921793861216	0.0567820206600955	0.73033084496681	-0.853330758281997
-0.0245016935703962	0.0790761700916854	0.433598330433769	-0.682618035172014	-0.977260926220116
0.852316460364902	0.580001779848884	0.886788310124813	0.281052490459947	-0.55934211253381
0.0996815887500742	-0.0923195831011883	1.32439622598899	0.938679817411864	-0.14523631375777
0.135901586216416	0.802683102378932	0.581338398439134	0.235831060986256	-0.893513512637623
0.00204664027874336	0.387775887999593	-0.183316527361076	-0.545820033650771	-0.895688753153652
0.197604699612702	0.848840287862255	1.11358821777022	-0.616134813144909	0.62920169334707
0.28609974925646	-0.187067574517917	0.511758165561049	-1.36993724264149	0.227146370840544
0.105846717402062	0.461592902559665	0.157148328454442	0.899335932459565	0.383870072129813
0.619046116666312	-0.685853015799226	0.704581417313357	2.27720208141566	1.51804280269523
0.280879279943307	-1.02104766691065	-0.546619881905354	-1.06198134339149	0.489525436917863
0.127423680257544	-0.274217311487739	0.561550415378653	0.726367936873947	0.286863168530402
-0.0538601568728262	-0.366527180925066	-0.513372243727727	-0.0407808261351789	0.480923523345306
0.127454817225464	-0.314563235060839	0.00166991779744535	-0.143268986221144	-0.230567882278891
-0.431023023573481	0.137673488327878	-0.312577645566264	1.95911311972618	0.10893479930211
0.665218315169978	0.170464795466058	-0.309749975941067	-0.96684695087509	0.736345509164322
0.201816364976472	0.0356888991369168	-0.576766977320795	1.09456437987256	0.501786756027565
0.207739488237452	-0.86213637285303	-0.254960541463927	0.444107979011727	0.197382712627596
-0.838299535635546	-0.554927385011238	-1.31118282693777	-1.06389880382369	-0.400934226576862
-0.0678406012854799	-0.853438717880462	-0.336378309274822	-0.672586485318467	-0.0934184993859127
-0.119126802900039	-0.171467817653836	-0.567304688587717	0.887231095744761	-0.351533214791464
-0.059376000485512	-0.413711313062128	-0.243714693919837	1.27014755812492	0.507499253313025
-0.218679574553597	0.0460451911056819	0.18222963999726	-0.57109391708193	-0.077384762763697
-0.56340031810294	-0.262792698919142	0.0121773407147537	0.702269946486655	0.985762142721861
0.0282876027985841	-0.0913381879853196	-0.0160603464483145	0.182397652624046	0.838796854925798
0.356442268066346	0.0388002968628941	-0.0807203550491167	0.762558920114337	0.645256448501728
0.225726032384406	0.347345676945968	0.348614962882199	1.32881078444866	1.03957693820619
0.326353161454846	-0.0741411757033455	-0.236428580147377	-0.236648316780909	0.440291758634827
-0.478002254639785	-0.939413807186088	-0.24903475544234	-0.812148846817715	0.304140036007227
-0.202313022089668	-0.389380601858674	-0.430115705750664	0.593473247752185	0.357134924414219
0.426700590751209	-0.106388528361926	0.66499531921953	-0.0813374580233518	1.08365731557492
0.223915915093182	-0.535341645516231	-0.131419350339332	0.446656955657673	0.989203033801334
0.408759214347071	-0.446025479577954	-0.542656235863961	-0.00447223838732844	1.02883631481394
-0.111974609434737	-0.651251164220173	-1.20752555822636	-1.46239146277058	0.668808187760776
0.507709389912603	-0.415593510487096	-0.287913814816748	1.10725989300675	0.580024085624739
0.118825364933145	-0.54543154765067	-0.83979463298746	-0.408894710324631	1.48967909363163
0.276709063076621	-0.333666660938971	-0.128010122100876	0.229664553804299	0.533000527927251
-0.153744138674062	0.157894429857744	-0.560252177733316	-0.0898036516596166	0.592093553259188
-0.229148111590483	-0.254243990232706	-0.356079393512075	0.522994102817924	0.707826836141061
-0.260081165157405	-0.00117185635338144	0.637358726017571	1.4333394770055	1.51201657474722
0.438029562823977	-0.360067400131552	0.13856922692534	0.990476760013619	0.826640297614798
-0.168334970030529	-0.862595979602137	-0.225563649452606	-0.354252131419512	0.621522536489423
-0.343249420490853	-0.427250912838732	0.393780908746218	0.0684817271494324	1.07745957212651
-0.421822185266095	-0.642746350831857	-0.0184936548806522	0.409287098266827	1.25960404935727
0.457740626157404	-0.00313356020079684	-0.474269613251665	-1.36529187494451	0.64612617835957
0.0877648443139788	-1.08803379141449	-0.638531530825952	0.646751301108823	1.00957319141481
-0.112928322128956	-0.426341703714542	-0.290748589373284	-1.51314098100652	-0.0372065929322356
-0.410920621834471	-1.03159074736124	-0.405882321198881	-1.10362267932574	-0.0376016886057409
-0.0865817969182573	-0.477973136487654	-0.196817922564088	0.0448762457181193	-0.221473464052505
0.358365654041429	-0.992289201714699	-0.610577384414989	-1.83369522612005	0.431960345976961
0.301601584751404	-1.1228759436214	-0.343818779755312	-0.0458434018187765	0.305974768846924
-0.313370005374154	-0.0858047163828656	-0.541225377858609	-1.30792302394847	0.606330416291606
-0.0335799076216264	-0.812060275035381	-0.352052570387467	-0.76968277169403	-0.521919018620413
0.434774131315518	0.369016293320704	0.024043627982872	0.80601601574377	0.857092325245119
0.146545820532306	-0.802845448872835	0.586115204847117	1.01929311266838	0.801739193954922
0.244593926501467	0.138081096380537	-0.17926055611693	0.257789911542351	0.671166239871135
-0.36093602009895	-0.437175448995817	-0.184910335572945	-1.08585521265031	0.176165969950212
-0.125026777698641	-0.227214232430032	0.111981561430314	0.392280150857145	0.667025045968905
0.191580161520924	-0.0645299799079216	-0.0591088365113651	-0.514215463232849	0.528083389440391
-0.149228157459825	0.204516550848858	0.410328933639037	-0.0356486533610503	-0.51424819375305
-0.468836957327809	0.183648930982301	-0.378705592706495	-1.17170912207496	-0.494851986182632
-0.440722258542501	-1.64430287716536	-0.331047152716516	-1.08200601416109	-0.92720791436711
0.42184581665681	-0.288666881659038	0.262095227718493	-0.226989066778762	0.368715278826483
0.087424735927279	-0.921730368486183	0.283840568199257	-0.740051832291367	0.0121983554899294
0.296162592075556	-0.230491345876882	-0.0218058128078146	-2.31826534702955	-0.130856791689225
-0.329651685375074	-0.935005532882749	-0.779203920775152	-1.61551365358854	0.145079799559724
0.393228904734336	-0.456476421457564	-0.80752110564778	-1.32478017828686	0.581857235159905
0.534066998044036	-0.378219190482163	-0.452380163838405	-0.51967179124046	0.146422309537941
0.961025753924909	-0.77277548752688	-0.222862294859655	0.980088051943274	0.860612938150972
0.248196340366791	0.0706121301532502	-0.782272055068743	-2.29365920624858	-0.200172179580392
-0.33155963115087	0.044305015042864	-0.715820933085819	-1.72290587965784	-0.46124066683815
0.711817497198339	-0.659844248491821	-0.430160808824887	-1.04342760133293	-0.548523731454818
-0.308059734736561	0.0334632642306012	-0.377215827848561	0.135342309608431	-0.514383969129204
0.241800709127264	-0.358577084737174	-0.0541670545208202	0.382830376869083	0.235533226192226
0.110884811045619	0.371316688294002	0.567427516368264	-0.865020476975554	-0.689499270460769
-1.10463515850204	-0.195683124062752	-0.1946406826934	-1.0129853979102	-1.18437843230746
-0.316107311224915	0.326000082288872	-0.0379000244297142	0.317383817842801	-1.03063549468263
-0.470018564756368	-0.392796410601812	-0.259393383729303	0.314616003425674	-0.756045348473343
-0.398320579980901	-0.0599524838234523	0.272700445777995	0.485787134768076	-0.519908127279533
-0.349897995136947	-0.193080241440994	0.0636420394755561	-0.756007510247924	-0.861258775728281
-0.833773838861189	-1.11377964799107	-0.458790522065422	-1.48729652703814	-0.90503601840085
-0.696840703742298	0.398131360657032	-0.555521652016706	-1.9354325883229	-0.643402366574531
-0.420909054630278	0.304715677701853	-0.0720510853805803	1.20925698612178	-0.609056403832699
-0.258220643892357	-0.0902946380866108	-0.00305306256098332	0.285803146205196	1.24844937963902
-0.0348995521693763	0.0841698147984411	0.599699792101339	0.180355590347538	0.0887143008153165
-0.110780860043047	0.205160657632184	0.257204140924101	-1.36658067851178	-0.0910933033712659
0.221771895911425	0.582085602834643	0.197536539493832	0.989039793808518	0.0635761816605639
0.328715780246157	0.654347710952528	0.499577504916125	-0.642911330475377	0.85248956346907
0.461029432266042	0.352208105087674	0.422611158693799	0.958543634554746	0.452725588541731
0.29214486046904	0.296368074199058	0.263402746637611	0.45190873769987	0.21373297774121
-0.338442410484074	0.825671986023076	0.470988394415368	-0.398640673470476	-0.259876998300527
0.172994375347103	0.343151264155614	0.473579860544519	-0.605113984159141	-0.558426796252222
0.511543804030004	-0.190045409006754	0.746065089023823	-0.66167960775563	-0.304103367589327
0.14560614854668	-0.0533777507557675	0.545978892944774	1.53860447940344	-0.323285566483147
-0.00761530332133119	0.317011636949448	0.815739132075561	-0.561028436179129	-0.848919999289157
-0.340228165234725	-0.566549103888797	-0.335649884262493	-1.15672433049786	-0.209805917833162
-0.152047555005998	0.286012316648162	0.156745960312249	0.507129756286527	-0.575828034141604
0.185657289714632	0.0649048213395042	0.48339784971947	-0.209647354531154	-0.0397980474016907
-0.416282385947866	-0.093157117030374	0.257420458024092	0.65178366923272	-0.313567105377272
0.170173390292491	0.335063162819408	0.028800719784173	-1.01329339378136	-0.00300800154312223
-0.17536463048588	0.258959443940623	0.461777149414097	1.08635096268101	-0.369366023399057
0.848738030872722	0.23332486045214	0.714666585474341	0.0170364179533884	0.847094223235752
0.238856001448203	0.256922705615911	0.809250867653021	1.66220952461673	0.373935590759428
0.914694475006916	0.913228353860874	0.68668855762423	-0.167654716565768	1.46889560969911
0.444078030138168	0.0413490824225657	0.0839676076243109	1.18591330704696	0.802093881210812
0.900406980878977	-0.187555163336556	0.320767036229356	0.42552846258389	0.956681943698847
0.842073087642152	0.244919232911441	0.281472349211811	0.216467076519355	1.71647937603356
0.90430724272016	0.258512417911175	0.676088579630089	0.386224741695943	0.63444663836985
0.196369393061176	-0.0478810653596075	0.336159869407831	-0.424298651049934	0.385506372445428
0.012253937145489	0.23930240209995	0.449777686599231	0.140877410975835	-0.626152690144079
-0.474005359866966	0.285245538809282	-0.398591294417646	-1.03675563625105	0.0860213460145594
-0.558936212739558	-0.359288329316463	0.603778604472078	-0.908867476607768	-0.938043597188388
-0.493036614298699	0.828158646341399	0.0301885377431365	1.16088507600529	-0.519443661729917
-0.0225596655419263	0.461310454838498	0.274516852756223	0.471948248855944	-0.828500085140076
-0.301562476447763	0.547689520632494	-0.297822600607663	-0.284684540773511	-0.622953333883787
-0.650388817364799	0.0747295508727587	0.63674165537503	-1.76608719695802	-0.823677916973619
0.0195051451376261	0.654177699897915	0.521812336809357	1.40247059948262	0.209175069148779
0.0270844042882692	0.668880731697475	0.322960787090263	-1.36880601321142	-0.292396835604456
0.180896494466213	0.10771936018786	-0.279031435331851	1.09568848949854	0.0163919878193989
-0.54779213214751	0.934587248883498	0.494077481931878	-0.410873472002689	0.282452003722342
-0.205047175367059	-0.244745589233204	-0.0596417334620518	0.76843620267996	-0.52674450664387
0.290262513165948	0.735552172293062	-0.195677588022118	-0.969980268042414	-0.519497507668572
-0.212256330572579	0.200470560126633	0.686532614060129	0.665797806852789	-0.482309687219132
0.464253465351935	0.275978672524122	0.283084940287602	0.0291655824397381	-0.167965536877313
-0.0400907151736804	0.730526738131032	0.594495822833308	-0.501787934796449	0.0503574840620045
0.235406998777965	0.255503220030673	0.6095054337612	0.196926168066661	-0.10629080418847
-0.201776197461694	0.158635512671119	0.212139962305791	1.07193457567032	-0.292651603190903
-0.306980608804262	-0.0395866716487593	0.205834394505903	-0.269705980237627	0.628020939432202
0.123081080256028	-0.435928831128541	-0.0579797471914749	1.31584889275168	-0.331624062593027
-0.794301655672645	-0.443704867613053	-0.454637063057419	-0.165857147489338	-0.342041594619875
-0.219253608035987	-0.275643659026526	-0.246209081197414	-0.57532660900014	-0.992644743440386
-0.354242927498869	0.439055052840412	0.0194296278896273	0.0813347559412175	-0.423595052911281
-0.156471882647347	0.102659746796338	0.016705172182831	0.905640726035658	-0.230925895331686
-0.171608996100529	0.67137004308644	-0.662013037532531	-0.0814602439510977	-0.851090844977457
-0.461296533002959	-0.358523429815384	0.181404808217951	0.82356394877239	-0.125559463503681
0.178110815957976	0.557194549418158	0.0695013375801895	-0.177834935005222	0.156420143618707
0.78128589068567	0.340021185125429	0.514000575464035	0.0785835514731941	0.140209109917719
0.804550781272103	0.508277767951822	0.827393224360571	1.96716859409281	-0.0170436293099493
-0.291751947206356	0.617396593921011	-0.326158411632897	-0.287179654936289	0.274743447589542
-0.0530084901241835	-0.0797266501365062	-0.324789980467462	0.822393442627761	0.170760285703388
0.340732748312122	-0.387991673263122	-0.597771461613606	1.41554733268909	0.155929846730792
-0.213839810236011	0.224645256363507	0.431423882359127	-0.284667490761566	-0.274298220016325
-0.0617273000405494	0.393543126662045	-0.470712444293659	1.0727929567142	0.225762964779707
-0.65196618078952	0.291150711028291	0.491666682271836	1.90755386807178	-0.0416806211199845
-1.17829021692802	0.763276924960715	1.0186153037159	-2.60319799179336	0.115584761068501
0.549511937154542	0.577606321382694	1.23629150552205	-0.725259389513245	0.247655102089038
0.471098134058721	0.479246168175108	0.582253035487459	2.49585573660001	0.493522443664793
-0.608140989671482	0.115706646378866	-0.129472768673015	-0.875420168068185	-0.435299094553394
0.0526896883156949	0.061851807935833	0.540627396139057	1.67843283115403	0.150143701839901
0.490902911637004	0.306433856927072	0.492930722401386	0.420430384927308	0.240417342092591
0.481274963714677	-0.0932710852512351	0.514142632065429	1.4866267736974	0.11512679694419
-0.0489268698597611	-0.0762158758613566	0.291234768915199	0.124465012773738	-0.167939959069023
0.695629230387727	-0.107385116751473	-0.0842390555249291	0.383150993296802	-0.95715420222724
0.338457043487746	0.175471943317527	1.14110606176191	-1.22588673822903	-1.14864094973538
0.159191735297146	-0.329519297415484	0.320794297501283	0.429036546307603	-0.556627591196538
0.104687562794782	0.446158593139659	-0.761386320853393	0.213964639660505	-1.15015538328636
-0.480373435427854	-0.334324537045935	0.243550681986841	-0.981042174828968	-1.18867935215512
0.65413820802838	0.393174632807309	-0.518299286672745	-0.88951749772176	-0.0713455272198937
0.0543527620907216	0.600343695525805	0.234992472868587	-0.112185610375783	-0.304293668448419
0.0436482675715796	0.190303622344022	0.503223069314412	0.610782616903877	-1.11627110390194
0.120667764767158	0.00494137067805324	-0.557519073654635	-1.54160802043703	-0.694664181490578
-0.587966978922229	0.575169050429692	-0.160913089057726	-0.425106267808827	-1.43629577569607
0.0290397106854684	-0.238431336280162	-0.649405190886424	-0.915404911096245	-0.613664042262035
0.0304023357808991	0.469999685000746	0.238423658418421	-0.743265789196323	-0.532607304244312
-0.00159537769069505	0.22358818774217	-0.485610303373328	-0.470070529065179	-0.949242529871508
0.296898153814685	-0.27855531857705	0.428976356804133	0.24408382482662	-0.0547256591632261
0.587139061202372	0.0593990957362184	0.221274641149708	0.485613781792143	0.299072913326738
0.337954432864008	0.28349437601882	-0.508005023274745	-0.980013926669886	0.0334626654021806
-0.139878348207278	-0.253967580829785	-0.370096759427818	0.173832889234687	-0.56314614324369
-0.387412771221977	0.0479435591963252	-1.0367097911177	-0.0485240495455504	-0.302911002889538
0.0640582402658743	0.600890381199608	0.162764423028248	0.00167679095053838	-0.512625038742607
-0.0456961335411157	-0.143114436301917	-0.581034123021603	-1.10602794620574	-0.311178818696951
-0.247612475973685	0.245946889945051	-0.30701860291976	1.70732026417883	-0.763575384817619
-0.0858847153734739	-0.200318782875754	-0.744364402792014	0.0535637464633988	-0.956600883851907
-0.399256957124715	-0.000738967256584554	-0.0417662278115206	1.16738372110847	-0.576120323231803
-0.505409197375201	-0.490836463102313	-0.61776442594101	1.41279787471558	-0.516247260874652
-0.409412538025818	-0.382140918258588	-0.0279214193577331	0.0813180907085888	-0.0235805611754963
-0.334563601472863	-0.398274602488376	0.0412876506869512	1.98303295044632	0.163285868281762
-0.586588428578531	0.251025142190026	-0.393388149083868	1.63512796238653	0.39316149288898
-0.347699680062435	-0.51969174096261	0.204162573840073	0.771657344329749	0.429366029475837
0.0281685660434205	-0.660204218179247	-0.20818783084578	1.18584271035083	0.630777160747394
-0.501232054632719	0.620857976311505	0.224948838074788	0.669020835961046	0.440015319321859
-0.806374386870341	-0.330381627381485	-0.591595295333613	0.49412667394468	-0.233159111884848
0.0725887526088211	-0.338992870655006	0.400337977468424	-1.79604975915139	0.564831287800353
-0.104066302248201	0.0719080330867056	-0.53576743499364	-0.223516542296007	0.0935242133272911
-0.0211583058967979	-0.105207152217182	-0.108446975856552	-1.06680125971353	-0.160678887023154
-0.320480890346835	-0.268141993042711	-0.280876180732897	-0.700972842806312	-0.11543587754242
-0.249266740964341	-0.0210513681706475	-0.994780179315312	-0.686634283991606	0.635517616937608
0.776403954061082	-0.36893603408281	-0.517638607988754	-1.26638641985265	0.467625020936605
0.283887814102287	0.275359862310523	0.193519647441626	-0.307793928169904	0.374883943861417
-0.719168138618863	0.11859616468771	-0.902694573325037	0.110285227453455	-0.177546483831697
0.0776686975577074	-0.691962010911469	-0.40868669174962	-0.699510776965629	-0.161009034156898
-0.181926002010804	-0.226890161241083	0.151560172111326	-0.429920313249647	1.32338417343521
-0.12796391563429	-0.187887770874562	-0.252280899320669	0.418609434806884	-0.160037786396411
-0.934474437023402	0.0509912556206453	0.114594018140258	0.215247961577919	-0.0384304153948972
-0.644210398660091	-0.488524479219662	-0.0999670071092408	-1.0465507716958	0.100977454775334
-0.551505837830962	-0.249879509192401	-0.834366139317236	-0.0725419504975537	0.108846019937063
-0.394296135346861	-0.277991512176434	-0.0225424074195285	-0.566091830220871	-0.259029059802074
-0.357495603059419	-0.664929388435476	-0.561491942587269	-1.2543517320983	-0.686745890835429
-0.737682588349836	-0.569815741219864	-0.490835166930015	0.122533208898933	-1.32143318977841
-0.904281740894684	-0.246982784455761	-0.261981480075315	-0.857125314875433	-0.403861358580552
-0.538028158839539	-0.0457093211718879	-0.0288617843965236	-1.5558047027249	-0.332416360562078
-0.305892865631538	-0.282209394309054	-0.295212021674239	-0.644466351382231	-0.255453222119048
-0.275735170556905	0.422356703991849	-0.42818405927587	0.268680843651994	0.302109407931766
0.00870278904644979	-0.247623688681201	-0.226488118540616	-1.23748725143361	0.323597267848266
-0.204369003359074	-0.0485232812872117	-0.0277934608750119	-0.531850645352464	0.21846465355965
0.383292120778839	-0.255442958819853	-0.357629078376507	-0.184919068998871	0.30485170101714
0.100920140075456	-0.144570921388259	-0.274336874488292	-0.0344867866993068	0.432208168458425
0.296822240571121	-0.496582152897617	-0.0289011899466605	0.329499764386492	0.379256847670938
-0.30780685327757	-0.103258339507268	-0.302716163331937	0.717170237208143	0.0545751290950501
0.0130706935623323	-0.532132774804708	0.333483840704126	1.2926390233011	0.295516074002459
0.753468868773778	0.153793262214951	0.138547254740401	1.3043486639073	0.103329526417128
0.192776064702223	-0.662611259879492	0.344741490888363	1.33874539787353	0.973729339991256
-0.00884785682720352	-0.098897296264244	0.00885414239010647	1.54468781366768	0.183700497124809
-0.222308571245549	0.0939225203273551	-0.0152301392586413	0.658874254340401	0.315598946999278
0.0776493446575901	0.0215359715371569	0.616351108381293	2.75182610261005	1.65257763518509
0.486167675058081	-0.112260234725826	0.277063059276289	-1.21169865982864	1.27962394996708
-0.184563689444997	0.0188962114850138	0.113800460176382	0.944023157171213	0.693169136150731
0.134796325037544	0.0384246938211774	0.296452040515619	-1.23638480847328	0.236663085750791
-0.00305145490272088	-0.373738440908581	0.384926658240926	0.224626625637742	0.466362426274528
0.844260429157384	0.228347294822006	-0.0573524350622729	0.0041409159662314	0.856070529008192
0.167259822924883	0.0522835852787764	-0.329907906663645	-0.0678428053281282	-0.00738647843915191
0.328673353964366	0.459157459147921	-0.0900491149341952	-0.131074542600294	0.039241870612845
-0.474210385599362	-0.2808459931209	-1.17657299989853	-1.13881608011806	-0.781268658987909
0.053500342381951	0.0418912959644586	-0.366018993338955	-0.317550003102214	-0.772785503252101
0.0822626774493518	0.466720249140637	-0.334167737527056	-0.223569895144474	-0.916016797983082
-0.0729136826088154	0.592769599018137	-0.0963100656056586	-0.866610428431448	-0.315012024072432
-0.706065419331746	-0.28352952591227	-0.443076314563304	0.290620805784933	-1.34346340001046
-0.539927876484966	0.548688297803575	0.392376087376485	-0.24908124327072	-0.45748012959002
-0.00515922036155681	0.550835358832129	0.232278739970345	0.88380417089758	0.785367267716734
-0.203369710139215	0.656484041543994	0.666268356409848	0.852227158032128	0.243459749555041
-0.341853720867198	-0.483449553918762	0.163135364151099	0.269450299422751	-0.112672157451245
0.415060925415064	0.00190086586476219	0.0327457281832842	0.594667071412477	0.541501897441714
0.233592370148347	0.560617242419932	0.592129275576295	0.507774216920182	0.394706541728697
0.694505867230712	0.508015754538528	0.276346579885431	0.736308872936274	1.50883820095383
0.281940583849552	0.230738573354583	0.179536402331244	0.231872197698305	0.0684009526727411
0.118870982763556	0.271262338831523	0.256745076503137	-0.702955413793073	0.506260930349939
0.377000387539891	-0.689301190171682	0.323463953145625	-0.540647988940787	0.262764546441559
0.98386925085111	-0.178210576892889	0.52443507053292	-0.813469147533055	0.435991229247483
0.743000111575703	-0.0454941989300152	0.363930503117212	-0.653324859513115	-0.168761758829854
0.21970671594778	-0.187888340436901	0.0178108778027166	-0.722464584609376	-0.476303192848233
0.577401956963072	-0.251791189578185	-0.451474300906706	-0.929338539745826	-0.636946673335215
0.72828433016735	-0.255895569736003	-0.000945953112238316	-0.584819268226374	-0.680786595457408
0.83478046899972	-0.207591763818883	-0.250536387128135	0.307802029302166	-0.353947973444888
0.335856681247809	-0.0263127892328087	0.230673166288427	-1.7771310046001	-0.928559415299283
-0.0486573598423422	-0.100932749390923	0.413577416152752	-0.728960424482894	-0.534169064112075
0.859189297928758	0.743503107135175	0.442300492488527	0.415921933714699	-0.25064025000888
0.0665124977455111	-0.493418509711932	0.0674738304932798	-1.09926921901275	-0.319886149209416
0.504238605204519	-0.0383612692587947	0.138966579064395	-0.207969200865363	-0.71209584521306
-0.0518467339049064	-0.516117485028224	-0.353166320295215	0.499425172518632	-1.02562626046554
0.364315279768131	0.153099758005641	0.493899949992853	-0.0520318686422446	-0.316495361394499
-0.0404624279859475	-0.157536256751113	0.0334873921279187	0.939890603264762	0.471638700501995
0.315668151223801	0.253911208605441	0.192401596004329	-0.0239964688466974	-0.0366735873601816
-0.032777154876771	-0.553858278278287	-0.239080858115957	-1.64034216616582	0.278061285633151
-0.504054225622913	-0.284054168684361	-0.47282734505169	0.192301130254653	0.0399255884648116
-0.337684235480671	-0.476416223342083	-0.371460061856566	-0.646961763367642	0.0455161344246035
0.233317848293504	-0.56612335786502	0.284436425370333	-0.484564454759216	0.0817880349539789
0.244247523888565	0.430910243814604	0.0288346036967289	-0.295903005092911	0.614794822427824
0.0382869017191579	-0.228753782688282	-0.446392354628035	-0.284298257918539	-0.542448776738736
0.263415604348539	0.0776394768560988	-0.180978677484939	-1.14264805053771	0.24148976564666
0.371108495931172	-0.134934709512482	-0.517155928468995	-1.18895515773224	-0.371288381433334
0.193401352250324	-0.351414435360049	-0.640930351473088	-1.29903347084344	-0.124532787005696
-0.641709110622955	-0.0124785417205423	-0.303820181070035	-0.284288972862486	-0.567022894104645
-0.692712548515308	-0.234941280448383	-0.602484466547251	-2.0638547228591	-0.736398834092871
-0.377725746840241	-0.0900898947830601	-0.171011119771767	0.723278385908523	-0.214443104389315
-0.303876633389916	0.109744958230434	0.292245469328176	1.37145322686199	0.347716687445859
-0.0114506179991128	-0.219636512517852	0.303244785311066	-0.739229156753236	-0.562375229122179
-0.0494711658725801	0.296105666771705	0.342389624222643	0.928057081049484	0.170985051172487
-0.0615869817275384	0.166453509646931	0.100020733327892	1.78923354042861	0.819585150110576
-0.0378379736396295	-0.179531727995408	0.808649440759624	-0.35303130821252	0.531420003152115
0.138224440714791	-0.438116395674585	-0.356509133123147	0.488905935790646	0.997166056459284
0.0961598409731692	0.739504677933577	0.19324855646153	0.701667393364989	0.433050332444083
-0.202207066056098	0.193210010668417	-0.0275503171902271	1.04781935016853	0.601164709612215
0.25564981902959	0.138250227053504	0.606194677380612	0.0092296797515003	0.709704861613408
-0.0809103909767207	0.35657245393908	0.0808082366853234	-0.299027983130972	0.681932995179976
1.0011619386779	0.0318945093905282	-0.0678163653208812	0.682220011440846	0.376482565823746
0.0684367781401579	0.0449583692632733	-0.497499230923693	-0.949774393248299	-0.0943112081375285
0.296495745277493	-0.508925617007733	-0.29681367307518	-0.549275731200113	0.231727271673884
0.440513057114383	0.293057364132757	-0.0686737447163041	0.614395382408821	0.365890970831919
0.4808491411273	-0.625751928390161	-0.372532078175496	0.937981370745708	0.237715735554463
-0.0254688940842271	0.165776503927527	0.130268700691978	-1.63653896711752	-0.83329603476525
-0.621948227632008	0.386430174111841	-0.0246463766155377	-0.205941346787396	-0.413803291584921
-0.082964894041544	-0.067523721786369	0.356399556413388	-1.34943262161464	-0.153666408700106
0.00462344504227776	0.47390082773359	0.0654029986883641	1.91293522386135	0.376499045015382
-0.195076088006399	0.0346361032262555	0.302829025309199	0.877009915791032	0.171133310143377
-0.650113153602716	0.414712039860915	-0.200807366348927	0.361073925632754	0.356518652346655
-0.41883237767437	0.0508625850399633	-0.0146111772814293	2.0064385184264	0.24686545577176
0.0137070596498405	0.823832981601568	1.00585745232628	1.2208250078742	1.32567965070048
0.147596489240836	-0.714533835230844	0.315357515661903	0.986723416263665	0.85324279901939
-0.585363733225417	0.0459268706065347	-0.441553067605709	0.26821785355872	-0.0383650511993323
