0.471649137021487	2.32918118057144	0.282621477835753	0.0236537159665959	0.374888547266639
0.208775606919445	1.65401583955321	0.220878574786267	0.387750554697932	-0.735030968959521
-0.474543430859254	-0.605340523022974	0.0125468819447608	-0.303987630171933	-0.596914070768123
0.0736746320166679	1.4629346732402	0.0510583465198193	-0.920329378686091	-0.54708971032477
-0.0439202753344195	-0.296723661695054	-0.0895384486542783	0.0176648986462456	-1.04664443809839
0.0890734497047064	-0.0117884526998866	-0.0967714163484154	-1.71814469031642	-0.0700108790362504
-0.284635454583415	-0.59395175407998	-0.204182924076543	0.197169671727475	-0.247133929813749
-0.216957783933074	-0.648327167672041	-0.6917421274033	-1.30287545530015	-0.700901379837781
-0.0403278018299441	0.267785437631905	-0.251943140403828	-0.599251630270181	-1.5857815311781
-0.319206313286918	-0.245310242718488	-0.394602921103211	-0.0299207648570076	-0.141372220663104
-0.0148302889907867	-0.752243417603109	0.119464139824685	-0.840024267239313	-0.548366464005857
-0.166445029181708	-0.198376072279338	-0.287946735731448	-0.238960258171528	-0.571217073520386
-0.0111103470852188	0.184774724058799	-0.419472692983579	-1.13415102671761	-0.962619870568524
-0.154176443536624	-0.91416633913246	0.0240104516622678	-0.293463709374842	-0.677721608013559
0.08018947182112	0.676914218077778	-0.0471342751912874	-0.269599381892806	-0.606193569648047
0.252044289298799	-0.0255994315568332	-0.0214437951249864	-0.995518148560527	-0.723637810140451
0.409828930898064	0.0248141824161707	0.378507281514431	-0.379906120147076	-0.529076332056664
-0.0545215719274511	-0.101723729576205	-0.163341768709606	-0.652673441515979	-0.483910316703543
-0.280424086795856	-0.636102628923593	-0.0398994512538181	0.0774506774048064	-0.0481466097849185
-0.10940594757988	0.709739544624275	-0.231670158646628	0.01379634162135	0.562575976129202
-0.642100392940142	0.726394620591753	0.305511306731118	-0.871229640863997	0.581208615580666
-0.681274638632138	-0.792370739272983	-0.257518940875194	0.0674326216930785	0.0936477525971176
-0.738624154941163	-0.0633719277028837	-0.042767754335499	-1.1762844331081	0.33430004269685
-0.604639174521209	-0.672537882178415	-0.36052465985597	0.34499653571223	0.579489952444737
-0.275063617202402	0.93756827166268	-0.0838892811228432	-0.117404757276819	0.225269321016242
0.0080457823459739	-0.584970817602708	0.0758001427598134	-0.937029030484014	0.215778166784335
0.100069733344358	-0.224699010412757	-0.194870979049813	1.08316976176508	0.562704177634617
0.329865587143643	0.125018798289671	0.310460776991435	-0.0599605910852683	0.377868722136421
0.180122121652219	0.655060256255933	0.368073258257852	0.372763955012684	0.725555209167744
0.319406785120666	-0.390655943072634	0.314314069242017	0.53246063080941	0.968210574996029
-0.17295173655403	-0.580493067823873	0.394306926183965	-1.12337872543998	0.362645962582723
0.106168536022808	-0.133557434459461	-0.219527296973265	-0.87572992956073	0.0671107703172003
-0.139266950249486	-0.218176034527027	0.201316106415485	-0.289138257218673	0.390281894857116
-0.0964686104002528	0.229215206340223	0.316561693316703	-0.177791120446772	0.1299702721481
-0.0971742726448653	-0.433576401191206	0.113745876522954	-0.379746300461191	0.21786835530184
0.196943110112903	-0.0544668616586881	0.0566602494454235	-0.507785665090094	0.316581393786796
0.0971000817297403	-0.541451494801501	-0.0486964250914784	-0.581812120466901	-0.205450762320783
0.0721741507417889	0.698641881471496	0.199354721647399	0.333401754122916	0.748375603375748
0.193937637142305	0.0720716692550687	0.544328945558933	-0.9171042225436	0.368657925468199
0.105974296986562	-0.402609425969533	0.322557350389133	-0.208160479764792	1.14364030660645
0.190459937415617	0.184938736930198	0.0325244787031317	0.0358588320714175	-0.209270746048979
-0.472413744521606	-0.374586688150888	0.817426297856105	-1.4894751918792	0.191917021543557
-0.394828499447107	-0.534627445592415	0.141482084616939	0.387516361051536	0.223743967968034
-0.139029936340358	0.122288779310734	0.125096213170545	-0.168188027977142	0.12220438735682
0.0140260680039694	-1.18243092588782	0.326793371927046	1.0402045646725	0.0280134954368839
0.203216907062424	0.486671119064407	0.69892182618743	1.33018830465739	-0.367486511432134
0.311709409337152	0.193397797321409	0.832354424601896	0.354460937721286	-0.0304353311099119
0.558844338319728	-0.548176005150695	0.755305313513712	0.71923594228727	0.333582641644973
0.682674008132936	1.35917794731817	0.785328849924671	2.30693923759802	-0.0384215316239051
0.677657890440487	-0.143712111762891	0.967885907464539	0.739995447134913	0.633654229241722
0.573915653563343	1.26222333579336	1.15403181877135	0.448268765931843	-0.119111227097004
0.259000124607186	-1.49068826386694	-0.0185380645361473	1.31193840090842	0.369966758647638
-0.266701102332688	0.107899324380874	-0.277716410176083	1.01817898404398	-0.335369150000926
-0.505232466940256	-0.481906028943463	-0.971152253471163	0.282443022426976	0.513939506728195
-0.244956549234372	0.0872222242227212	-0.862123186278445	0.634028693589731	-0.0592818384290262
-0.220321136884352	0.575769821473939	-0.922290281854738	0.78089751166876	0.543243033557515
-0.337476544206867	0.260203245939261	-0.938475855534217	-0.74055281246628	0.141946439122695
-0.251067015897859	-0.730795944896294	-1.20058537120684	0.764957025433745	0.735159537485682
-0.287475831335934	0.184385893626006	-0.826251848123813	0.396716819527283	-0.216346334966756
-0.362859207262724	-0.376685436826498	-0.715966857563787	-0.626902112285625	0.601604479807284
0.0810292726449893	0.123706196728179	-0.570181548879666	0.227312338717163	0.183214936260897
0.379497473742574	0.529715969758327	-0.605994605856782	0.76188846664734	0.0414716549050177
0.582461965086977	-0.0162169722692538	-0.0345943659554581	1.05352700926606	-0.605850760075127
0.601057438597166	-0.210546954368425	-0.394859493647135	0.964560290302988	-0.347129441109515
0.648718797061264	0.142699888629447	-0.230042897255439	1.11545595923494	-0.956478468649905
0.703168728707467	0.0855551768012082	-0.255496426211335	-0.115386687731238	-0.975094402305016
0.585008627824393	0.176466276310036	-0.348698159667428	0.940068012029381	-0.390272395464249
0.0537840419535527	-0.355078894559704	-1.05159358482944	-0.536292408994388	-0.0838639957943157
-0.147919591558344	0.630510967160203	-0.509648569363369	-0.855991560929349	-0.768944325695699
-0.328123804023128	0.57989711906949	-0.0908448885232063	-0.698674552703249	0.574868146168622
-0.035185874904729	0.373417289872269	-0.72451489993076	-0.439824992595029	-0.281064618566423
-0.445343773349872	0.200970524635372	-0.672783990674528	-0.358196580513775	-0.176810732873054
-0.325048490713361	0.5920392187264	-0.138109349033416	-1.00450528760123	0.623321529337291
-0.413516179549988	-0.0993927405727767	-0.287848659395904	-0.178819031655205	-0.416643475356738
-0.204751734023498	-0.756599317415021	-0.21662282944125	-0.640332882804751	0.488931731017951
-0.428117923705816	0.00535502587508369	-0.0403033117409648	0.411742136967625	-0.0369170679180981
-0.107070153514207	0.0666574364618566	-0.130577720310899	-0.072503997509825	0.787367909944415
-0.0553025463169373	-0.0987979824952417	0.657467105284469	0.707069393567989	0.570927264283041
-0.0509290300728687	-0.939036620471848	0.580289907272326	0.303401230305867	0.666852391289144
0.0929586257709988	-0.195822215218526	-0.103232545107297	0.486291113187628	-0.35224823485037
-0.214071311411095	0.883813383605017	0.675400128915949	-0.0908775391657349	0.226232242861629
-0.468286146296489	-0.978810228709061	0.949054639532073	0.617089830927784	0.917800994335189
-0.135649764498477	-0.259821583591322	0.665688033018607	0.712163835043399	0.260366099092548
-0.435750067376324	-0.298148000758272	0.536949535370472	0.868724292848772	0.136945064986745
-0.356492364047989	-0.0785514697701146	0.468094041633518	-0.251098580382238	0.468624582594794
-0.32712380548815	0.424025619753735	0.747924247329265	-0.755407010684854	0.81670152393601
-0.0981091312919	-0.385657329825733	1.08148482212772	-0.00246920772963042	0.0313668308328592
-0.0948810566889234	-0.786366819978854	0.269700919697285	-0.777169618792234	0.546785001575856
-0.226792800918965	0.578635353129445	0.306395151910305	-0.217798042450252	0.0986107863374632
-0.392597620580571	-0.622255404240003	-0.0639399555447841	-1.22311738279279	0.17156171950642
-0.0609150966657755	0.349523390631976	0.316034719279793	0.62227257096782	0.675252647019035
-0.301817022800437	-0.85982089093206	0.1340609112434	-0.381074966005728	0.457191971397326
-0.0479196656463611	0.0751483319502936	0.0280685570506862	-0.297808791631381	-0.19778989788631
-0.170875345001955	0.346142704514794	-0.0949414741181101	-0.823597805535882	0.0109539901426914
-0.182947788096892	-0.422080704459786	-0.005758314313356	0.481828836479013	-0.31214267114485
-0.402929405290131	0.156787771249004	0.683486630124474	-0.902447289746591	-0.0204804772028593
-0.270714074440536	-0.582326283299642	0.648502672447552	0.0587461012864567	0.21074395494311
0.302500239422115	-1.0332027476073	-0.0481336610626366	1.1512949284348	0.0102349645827436
0.413684204750643	-0.490659346007522	0.607943088398237	1.2412332130921	0.447845844048518
1.05315734572881	0.826438953692636	-0.00681926344278821	1.08906213945738	-0.0378156696930829
0.540440544412204	0.544206558094088	0.983650244777739	-0.194824401752948	0.333813338579749
0.825690920722236	-0.00133706455057185	0.731151431857897	-0.722951904076885	-0.455489422843337
0.0534544777897753	-0.198873045593981	0.221438696169314	0.495422245772762	-0.255827658859509
-0.142598810061893	-1.12409853732571	-0.251122809301391	0.185850532081766	-0.904838051752742
-0.157836519521196	-0.0816823260618527	-0.49330565248529	1.14106303656184	-0.541793980462992
-0.187480970073739	0.0256895239397766	-0.315404186919541	-0.87448006818917	0.554605651549531
-0.23531450492496	1.17207569161128	-0.629063805846174	0.965971594439765	1.05680084246364
-0.66449390002766	-1.05485238723827	-0.86067685325564	1.01506117794832	0.136251859902265
-0.00354971868282351	-0.446581654282179	-0.785335216470333	1.22562589371157	0.204797469451105
0.592944548149379	0.0962800937112125	-0.549043972045718	0.727521432388738	-0.593346731232469
0.628765639424294	-0.162697017416998	-0.411576485555696	1.40587011879329	0.155415250811399
0.750984215816465	1.20663293142727	-0.476036329132172	-0.861576558135362	-0.664251966190904
0.247276858436244	-0.407834988736819	0.146388249053086	1.46525807269159	0.0187321577390652
0.713286433152699	0.339514976376624	-0.0308576300083295	1.33759473519872	-0.223114031224131
0.600847545212604	0.160673656770823	-0.815940814445085	-0.44800321664118	-0.417666026119523
-0.000634379565068305	-0.580177022368364	-0.606048601033475	-0.25300581076606	-0.582721889998546
-0.192747776830459	1.48824656439307	-0.270046425782112	-0.473114352866335	-0.844986768180995
-0.0248760058592473	0.422925209278594	-0.921564178760707	-0.834865216726524	-0.767342362916308
-0.00798147531703574	0.535046541239995	-0.99878310007402	-1.11117213199136	-0.210908672344162
0.0914271147205149	0.796677591906929	-0.847875642877591	-0.262774738780557	-0.721331078924239
-0.148398594546886	-1.2317262667213	-0.731770160096549	-0.919029494754384	-1.22914715541238
0.0960436372678134	1.67236115251699	-0.869714584978198	0.692053779664507	-0.466823104765715
-0.215137937658543	0.29242820707173	-0.399930911044858	-0.585215963181107	-0.562012158362262
0.216987198174926	-0.39173702382268	0.067342085459602	-0.357368154914872	-0.348876876724456
0.0133904059509703	0.104340337141654	0.31988402355223	-0.660122050043345	-0.358871326139748
0.086076170422469	0.252774330125756	-0.21878449072827	1.52827931174118	-0.389860948622317
0.30504085324162	0.0116466988007191	0.228782345011325	0.561829616189868	0.383345849706602
0.64171018302711	1.07867719659577	0.380355309068731	0.768088530667524	0.112000379145939
0.157280511943014	-0.601857250445537	0.494121096589596	0.168047268839684	0.798874671883218
0.692200384134651	0.54209058835401	0.395192479124525	0.933013450701798	0.159401680286523
0.129965618199542	0.303949899715478	0.57134244450825	1.27454724469822	0.364262785893985
0.256773050534007	-0.467121099894281	0.482882054382108	0.660177328408947	0.893963666362865
-0.176951270859255	0.53392746102499	0.8981199606907	0.275960689644369	0.165620123854894
0.206505809821921	-0.146672865233079	0.446352072258585	0.415950567068438	0.183374655522897
0.274814888312969	-0.480175391973617	0.903043372490921	0.633802500508355	0.121309434896344
-0.044079015656337	0.431054217567785	0.574803683785347	0.13359721964049	0.104962939793775
0.0757408394440781	-0.625562700557163	0.90973676139459	0.00651440101050883	0.0202003999647461
0.0188139578648261	0.371890384027559	1.00732887305921	-0.103875304246138	0.430508617837518
0.0680809614978378	-0.35623375492157	0.71107290735762	1.17674736225716	0.255356544154078
0.112045423943054	-0.283618110869322	0.497513158739276	0.557285932411243	0.430962181639805
0.26777946917355	0.266158035927595	0.328987256899783	0.785844775059117	0.323553102269984
-0.0563496889750616	-0.684994352375987	0.591242270341322	0.0540561562249416	-0.268299237823658
0.134676375327702	-0.0806473910553824	0.136356638493364	0.198788824953437	0.439403485285223
0.046969888869413	0.434803626390052	0.491208425207123	0.66593405346698	0.31613260693127
-0.237444098429066	-0.524505168392088	-0.099925168983391	0.68265927593872	0.0575464774152791
-0.0130491156251101	0.757886702289663	0.133372453436624	0.162339188157129	0.0499361152434666
0.0115250747137368	-0.877645779337928	0.321332880362176	0.148085677503503	-0.301728524948649
-0.514783626593516	0.684986619940911	0.0549953758974436	-0.147260916488919	0.196420211274832
0.126608456589327	-0.51253464312275	0.222922934125279	0.497454505588081	-0.123721805678942
0.280343910789725	-0.190092613525017	0.452583012506247	-0.552940264750946	0.963789060465677
0.544340773502775	0.549143707090768	0.319040791024938	-0.721421405025631	0.0584167651592588
0.878964225403152	-0.330809767970734	0.59492347633142	0.207376527700643	0.12471757965835
1.04493511045834	0.281749141135949	0.906873672407676	0.0780799455523559	0.0289231547644032
0.751755132299732	0.578903413095846	0.694157054876821	-0.209117320009769	-0.200484589063392
0.661397924456066	0.130891890385688	0.731030311987285	0.182328316848611	-0.324900999039348
0.33805880564155	0.0148082926073813	0.407345689732612	-0.677177647196199	0.0218682210835501
0.0871426132883705	-0.356428566897528	0.101117581874285	0.198703215772823	-0.989961625570469
-0.334305521786	0.413293098779448	-0.657358019830958	-0.674168726135272	-0.592099153915597
-0.101421471705499	-0.404264556255258	-1.2889788194274	0.170102399681024	-0.0917320196729059
-0.0588213226324965	-0.168618354707692	-1.09271723621154	-1.4370088970823	-0.641165821332059
-0.660155426013222	-0.937842462785757	-1.01555821313044	-0.585690239140864	-0.230343260241046
-0.372089789549677	0.69998489427959	-1.58697548431019	-0.226391524003558	0.0398161747281766
-0.0833061222187681	-0.452384280062758	-1.44967626526044	-0.943182847839272	0.56159161787852
0.0240893444792206	-0.545211249297962	-0.655488041301067	0.0452297919492501	0.0194065821263409
-0.00601930181080395	0.383206664864198	-0.260149026472507	-0.444345961541956	-0.302452294211326
-0.00892245084488137	-0.0106148400457889	-0.58930857565226	1.31526386835126	-0.610562231790128
0.13072449794461	-0.742074371672553	-0.361392418536727	-1.14299609693996	-0.334807206788629
0.284984375419483	0.791392466049243	-0.733475877306801	-0.532780250423158	-0.532627662762414
0.160095608560312	-0.175370504445012	-0.534984103476517	0.840605410248439	-0.103009488911928
0.0501485233055038	0.588212817899216	-0.500021433828195	-1.01663637305559	-1.1987094954546
-0.317380063045659	-0.238067651326361	-1.12270157236648	-0.830295048032387	-0.332650580189293
-0.391703394874153	0.481542813156174	-1.15137255996917	-0.867821290287991	-0.499256617640692
0.281469109312284	0.487296888178053	-0.867321284358581	-0.69227392976791	0.191994053639672
-0.10983754973022	-0.0136722205190831	-0.790457811161284	-1.30968676689878	-0.0579013227163688
-0.188464668768994	0.362809603173559	-0.914006312089004	-0.340482731949115	-0.596345961702067
-0.506081703435733	0.0750435974299958	-0.794937119380407	-1.6736108288611	-0.487715037302392
-0.276690447589861	-0.199688017585528	-0.617283252094601	-0.65110561845116	0.0238171281341151
-0.11225901352297	-0.087011258503176	-0.795020520215589	-0.74928110207614	-0.514621715489563
-0.218868814906937	0.0441132850045403	-0.098632639142616	-1.73366386052198	-0.554073880317868
-0.567910212029901	-0.252927723091142	-0.285922494573892	-0.281885985650045	-0.0800937482394446
-0.0516679254652633	-0.517412278289531	-0.249443868711941	-1.18221436657026	0.537988865961359
-0.317374368567885	-0.69215708206438	-0.0545535466163502	0.0102850581320293	0.211202763483963
-0.0971794397784932	-0.0843553477394707	0.44652171644211	-0.578975630223975	0.704309920412811
0.0308673304214515	-0.728936017765579	0.174093587737412	0.516781518893169	0.649816837595401
-0.10538003096276	1.42851912513714	0.576496793899396	-1.070153451669	0.369930115610749
-0.184530576031759	-0.665326361801096	0.167930044323323	0.74417583134312	0.545591700911369
0.152778736200878	-0.564343373967441	1.23412891883604	-0.465361412249871	1.07078344044628
0.0719619789855357	0.140439681584036	0.313161456070625	0.846125529745415	0.0781388611387313
-0.601586382275299	-0.799178776648023	0.728509014652299	-0.0520188244947713	0.160626620785254
-0.239761206992306	0.565005465468654	0.301449151613922	-0.59782823420604	0.357310079680583
-0.464801266124529	-0.346908417884752	1.05693487741004	0.467794444081177	0.460804562137424
-0.89945827470964	-0.357821261435717	0.840490738577588	-0.727784606231587	0.162370889744855
-0.438124808207976	-0.535541290908846	0.175630082496586	-0.715266449247476	-0.424817656403071
-0.460588562730066	0.500271441843532	0.61434745415334	-0.239139304829554	0.552372233738428
-0.324065903270971	-0.0786371490137569	1.17885288459763	0.860795737045325	0.145086929138861
-0.256909653838875	0.0792811689130772	0.525304533723361	-0.332220052569558	1.09462965667331
-0.378665712518042	-0.182009040089192	0.343552078940519	-0.0320175126875202	0.17899419232386
0.15715254253506	-0.245931139285571	0.739601300848357	0.486936792657589	0.132005130001844
-0.0540031484839331	0.855499769183393	0.634166738916426	0.409263860101989	0.515890516417228
0.13718641513819	-0.251160559545854	1.01878119726592	0.855668413752404	0.423570253153649
-0.322354190629953	-0.241866958874608	0.935115896032652	0.362567505690176	0.798718070722447
-0.207608886399123	-0.466252598491909	0.973234574504313	0.163280014145827	-0.914567074502361
-0.0546979108905578	-0.606147577848354	0.855307751768367	0.22575661101218	0.367668773889454
0.124417560565843	0.144557173056721	1.25469336011421	0.4537836346547	0.852576131707243
0.410027217670361	0.0821342306386624	1.30454991808718	0.385184516441887	0.612259815708544
0.249006390176424	0.210691677416612	1.07412826833887	0.848040642592731	-0.434793959936384
0.404236535760956	-0.374032317677881	1.05362287602952	0.822915483420383	-0.184463209002892
0.279465634834905	-0.0583947259505083	0.936361331766499	1.10976572620878	0.493971537118619
0.0668646603232187	-0.128665156046944	1.2081988930344	1.11098193536229	0.137941873727762
0.0901814652298934	0.0737708757864417	0.482092958312477	0.563349502754036	0.419890590263524
-0.158562710102177	-0.338365007390526	-0.0592191929440914	0.562198987571269	0.114325524588799
-0.173748127270973	0.600867437649257	-0.397515897256829	-0.252384231397742	-0.107223521284536
0.0111091933770505	0.451442320031762	-0.100252811340487	0.0588045149393258	0.0629158491604381
-0.245949490889468	0.0616391926101794	-0.180895109821962	0.100119172849253	-0.193419493837221
-0.507151109425786	0.448496934621115	-1.12187053970741	-0.208597349364777	-0.772847123830273
-0.567500760176506	0.679667193534171	-1.10206197780976	0.21231038162297	-0.991460607780855
-0.517589904446381	-0.0928879207035404	-1.38838960657414	-0.193977276010655	-0.570774903185324
0.0161980299100037	0.0997464607928528	-0.687354930947022	-0.736531762682212	-0.698565957986638
0.00582292222224954	-0.00412528424580061	-1.05711507320203	-0.468633082047597	0.0539887645159048
-0.203774014518835	-0.660133705820324	-1.19919898339264	-1.14018856816958	-0.40920460270625
0.105725713106652	0.3131703934308	-1.08829076731264	1.37516620066335	-0.356510235751124
-0.219861671395718	-0.655283737135232	-0.973533780053598	-0.605334145409554	-0.791883097589523
0.157159741410887	1.16976468303959	-0.442401549152705	-0.506354813985036	-0.0714500903878797
0.0239386732926251	0.645255302459945	-0.523984099722896	-0.0934231338809819	-0.709002931960273
0.0809954556466776	-0.362592484546911	-0.288022351096715	0.117499226148498	-0.554453368113298
0.207262191110029	0.316166577025857	-1.18051802738365	-0.156553477932234	-0.399726025284095
0.0732739604853152	0.32435069349598	-0.368074225996149	1.20417334395803	-0.733215268717205
0.113453813164737	0.151352293354959	0.051593735222395	-0.99127553735432	0.101600423340574
-0.27912416531194	-0.734684047824157	-0.592600020032757	-1.33799481822892	-0.558030391603738
-0.32538752216898	0.283003888323236	-0.878521651359661	0.616358904424026	-0.407330652113744
-0.628483476192528	0.573776015901274	-0.591884792606095	-0.823685265141234	-0.877096737136244
-0.036281295122862	-0.0588057874705181	-0.35580840448171	0.294074123195065	-0.610014358281947
-0.290292251247872	-0.0691116624791147	-0.262713990637812	-0.530122637713114	0.150486355003074
-0.368938646954487	-0.590385580942918	0.365782952212068	-0.652081211925936	-0.584520890769081
-0.173330004654875	-1.21657532586385	-0.728257166260809	0.165204790456157	-0.860970875980138
-0.45471712004436	0.630571748727035	-0.0765865552442659	-0.642923602294843	-0.12419444048701
-0.163069969901687	-0.328405961517647	0.479188046748149	0.590603803014199	-0.044152612535366
-0.289183011108656	0.0518200857811439	-0.194967486730058	0.145927099446878	0.222289253030464
0.038364147630884	-1.36028764535018	-0.0397605955034626	-0.864745546282383	0.413014538188918
0.100996014639813	-0.0881987574077211	0.269095061322872	-0.198283247991779	0.258140057866046
-0.168661243098108	-0.0844555958336467	0.529310379792633	-1.28237201182159	0.164710994653257
-0.204286390898599	0.315723463327985	0.513963232865712	-0.505359231255161	0.351655402195542
-0.00883060758273804	0.0881043098355308	0.301816881324824	0.660811269316226	0.413585368734951
-0.573082624374554	-0.665795310210991	0.306512503067883	-0.542049111870062	0.102124784392962
-0.479945672236738	0.358795967353798	0.0667626488875876	0.390217524215304	0.668647023685157
-0.162646034679826	0.00483294573962647	0.418590073431241	-0.280079983511694	0.49497840150052
-0.629625657672612	0.561917688202903	0.277013116969022	0.54457083984651	0.121247680827082
0.0131295802399194	0.0487866059817706	0.329164553619339	-0.90082998394692	0.95496454292233
-0.398917235664196	-1.03747490820286	-0.106632567189761	0.446317736741196	-0.0826269884216515
-0.0604012251037234	0.350532064963892	0.372406119165506	0.498356322053357	-0.236953701339791
-0.30185112917404	-0.703508819395498	0.0705650029622194	-0.05099463065561	0.0129346837080791
-0.211651612050773	0.291903055152953	0.128390014322415	-0.618524381375283	-0.0301325212097007
0.174576277102003	0.153888551819211	0.178000894389522	0.74865674045399	0.361128728302649
-0.485273203170945	0.434276232272822	0.100585898953488	-0.785449956615387	0.354231604891931
-0.299049841548736	-0.723662478838395	0.524580475935953	-0.060267294874225	0.142115013292376
0.0715477668697348	-1.14905394624086	0.138257778478031	0.204190627132515	0.619602654954842
0.0956443161796789	0.717983177806957	0.52278988103873	0.559622477578766	0.412667080298849
0.788616428954271	0.170497811736885	0.242024342578453	1.59751038356145	1.61937742850879
0.861464204328713	-0.455347853562948	1.00856544286484	-0.307151240395945	0.847887430869553
1.27535019670441	0.088981232868878	1.09254698116663	1.21617038933653	0.906895217638377
0.734076270323262	0.581473709607721	0.792050636871587	0.480252385885997	-0.0718083516791304
0.484264209357442	0.193711938408071	1.18428435051578	0.544123399742797	-0.0580825005105975
0.366900357982142	0.201168530270959	0.670943493190831	0.206381701878613	-0.442199940117288
-0.194549480778907	0.551918590274262	0.486807939568474	-0.425127442606546	0.097314871245786
0.238823811586948	0.202147285957747	-0.0866092490524149	0.301170986788602	0.231730024230555
0.520734166523272	0.59392440685849	-0.181167369332009	0.158020061802057	-0.615033256665999
0.294689163061789	0.45048392956916	-0.58617791902724	0.180782740995237	0.0426475767456449
0.14020381999944	0.138309616604088	-0.883332104631141	1.1808983743238	-0.0937768556452188
0.346303439609239	0.265415059886792	-0.897975464671639	-1.18952549357586	-0.0817110962131044
0.588108055040512	0.646519882833139	-0.702299315930979	0.105615192934368	-0.162128867582273
0.107043808774573	0.113444209237392	-0.829541872140649	0.128678768239648	0.125071268437664
0.441820830647726	0.0158787038511389	-1.02178212875301	1.10587991022189	-0.327158221512319
0.459206636314736	0.772355825182744	-0.86695434858172	-0.0054863059085226	-0.400385769871658
0.505838872399545	-0.670682830442995	-0.817929985120965	-1.39728464614607	-0.736065742610106
0.771926651385203	2.95328171697228	0.239310499556071	-0.003313009573822	0.978993001869257
0.298271272305815	1.2597593470088	-0.649368784477306	-0.409946842434289	0.0563664636586219
-0.039796745506924	-0.469479875767925	-0.757738918585961	0.503310580295694	-0.0628855752982429
0.553820468117161	0.41233217712821	-0.707724002283776	-0.337028013237908	0.0194876696034225
0.249572351123378	-0.718308417937401	-0.271576674385478	0.750937165725607	-0.208424910330319
0.459778055534173	0.732416622279959	-0.241375786594775	0.379502948723824	-0.335168343168462
0.350063865728248	0.664869967110509	-0.517703525987245	-0.556306176101985	0.702931393162379
-0.0613511672360563	-0.0814603980387759	-0.270297278289745	0.894097609181071	0.253302450804123
-0.0769041191689428	-0.0513461738662999	-0.272632654718038	-0.589145342210462	-0.446181794312924
0.162855609948084	-0.982415089805744	-0.399635814513463	0.430355239903945	0.117958801740688
0.00477263883101883	0.0249182570309067	-0.480258722130409	-1.11796814521204	-1.28496854473127
0.102552174613586	0.445138725642088	-0.747531225058053	-0.223670815553052	-0.803906637588759
-0.103186912836623	-0.351767120780564	-0.470200857209488	-0.191130351262023	-1.03242128605895
0.141761711032406	0.573169988339219	-0.750230906119879	-0.663298860186851	-0.250380449931084
-0.242536131928475	-1.2701017892371	-0.116320402037671	0.250774809903836	-0.794468942756395
0.333419039865959	0.651938771524779	-0.900202346881586	-1.26202158483146	-0.479618799815563
-0.173348989281028	-0.183619213191422	-0.875116007844613	0.733171089495576	-0.17214647191555
0.0970604042014633	0.0328952503509039	-0.349205729093851	-0.475384450194729	-0.680703438891979
-0.179608498055847	-0.351445550742495	-0.3300535093669	1.66819792001581	0.100622505213803
0.164433380477141	0.0819382196081144	-0.473729463204588	0.233447764463397	-0.260568197135067
0.323485542260656	-0.0694162040670931	-0.00167890319976793	-0.810868176497587	0.148693132461276
-0.155800684967832	-0.259205366426666	-0.0546995659198726	-0.656183098759637	0.15919136160096
0.113920163483723	-0.255116953760438	-0.243096356271539	-0.601257044938353	0.12059910129413
-0.163903599866268	-0.755285358506541	0.457766822916726	-0.896886766383204	0.409957179976804
-0.0709354043944194	0.633843988948736	-0.255812482554769	1.58088572762562	0.329218365304497
-0.349651849366827	-0.9113439791582	0.0872626653195304	-0.326552944006292	0.233436716500606
-0.136620164524181	-0.483147614538539	0.276241980588987	-0.56649393378583	0.415870772827401
-0.225308508358901	-0.350893453230537	0.388584924878131	-0.483412701894143	-0.076672684371317
-0.21005075158844	-1.14030368572722	0.00881452972193362	0.0196012952191036	0.222442254999238
0.074883991354011	0.735917266581031	0.774702210187693	0.366870001234485	0.280423142318099
0.0550560619227677	-0.750608991797778	0.730979520754736	0.413581409092984	-0.0637094271060329
0.173251013826793	-0.451657828441809	0.549714230227167	-0.013337692241108	0.783903027994154
0.0976957681541461	-0.122632401513228	0.502987745326198	-0.298691327285982	-0.418449420116375
-0.119585899356764	0.0567027622575225	0.399096791285881	0.824458346392978	-0.183648388821602
-0.0876430787359136	-0.700367641218215	0.615318793841128	-1.02667794907164	-0.411830824604586
-0.340914507193932	-0.0275683163994016	0.24941604556623	-0.805467895053109	-0.10908461509627
-0.476634394331599	-0.478444275303023	-0.183787298986884	0.204485231892866	-0.179701538349397
-0.505408310187772	0.537741577670379	0.268425863317248	-0.821800470150328	0.287673059794658
-0.242567348418743	-0.532082468954768	0.290874202556191	-0.135132843622944	-0.662846450677907
-0.317756561209438	0.300776278643731	-0.115478556657828	-0.888403258228524	0.404629116529267
-0.211093538793232	0.459624143322402	0.310716125276641	0.523341259574026	0.729806429217421
-0.302044572913383	-0.199341023864024	0.459515974091264	-0.412359689833454	0.215993817226627
-0.327701788556716	0.584102793849328	0.483676792721301	-1.68827602196368	0.487942022896598
-0.0384486462826709	-0.588031600103362	0.85094572660496	1.56821351343023	-0.0221005327734792
0.24912398115885	0.117993469064148	0.904422481066365	-0.34223838580964	0.238779506609686
0.473270831540673	0.0508553624529658	0.761087874749482	0.645630421284581	0.116853188443486
0.334728438047287	-0.196542794520249	1.2971545882286	0.473206343678069	0.463785097725927
0.555056911248565	0.0926850789796027	1.10580998065054	0.167574739800091	-0.131104058804269
0.302662936786667	0.955575114148615	1.26040633880142	0.759449918712653	0.454695087877201
-0.0564215909799115	-0.825058309793002	0.802893349209927	0.685945815794448	0.125550470939157
0.418807739179603	0.353977721368087	0.555807086249164	0.746332163077265	0.470069670443217
0.0273960208828766	-0.711454609117393	0.509354931934891	-1.11347399125446	0.120418467635718
0.166565087506233	0.537792783123143	-0.0911117713696583	0.718159030760779	0.232019856303895
0.330462094933699	0.517880176811073	-0.373839615813475	0.498169991438336	0.50554082040252
0.0827034994686564	-1.25720882243951	-0.549652948288085	1.37624726255991	0.155700514277194
0.0677603479372064	1.22399277174469	-0.567642121578791	-0.742836879311878	-0.244882566130979
-0.304277926206118	-0.240144293066734	-0.213605710570668	-0.754706100775504	-0.246836332402083
-0.122396840604269	-0.246856723121347	-0.599637750100599	-1.36165744653863	-0.229124149257369
-0.137415048281951	0.0431213342811819	-0.489090501916708	-0.457031015626484	-0.326772453504482
-0.179343189473639	-0.67547473082709	-0.501163587975217	-0.097359779636139	-0.219160016754082
-0.315959231701689	0.837862912460297	-0.0708310927523482	-0.0433167466231461	-0.152385346714573
-0.0628699160667054	-0.334279907482118	-0.480692584616001	0.381182985889935	-0.230942549614228
-0.477908509648595	0.489570305929511	-0.516058436268419	1.44402945807033	0.192738929572313
-0.0983654536409559	-0.0102478823653406	-0.357182786318559	-0.59699061395509	-0.36002135572794
-0.274054629112901	-0.63818717271175	-0.604056181182572	-0.207051497751287	-0.522663517345339
-0.276737917285747	0.568712242477544	-0.200628941380139	-1.0585236625435	-0.316810886128935
-0.340299265359674	-0.725359277300227	-0.112275484218178	-0.0150739710908258	0.22827382759529
-0.469114034775264	-0.400925585944444	-0.40627675259787	0.451297020059191	-0.493891054117965
-0.330713903652412	0.557810310237985	-0.490470568442838	-0.346762189183868	-0.0499062129837591
-0.193957777723818	0.0877491603006049	-0.557281395884737	0.881424322202408	-0.423773279378791
-0.539758408695821	0.395749322718411	0.329911222824526	-0.195949421417523	0.228900005802764
-0.171852601248266	-0.109867480732467	-0.0537854934994915	0.758536440012401	0.371991811219005
-0.0323081769324618	-0.920804309604732	0.174052473999756	-0.32568806747871	0.254138460700896
-0.0705718359874469	0.606001683052431	0.380239612025782	0.304353342685985	0.392474397345374
-0.0100615984408785	-1.04429823393293	0.242206186548311	-0.585167680266063	0.336242938181529
-0.0229736454488627	0.181509510806269	0.561463486827055	0.199684882680744	0.327237596604148
-0.268306162889806	0.0311218404592336	0.344550464487338	0.156048260546039	0.773355058915495
0.103809757511652	-0.925780517934896	0.228230375145256	0.835394533041018	0.084153871430071
0.0497983170202751	0.0905688784836551	0.837513903671205	0.0990644960605822	0.407021109775584
0.0524658755630218	0.205695233617349	0.833041855104161	0.418222106612493	-0.019656724638784
0.153577193412902	0.34781710194385	0.356256883517318	-0.713323862166621	0.11685826445624
0.0146250841035239	0.149355418182214	0.584994807562044	0.180101871622329	0.0686936302032366
-0.225088831800324	0.00578736506384668	0.0516153801868564	-0.127672428018265	0.47919471516872
-0.0422468414468785	0.162819522630916	0.664941876599367	0.693277140166268	0.608690362503555
0.115912042820161	-1.04905254730277	0.208439589572345	-0.294586772798689	0.0748444620585862
0.227900388813291	1.01995424868294	0.592857013936374	0.0413543931482528	0.531843287393275
0.168678655349604	-0.258274488003929	-0.0973218825515901	-0.0824995683582153	0.689351758676987
0.103648620212048	-0.517509244897639	0.584759627199417	0.184071116465199	-0.160680651058153
0.0814281775572652	-0.0147606529897521	0.735228234389754	0.492112678331723	0.00580350159199642
0.28394725670394	-0.56824088448991	0.177537128550254	0.89088974332629	0.358835136657375
-0.0997759199521529	0.223350898010618	0.20923061271262	1.40962427360229	0.246401522809612
0.0360610181142767	0.582484903794235	0.00133102871733081	-0.848599793331424	0.0309503290548504
-0.350064079420222	-0.529227617377059	0.348630287911401	1.20127924324484	0.242839035747123
0.249765832625416	0.570573251504588	0.184585757615754	-0.883590395813715	0.179459375717352
0.0690449554875339	-1.06300867530703	0.386216590831267	1.42884718274458	0.324022414832236
-0.136299614480749	0.0207146620290112	0.356464161280227	0.024028994314333	0.3605599693003
0.0352476032029954	0.559514236999369	0.341450839795714	1.07582716259574	-0.262946483149916
0.482380459837819	-0.480838767439622	0.24889402958368	0.225234394379152	0.469271934807776
0.584681287826031	-0.0265512460341541	0.667746325470707	1.17096460186817	0.474005385973462
0.385927002549061	0.342063612104164	0.675435153642206	1.65547139400025	0.025961216708624
0.884642161685119	0.297823597156096	1.13332014906316	-0.36182918035836	0.0262658583056565
0.802689619137007	0.617139549915931	0.713415158304827	0.126410045147993	0.348679424622415
0.4871256468333	0.275464514902763	0.352857589582648	0.13946571944972	0.22371057572971
0.335085149171728	0.311246814692409	0.411903464779779	-1.64261040205228	0.213546176193131
-0.393649401839896	-0.594211020131073	0.0330459288600637	-0.5613560520801	-0.417251561036242
-0.61866748709717	0.057796738321224	-0.0568636816985078	-0.793532366687196	-0.136385707477837
-0.463569050527344	0.98051901854217	-0.7747700529735	-0.542651706106926	-0.428564700709239
-0.505793554720747	-0.946059329488429	-1.3769008297166	-0.596489938807456	-0.580016666375851
-0.0149902936610487	0.598377965026577	-1.21516069750926	0.064300300137078	-0.702214504492936
-0.281305099342496	-0.198843111113697	-0.8121981445999	-0.0905193881549473	-0.148870745221935
0.112698467467994	-0.366957903451604	-1.1015765002354	-0.400398090378377	-1.14265949471027
0.107569627580476	0.918260861344898	-0.404875372879194	1.28574059242685	-0.154225138342695
0.100325504609614	0.339200825347254	-0.649518183304652	0.0354971106184174	-0.549369139681817
0.113886536391895	-0.392320384367326	-0.0582651318341344	0.655203322992922	-0.135711965835722
-0.265311955336442	-0.303324921266955	-0.0719928854024957	-0.155715161117197	0.0769671049175319
0.279951779599907	0.0321985333232628	0.146064771103441	-0.379377974019509	-0.591445249998766
0.320134250787768	0.434535941207695	-0.795817195120799	0.423252411673585	0.123672587670223
0.238233226125329	-0.206195170953344	-0.855643342121865	0.00996898359132935	-0.172547090433194
0.33064397982068	0.862061699077526	-1.19433068454117	0.209809961854578	-0.269141536092454
0.460275615466583	-0.206765933421205	-0.942423160819004	-0.173433131088511	-0.528288635681238
0.200976837064186	0.302753640545391	-1.61734190554702	-1.29203752478079	-0.282692697800087
0.400567468443593	0.696269056632452	-0.957599132228467	0.129886747338162	-0.855728831032208
0.17399697587761	-1.62686826847485	-1.25015139096858	0.312730030683223	-0.289040761646242
-0.0866732873881442	0.287920873574143	-0.895728361634532	-0.811156515007185	-0.444318485105324
-0.252444719243903	-0.685161578388064	0.0887939714495096	-0.513404786987463	-0.4995357126988
-0.269537038406588	0.749314367408636	-0.403193423241486	0.810145493597192	0.376540916193995
-0.288069234261526	0.394610906102648	-0.369115867019909	0.055067657230676	0.479624788481901
-0.768557191074604	-0.407292452851545	-0.143228906980892	-0.121984673597245	0.348325766197646
0.0446780929116972	0.114625405767922	0.0925040862559131	-1.20214678583823	-0.368323119718132
-0.161692991455066	-0.667879225752198	0.594394673623233	1.39252635507386	-0.15183951347065
0.173955058861199	0.969223415873122	-0.334501099715662	-0.0488328891545607	0.0975524433743086
0.332275651338919	-0.030413316898522	0.094161301566458	0.245804405052689	-0.299403806319665
0.27979970012363	-0.33438370188644	0.0119261093644247	1.23699430336903	-0.0607356100729679
0.112803452260275	-0.386769376101097	0.942900687674866	0.844261226189802	-0.385975380571946
0.871599299160742	0.198614641524781	0.00223612231791323	0.91360262818507	0.597487801009946
0.32743463439286	-0.554643045291794	0.662054627178631	-0.563185363438911	-0.247370131301224
0.266979116351119	1.29323941346166	0.601047742026319	0.445312302900825	0.405891186803198
0.0383234084105499	-0.121314788005123	0.181952638116642	-0.979723661981935	0.38013987366115
-0.288685149405332	0.238045329176852	0.727151197953518	-0.592702983855149	0.131341417879308
-0.231644557978099	0.0981491899413683	0.0589215450615904	-0.265627445575302	0.550827488678141
-0.560976950547784	-0.516290780987184	-0.101490449227004	-0.0782909818251593	0.207706839059009
-0.0932707939366465	0.790162315389468	-0.0236909934564979	-0.228285390747035	-0.013487538826385
-0.523219170449475	-0.211908335247129	0.0866547703683668	0.242028550952393	-0.162193060266031
-0.0961143873614654	0.260518895627488	-0.0849555355881757	-1.05347708405029	-0.235996213985217
-0.0239441906454587	-1.23586613248295	-0.201735030336207	0.389212974176943	-0.132951675148335
-0.459324672815936	0.185814966437914	-0.357205325578306	0.357376830769477	0.226989418030624
0.0361378367596199	0.29564457472439	-0.239683642792525	0.142064246654161	-0.0420835500655115
-0.454008309603084	-0.424328039747324	0.273373519285395	-1.56166674700741	0.0745153576266148
0.266253381823454	0.383072573975696	-0.0534658730639287	0.265622981543613	0.13314279720653
-0.078469234556755	-0.250501362791704	0.260117503242051	0.937349185320965	0.509747639774892
0.626930900359247	-0.140866698169121	0.537244115256082	0.251304108405411	0.264733620871819
0.500252468554861	-0.319159406404758	0.943786302265859	-0.176398454084625	0.171613496179976
0.79804929974738	1.40665355581394	0.711295091505738	0.419094673600145	0.109043290076339
0.708253256379175	0.317497293961112	0.402629254529	0.383123811669656	-0.173410189546429
0.555459223502655	-0.740779809797103	0.798532939606555	0.03363545801474	-0.0281704408812276
0.20969563015791	0.879466332022843	0.431803176137932	-0.530326861299781	-0.0136677153138324
-0.110476813495139	-0.297521984885881	0.346742654639021	-0.503880834357343	-0.460590572849725
-0.013029470395944	0.248785798292054	-0.352040531659897	-0.000736253832019941	-0.0905241382668063
-0.51813665501975	0.083409374837348	-0.645089731977607	-0.401100374572602	0.703567088637708
-0.251111281121851	-0.700853097952419	-0.66988647308863	-0.0685189146707532	-0.696914243540154
-0.502957125095491	0.563187224728341	-0.514298178034909	-0.284501470503731	-0.165984984849876
-0.301903959911295	-0.754017479274377	-0.416923354229477	-0.166756486837492	-0.158378426512667
-0.00340351202279473	0.706254244307282	-0.983189472333313	0.168036783465611	-0.393905160096308
-0.616835358754733	0.18404679533582	-0.78387338392972	-0.967802245324721	-0.655458726880676
-0.257907456246962	-0.0542706166313757	-0.378516707386434	-0.32350646058885	-0.473334763513151
-0.31205720776133	0.145181582112847	-0.155184371715145	-1.07773947657394	-0.490372519628924
-0.12093614253045	-0.415343922791874	-0.519387390179133	-0.303092409178895	-0.69568197156224
-0.243539345602571	1.27706268661501	-0.908491568917641	-0.88323404347161	-0.165447179532472
-0.443572979607264	-0.426978186881929	-0.872377673402896	-0.746926898210243	-0.969050111937562
-0.575106741904251	-1.1406052692355	-0.814571557125044	0.147141176484069	-0.392731241877732
-0.173035880737382	0.631175931742635	-0.830288502891196	-1.36728410944809	-0.606192130208863
-0.32377390695217	-1.79946091135999	-0.696164299373576	-0.404669742513272	-0.976535359696263
-0.193132665584113	0.977490662719284	-0.541896235560425	-0.376738537340832	-0.899125573241532
-0.26554618530148	-0.186556552926202	-0.55161483864188	-0.417903896028108	-0.448756000557555
-0.131977637024835	0.589561977526963	-0.537865714304462	-0.0597846937823605	-0.43269979844797
-0.275572083834401	-0.50393493500609	-0.371282972759986	0.209247159498991	-0.469088126788492
-0.00820302990276638	0.151882240153521	0.213948431408815	-0.912364186349944	-0.390634696074367
-0.129248998983157	0.146623862144971	0.166257856805143	0.718230086112239	-0.12991274617355
-0.0841504053625659	-0.00129945454718868	-0.224438109146525	-1.24051307769433	0.0760758602927252
-0.0983432797727594	-0.101018335878012	0.0687711248482645	0.152476294424389	0.672048714706263
-0.571116706647974	0.0231441362211769	-0.0389386260538123	-0.570370152764422	-0.330469418761581
-0.285401187283738	-0.608503038415189	0.151160116420131	-0.396500673896535	0.127743257424185
-0.139823158662971	0.208291412148772	0.282090322276215	-0.729058917558138	0.463227898875845
-0.498362902696367	-0.858323663215342	0.0407209577943221	0.440244622501657	-0.171716547411003
-0.280765873888773	-0.242966557348781	0.627656960947898	0.805676862244677	0.358499879887778
-0.419757575566359	-0.802606430459263	0.45149436614991	0.54252408891798	0.233061092754281
0.171312149874705	0.29566344906841	0.855494497520812	-0.226330062329354	0.332068232476622
0.029883579433772	0.280316652307646	0.940310199091602	1.01740546171786	0.0743301427273124
-0.0175058251751864	0.0512193546882491	1.25266981627155	1.50553292551489	0.418426811389944
-0.234315302355987	0.0868856846017953	0.677262377367838	-0.368685063564392	0.00429585235224069
-0.0912390141693882	-1.05748779135154	0.84998079664773	0.839367695442623	0.461688895622509
-0.158124656615592	0.293240410966749	0.598448263929355	0.402078956508349	0.685037686137532
-0.00309489529967579	0.646413661654926	0.537683605284878	0.0249516703634255	0.538943699653407
-0.191284966076806	-0.650976359296444	0.352944729641825	-0.192204426788285	0.41186794136459
-0.145417219189408	0.56639410342908	0.0855003908081379	0.331090551709686	0.918241044121204
-0.158444692972702	0.0466105036715912	0.548501925739948	0.412124538276481	0.340660761707688
-0.283391967536003	-0.680071304020112	-0.00784878803596321	-0.314221387245663	0.670874191363636
0.214332677214102	0.0801104148152675	0.252040785184575	-0.87265337572033	0.0729693381264868
0.224041872028572	0.533770232472069	0.817362189529037	0.537651429018959	0.678407267656124
0.249165829303822	0.0989208514114749	-0.114296274659443	-1.27718413213062	0.0118710619376491
-0.0608976008379164	-0.509993100933895	0.352716984689588	0.438682977209063	0.453536159616332
0.148391561340558	0.786519360537116	0.658496177532189	-0.0584988258117961	0.507279212377465
0.113251914336379	-1.39993732111613	0.887073122977745	-0.0222060435453584	0.105619809502341
0.329181004739254	1.355485562165	0.70039673484054	-0.038328003329011	0.508351680104399
0.0147069787571073	-0.1176231141612	0.329701847971343	1.27583217879348	0.523533931009008
0.342084348987708	-0.115122743341537	0.86636784449049	-0.273073150966879	0.139242005014182
0.4391777569718	0.462432045156301	0.838738830797106	-0.371233845880789	-0.0191079898874015
0.788519571403671	0.767956356978394	0.785849849390868	1.69323986238368	0.847930571027552
0.489136204525511	-1.23413690022368	0.794717809549149	0.661908589986838	-0.173369341768537
0.566802217879073	1.08384984228927	0.502037219419311	0.0877570017270428	0.0868737493607476
0.052797208047404	0.882402228387982	-0.496671942302162	0.584158712910132	-0.0788288458999698
-0.0819062844572944	-0.0593492441974769	-0.104227461758639	-0.103668259144764	-0.811240471522943
0.085026234789642	-0.243345683580902	-0.949025934189567	0.373840467883153	-0.460791004328611
0.00255419861572701	-0.617144302416533	-0.932051830103212	0.0647350148445432	-0.0430216063962477
0.191713259904297	0.544374658761153	-1.60259802422761	-2.30430084518115	-0.231997581466896
0.0659278392807419	-0.545991093400194	-1.15302158907929	-0.117724012598073	-0.103911680664896
0.0570045635825027	0.587605540676824	-0.891883925108558	-0.277111972332022	-0.182273997706228
0.16740662561883	-0.508302212510168	-0.870291625234004	-0.652257675567941	-0.598823776449669
0.195350432847327	-0.153108751965093	-0.79557000947286	0.347933882993021	-0.256833589141807
0.288194882800457	0.3729413723324	-0.855299154269849	0.663395393049508	-0.508019128954793
0.178201194091048	0.192531841331447	-0.33163299561312	-1.88800404917022	-0.153063000399163
0.161335673254722	-0.773362384844651	-0.507473389527529	0.834738918768307	-0.063518756395945
-0.046734469252327	-0.108506922689582	-0.64753987187695	0.449419510012191	0.055156627826693
0.0342006280179307	0.205549162706548	-0.205661488426922	-0.0695067064388996	-0.107307005154447
0.113635043776219	0.612806030164985	-0.37728350886242	1.44654840473816	-0.246819594666267
0.0172162667772555	-0.818246904348251	0.0111005103370137	-0.486247500373549	-0.178818427157169
0.284192185392919	0.354061156027119	-0.718949561289281	0.548449582649979	-0.182868595918725
0.0486214310736844	0.706369638977886	-0.719913535551907	-0.294599921070913	-0.271305843573956
-0.114460958080568	-0.198746285524918	-0.0987141162187175	0.371545506068463	-0.184721271757929
-0.0436777390347002	0.903904729818348	-0.0277024255975308	0.298065382956115	-0.0415243075029909
-0.185688921700048	-1.08015910457057	-0.181019495302366	-0.996714964066718	0.189745923459898
0.0589185606459063	0.526722164481501	-0.397980415445218	0.360934014422405	-0.373334047608817
-0.00804986986457489	0.671644346194783	-0.0729603726720972	-0.739499988143171	-0.0074431151337015
-0.0237445154052876	-1.08299685953417	0.283469977674234	-1.37302267053228	-0.0441342989385712
0.046923743951585	0.616410363202221	0.179943685798046	0.453223435858504	0.703741815858178
-0.196748556245316	0.542231546703573	0.14853410973198	-0.292013362030331	0.529900322698459
0.065950967144935	0.106862739553584	0.267879587256713	0.458453390219052	1.05073991611284
-0.217176244265435	-0.592926800399408	0.540566258539784	0.186457440740579	0.272492832304339
-0.18922308344813	-0.329233558032437	0.410605172680652	-0.214117488772444	0.303252443772455
-0.141964970104553	0.382970960303439	0.75586287556532	-0.142643489665167	0.291522498674651
-0.208931499342111	-0.760350859600196	0.681574368395815	1.52493151515761	-0.0210007051275431
-0.222356269075236	0.889774008808361	0.812009656799389	-0.267337796348478	0.251242123282862
0.0774425913501564	-0.41175225816521	1.14266073102095	-0.0340258293861878	0.0285716704468214
-0.275233593391593	-0.459769780679547	0.524408569956858	-0.126396003508213	0.0204845166411665
-0.145908965554051	0.660074973543763	0.359989468985574	1.3158633422368	0.372336649375275
-0.172332780441396	-0.688650031681789	0.915478490773822	1.11681943368851	0.110288396623076
-0.237041542832538	0.657830617004245	0.696016098467386	-0.994332763653124	0.0150572097758498
-0.375384105517434	-0.873083453597262	0.358173979495905	1.79771392197064	-0.0314082221187078
0.1123997090851	0.403712121544581	0.466522220224936	0.123997984952278	0.391545418404608
-0.180807076204648	-0.350347227094119	0.107024216362653	-0.394166945829225	-0.301951914149837
-0.170439500474762	-0.466711943954072	0.180135886375041	-0.369856877221505	-0.0872420134773502
-0.188252334889145	-0.289187549572259	0.690777881125115	0.160004002624147	-0.508717856033281
-0.0573208770596568	-0.351145798521806	0.515583607522755	1.12267082036646	0.138906066748761
-0.227944481413563	0.0932802654688202	0.467713864483613	-0.00301684184982024	0.0991734352365946
-0.357717534486248	-0.358462836155103	0.0770684831349614	-0.984600558518505	0.64616862836573
0.238469727439243	-0.89466847725487	0.31666046072451	-1.04453314759586	0.234921775400554
0.378544653139734	-0.917582802056103	0.680472454728482	0.383847471245714	-0.315351250238723
0.419900722741402	0.599314237214164	0.639694068337462	-0.483693071551767	0.8670694213322
0.68309500148854	0.398696094327872	0.765003723763666	0.621315292044331	0.369346444017203
0.669206353776229	-0.00459724385542528	0.690674872606169	-0.767537398429971	-0.0650459637273481
0.260322822055626	0.275396476549905	0.617098809564809	0.552511263578162	-0.311486498390065
0.135745974743042	-0.165947426412775	0.350708578763892	0.237426965173266	-0.0784142160522785
0.194166948770809	1.08373786464239	-0.197337700689158	-0.700021796253634	-0.409994392248093
-0.511194498844716	-0.45268879363784	-0.813395234712493	-0.148174524105636	0.305483351056172
-0.204098973753278	-0.325481372043711	-1.47124852551363	0.242825960481879	-0.379697148292002
-0.193673052298977	0.782719230088412	-0.456066967653359	-0.398711334756136	-0.197311412698892
-0.527006603903468	-0.894656002992945	-1.31295138654434	-0.507963722195761	-0.396318612262922
0.186867820739035	0.929555408725347	-0.84354279787519	-0.917323838573991	0.0305601760047813
0.0200823274796417	-0.101589103883737	-0.929489833420235	0.149102264449036	-0.587356746294702
0.364787274599831	-0.111636320709708	-1.32761797717979	0.107841774920137	0.0662324496905436
-0.00547883439231229	-0.174288311160237	-0.124691393917895	1.46675033754886	-0.157135005532847
0.086676187471521	0.49594769563912	-0.679518596021507	-0.150874485757786	-0.167764578755898
0.322731249495464	-0.820499393650737	-0.303299137288289	-0.0612616357190827	-0.37643298517498
0.220656212422231	1.1615774877087	-0.891421274521293	-0.175125938651798	-0.134314260903905
