0.242709865189438	-0.0128182858734855	1.10836666857409	0.584613869554794	0.898025580878782
0.524042006241094	-1.07577594700411	-0.252961416932399	1.34518476494666	0.594420842364693
0.182067641088817	-0.951499033901806	-0.586502058071609	0.810889291330967	0.86191878356537
0.531335246063046	-0.261391603666847	-0.55017520488402	0.967867228621018	0.404795071356142
-0.243488911640445	-0.907952225953887	-0.765598791567123	0.737462046463613	-0.217809200451851
0.349389858089325	-0.889768870204325	-0.3512350499516	-1.50794366711417	-0.288499361880158
-0.337666884646289	-0.747529495770656	-0.774255218441942	1.02181689642374	-0.678060290514909
0.394163671502414	-0.583127707107576	-0.75619319244622	-2.1355171891911	-0.219513875358358
-0.147470389263094	-0.265735146570318	-1.42648116902243	1.7663383995795	-0.465546570633573
0.0643902244947727	-0.953990169954065	-0.861657388167144	-1.38957170251606	-0.798146379855539
-0.252653480149359	-0.654550851980446	-1.21474121734391	-0.257805555447637	-0.567948068732027
0.0369718334354081	-1.90056914603767	-1.03261956549848	-1.27244674859406	-0.204494648191473
0.0728310714485776	-1.12910596517918	-1.63791263525314	0.387231670524864	-0.388538052266068
0.0049846169487085	-1.14700097861908	-1.49455612214643	-1.89953231178279	-0.238815733279477
0.279838177148811	-0.900916454502604	-0.758653876572183	-0.0804802187935612	0.234632971382294
-0.197854438253901	-1.13529587623367	-1.69178566279535	0.566523493393844	-0.288708958777926
0.407408123258668	-0.980285643582392	-0.539691962172004	-2.03609310875611	-0.482703454783263
0.528600061223441	-0.786750082772774	0.12688599852243	0.343723222698441	-0.0298189837856246
0.200727449504113	-0.53226337734218	-0.351940678330744	-1.11140592992425	0.853931576126813
0.0249718043438267	1.20820580507023	0.0400048942915772	1.14441112749149	0.0450832215271294
0.349518601211645	0.787042038059337	0.787959268991149	1.5721315951354	0.422421113677909
0.467618553913258	0.753289689240615	0.810606185634568	-0.0458056490945921	0.684919182268088
0.431465644350233	0.472158064839928	0.653824772914364	1.26921940400151	0.705316157248007
0.542942403687613	1.08071250647986	1.1455799136992	-1.29673306571808	0.652002042704048
0.318313318014289	1.55690191156199	0.361504368966347	3.05667682595635	0.906307593367402
-0.571318691055454	0.713280168264822	1.13074334526308	-0.959937168263237	1.18729063375999
-0.0250105107546606	0.733309753323816	0.737478801523999	0.507237884575702	0.187898635679969
0.238667071101734	-0.0637066060391289	0.845197959535139	-0.357185806941198	0.641692760829231
-0.00792404585931706	0.509118696632948	1.1073819772799	1.42269828863748	0.754172623892279
-0.0754635591983324	0.521003478857062	0.399832057503407	-0.93778935697843	0.335992155798181
-0.18501895603096	0.421266591896694	0.375630245689661	1.03003143450447	0.306091307721846
-0.213248783673613	0.315015407875979	0.0301056833965291	0.335045335041067	0.627209347898678
-0.00982673495322837	-0.0331851148580606	0.967027039087907	-1.91889401582611	0.110803132052666
-0.0252335299640029	0.869187872196083	0.671072945363032	1.99491879266222	0.625306973974468
-0.113269330874531	0.671492651471872	0.243776212761776	-0.11833803525374	0.526239149218685
0.0231701127198333	0.342795788058156	0.558743180569719	-1.1098801630155	0.127562705547899
-0.20041189713204	-0.392176367482211	0.462879075830117	-1.48631854860476	-0.494170857043047
-0.0296810242154408	0.689278628358151	0.357117314320716	0.559811005881249	0.330064615637655
-0.322556716047159	0.532385013008128	0.244731606631948	0.390630094292134	-0.399208532114773
-0.506482954828384	0.0752233319457717	0.656543515796702	-0.534278196536897	-0.654721367440637
-0.610814496759338	-0.484836520894464	0.683990272133809	-0.772858194821949	-0.161485009239257
-0.351471431272953	-0.373117542271	-0.0712939689114522	1.00130110780655	0.252445861087479
-0.473655602159526	-0.697161558009289	-0.568446596764388	-0.0965138247903108	0.0759313244111341
-0.639070264866008	-0.613940936125021	-0.612673071237486	0.293785788629093	0.00432440277224611
0.194972626908976	0.146814384239298	-0.481577959887054	0.281080327156677	-0.194837259005091
-0.774896155204366	-0.213024554957407	-0.582485741746734	0.0435529017258812	0.239138586421494
-0.217714043681154	-0.531726101372296	-0.131615772192052	-0.658920374063571	0.0504424714720773
0.115043635242395	0.23457336832087	0.244640764091764	0.0307326871704709	0.175066203796567
-0.00272026187768992	0.55142359236673	0.0583611291291164	-0.182066904223708	0.586682451681238
-0.256931373740383	0.562748268151334	0.397545776509289	0.534872628971228	-0.0900257034379853
-0.295235926316503	0.77782280625827	0.409353128072912	2.08872775196287	0.0670707410796593
0.0224027369888535	0.553419822919382	0.537564709302848	-1.32437908684777	0.223828346482808
-0.146675623593142	0.543684951875078	0.41787068877888	-1.86148156326816	0.333771275479042
-0.564697327635834	1.10436293617857	0.299280352124174	1.4874830713328	0.333428027052343
-0.567633661142601	0.912456696480522	0.582868903153482	-0.965335700693454	0.0195838283604396
-0.116166283206425	0.509713567949634	0.934072381493609	-0.715652046710741	0.775473739312814
0.152334138294577	0.524062080359698	0.561811845607523	0.606205533416576	0.116808962122202
0.0941971196780491	0.897707869778592	0.577355698215255	0.334370105905586	0.244772506030942
-0.160823434743603	0.805776066820608	-0.367052854252993	-0.496302151558224	0.0296088449889029
-0.116880514574971	0.988826811212995	0.757846458379013	-1.41844675003637	-0.129466570070885
-0.173157521688169	0.49695212653335	0.703597235664143	-0.744091862493023	0.0756535857707592
-0.0619196324187995	0.50573850954087	0.436712469376786	0.93043682766675	0.503920730632791
-0.0434593542812615	1.38053299675743	0.899596708909378	1.17255916214975	0.657903311076918
-0.0382013098836471	0.693806550520738	0.425272066689964	0.0568623628635757	0.21180783746511
-0.0901143587520054	0.695921601100357	1.01884463202179	-1.31089540147402	0.110891360857593
0.181633796862209	1.68777544988701	0.582529555866839	-0.273030654702031	1.17614864663653
-0.194687960944279	1.46912315158917	1.7194391803119	0.325541287490882	0.500934696213404
-0.33155707455743	1.71310495281169	0.0637153852554208	1.13112888166162	0.109292746269755
-0.0165285835834412	1.46043271786514	1.36738923999633	0.0739619411122444	0.630102778938803
0.12084846655436	0.678156293861576	1.31283034668288	1.41738953487261	0.107879425099944
0.51286998460323	-0.0700159430319587	0.923874564095478	0.178478382658103	0.0460969298318307
0.326228822799388	-0.431422263710459	-0.239579685433345	-0.0701114155120252	-0.157077392756435
0.490541072355547	-0.330680455177424	-0.253358603939021	-0.700598682707415	-1.39179621651235
-0.290384765230401	-0.530178127266946	-1.78763995325452	0.918725778091187	-0.504399517205397
-0.372453348597574	-1.70463309277832	-1.96548187708067	-0.418963452769664	-1.05118234921636
-0.112441822774245	-0.875987854614417	-1.7827507583836	-2.37383034617659	-0.826362552799223
-0.418307352959509	-2.34832143811247	-2.60327436033379	-1.19295714190679	-0.824965288208413
0.575170526551906	-0.535166746241286	-1.45023057706475	-0.21902194676793	-0.122146692994259
-0.418250083327363	-1.5292009051328	-2.19138907568282	-1.33378058997595	-0.637328488423417
-0.0844584440904064	-1.02749609835147	-1.83147411934752	-0.741391063540537	-0.743599944103974
-0.278119856262309	-1.12907557412907	-0.96399814530068	0.298131798415391	-0.99163464710387
0.288969002373794	-2.01833364704833	-1.67178739618734	-1.7800496441596	-0.940757088258088
0.135877860582269	-1.4732664963435	-0.578880683646421	0.107347848827419	-0.496360810260905
-0.383849130671588	-1.41002377997628	-1.96209674528736	-0.886736340539243	-0.910064874001477
-0.00828220737045947	-1.36760026635853	-1.04474851560373	-0.648880339773287	-0.921698126510732
-0.404131103415739	-2.33096213650043	-1.8610885132656	-0.22493017261703	-1.46556991109987
0.215322302142506	-1.60169319584173	-1.2526782700586	-0.219517553590744	-0.796968135100519
-0.481289797977188	-2.05404212058924	-1.80048170715779	-0.196392463675056	-0.863896788853545
0.287759729934972	-1.38553973312913	-1.60968065970478	0.546322533285794	-1.06058809586964
-0.387777044912835	-1.10902807002506	-1.60381572179667	-0.410459417406444	-1.35036327207873
-0.0329674213106686	-1.05921079681941	-1.29854508976269	-1.81557701244345	-1.04896837854051
-0.329777553737807	-1.07991113535998	-0.845282230158717	1.47451980442984	-0.713013836410917
0.0535013147814502	-1.11787452649394	-0.570409304756264	-1.04103227340564	-0.791964481393911
0.128771210286564	-0.427371114101709	0.0867669903458568	-0.671571562421351	-0.287322884110963
0.169546336212298	0.109655954384687	-0.122749432372531	0.33967358300323	0.1295067433572
0.223353596298034	0.662277163060687	0.700874691098878	0.889400038384356	0.139913956267726
-0.231302646385302	0.624517511585675	0.370089176319412	-0.279940497977754	-0.201915346130368
0.322416755258893	0.861355142091478	0.809636576087038	0.612669657698877	-0.277627149457824
-0.437553796818566	0.24927230234085	0.187747435410638	0.947710688759079	0.0651943341659968
0.0738090666545113	1.37015320600865	1.04768127158515	-1.35903217009933	0.328075717499127
-0.173841177024615	0.528203904073908	0.380416686448017	1.71312767204352	0.122202498907948
-0.227249339166315	0.431732821893134	0.828739062590841	0.364780745612485	0.0912511753254796
-0.216992025705158	0.0222758465310762	0.895853323516687	1.78363656344516	0.415563296450226
-0.0726594438383982	0.157477643685555	0.0743365680025567	-0.266323513734934	-0.860431076051139
-0.208242480726106	0.843927006357336	7.21581545166082e-05	-0.611815355864106	0.0179433564413597
-0.0559796824035971	0.0808269934693246	0.372782019006569	0.0446204853638817	-0.125962034262821
-0.253057998839321	0.218244592833735	0.407053341948976	0.736350835518137	-0.570313904954105
0.456796424100296	0.510107388109215	0.389016176988615	1.07332099746906	-0.0163621981412887
-0.30656012178425	-0.0275644716230891	-0.240577559874213	0.680313534787682	-0.392165679001246
-0.245382198119494	0.258120110768701	0.391640787060491	-0.347672921794795	-0.160383409675284
0.0578267935769738	0.327109910952586	0.337047363232134	1.12412024110453	0.201317824659524
0.224921327652901	1.01732924713933	0.800271589752422	0.768614880746806	-0.520907251199475
0.19943873300179	0.253832167329893	0.0887925242266557	2.45351599924936	-0.155435464550159
0.283080158400785	0.00600515675922385	0.797954946939772	-0.631363378702553	-0.513864323841242
0.0502958464313019	0.580054382371048	0.656188995969978	1.68996316326842	0.410406085278058
-0.137448732377978	0.480076644849981	0.257422968005388	0.745512890192914	-0.109729498505907
-0.274615021472535	0.74341177687164	0.106568859669706	1.3911250162594	0.0816235301383273
0.166761711509599	-0.298098629963812	0.082542431732124	0.463610213426595	-0.664926935724665
-0.296194683905586	0.00611617013627914	-0.308225416585956	-0.664536851308801	-0.200533760025997
-0.03594332799547	0.271282373410091	0.361533223160487	1.24497653411642	-0.247522624353391
-0.261422902893879	0.234368145293941	0.244150895125318	-0.832031735287363	-0.0236096176572957
0.1325854107339	0.910555155576741	0.124200297238481	2.05264431122295	-0.896398350476032
-0.234606038448152	0.832659699303326	0.48780305229738	-1.24428187784839	-0.362331542586468
0.0289280600651249	0.0391775723043029	0.479479778703192	-0.570265890040822	0.673952573241674
-0.140768843882656	0.968800754554354	0.884139815984916	1.00960893125833	-0.882174858257929
-0.0174164136387765	1.3458716951769	0.991445424584603	0.818864357165149	0.353494001636294
-0.0459336615612634	0.724339964333775	0.323382487419706	0.952663433557711	-0.232768698266869
0.250327946617533	1.31154576077611	1.18667124676912	0.00923283088510921	0.31272518608786
-0.346118042278844	0.925492368812887	0.541753282284108	0.606221972800742	-0.351870905736498
0.34112888442871	1.03234518983638	0.537858064314062	1.23785239547028	-0.104453950520245
-0.198365156264664	1.0990221795596	1.41515393874285	0.921511132883638	0.262673500347665
0.186456550094708	0.833328314995163	0.377454584109676	1.80411140915545	-0.162622742744795
0.27342916644585	0.673472331579417	1.26058307748886	-0.883928884879785	-0.229262657702409
-0.135596734917179	1.42720170679191	0.6565276287488	1.26060115463793	-0.092172427507389
0.477312478526577	1.76241240906332	0.935746424412308	-0.760525203360013	-0.431615805549179
-0.0465720915301555	1.49965190557382	0.895447505571832	1.61729429822611	-0.0649815104389126
-0.0206639923546572	1.13773089566788	0.747005439548812	1.16517622952907	-0.114397346189617
0.305820482014548	1.60837832956129	1.7223757720421	1.43639547424413	0.196637001911826
-0.0763044843957598	0.280930470690949	0.995158009176129	0.0599480868473059	-0.600986220831841
0.676551441593277	1.58465486552971	1.08534980807041	0.364693876831161	0.0520674688879016
0.278976097109695	1.1677264822891	1.18522930298751	0.610258508714475	-0.00161093178938351
0.245129049176052	0.320262501567192	0.618348043097968	-1.80606496832061	-0.0274925280013495
0.663273182249147	0.34990402063929	1.24166414498139	0.740399913743519	0.209706698075044
-0.0431842811875988	-0.253827406076352	-0.561892373308419	-3.01989921646889	0.294555334944367
0.497061086343681	0.104820638161351	0.386428155776395	-0.0327761837427124	0.494627598850943
-0.18134232548601	-0.45527504168573	-0.193708806459992	-0.447303422545474	0.0606082381057054
-0.311569476276949	-0.46779138301561	-1.06347918552759	-1.16394901531324	-0.317617675131867
-0.387298912134577	-0.575934687992556	-0.816209176075133	0.717698125031091	-1.00515639463078
-0.303376768788346	-2.05476299142455	-1.00882949421126	0.478138510112959	-1.23619792633195
0.474799081480181	-0.838451267440367	-0.661698797456809	-0.537233358101241	0.493360373415274
-0.346205952937308	-1.5849629679452	-1.27800639625286	-1.88693086709313	0.287038073314788
0.60538400096782	-0.686728924169434	-0.724557705718652	-0.855055078266044	0.604497635468668
-0.117239237794737	-0.360820935364904	-1.16175445279103	1.6081837971954	-0.300662402200413
-0.164423637332901	-1.02273487744055	-0.877772618016893	0.411586080397354	-0.452100992185235
-0.0527652170185804	-0.971158296185038	-1.1095218787482	0.253128556925325	-0.661785001350333
0.311333350514808	-1.29539262901051	-1.21753679946186	-0.910415726332462	0.264771172515332
0.848452713695429	-1.29897003986741	-0.959886946122429	-1.46683012917976	-0.66775700417703
-0.0576378128110054	-1.20402683922823	-1.6667876222494	-0.449089210360467	0.636666125891975
-0.0211650355650102	-0.642234959671354	-1.13161913748488	2.38238676588575	-0.695470299517346
0.242498639183523	-0.993850680252709	-1.05250365611704	-1.44697931674963	0.0990872658818382
0.418736096580077	-1.3316870814161	-0.93752574939945	-1.30159849374023	-0.0133508361199375
0.800699981443093	-1.21713992418465	-1.11973313501271	1.60843905378801	-0.226920423988358
0.226040891027918	-1.04210272878798	-1.20404869270327	0.766580045242283	0.394034536331163
0.472914591621334	-0.202244106963873	-0.947911520940004	-0.946151324839441	0.027033454668565
-0.0159760065302766	-0.327121136934884	-0.55459724961455	1.72685770404414	0.376484352352295
0.819038297440745	-1.17160868519634	-0.513242097127777	-2.01702289486782	-0.266173808331907
0.343578876200502	0.258423111928508	0.3592848263846	1.56591664318197	0.857572127462596
0.559584037786201	0.739357522474155	0.0665773734299035	0.104882059445633	1.04619157557925
0.232021252084539	0.534403209238248	0.610964267136666	0.795342186549146	0.856026601661093
0.432221506848438	1.31040909000632	1.16952191368318	0.111458334486236	1.01058567159396
0.0396027347632048	-0.0955702176307507	0.701315547067958	2.20416428353768	0.796643664458876
0.633869525932384	1.54825857441841	1.18478578533238	-0.960913732134184	2.05118981931287
0.287159611942015	1.0935297945449	1.19518716179515	1.77590679247346	0.610096932164832
0.708866175050206	0.350394378401628	1.56088193173118	2.0302432351531	0.701316732707026
0.154637604455539	0.584727529739948	1.24038930900176	1.65687057888166	1.30226928269627
0.0692934694392333	0.71505584830594	1.21550623515824	-1.85998220964798	1.26648600799354
-0.0947110573252596	1.64354623494187	1.29695356699252	1.5809102150458	0.814417527028024
-0.137219827748364	0.991926099123157	0.9903387350093	0.311115495898524	1.08895915805079
0.174006798668274	0.817899943685455	1.31195687203522	-0.519447544877093	1.22861285238373
-0.177330378712168	1.03680590713177	0.194357752829438	0.180218712979583	0.85844542735183
-0.184104358302944	1.18823685752819	0.842311456015783	-0.723946478380759	0.704536654758347
0.241625054664296	1.85590489593221	0.766366260464008	-0.43994916228372	0.907069416425207
0.0484571239302022	0.723327609066562	0.753905873436568	1.14810078013357	0.286684400567953
0.352587057393925	0.585567967990146	0.801083530764413	-2.07002897434481	0.615431476347055
-0.201122606899867	0.617066546591235	0.135285533502098	0.228011571996269	0.0457742790717671
-0.347702916185589	0.590960918028927	0.226179722586529	-1.30601523230551	0.537423368726097
-0.114983610240589	0.585463028988159	1.3745428132375	-0.575580585448766	0.504537231190834
-0.123799869374514	-0.0918431714101834	0.160105259032872	1.96274186415178	0.452739914519292
0.0546547307212078	0.14256293460257	1.62962374042473	-0.306717673877462	0.479146932825089
0.151276391058055	1.06856462358248	0.765563214200629	0.520193933160418	0.0451748676686342
-0.407351925267357	0.559766811571438	0.6749758847532	-0.895035411631375	-0.107170986963074
0.20016536079601	0.423611375219837	0.834868749996189	-0.303259272185455	-0.323074596901942
0.0642391823157323	-0.978513120434506	0.317676752006515	-0.790585803384615	-0.226794701710669
0.0935431957224656	-0.177137305429037	0.981973111290602	-1.05640468164624	0.297937974682389
-0.275007888895315	0.300094509347599	-0.0360265233173675	0.817320462102047	-0.271719953054678
-0.212724190815121	0.223284432802286	0.121324387763277	0.125956766067862	0.318979597590965
-0.389936095836959	-0.0826530074286056	-0.0919451088546013	-0.798134657970732	-0.333606443044174
-0.135541369747686	-0.260864963124442	-0.410713282471169	-1.80803307442624	-0.354301860341183
-0.0988850212993283	-0.166213099745503	-0.279520125312757	0.316267689931273	0.432777048815176
-0.407390127736214	0.443499217101888	0.268842116659293	-0.35243760662511	-0.130494441859901
-0.00257319170088209	-0.078268585582625	0.440040680307316	-0.256405947811408	0.0922351001726212
-0.280891533917514	0.756936422340444	0.216704412353104	1.42772967800635	0.671123875987582
0.23483832582759	-0.107879104516697	0.172928481077688	0.0785344609269444	0.0617817637659837
-0.260863022301099	0.516814812802915	0.50747763648805	0.626739212715773	0.521891384021999
0.627190790620693	0.0110054435789091	0.794648138759005	-1.65911848684066	0.770405216505532
-0.264277602720005	0.565017226997165	0.246693054124234	0.493925180597846	0.389307440857239
-0.417528098587306	0.847493424786534	0.337826083909033	0.361573123666248	0.858626645624895
0.0311150368213847	0.0474094878288698	0.736273967440574	-2.67246905965368	-0.508707696365125
-0.105042223719049	0.153595114987977	0.228383054604131	0.383358265295768	-0.380899417518429
-0.88742896722006	0.0538181814211373	-0.026097457606993	-2.43727069773342	-0.0938757035548772
0.197741231070805	0.0443551437777104	0.355969275991662	-0.366268890960372	-0.134733239467762
-0.445768508894441	0.0641157085154489	0.0209794722055746	-1.12685549495228	-0.599289161305259
-0.0410001384529862	0.515912274813722	0.442915742785303	-0.338803040892657	0.399445439524536
-0.0702412059247931	0.642872367744091	0.572452003013475	-1.67800365677164	-0.173234407479313
-0.0663327006519121	-0.0404241429426105	0.0519992584472681	-1.6132521448484	0.368285202162781
-0.460515863528512	0.0471758509285434	-0.597630962946979	-0.127837793519104	-0.0415218457178622
-0.0794764953809945	-0.193850903424996	-0.798069856670308	-0.95761153612404	0.170853103099064
-0.692416191085223	0.303682423429208	-0.538715867873194	-0.943014031935075	0.130688750833917
-0.401085856436451	-1.39195316485615	-1.30001099600474	0.395316298964479	-0.652230722194652
0.190346038460392	-1.1961435865503	-0.409881401461911	-1.70617314120246	0.561487609489305
-0.175817445198897	-1.79732997641262	-1.30121042218344	1.34081609430712	-1.32797146949505
-0.008502760483254	-1.78941659923718	-0.909915150561361	-0.362358792228572	-0.0998950353348086
0.248520783498754	-1.07302761274293	-0.609228778959234	0.881641803229763	-0.477640350585342
-0.036062087016667	-1.9439677088508	-1.17346898867956	-0.666430383985751	-0.584412125379935
0.0681170496342138	-0.935446732518107	-0.546345858079298	-0.490016643780475	-0.13293093034112
-0.0254589964625311	-1.93538331899173	-0.951297913225455	-0.912850405393309	-0.657220920762878
0.161220698545394	-0.900968161314158	-0.652959795868239	0.583715817707499	-0.390307474265034
0.04602110426541	-1.72575865433345	-1.12908374371039	-0.604774742764665	-0.124424327777362
-0.2460067191092	-1.56176592817322	-1.1481266097639	0.138057972559343	-0.84970517346436
0.284229384572192	-1.38027812890412	-0.868958114876954	-1.48743007303641	-1.21106816019963
0.366340759482758	-1.36551675702538	-1.43775499099056	-0.248723469824846	-0.466203291616763
-0.125874504379136	-1.01334586577797	-1.71928719913618	0.436063076679088	-1.26813914921695
0.985659419841539	-1.84419474195802	1.45039829536124	-1.63938915993541	0.873788942810535
-0.0679912196542233	-1.75869795566061	-0.175883001856165	-1.38690340241373	-0.502039067210798
0.0168279304975148	-2.19142695167238	-0.889968860557908	-1.42665461873879	-0.932017398085816
-0.125654964785713	-1.80527697327452	-0.0227541221214855	-3.85412427827718	-0.401985416433753
-0.0920199382966026	-2.39774324807729	-0.943889521755385	0.112246044337799	-1.27773304913343
0.0748272346291335	-2.53798220052732	-0.706161929420326	-2.77607430883478	-0.573615418070842
-0.297670794216246	-2.15948259226242	-0.450598837680138	-0.912710150891139	-0.800248419193469
0.255235071769045	-1.53546680755009	-0.274483799862988	-0.424201786793208	0.168778230037772
-0.307572938221706	-1.54994075215625	-0.992379263094522	-1.17888760972267	-0.847402346782188
0.117523945307293	-1.2223721135288	-0.313411304323364	-3.67214005632101	-0.262353355284465
0.0806623087445132	-1.44919351344818	-0.599155471045707	-1.80596129630407	-1.51577177761518
0.184816322507534	-1.0095642229011	-0.38169994056559	-0.0854384202299797	-0.982537193848979
0.667465082970439	-0.86350892093555	-0.0758746119469322	-3.91061456266115	-0.409865235922582
-0.0104060077631753	-1.18168930570966	-2.10484931004827	-1.34736469835002	0.495982808782315
0.314858504764118	-0.262664505584016	0.419200112314077	-2.42874758018054	-0.611099602230676
0.361887196167882	-1.28608744207024	-0.842231303633866	-3.17192401771607	-0.379027415241575
0.222482292128633	-0.230154828463179	0.366665316956335	0.305079490390138	0.774798303282975
0.615970774749548	-0.121079450957181	-0.1057850938417	-3.23481987200104	0.179594504495151
-0.152489263779719	-0.514836148738435	0.311742391405478	-0.421721083071267	0.208631635856663
0.0246425246874937	-0.179654082438884	-0.296778701964048	-0.736105600174085	0.113563167217226
0.168139653949048	-0.479728728145791	-0.519109702908554	-1.93313339504642	0.172848612224898
0.703223853776394	1.04362085455607	0.841851493266227	-1.38409819023464	1.62281610008184
0.080643512892439	0.565965435669922	0.358900556042512	1.33639125252501	0.93274329742544
-0.103945273183323	1.18745757011575	1.35814038333752	-1.04591237921683	1.58798174028161
-0.0113792044913363	0.740247975247538	-0.458704241361001	-0.87255106349149	0.897711610480852
0.10396953454285	1.13727236395241	0.668356094202129	-0.244656675476636	1.13326291869042
0.961605517607275	1.80816222289745	0.546247962732367	-0.725124017689252	1.64592453345289
-0.578448241342459	0.988268683353625	0.323679738035725	1.45775957038641	1.9751948999525
0.283293099806282	1.60507718030854	0.595666253887022	-1.45303974560548	1.65479674026096
-0.446910453423307	1.64656281148002	0.575945342102712	0.708367710915859	1.02488471021637
0.079968687667812	1.0433772095466	1.33678794918474	-0.525790119956439	1.6577471572595
-0.379816522768402	1.08944684144607	0.395046911081427	-1.10795408206634	0.911685043164108
0.278232561415176	1.06484608245193	1.01384473428861	-1.03896332737987	0.339664762068129
-0.307967059008846	1.423406693437	0.965575291900483	-0.444253810018492	1.27067049942301
-0.355757214654012	0.105973929267582	0.248004482635681	-0.659282872485751	0.970473441216157
0.010299660772886	0.507367143330394	1.31772873889687	-0.687478533838233	0.592246009961624
-0.266487553976127	-0.151328956137346	0.289121861959428	-0.914559890481345	0.65117899285879
-0.393852886307365	0.475144847580837	0.494763303245248	1.06448187333158	0.653377535056023
0.0616100213191083	0.424334559112223	0.0603578374027595	-2.68708087976059	-0.469005964330194
-0.14586122445696	-0.562754059410979	0.11346057879345	3.35895877685518	-0.059779054751239
-0.0705403950297017	0.343461439536932	0.00505484833405771	-2.20806616889743	-0.346441104495919
-0.475938159429057	-1.07217975394597	-0.161842497081307	-0.150346465028339	-0.285346944333271
-0.382825330774674	-0.82667741680275	-0.562036028701082	0.385612957605944	0.160541515743277
0.216055744514571	-0.783285951146293	-1.00930786005884	-0.730580048115576	-0.218575572400924
-0.406096586300412	-1.0086597439765	-0.691723313656457	2.08548345241354	0.397930681712584
-0.080673217675319	-0.830983319147032	-1.34071309533541	-2.36495625189614	-0.509912394358034
0.102744776083374	-0.1710021092713	-0.159358048945976	2.30501238722421	1.10456055344193
-0.193420566202199	0.0889137682089907	-0.100242188853915	1.70931375093512	0.302088673170325
0.146153040868891	0.668942541685317	-0.341064511504903	0.553860200724498	0.213181279334653
0.122211699281564	-0.198927457166827	-0.308474277535931	1.83195089184014	0.874113357739191
0.127192358803116	0.953638263509208	-0.254122194006217	-0.455295636160576	0.433227436349145
0.252006691506721	0.441416745016019	0.149198774543709	1.0604934811793	0.589684106837219
-0.261217361668076	1.28496284403656	0.850239674113917	0.919467356268007	-0.0688512815051602
0.174502277175675	0.187614197339643	-0.510295738876262	2.26603198352958	-0.381117855363424
-0.0569299927341908	1.06709202786917	1.04497268728307	1.40214652253452	0.274747502007201
-0.273212155940193	0.272318182660741	0.70563752648134	2.87656525820599	-0.288121168944449
0.0761894425729515	0.596490179386633	0.317341249752591	0.192353363967415	-0.156301639562082
-0.0955365512547241	0.925796958616112	0.940409123704645	2.2090830995995	-0.0971836772390316
0.523109080732247	0.768302836181464	0.263683731037749	2.61077363122643	0.467495861493856
-0.27414897685507	1.05168615227431	1.58481937770913	1.34106148269523	0.453504286330746
-0.02744445809883	1.12571456810246	1.08740808726325	2.36075522551733	-0.527590313248419
0.302795356085135	1.27582619964334	0.384778081785844	2.76968276036992	0.170892403925013
-0.0227219512230033	2.28402922589198	1.67265491512923	1.21918918224403	0.0039649054124725
-0.154055200248833	1.61049078019938	0.540680487445769	2.2088167136551	-0.487026591459811
-0.13977712148585	1.27446991222548	2.20348597888607	0.779124291519526	-0.0209328466972557
-0.381938017607253	1.42253001706604	0.895177060390151	2.60761497624972	-0.795647362849723
0.0624351636461261	1.24570002452179	1.74418139190895	0.886625877936678	0.00588589108533365
0.537318150426161	1.27817980169248	1.14863970178955	2.08020588539337	-0.463145353576159
-0.834789426991318	0.95762665526896	1.13893753982657	-1.29767939849387	-0.718891180524943
0.487356308308701	1.88788634790465	1.28196004909401	-0.597700428051566	1.89351454719116
-0.408426918144543	0.234646892481324	0.370799847238085	-0.28014738338262	1.12189922651732
-0.0167417390960715	0.243367878121667	0.0361963815553372	-1.08575384136917	0.766603862082949
0.272676236387483	-0.451970240106668	-0.203920336482778	1.05786004257611	-0.0929465476120572
0.156442190054713	-1.68873502777365	-1.53722895907278	0.0276365823297298	-0.504556961980154
0.137787218759528	-1.12492854027445	-1.57700666401984	-1.61180735740655	0.297705833112952
0.0773976982807833	-2.25788778219257	-1.68296694538272	1.65775615775553	-1.6151103409591
-0.374835804059628	-2.25263188995649	-2.44304694507747	-0.185407334578849	-2.3123529094417
-0.164053318982741	-1.19152390541781	-1.60593233054968	-1.03915491399999	-1.57414378363883
0.287256330333986	-1.48310614252382	-1.09919535808266	1.44811560347433	-1.53169569489751
-0.198485312040051	-1.74015328026573	-0.68713244100779	-1.12129978076236	-0.175218066954794
-0.143405446189186	-1.33740893358575	-1.13604201808263	0.747597509148409	-1.19195897723229
-0.895870844188594	-1.44458147831	-0.560692311419781	-0.945402796736733	-1.88104744340737
-0.211868962879328	-0.917384631075101	-0.760970448833885	0.225684753613187	-1.85340227217492
-0.071306235956334	-1.23389615145799	-0.757550338034733	-0.000232810804139207	-0.607056089046622
-0.380808040143017	-1.19756775051685	-1.33042016206353	-1.39231711095202	-0.791865125727686
-0.0246309343579853	-2.03604614491461	-2.00208167286473	-2.25102899981325	-1.40143978960376
0.0268979925904227	-0.167152528518171	-1.45726822307065	-1.60824147332338	-0.627374519424806
-0.363349179241542	-1.49576302815166	-1.70775296976139	-1.42443381330404	-0.674757678705092
-0.146077504279992	-1.1011856504012	-1.05066042001073	3.97410368751654	-1.94729705829262
0.217634733487126	-0.627156398563156	-0.451100204262221	-1.88617304686031	-2.67192623672132
0.535557184859785	-0.0817258283239304	-1.40109401223287	2.74839283943342	-1.54870815647807
-0.202963977177559	0.250487883015386	-1.0968831881822	3.24639698508957	-2.4537615957534
0.0701563426686999	0.203859867299128	-0.0791148515066217	3.49926359685912	-1.04025447148443
-0.342852824657249	1.06151048815268	0.0732213683126131	1.33196327775108	-0.976204721836923
0.363157686540044	1.04436282027066	0.82715116457815	3.53882633504096	0.172344466566083
0.197838770161884	1.01210108447108	0.251312347085924	0.799682177002539	-1.4481016297679
0.0982548122186939	0.986828259600917	0.515311026277896	4.01447273827786	-1.05159966750873
-0.205939986492795	1.64944974113465	1.50612296760509	0.397798219430717	-0.77143188741203
-0.31702166537867	0.894355858500013	0.354634921733649	2.84924908706226	-0.700215723439845
-0.0693113997658364	0.729299302263375	1.60204849400626	1.13883322745974	-0.46186850128678
-0.0570298699683128	0.849223956713134	0.0422157228816094	1.65218996347263	-0.892396341845966
-0.148876356342331	0.708637731276199	0.488261184952709	1.69517434462651	0.0397434150587187
-0.311555016382155	1.25112002108753	0.674828340834961	2.71799318857385	-0.846903707551661
-0.552467152450041	0.615461351767661	0.957994294890885	1.68681270069478	-0.0857328182537202
0.23710467768485	0.862315336772624	0.988911752337558	1.61859307460282	-0.557288458269981
-0.682468744172011	0.524172096337023	0.222269601453107	3.64023691798919	-0.592232323927583
-0.0740622437275521	2.15241766057202	1.13884847925099	-5.15838471807344	-1.3431895723592
-0.209405826681372	0.778725507941304	-0.278327627357722	3.21937523147553	1.15549162874479
-0.0852363014813286	0.70467625899259	-1.08952438117812	1.0642173407593	2.11922978340536
-0.145098295230452	1.57574698885553	0.315581332726491	3.8055636114665	1.70124996171424
0.0181769014561088	1.10850066484792	-0.64560686498953	1.73669685897247	1.66735327670228
0.922287960447751	2.30824831570499	0.638292670400683	6.17918638075285	2.34531630566839
-1.7293502131521	-1.49795562389224	-2.26469995721426	-8.47695753212768	-2.56787295604815
0.745730106334747	0.888213926490728	1.61484281575612	2.45758372896303	1.21696520461911
0.213364601520752	0.342363203717549	0.534480534152496	0.911551019811528	-1.45442654755578
0.264006732518064	0.692550616920929	0.40554045885183	1.55957523105667	-0.555642041561529
0.327882930380223	-0.151521201931552	0.013342406523036	3.65995650268037	-0.252728943471404
0.057247156026298	0.221110293441512	-0.842560768798852	-0.114253994530717	-0.254502039895233
-0.156190008558009	-0.620811008278714	-0.431591511976389	2.02818287226084	-0.690305567512133
-0.593982799177394	0.0375738223635318	-0.331850647369759	-0.27064805276468	-0.281058966009923
0.344566812692853	0.112149013689636	-0.0944387772435091	-2.16018517478392	0.644990985761541
-0.298153486593738	0.0855881037406368	-0.772153352235237	-0.223294802838672	-0.0389035046421685
0.0107634258984831	0.431963400579861	-0.0690373797783272	1.16565822090512	0.317159395085581
-0.295642138616084	0.517387285305812	-0.37514171165074	-0.710404167645365	0.505165898829183
0.208983094596733	0.524320103268922	-0.477404761536953	0.870683061758849	0.381249102105934
-0.410980557411006	0.957476832056914	-0.0189707623746454	-1.5555291955523	0.852126398270507
-0.407067544210562	-0.682650128982061	-0.740465926183748	-0.579572392568073	-0.0124115994946083
-0.25375355762524	1.10168649081507	-0.635537195175669	-0.946528689589196	0.0918738492607572
-0.117362438325664	0.627615131721101	-0.570881912105467	-2.12160000672455	0.34934060035491
-0.50829529419026	0.0116356395071478	-0.741592028666808	1.45271653920959	-0.330819607111738
-0.241247848066681	0.265044347762031	-0.0282731000221547	0.0859317171048607	0.157459227103571
-0.00598067006943796	-0.333728383689508	-0.930801962078351	-0.271301055231386	0.0206646162934808
0.0278852980881608	0.637832055923699	0.110057300784698	-0.122293622563203	-0.248416784079364
-0.263030546150841	0.823588424682499	-0.297258822449828	-0.515414761438537	0.445652397889778
-0.143343696391569	0.532067956737268	0.0154129399349594	1.43702720409737	0.0826353736086391
-0.179050462832794	0.745300592592109	0.696469035046205	-0.961767435705937	0.538435214185442
-0.16715698408025	-0.430982114317643	-0.353909060636586	0.99621262139885	0.534569566691047
0.304209531964315	0.621823519069259	0.36935416011953	0.595072209227753	-0.129986878628742
-0.0754079647102033	1.37293804707617	0.698281563071712	0.0668650232646397	1.12772763048991
0.146883152518851	1.0090289409063	0.0404578627187848	1.98019222590406	0.102378946496537
-0.355424805228469	1.78949770857695	1.32047191460569	0.185307023125316	1.25513729209591
-0.175821931447757	0.331253443815919	0.113058044443261	1.69845098425246	0.410126430744046
-0.0555272380895522	1.43680412425567	0.63191768832135	0.0322282669647524	1.18345505738183
0.0730906366000613	0.958021648960111	0.731636739629274	0.55061741412133	1.67514205400663
-0.141623265983998	0.165695605644322	0.0360300359984717	0.42808569378365	1.14228501162893
-0.596905532973447	-0.474162353365072	0.220916256736624	-2.38317452489419	1.1874824952439
-0.448694926419644	-0.744158750322703	-0.945526677760943	1.58963628091644	0.553617688086749
0.473653130387156	-0.594842475003075	-1.83480236143168	-1.11439307899571	0.362584105094085
-0.304907243580886	-1.92550827907865	-1.59543321301543	-1.08200426623159	-0.232503042496818
0.163920126163147	-0.416474911303567	-1.83135031858614	0.918121278907947	-0.153355830340595
-0.166575691713565	-1.80600753810603	-1.23034005148079	-2.92470398173523	-1.13482375372922
-0.371455746425693	-1.50052586276602	-1.93644112254814	-0.0886651673147558	-0.892017337903718
-0.294276225206288	-1.76331575073448	-1.7338744913096	-1.13080961500931	-0.500259648990487
0.274128493613874	-1.05663206794725	-2.36121335029286	-1.98180087784114	-0.552016911652193
0.268492480727314	-1.96063254097952	-1.89021621055637	0.249675981602639	-1.62966022783718
0.157712312788563	-0.156450645157234	-1.10242760914287	0.4993750379127	-0.225942883888232
0.473712872271386	-1.24648705825386	-2.10883345120473	-2.22269837425347	-0.171763253992489
-0.523599578024793	-1.41495775767027	-1.8074051031413	-0.618965150333875	-1.17013736211338
-0.0147974540671827	-1.50207374633702	-1.43112867774487	-1.40768332483676	-0.647845976538182
0.0642810325223115	-1.64824137920001	-1.94722734671327	1.06688941168251	-0.937040543134609
0.195634853012876	-1.6875753916617	-1.20738344274982	-2.530834977094	-0.643576138477275
0.454862212963896	-0.225965918161678	-0.0663635148517415	0.416202810422016	0.0526530106206882
0.0608592648069507	-1.25114814316808	-1.31082169008937	-1.99418939963587	-0.232223103156162
-0.0432261387725242	-0.384995692430669	-0.35995082665957	-0.0324658037258787	0.445960355460891
0.14636733968546	-1.14873262711602	-0.0656519663805377	3.20694658826141	0.0131028530026648
0.423055778998718	0.0135983650428344	-0.234627337558783	-0.36928716661466	0.0871440397736957
0.450945634008685	-1.00168638315951	0.0636510689212965	-0.000474155525907495	0.0640460975675123
0.466690879047991	1.13344245284487	0.819939411573511	0.724052836626144	0.335998978821411
0.328187276815164	0.267270371407337	0.666671966330943	1.11270264464507	0.72067996798597
-0.0299294364532294	0.869562478268408	1.18983278858615	-1.0203570899386	0.500780021636596
0.858751862203323	1.10655890654569	0.589359806166623	-0.437773574968492	1.07618486731882
-0.555788274506942	0.819970253212699	0.517259352305502	1.11768118494572	0.654266994170933
0.620034180898547	1.3769913660171	1.0162295586835	-0.453364564290471	1.04665020138232
0.296310644280628	1.2517534994603	1.03887910057386	0.0740717204319489	1.02636496674363
-0.175443436912564	2.12077798267966	1.46782107633607	-2.56137956160655	0.804097890741302
0.0853276831598005	0.843129954366092	0.814948309475359	1.84321576895077	0.713478112137847
-0.18157446686101	1.35699286062904	1.79878407742628	-2.28693134394897	0.411279271575855
-0.165113853144688	0.811045175005649	1.25545563425303	-1.1267521533352	0.112369820836601
0.359646428214074	1.72483458124577	0.95864550716801	-0.731729992941312	0.737319539650458
-0.22881534019155	1.4483321296965	1.4183806196972	-0.162593207870389	1.20826107929086
-0.267980529230764	1.70945511592496	0.466061581069104	0.2053080781627	0.302706355564243
-0.340421654484326	0.954195695618994	1.59291931703524	-2.35807239012344	1.21956999465189
0.0856188718687951	1.39318163024673	0.349815985001351	-0.620441254346636	0.585149570633641
0.0567620218992329	1.15938547007613	0.868828907533523	-0.345169245536387	0.820868220239906
0.134840051623956	0.400883573706921	1.17454427214257	0.826200490251206	0.777356159757419
0.0398368555386731	1.03181139082379	0.909106639535902	-1.78302415124974	0.512116754627612
0.0157613615093832	0.0235173054616575	0.786954936872251	-0.116194547638112	0.294271935945848
-0.0236707768649734	0.253590469043231	0.624610711134868	-1.12582094689917	0.0580104854197666
0.32562146441149	0.776777735591001	0.660992864192237	0.893728075949671	-0.290625645806984
-0.219666261782206	0.634805266967723	0.708531109646685	-0.351821167062139	0.143551772999314
0.0579831394606359	-0.418369182652406	0.573510453494436	0.887553140695384	-0.057521940946172
-0.163457937476028	-0.218355206352433	-0.119452272701007	-0.830857282252041	-0.766508749587364
-0.251153817691677	-0.0307172755638071	0.24676352840115	-0.502647683351498	-0.496546569320444
0.331698295038875	-0.0558757962852501	0.275923089333435	-0.286657459434226	-0.16860824319593
-0.337512596673543	0.366883284965959	1.18590608218038	1.06468445609883	0.602003988901662
0.514625551137976	0.484545675871098	1.0457037633722	-0.856713922271133	-0.110956255448123
-0.183867343684081	0.250143901448294	0.966503896435983	2.61853428801406	0.52993563345574
-0.217756432369855	0.819066681404557	1.43708453560629	-1.34255358483991	0.789074753918339
0.404253212800902	0.999902544523265	1.67520515435444	2.4446880121051	0.249156136542911
-0.0399977306597371	0.632465743345424	1.81163174353575	-2.45468321147399	0.951768886311209
-0.0334769415639436	1.27145498292125	1.4631205158387	2.16886100608653	0.830652635534889
-0.0621397262088744	0.712667401951118	1.69524107972464	0.0176002634895993	1.39603364013614
0.0365889012036143	0.897096257289684	0.925695150534033	-0.645355302233643	0.349164005837393
-0.482644286125566	0.244212919487221	1.48429256998065	-0.41035128241501	0.498281400954943
0.556669802389778	1.38020041114645	0.695916804175766	-0.17149260050755	0.68258799533541
0.17090857330057	-0.268612404901794	1.2638278016102	0.817221085929561	0.475414531825593
0.106100219123458	-0.0618364310785906	0.393436630751873	-0.263309736379149	-0.127912665882767
0.613283025667052	0.337127245488388	0.175085949392658	-0.630870768715685	-0.375347278785821
0.00992675478484111	0.189825621580084	-0.176944343248591	0.939988055489765	0.40619851901295
0.0809375747455659	0.0773287711752922	0.911806533160561	-1.44344749622046	0.206827660922106
0.304396257783	-0.323327482676295	0.0384970337605544	0.903828619036341	0.0617745379966617
-0.0164545084538822	0.00932337880043344	1.1311455212742	-0.802759150820456	0.00482668009242732
0.43438747609746	0.667395493067038	0.393665305142803	-1.24772121574698	0.062824228846555
-0.242087707920456	0.920148939869985	1.48672991488096	0.689786014259531	-0.0660835612766485
0.0568214122198353	0.5793780022492	1.01004431297156	0.575179577795394	0.45596825254343
-0.137337291018425	0.935658603990292	0.698808960524809	1.16933773872597	1.16028670029261
-0.0518191340342687	0.418382715803364	0.657200919563433	0.387651290818145	0.354218928209993
-0.25082891959154	-0.671600257345847	0.535010961546168	-1.27327990290405	0.225990926315718
-0.279450218802943	-0.587139905315912	-0.219403189032245	-0.604138837200639	-0.232659645438007
0.0476399760208186	-1.23029131959378	-0.774333738131995	-1.2037024492268	-0.238647794631762
0.104134991392714	-1.60566498940433	-1.2667598871682	0.894667277730095	-0.679610167096325
-0.178688322447607	-1.64900909706958	-1.47361577731528	-3.67881003453917	-0.87475203981109
0.214179629037664	-2.05757471121084	-2.47842000290917	1.2401053984563	-1.68934216184042
-0.291293295282898	-1.91397612354768	-1.327500098444	-2.35415218559857	-1.1601257282005
0.168326576345357	-2.06093332396566	-1.39277806712161	-0.472341597875067	-1.18821182051281
0.211339406454571	-2.53525026324725	-1.31364519236592	-3.04707738203694	-1.16307472178859
0.040871025419946	-2.27925365383155	-1.39672825023682	-2.75152226795131	-1.75380339447998
0.626271138738657	-2.2847453576668	-0.863763012169449	0.712266092129122	-1.48930754734315
-0.267185508064109	-2.34811238375296	-0.862233374512168	-2.18935523570097	-1.10052634398908
0.476029521377904	-2.0909167843826	-1.4576831227594	1.21757733194897	-0.28000993630707
0.184186957052897	-2.6624320672876	-1.23675200278019	-1.74925643724928	0.00556824045991702
0.294792620350707	-2.54960668620383	-1.74441151780641	-0.0306213783281156	-0.328139556921254
