1.54471050442144	-1.36470308517064	-0.107001930728966	0.0335839687622695	0.711709013113149
0.22809967470678	-1.10044348082854	-0.372418042093192	0.692231121821389	0.292220474440786
0.475868751339838	-0.960550044613316	-0.516135953136055	-0.638050592410679	0.469595082755295
0.0596246748634171	-1.51822445795338	-0.574391992782565	0.673670312332134	-0.253970974440382
-0.123326938054842	-0.742528453597718	-0.316003475010633	-0.173576973329602	-0.16460257553413
0.664212966350355	-0.0150292814079781	-0.183893812675603	-0.545970328811765	0.18084140328195
0.415581882082839	-0.3483235242987	-0.0468895952682372	2.14231850745435	0.322251523348459
0.913819923685451	-0.411739959027038	0.185868635168736	0.641703492348015	0.294927883027906
0.676811573071025	0.102269531881525	-0.0608169069960134	0.649059851014149	0.718992814971256
0.779100888107377	-0.9442013203965	0.147635219457172	0.802314789018784	0.362690818338666
1.50835773821301	-0.388819016690314	-0.340723060703231	-0.0703341345511051	0.376064311654243
0.724813782422785	-0.761124542615155	-0.470984148181146	0.988784643935752	0.413876755609214
0.711700961744655	-0.554969607797617	-0.930495390088111	0.444621798620093	-0.0526088689371084
0.529207136176487	-0.92499489854608	-0.992437210679075	-0.251565266872797	-0.116622923333545
-0.365436723421173	-0.649683799608173	-0.468322733213551	-0.281392597609043	-0.0583223432631232
-0.75635683889442	-0.701313570980249	-0.537964172514712	0.30179141402797	-0.522733206936085
-0.737036969357458	-0.846018641840561	-0.649309233214232	-0.749543113091025	-0.416663165473664
-0.824898131424286	-0.830354771459834	-0.682843851936461	0.22198884369212	-0.0918702161561005
-0.379652522050756	-0.305318003922825	-0.390467321069385	0.121830113125728	-0.466695349545407
-0.915956250709308	-0.518229285040026	-0.0351050733241548	0.663890418086277	-0.137346459189021
-0.153066763563336	-0.436779150915424	-0.319214332503517	-0.613874379205725	-0.228650123493531
0.247260705532797	0.0435893210403449	-0.0179035308994645	-0.0797816308942797	-0.325005322976413
0.0964097943436051	0.335833452059757	0.422785380319368	0.965566198353072	0.298645994000127
-0.0372286893925715	0.646984395705159	0.638567221967293	0.0640358606544369	0.110311971587401
-0.349127090431342	0.804126041716525	0.794047166029371	1.5969583195855	0.411948564075847
-0.112562222050924	1.1032612418722	0.65245285096017	-0.0325923698971768	0.169028214949726
0.0849326886679529	0.920016663591852	1.43264284018745	0.747470488173386	0.175446446557954
-0.106862416967474	1.114849304959	1.2132250620248	-0.162233651816928	0.0421785644953983
-0.175802708354668	0.529588913488312	1.49635763544158	1.13120673216638	0.392281161630111
-0.830739497315752	0.141090940444206	0.740617009643008	1.12495011602339	-0.122936928498119
-0.644057147551949	-0.163606876242321	0.713789429175615	-0.624599128068812	0.000837896318497523
-0.480119083098914	-0.236230461562191	0.657114664784572	-0.386576503537837	-0.184333209712914
-0.00472399570369747	0.0868288934470964	0.507780621780207	0.859183757017661	-0.0165977382178301
-0.646749120051417	0.427157452959915	0.236952323409496	-0.485888093277213	0.395493161811868
-0.233637303473282	-0.558692599433209	0.0539903809697359	1.07379173072812	0.124576444971093
-0.540538830312209	-0.0700929566568796	-0.588687143486891	-0.288292266592167	0.262206408310625
-0.382398992281368	-0.148944276977352	0.161822222009917	-0.456904271398087	0.163237953844036
-0.179900362448426	0.0465208942381667	0.571642009119034	0.735006688667751	0.359712361812895
0.0829306041669893	0.0529060181388127	0.565875595968757	-0.369482105612155	0.271819890681658
0.15118470914044	0.135304544544406	0.386695210523413	-0.0541729943917416	0.150422594361925
-0.0454018564299663	0.413015079500614	0.518327652616745	0.568418374848611	0.279793550843885
0.336456033277119	0.20343715225803	-0.156884296946575	-0.8796117149794	-0.16805489067931
-0.0297909478727936	0.192032450452073	-0.575011522115658	0.412865829673534	-0.133237594528336
0.089009710976689	0.127649240221688	-1.22423526500716	0.531799006013546	-0.184751148299836
-0.211285098327671	0.22517806696194	-0.604535147290103	-0.363765290578628	-0.383652426600967
0.156817986342391	0.0849202984674794	-0.804789640480171	0.837432301328024	0.0117812918617152
0.180933162138726	0.383739342426718	-0.544241709345128	-1.13294822466353	-0.23626446434528
0.17773738436052	0.52591461920025	-0.107329978713334	2.33852029312482	0.0926845243636973
0.445454881835857	0.905817319390709	-0.33837954739809	-0.553921717014351	0.0494449636838111
0.35565227596432	0.746752644156481	-0.181891518608802	0.805098766533777	-0.0789346046364425
0.249666112287452	0.954396585919434	0.326632629489973	0.8889523919799	0.137578443012453
0.40546544957245	1.1928899033632	0.215635445098489	0.422706961656284	0.0819772636165027
-0.114600153715355	1.32229944724612	0.558286924754879	0.110824751305501	-0.10248035698352
0.116348437250186	1.2818183874625	0.621426564574085	1.22579047468638	0.58872613920342
0.0305455962568512	1.07958840598425	0.706123365177929	-0.571886155812362	0.228300047606018
0.13889317958012	1.14828568459092	0.629160968990221	-0.680553776139614	0.109779347516932
-0.478108543189031	0.28107912680384	0.847677244222549	-0.450863744108211	-0.0112620823081017
-0.182411885748636	0.461539393946426	0.369674918849378	-0.140566573162986	0.408804275795656
-0.553623917691669	0.210206251313324	0.543788167561414	0.439480021204064	-0.119118687480144
-0.426434856138111	-0.136558249890554	0.335441674798349	-0.419143214080473	0.107984811815743
-0.154883514006073	0.610022162389969	0.446294610904731	-0.109431358767674	0.31489615424361
-0.150904833146917	-0.0246806590867832	0.16435980746304	0.143504676831495	-0.135044092999551
-0.103181568896428	0.36424991306401	0.121675535022931	-0.867846357513057	0.168965616937768
0.292509156244319	0.976375457446427	0.677505288717773	-1.04640046235398	0.0119517510963179
-0.0587030179302431	0.722094409738402	0.502931477242367	-0.815765499582605	-0.278287441139502
0.465237439526681	1.23531212238825	0.918488162221797	0.855973808723415	-0.0120250290647484
0.264557631870057	1.52545802182393	1.53337650040818	0.301659222180551	0.643325158402659
-0.466070760205269	0.716492245475685	1.26463440201093	0.389246834378248	0.00278239963987344
-0.103652459255526	0.827147841399695	1.35585452217683	-0.101424535722373	0.446536659943653
-0.445593667704653	0.737254006353666	1.44875455379169	0.938041247255108	0.105403127070596
-0.0645076968683591	-0.183235316363625	0.970421801054316	-0.245845014882172	0.250830404257131
-0.146568660261611	-0.242239162107855	0.0938928347774835	-0.121019142540206	-0.0906590355425938
0.170854642203059	-0.212086788992619	0.127563669788425	-0.113374119485145	0.415419853738622
-0.0286639430868927	0.242353270966282	-0.219645462439061	-0.775631015602453	0.0479361100015054
-0.394564094695359	0.225263216844592	-0.418200867902179	0.293023327238256	0.0560014791310902
-0.618843549120228	0.00756897815527982	-0.741669313901483	-1.79537443774148	-0.034947247934783
0.0636337992619522	-0.895503188745466	-1.09385388701534	-0.185012577560987	-0.169811086798513
-0.390043159616936	-0.785055992735719	-1.09799796660166	-0.101350254677833	0.213560854955084
-0.123099152751366	-1.1765911913675	-1.12698493407247	-1.23691220895862	0.202280738998057
-0.694866675692435	-1.12462137031225	-1.77834298961181	-1.33678872644687	0.00921488759532048
-0.455571844036317	-0.997945573149875	-1.40058515517943	-0.190638191126003	-0.240067886657727
-0.713871099038941	-0.911561000926725	-1.50750680740773	0.081997006780884	-0.146173072259283
-0.845483843622905	-1.29077666485095	-1.72225131909741	-2.17067608808924	-0.337514546327813
-0.620652897627785	-1.29667114428114	-1.27280233162121	-0.15074859053129	-0.374609255003973
-0.592498951310891	-1.53848397981501	-0.712315418330203	-0.668026660683268	-0.189341680455296
-0.404593228472045	-1.47735539831302	-0.881006758540492	0.12317173891979	-0.428747532363812
-0.4639788640678	-1.43939183988793	-0.880074975975742	-1.03102752202728	0.111724150715846
-0.483547350885189	-1.41835549121238	-1.0334178804495	-1.83657660761918	-0.70971801079703
-0.263701136431938	-1.04495565265873	-1.25885131055591	0.124059051672093	-0.196864270474499
-0.584691750898638	-1.14789090010217	-1.60684007108158	-1.36036098204843	-0.567220987259827
0.103534521774543	-0.653424810335421	-1.65659271945678	0.919750269689941	-0.374558417239865
-0.315021692791348	-0.492305043063014	-1.29258377073205	0.845733651528454	-0.360479076615329
-0.00254435140909625	-0.121534547840342	-0.914727969962754	-0.764215154667134	-0.0731551792001944
0.603317937946607	0.0466976588170884	-0.672823621200719	1.0483229369944	-0.350373771028858
0.616528386227481	0.523762110503873	-0.348213527711787	0.794023978650856	-0.0444415296777436
0.24650282661647	0.777864506687972	0.217160741314437	1.23006377359545	0.0189405799506545
0.700314947632953	0.910778303040749	0.198914639244895	0.452814140471528	0.379923772554876
0.165295579942355	0.855795375454922	0.362013680448365	0.227393979147821	0.12288657949444
0.495037306996224	1.05211285611015	0.489556466660776	0.915171701365466	0.296843443487533
0.513694690668183	0.585448235100042	0.925102517416204	-0.283706521885507	-0.245352805129556
0.242715403608145	0.679512353343494	0.803621021774738	-0.0270070360599732	-0.243533739225414
0.191591471813471	0.136837248393471	0.915432165677126	0.5640370301235	-0.0875268766649743
-0.139305522522296	0.165673702135516	0.918252601007433	0.337379414900433	0.0108147671574027
-0.415347975944245	-0.450296482634876	1.0725877931527	-0.908279676363901	0.062202351483158
0.104171587965067	-0.325355830684767	1.24003042892937	-1.14827567089398	-0.163975027461226
-0.177947196471316	0.179059472904304	1.00951969114858	-0.380907294923994	-0.164313816514083
0.415094410082279	-0.1792513923319	0.999653094223954	0.020840262498278	-0.197753620917798
0.0385896829397658	-0.0236233385614806	0.444226847791964	-1.45004527043298	-0.392140789724557
-0.00151099612643709	0.336263459375825	0.0899655047307004	-1.57967801227419	-0.172006852969778
-0.479930679747951	0.244392826235698	0.54488683627254	-0.367815935874631	-0.114090152275522
-0.544587675067222	-0.00199252812293652	-0.194562927934592	-0.953918938030432	-0.18397575744273
-0.21554343420867	-0.437347802167643	0.34740577666884	-0.132565708041207	-0.285834770454885
0.0150642295316816	0.0190348768233877	0.505402135356888	-0.427100327516723	0.0797487398116838
-0.272236541874758	0.237647974999408	0.177146105973305	-0.0268370307741282	0.0321246422930127
-0.358362662538965	0.0275609214634304	-0.171743000809	-0.0553415525998349	-0.101275384389042
0.169275666922451	0.393753001899416	-0.0833603000667099	1.01637513039988	-0.15293274174019
0.559488224888148	0.262498097695999	-0.709671033822501	-0.470148138891657	0.24916246198355
0.46493986983231	-0.296524224644693	-0.601219130527476	-0.744880557973788	-0.16794161787252
0.630474829484728	-0.20177309898289	-0.161719981949366	0.0455279470431339	-0.0119565491571669
0.303891435288067	-0.46233835148535	-0.374612902112537	-0.94796951647722	-0.117477138348415
0.268745319200253	-0.308133736390527	-0.314645311700663	-0.492604556838185	-0.450210502553744
0.439127869053788	-0.0152259964372047	-0.253158705124727	0.412453185659595	-0.0363765574678512
-0.104608718350955	0.268248015419708	-0.151831181536399	-1.11986573998119	-0.222941056001057
0.213614994560723	0.10126108596291	-0.10295090888452	0.124187905507138	-0.134365596869574
0.421785564376594	0.384304700933414	0.118638524094571	-0.940179543886111	0.0195081574623522
0.304739596265051	1.33505648678358	0.216190209741509	-0.0431022002490002	0.212409679955562
0.812832592531818	0.97358585173955	0.326959488271443	-0.000648224505965465	-0.159467822266484
0.22614777718744	1.22048004401369	0.388014989717672	-1.18867450667155	0.0185131773888693
0.391057832182743	1.50658413765106	0.43180536305927	1.08172379434181	-0.0557480038176378
0.739664148784002	1.01794323485445	0.717723751694018	-1.3900109794134	-0.033904764961512
0.70676211319587	1.06382049094176	0.827538026459572	0.146455700665119	0.161037382702298
0.494286092148222	0.408560177654292	0.865305044991705	-1.29721931489851	-0.0274463790465721
0.365989303655769	0.411400407648162	0.74326228127759	0.52701577988035	0.377440312053074
0.439208860820325	0.562653826949731	0.408932275000192	-0.691067952781283	-0.238922760346814
0.467671926318645	0.341219998939968	0.220947045358516	0.50593997163472	-0.17922018034273
0.213461815128406	0.272195215218304	0.0166090249955119	-1.54516967181413	-0.182239056960603
-0.393468685413186	0.191959261840367	-0.0883539344755345	0.390285525089002	-0.368959310756894
-0.121452408718273	0.120303318304163	-0.0871221803410582	-0.298123848948064	-0.188690267157154
-0.0144259887674592	1.09126702641456	0.0593085941808299	-0.236628841561331	-0.0091822450578814
0.0668556647936044	0.0418686650319904	0.497446895736959	1.45944034514369	0.375040451193437
-0.324750051007383	0.466917570427017	0.423670860132849	-1.67634934782072	0.174006053609204
-0.241786703425322	0.504083746475967	0.358860667198219	-0.336287704370289	0.249015958258898
-0.870825884601389	-0.136576647144587	0.29632309773586	-0.259574198530734	0.220265850231463
-0.001246052338348	-0.206046191137137	0.257054338652375	-0.269383931360762	-0.153614379781629
-0.849909234861734	-0.920308612856234	-0.0139261521001857	-0.995206419352203	-0.0406972667397744
-0.373781103812881	-1.15735106763153	-0.702094680204452	-0.428441165001848	-0.209143577595383
-0.262359384194924	-1.37186642521253	-0.945302210578848	-0.531732480705224	-0.424915518203534
-0.477147091466501	-0.93004278801276	-1.60102847032597	0.755118567736884	-0.065779828652688
-0.119174454575329	-0.740564978929013	-0.966199935015415	-0.36645830237611	0.0164378339198011
-0.188977157827894	-0.927388702725876	-0.715541673133457	-0.210402354874735	-0.183867297830175
0.254810133556404	-0.627992860286064	-0.440074083515245	0.675169414301241	0.123304494206784
-0.0158490753338394	-0.339174894006001	-0.0994197566295811	-1.56651547817126	0.292914268566676
-0.327305117469996	-1.12484670069821	0.250392114582319	-0.0659459669480807	0.223732598459211
0.423212041687129	-0.43569385895121	0.0712048502977517	-0.717121543915599	-0.028752898328019
-0.167701881961354	-0.144145127741943	0.0356224777178293	-0.600602123071741	-0.0722762243036916
-0.547818708649533	-0.546955218649895	-0.217387965244358	-0.0388804121065156	0.270745616141778
-0.383173110802785	-0.657110670756756	-0.984694153989177	-0.899589518711847	-0.48171841676288
0.320958968249702	-0.811041068617268	-0.9390434123501	-0.511092661939981	0.243273042764502
-0.467911797675395	-1.04654266026559	-1.45642215363247	-0.631263053804843	-0.443329696053776
-0.499854988081291	-1.62468538093752	-1.66894058102462	-0.905162147230766	-0.124888320416956
-0.419316191553845	-0.784693753367552	-1.4947161394007	-0.677163930354055	-0.847510904597105
-0.617871714184007	-0.686058056859723	-1.17289744225888	0.841311590195358	-0.586336027093721
-0.696230115181258	-0.566714283417747	-0.792926429645349	-0.0154201332217529	-0.57252585636064
0.0779157712354799	-0.000756779002328099	-1.01657823163441	-0.835970957636906	-0.454740304183921
0.190182993478079	-0.370818810352065	-0.493184288994319	0.163088771101161	-0.589296047323322
-0.187975939788731	0.0381653477243789	-0.384247600421628	-2.00590727660169	-0.292665026042183
0.372252283032625	-0.0185982849759042	-0.0962453165390371	0.0014918616714872	-0.218850934880017
0.158216912488156	0.16314516677152	0.231512237972523	-0.794448328141561	-0.2081174542979
0.650330254542008	0.224975591477281	0.00227898913157216	1.70175695180293	-0.164002040341266
0.409446528149432	0.546812500832277	0.302823572906682	0.73051268302577	-0.0681136264341706
0.400015948724749	0.799734439699453	0.625014315593849	-0.287923385325106	-0.250431527060034
0.351040002012618	1.03037621608724	0.350610200545942	1.66704089413408	-0.330745885759801
0.75417726780299	0.902670775716732	0.815971645326909	1.3431174653666	-0.446583849402732
0.349853997811246	0.768292350500562	0.777561880076035	-0.217312710565877	0.00939263757562992
-0.0439582672325798	0.432013814440302	1.01245657877172	0.311202285650566	-0.110758997077612
0.049896778773982	0.407895797156292	0.520605846849832	-0.275257892290935	-0.0617023501031993
0.28896003496205	0.484655340589143	0.923505191470794	-0.255959554485994	-0.00467891582681628
-0.350579274474731	0.119353045451841	0.533729918398179	-0.0307567270849744	0.107330301215006
0.0987512371811745	-0.0485332399313935	0.295381054504824	-0.485290260681047	-0.112969784013555
-0.190339288999608	-0.0809016850842643	0.404963024816078	-0.0349241739072945	-0.121358099174778
0.102562224141342	0.148463340704129	0.292265976777698	0.344569874517674	-0.349760235084616
0.333748911179781	0.640501404868655	0.761502976163495	-0.295611022918719	-0.37100497436439
-0.0125304868231955	1.03545544535339	0.506494591880685	0.728109654917483	-0.334146076004104
-0.233247741478529	0.517806661815989	0.543924720257976	-0.176043357128195	0.037193990528169
-0.057402480300392	0.352570736853243	0.185753223166718	0.0457140137603171	0.0441795719811224
-0.305299853348502	0.092896830607289	0.370941283321818	0.921601447347849	-0.272113802305543
0.114586252249531	0.172868286073135	0.345611182921475	0.442900872274612	0.09884289665641
0.039892211973809	0.0289817014457946	0.456872620394738	-0.785836192815352	-0.318686514370936
0.764730716528497	0.376746397190867	0.232336151237837	0.883014884394149	-0.190582063257915
0.284875508471708	0.33792251618146	0.186077075726175	0.412546673774329	-0.118215223636647
0.139683973390629	0.238797317524127	0.0162830821780616	0.84701557449345	0.146672530591946
-0.387563673581435	0.12276845014595	0.0721533843364115	-0.200344096047961	0.0945366053260572
-0.0502106650729795	0.703021397521235	0.533981169763106	0.911947056679674	0.334181664752441
0.314820602017193	0.817819309352429	0.603152796893139	0.458497418432319	0.295081000505375
0.792238005692139	0.384511374810271	0.768739269550692	1.70830119666129	0.381072767379384
0.633855889893703	0.62524087742051	0.935608689191487	1.34364183908962	0.384335618840071
0.411386300002334	0.763045071887733	0.978873459304466	1.35035622705115	0.181475348987842
0.265172502006286	1.10021261383743	0.956600250560875	0.188797440084713	0.390071900469242
0.641652410500096	0.744982282843996	1.11260661517482	0.610276512505351	0.285166982507378
0.575740740657746	0.844119585949627	0.976063118878402	-0.423166461777094	0.460530457705941
-0.148008659190946	0.203478582613507	0.800730510763755	0.00290380023525855	0.485998800329575
0.145256224778437	0.55607018755183	0.478756429227748	0.248564595445271	0.276663431195798
-0.367397780565817	-0.761314094245549	0.407165171717596	-0.250320500423706	0.167706118526873
-0.221636756982789	-0.414411586286837	0.249068469279453	-0.380329648710363	-0.00118970433241698
0.509142430766239	0.0956525193833588	0.489930132265649	0.422685649340285	0.182463079689694
0.0938378512996981	-0.21277186289666	0.131500462940159	2.10764355538984	-0.246263633860778
0.208255258861479	0.161035753173391	0.167137618790827	-0.286384478353262	0.0481677737953104
-0.256753420170702	0.296746603024282	-0.125973913556169	0.886084520960342	-0.232121408850248
-0.180689291078055	0.74468531270527	0.255581403672123	-0.167821774014542	0.278573935275707
0.223587440980001	0.130359506148856	0.507036319540144	-1.36252247063394	0.160345873316055
0.363611827053878	0.0437866241137684	0.608106737061422	1.54777895711803	0.266326341561581
0.272418306226666	0.280567840972767	0.627395174725395	-0.3015141231282	0.249709422380782
0.016729138027562	0.353369225229143	0.151815969000314	-0.129205856991487	0.417084990352553
-0.353596695856702	-0.134368172949606	-0.347129129961189	-0.242629390534867	0.126305941866215
-0.510295179057312	-0.583461155231894	-0.59472367047315	-0.461876160443921	0.323074465701522
-0.611181915765055	-0.869836179741928	-1.38478699951009	-0.543711228869189	0.616725626628411
-0.512016801501187	-1.35777292336822	-1.6392608042785	0.076004995112115	0.535191858839056
-0.319483591805515	-1.13383943831388	-1.63270868691842	-0.00580677225394067	0.481976822419138
-0.000409317676134399	-0.689708514049157	-1.18643420609473	0.933250757233799	0.457599937401754
-0.22296773799786	-0.554959195007567	-0.459990341716734	-0.184368230336894	0.506331167578565
-0.568540662435754	-0.613814138871523	-0.706204226755738	0.208038689794466	0.455032058261949
-0.0305943863247766	-0.730412866262694	-0.287224415056122	0.224098307635463	0.0181610442814019
-0.273793933757817	-0.624656604426693	-0.281848461997595	1.98803557421131	-0.0833482401339664
-0.0602328147196149	-0.851705331309131	-0.610467039262384	-0.189794866246603	-0.313410714343781
-0.380769789039739	-0.599619894138469	-0.951100886146486	-1.63276812452236	-0.248572718059559
-0.0508950197398318	-0.634271280815218	-0.91358868407291	0.81060963078676	-0.459482780554852
-0.21090168329871	-0.19514663666249	-0.74135848905311	2.47179248069616	0.194474799675138
0.389783080339142	-0.250582013442049	-0.249608937430512	-2.91030342549633	-0.439296400951646
0.0264290666442892	0.122107096626302	-0.246536416718903	-1.30967352561022	-0.237699276305334
0.217699034307028	0.297003627353908	0.103201004375288	1.27870825202633	0.16911037313639
0.0224997254395219	0.0560416376623319	0.348198457503487	1.60894023994235	0.17982248880062
-0.681725522728184	-0.701715068699884	-0.204172132484944	0.896598253799249	-0.0226739878096869
1.90172483690387	-0.345558454746143	-0.954349619672655	0.526707637490035	0.348070013585721
0.670289774164201	-1.14892207879968	-0.927933805304146	-0.811193929192519	-0.0245048079128218
0.265208432458964	-0.88272941762455	-0.686520302801794	1.32528439856864	-0.693959469251956
0.144740762260321	-0.748504121858051	-0.726037763513284	-1.16709829930878	-0.615227508212923
-0.0682333180514839	-0.775287084422496	-0.297773123205876	1.29953562781206	-0.157141100168712
-0.226920658030028	-0.409467488230602	-0.4035629229157	-0.38003577923641	-0.425005132775353
-0.483722240288319	-0.349018352441035	-0.219379888868439	1.15136143436089	-0.520705393273231
-0.870398997093819	-0.179373519870873	0.169088178909006	0.766829785421297	0.12185121961813
-0.750070878816872	0.0809430796798804	-0.386819218185726	1.96838280809838	0.239017773270696
-0.864812138073479	-0.13509470981986	-0.281682293604724	1.15126169414222	0.0534153358991624
-0.324289159398358	-0.1233537984566	-0.0106848283156994	0.770916235919901	0.0910245827868859
0.299126015437898	0.0130578177984804	-0.026593088333757	0.328886828723722	0.504990862406967
0.763572403220822	-0.126814509893027	0.0964951843609854	1.1483050388054	0.342063656313018
0.76953337993558	-0.0275032235514421	0.146065501346039	1.50629318399976	0.309198651909782
0.737621169507321	-0.473455092503934	-0.0220115598897999	0.904372189243188	0.270129978399077
0.29273012367738	0.133048675129316	0.0127407848222228	1.09401995664386	0.436405706209947
0.510222270431368	0.0370885150233509	-0.295096006243118	0.210055201750279	0.236576127088543
0.108475722389037	0.35041376905029	-0.441960352864591	0.228030063741136	-0.126627914144165
-0.275769929538239	-0.148782312931524	-0.555508511932936	0.434666508774194	-0.216024568927553
-0.351264249248525	-0.249794011018083	-0.799702036795149	-0.806569570409	-0.364038949249025
-0.127103854399635	-0.328514725989526	-0.303278714474895	0.412424370900747	-0.581124233899149
-0.375915454246478	-0.853110616100613	-0.608325388244543	-0.661155945462654	-0.5878447562313
-0.432911264760272	-0.787551031032404	-0.696952273371111	-0.0740985351130186	-0.534403785540251
-0.182215502106	-0.668896950109093	-0.67931965266406	-0.542423415609573	-0.701536365553591
-0.15066427856612	-0.491910403072872	-0.193414348039084	0.084989078483682	-0.219804110762803
0.0204126133274966	-0.657273254415971	-0.708280987518677	0.026772280235596	-0.601477646229022
-0.0646056342012237	-0.170672388055412	-0.168170374767887	0.104355098939162	-0.133671455655142
-0.0605094430445991	-0.176886518004336	-0.29837935234276	1.0144913905993	-0.0888870349341259
0.117085426337681	0.117719133894984	-0.0106126970930986	0.812298662364864	-0.0646504274641454
-0.00110052244649418	0.700076163243455	0.28509811300305	1.06354778371395	0.491484978029738
-0.140625586315428	1.23632770862855	0.601237167191645	0.741700315293507	0.756162836730849
0.446939882332606	1.08311161441747	0.984945660276044	1.31529816377535	0.552712891536489
0.460836311705361	2.05880349999216	1.54785103115355	0.442467081984023	0.786808220284407
0.711508000412263	2.20400811621138	1.89090621000089	1.56498199267036	0.864015698717761
0.349589413495452	2.20324793715292	1.89899728322568	0.761529571020886	0.669068134582728
-0.01909620622493	1.9891304130488	1.81638293299742	-0.722144215200107	0.562614846531599
-0.187060410820543	1.53586853847483	1.89839968289463	0.158927449802711	0.17445873588194
0.458634607204276	1.65317335387615	1.8751515285005	0.606172636645914	-0.0344285243034559
0.38364446623115	0.726606179852566	1.15870580638875	0.686380002648357	0.227289438699521
0.266878091815993	0.12664185152625	0.878417065294594	-0.722371813056095	-0.00191903730202116
-0.198314412099962	-0.089734429830511	-0.196410344199831	-0.617383783639194	-0.429903218826871
0.0946738849081676	-0.46840520962094	-0.183588522433373	-0.4385118575367	0.133571327959275
-0.444711249713226	-0.14502601464655	-0.692418452657509	0.659032612957918	-0.345150569995198
-0.195683857839603	-0.179109856585347	-1.02793017754632	0.383200401548979	-0.22447998362811
-0.37600380581532	0.163964613286983	-0.265851499870745	0.660837431063208	-0.451943775941502
-0.431076421586016	-0.259539486521582	0.146001243366213	-1.09318836140082	-0.470183209484509
0.236935793219407	-0.0521228374308272	0.160018127210131	1.58195394411965	-0.0743674503808481
-0.292229537887628	0.260702242836058	0.137375573865454	-1.5529715962731	-0.218338432893852
-0.278409757905406	-0.0729826551728947	-0.0548802670743163	0.717603903947014	-0.129464538364405
-0.636150530023965	0.0602183253216586	0.091995354299741	-1.08035265915594	-0.0596827426482163
-0.260252819845669	0.314243959036658	0.156245305996076	0.281703977718767	0.0932252405493892
-0.593474587916999	-0.00437562063531773	0.434553284145621	-0.00565572462369753	-0.169534519895184
-0.332431555154962	0.374280617331909	0.423229705365727	0.409133889995757	-0.144839888658509
-0.360480532488716	0.644784159223807	0.445249522358714	-0.13015413153901	0.0249478944962218
-0.167644907902492	0.114219874284275	0.683993927232616	1.05126250326701	0.107854217937931
-0.276541232948442	0.594836157461288	0.79652394400781	-0.660064213383352	0.202871975605282
0.0266571590015932	0.528597932426703	0.660282804277452	0.680186461551418	0.40772534178998
-0.564531863240298	0.31492766575896	0.170459013442091	-0.160366865141946	0.348908596291075
0.059556438306697	-0.0490595664958369	0.104375266389518	-0.911375438738908	0.0760750470267516
-0.435980040138575	0.836669719340227	-0.00876605739926266	-0.207768080712707	-0.346803107523899
-0.260212131442649	0.404052872423433	0.274652515624778	-0.952304841658899	0.00322577868861595
0.267212757024238	-0.0361463491604448	0.10606964086024	-1.33390583178275	-0.121899265374539
-0.281407872723101	-0.441780972210951	0.0629677926270412	-0.47199654071377	-0.158798453932801
-0.363923268518772	-0.466311110947501	0.152490922271139	0.260187237945029	-0.574003829288855
-0.118870491393732	-0.721870877633385	0.207890261740827	-0.413384422302324	-0.211922775685356
-0.167893362570921	-0.327302121806072	0.00669301741433725	1.18831324452294	-0.445958727146291
-0.688458112482622	-0.155795742885657	-0.208566979568168	-1.82866630617471	-0.477749466803099
-0.328582216218758	-0.887437971109855	-0.515219477454042	-2.72137274397424	-0.190027583208765
-0.73384459512634	-0.809384389963417	-0.409363084432693	-0.594484664643282	-0.0121224996036637
-0.360965066479596	-1.17037016832956	-0.873478427082718	-0.474794050084117	-0.101313030530853
-0.744370617819413	-1.00790068196614	-0.686310986769075	-0.212732037152477	-0.265401963117606
-0.444375468635043	-1.44463219633291	-0.885270263456504	-0.0813463456808749	0.325125583929782
-0.853242185960083	-1.32559710901448	-0.474908761022012	-0.286753606916836	0.0865806863770215
-0.143443838850813	-1.0522874777004	-0.586848456431859	-1.2620334253598	-0.108603371644216
-0.24764168195124	-0.94135532344835	-0.621758281162244	-0.0944615878331576	0.332110066751092
-0.766841467989864	-1.26547756379766	-0.612763379924426	-1.43771125940804	0.362589867682311
-0.366306400243273	-1.05932194574168	-0.799615050367117	0.165022716606769	0.307622451402727
-0.634532493548424	-1.05315391390797	-0.988768645844115	-0.197992985536365	0.101597675302769
-0.663366792929144	-1.54398006551022	-1.16437522923935	-1.03239494024701	0.109185941785522
-0.277101915438393	-1.05104679964574	-1.23901481099424	-0.543690630839384	-0.061831980469268
-0.579180259563331	-1.54328205950071	-0.996017038789858	-1.87653400868507	-0.263179146840867
-0.112045283048921	-0.86562709531551	-0.805516928154232	-1.25462082321965	-0.0364078468852723
-0.0762435962178622	-1.11909530984213	-0.369830435063538	0.836441677323967	-0.254646560415206
-0.0713334510349165	-1.15572443100935	-0.160005888369815	-1.61718672795069	-0.104216872241942
-0.665384075648256	-1.07462910792171	-0.667238381947203	-0.200739433329362	-0.340463213224446
-0.447833662796168	-0.857231707190834	-0.299051035928789	-1.73331785040766	0.183774593948432
0.266384602973827	-1.00929239658371	-0.279378280712203	1.05377249202904	0.13513566241213
0.332997890872411	-1.16185187203718	-0.806388229842758	-0.872498844844745	-0.116484747063143
0.153669920337393	-1.09127577274515	-1.06403035751757	0.0139724678769687	-0.0873875770450433
0.486917872554663	-0.781662787945833	-0.7372560796955	0.249077868155549	0.0461809279601637
0.776188700458944	-0.427846004106946	-0.811166378194746	0.110132164290808	-0.252287663527622
0.45267376946872	-0.497168104610829	-0.602658072954325	0.635745465100108	-0.20639387505021
0.798138134313338	-0.279316780294554	-0.608594257725145	-0.667005888936188	-0.441558904521165
0.841024077574433	-0.323889975520067	-0.0605436943436073	0.0785840372439234	-0.742218087513338
0.83446159017403	-0.307515433854945	-0.408822396030927	0.625659540651486	-0.63303969555038
0.819371057115388	0.256242402444376	-0.309712089921663	0.175568935103706	-0.119528154914728
0.329941634950477	0.0366365864902903	0.140391293090262	0.132463505265046	-0.137400774814032
0.532856029640615	0.556191137049655	0.345714088083164	-1.59012965895895	-0.303547986599925
0.173876739882448	0.820776302897848	0.442345110978758	-0.00439773005010253	0.0958538998426323
0.621872631720308	0.815313927616117	0.319875455811966	-0.677586810103647	0.169488287029774
0.0410159880864178	1.03712548091462	0.683965326933625	-1.19669433183395	0.070216017249351
-0.212404291613147	1.2463187790064	0.765860602231701	-0.385741670843261	0.442681479194515
-0.0218647138805171	0.941383038582371	1.07449980295738	0.671195449311505	0.356220394389621
-0.352844463676309	1.16286702520462	0.795346648743738	-1.34146296065216	0.0576927614720255
0.378403225556237	0.496298952418456	0.706294927978575	0.886920335655219	0.387315929393428
0.289600173521317	0.712473673996446	0.6071545306772	-1.00653123189733	0.481096835512757
-0.208513293613397	0.48195847257905	1.00062756045167	-1.1401367860955	0.52765137790394
0.00485182396491721	1.14949091870469	1.21600787354587	-0.129698438216727	0.217462250986389
0.375616324664991	1.11641144827901	0.86309446248222	-1.34156295486773	0.507640037543884
0.582942102935132	0.517685927854008	0.778399091921542	0.22882095157967	0.467182230016372
0.494366137915722	1.0944423490952	0.853669581927132	-0.178881280207734	0.551728095108222
0.379105041228622	0.578919863978403	0.983848537739329	0.279788273488418	0.208032395497196
0.569535417990167	0.940642918772235	0.801933694913918	0.385809017107918	0.264672134258265
0.101695124331675	1.04844011462504	0.996967821826748	-1.11642292716327	0.460435234059949
0.134411001174677	0.624451510887442	0.574202351842138	0.791254354089461	0.618151664325194
-0.00400298998450941	1.20810042673849	0.384868551336703	0.357797477057525	0.844424521956158
0.216785672377505	1.01263230504184	-0.60809677494636	1.36814138820585	0.308898270881331
-0.0174630236411275	0.606660624609652	-0.475013567868107	-1.45503926745904	0.609721287174165
-0.0349578083609053	0.76517802686565	-0.00717186889831751	-0.0335258119773086	0.28348636824558
-0.285458683649684	0.529898739883053	0.377485500342375	0.542461928437077	0.102064141840523
0.0658586693510083	1.00298881885972	0.351488725716971	-1.6510867539711	0.114640572175668
0.225598422542905	0.720326032089537	0.491175756500551	-1.21304822743746	0.226744828330393
0.152168055190209	0.871302837728377	0.633227490944578	0.574467063876749	0.0639491582715987
0.0839138416604459	0.732427288314585	1.11563047130406	-0.304566492598422	0.210549352333543
0.497900209686227	1.43121914387301	1.16073437848797	0.937738086965548	0.650872663043561
0.591518770498343	1.44263079535912	1.53927241889553	-0.502906834615129	0.155827986030028
0.190146227924146	1.60668232256556	1.26204164487934	-0.0881117738254708	0.613181483875846
0.306991791859249	1.26571788342854	1.20998343416368	1.07288120271971	0.486541753882901
0.0404338176468502	1.37219062760595	0.681776516445912	0.579602412187808	0.259624247547469
0.394606968044261	0.750336982873924	0.999673892877993	1.15962231658339	0.526143102415117
0.345461940850054	1.06017168169481	0.62221951702588	-1.36329218257982	-0.17805259184762
0.669422691423596	0.967793279427051	0.727823098418588	-0.081856159437862	0.332397895456755
-0.00586484646127522	0.377451587640107	0.273610040462157	0.424809477435078	0.0163797110764914
-0.188578533429501	-0.186500558191172	-0.447306894705458	0.272453060738556	-0.197571170024639
-0.697988858295146	-0.766130953483147	-1.02192877112703	-2.14343322953003	-0.139200662409026
-0.332460436431816	-0.575146386273059	-0.684591794536176	-0.362514987922451	-0.624879286827973
-0.206730551169647	-0.851211574554893	-0.516961229897376	-1.03954144910212	-0.352482080712651
-0.269155272609542	-0.479536747341737	-0.213875446755372	-1.77720360683631	-0.599197171587846
0.183056570659781	-0.395904075681869	-0.274805612232876	0.193763843363874	-0.498741710415718
-0.10355937331064	-0.536204280389453	-0.561334293569929	-0.780688112748159	-0.169408432313613
-0.484653416947908	-0.320792497958698	-0.344983413339165	-1.03369787429485	-0.269890383464729
0.192396407645795	-0.0392257626608269	-0.28125750468528	-0.232105900039022	0.435072157208137
-0.133377164442117	-0.617777614258677	-0.741733167748698	-0.162685822840128	0.296110269214771
-0.0886874940214153	-0.291899702038525	-0.819259794864857	0.0374473455586616	0.273217380327972
0.109158367891582	-0.549177404463727	-0.407466344256417	1.33999445669083	0.24097416220936
-0.0699020538216168	-0.400013758743449	-0.533482063649188	0.107712521883493	-0.0294416289702691
0.286151332022352	-0.334711083166793	-0.385635196254983	-0.18887389003628	0.310221860876032
0.124071318014305	-0.447382570374577	-0.274545296175417	-0.032741281037005	0.306737716064102
0.420199353723036	-0.495649136203006	-0.387403998719167	0.583353610849339	0.243909537636797
0.808731801163331	-0.294706838701318	-0.679504511228184	-1.04025830960699	0.451736453207899
0.558561561850392	-0.277447678437583	-0.996740994395145	0.335246848754065	0.158654358063212
0.453378879436987	-0.442098022438374	-1.11243099173967	-0.0263911686805945	0.169768212222938
0.451055451307665	-0.767639156706798	-0.864117998262949	-0.580277130067965	0.0745974973230665
0.268614790315169	-0.593950757958246	-0.906098968250806	-0.46037878844908	-0.356735601842887
-0.140481689778138	-1.19891438742202	-0.736925254583082	-0.439423010633301	-0.37370842823274
-0.235493814808437	-1.23980247511604	-0.922856441964224	0.34029855622592	-0.21296108438784
-0.317783374765926	-1.11356529923911	-1.32583056131243	0.397630496434786	-0.441700315634859
-0.417478966589741	-0.903968373264864	-0.818027084446198	-1.04572701149014	-0.16276238123833
-0.0684012859480866	-0.991011416094044	-0.730910566432273	0.0145806194700614	-0.0485725737606249
-0.494484641613775	-1.40512375586442	-0.623082148954412	-0.202878225838994	-0.143898409262145
-0.166541975112226	-0.817124036233036	-0.583755165682679	0.138394986842314	-0.404385618410493
-0.25543565246232	-1.17411315234166	-0.644031191658759	0.278767669772446	-0.0942311520100136
-0.256724877763607	-0.945743180771491	-0.666728858428133	0.565587131324245	-0.51223711004599
-0.258776277068037	-0.726602435264179	-0.907640896207806	-2.28922106701775	-0.586177848542174
-0.0740015039173788	-0.488201685004432	-0.646387346232753	0.475202165353095	-0.441329451646058
-0.247504196178737	-0.239358073323565	-0.400030237812723	-0.0308547538880162	-0.486126572605795
-0.180058659937067	-0.143330423968053	-0.123160747872661	-0.615676432476464	-0.281758943965423
0.229743122759951	0.268478385201027	-0.031503123528186	0.717270364544695	-0.387115486016871
0.202810969497667	-0.0641034235353095	-0.302867547215039	-1.01915554738937	-0.2270409883841
0.429858045461763	0.00505969630074609	0.0197822317824211	-0.204318624008022	-0.236549734655849
0.136441894974091	0.0250128254389002	-0.263518067397572	0.0178290438241346	-0.0862699690520983
0.430957266270897	0.121078321690297	-0.140866610432273	1.7289049264147	-0.094706476166724
0.329729227264209	0.358271785723693	-0.0777597217023121	-0.487093692314274	-0.0884928410983723
0.103165901483987	0.663004259052703	0.040153124827015	0.570685654228484	0.279548919745159
0.70998207842454	0.505221522842194	0.266853849162861	0.805525324170351	0.1454414854194
0.37048298350999	0.810840146086824	0.41300509495131	0.50018325875962	0.676066718141129
0.730176430304883	1.32536772271375	0.585307998937376	1.21001429707271	0.743488313509611
0.424230176208031	1.5906070753266	0.829636262779236	0.824479614212448	0.588275316012246
0.447284078811893	1.94472365120594	1.03318266449341	0.357401479857973	0.571193798308052
-0.31213231962021	1.28221295056899	0.953286093934392	0.664381415772514	0.701782394817012
0.265317732861926	1.30888080228441	1.11519992461984	1.26587497049851	0.249270696805916
-0.0105824359873251	0.893817416503261	1.4534979941347	-1.12460399954515	0.292289589132824
0.185365793626614	0.655377026339793	0.462844962096135	0.988073825963909	0.164534134322212
0.548079581101484	1.2202519072996	0.895710376204969	0.231795991963747	0.346060328171781
-0.172805223216188	0.213527910784113	0.654304010087012	-0.464797599645948	-0.162171983563889
0.190561885493122	0.74791878970568	0.478981559816526	-0.298643757040052	-0.206677333364382
0.336856698315172	1.07451388576173	1.0013654068272	1.65364661346445	-0.00321644317542247
0.374186000384785	0.772366668329347	0.764563273575535	-0.474511809522199	-0.188443205259004
0.261347940610418	1.13088701975665	0.657720269901373	0.37073590011789	-0.0593311019032287
-0.353610326238651	1.31535639219879	0.660556223671831	0.322964420677184	0.279786932846532
-0.303297103978074	0.545526751180858	0.104438815095776	1.42229809654729	-0.0929280239097549
-0.196385280512169	0.775134861426468	0.413401228587519	0.555731578650861	-0.129807839995459
-0.281546105991114	0.801915704447868	0.28868866583219	-0.648062163406423	-0.419326654843985
0.536474718904208	0.597450254718785	0.753486198730519	0.901856578994042	-0.50543931514559
0.13598812063148	0.412244926905177	0.69618748535074	-1.34987950897904	-0.171395992910455
0.466509421403443	0.417350575153179	0.49881431123286	0.550575787089627	-0.195986355509387
0.103788732995387	-0.152668334460646	0.47791143723343	0.450415738467724	-0.148042544870181
-0.0727116138065973	0.0459561615277243	0.370300399110079	1.03285782383809	-0.159792579980793
-0.109843716554782	0.561116003338648	0.632889631781943	-0.686427417904329	-0.17654785530573
0.404975295145983	0.4213063120705	0.785688009072223	2.13606617012985	0.255012659415366
-0.00922239169267036	0.596958983115778	0.620150233143636	-1.42748291253993	0.0340090961315996
-0.385883091851574	1.01642765646866	0.958437586828933	0.962972126188442	0.312121208487767
-0.296780877589107	0.824053084830527	0.826012340908106	1.11792685126391	0.394375318969902
-0.346332743719516	0.928580001965917	0.937578064866278	-0.283905515069125	0.357105051009028
0.401313239784024	1.46475488956961	1.08510884710614	0.324460239834212	0.533163013771257
0.463524021978836	1.40430001071185	0.917462725333566	0.757509138068552	0.216473958688796
0.390461810788258	1.05572477708825	0.688140777831382	0.00241372396425934	0.1155236623112
0.200624251061205	0.180831257941078	0.17046561955683	1.50819300563074	0.0635347571470127
-0.11575526185512	0.658879253388498	-0.324560086492259	0.093679828132511	-0.237411526100758
-0.969076075915233	-0.186076920479281	-0.218424170379745	-1.07113934666373	0.0623300502126787
-0.268797186951465	-0.371524479831354	0.0691006955789312	0.611282204972697	-0.347132196222303
0.0614810029910447	-0.551692781321975	-0.030760223337267	-0.738696211847689	-0.123890848118374
-0.340037567687171	-0.931308756472211	0.067619621624042	0.466344194724522	-0.419057010562924
-0.417360228967221	-0.892510840802448	-0.286220698825789	0.521649997377702	-0.477802973991475
-0.372994482871398	-0.683219702369769	-0.262221041157124	-0.51729097930258	-0.0481881729682411
-0.240605791594675	-1.06110414932603	-0.893554498343244	0.986306051475693	-0.0244846078966852
-0.382694402797723	-0.979301661608614	-0.755488990890045	0.351249007489739	-0.373820662586536
-0.322555134056055	-0.492010696923597	-0.677632145859865	1.78770128872317	0.0519022334231743
-0.269372882543411	-0.928072769571509	-0.52942685344146	0.341751114988589	0.2687254445478
-0.11316395355423	-0.614740666047814	-0.804154934983771	0.85226585170018	-0.118633014330585
-0.240402623009837	-1.03094345910705	-0.700723656064051	-0.0517137973491549	-0.157780921489137
-0.215604237800944	-1.08356146451472	-1.23427350979182	1.02177480109017	-0.0476375967573879
-0.607771101912589	-1.25219193956907	-1.08031113796767	0.69610233646163	0.0903075090053801
0.395666097088121	-1.21697525003099	-1.54334103208395	-0.656423253240546	-0.604078156573041
-0.442049481216898	-1.13902210957172	-1.50862226760036	-0.782132291877115	-0.412847246058836
-0.360811842595118	-1.44529021873424	-1.03198315744587	-0.733595732380182	-0.229037581283933
-0.482871389122541	-1.05067583095996	-1.10032366938349	-0.998116330220948	-0.388386629903138
-0.680327353114861	-1.17540368256839	-0.572471922075256	-0.963487372705286	-0.519085808821455
-0.531884468661688	-1.48470183633295	-0.306708866614297	-0.265291432703977	-0.598151146328458
-0.242393389309625	-1.41243088314008	-0.148126421432138	-0.63683120068252	-0.391967247634505
-0.513081216442446	-0.986741354255183	-0.124490051283334	-0.488155307628974	-0.53664973796354
0.145041591521703	-1.79888590018788	0.10758712000961	-0.741056577556565	-0.0443631429082007
