-0.879072844067258	0.271152578579976	-1.46369536261163	-1.46794464206758	0.464954602981406
-1.26771610937526	0.181557121651271	-1.09710758086266	-4.15049518052759	0.383777765953413
-0.845506621735047	-0.633539798987451	-1.16796011855914	-2.60665673961759	-1.39838365357465
-0.652198216633452	-0.0673218863998331	-1.00777322168348	-3.46328643418386	0.0926587151514012
-0.282837924966445	0.47611999217284	-1.21827923049786	-1.82578091506223	-0.548824735619007
-0.0692812055798028	0.383555019775449	-0.903584962676578	-2.44156802442352	-0.23852659842158
-0.510881008525315	-0.381935187909322	-0.421002161004053	-2.18342298012399	0.128608137047343
-0.530292115551956	-0.198740201758862	-1.47337255755408	2.52602438390123	-0.537306526359302
0.485186967595613	-1.14352422673087	-0.727127313568953	5.64337731610702	0.962503076439395
-0.225771773651876	-0.30142123893284	0.135717414963699	0.217146952088278	-0.529889842220214
0.0103476692381334	-0.0913303818062237	0.350116855364603	0.302949181140942	0.567985257677728
-0.371934335532017	-0.116459456827429	-0.821468793344983	1.52593806931103	0.346289205655661
-0.113094380980468	-0.315596714522375	-0.423911721069929	0.0406706286070382	0.427003773640262
-0.492112679404703	-1.13211578703065	-0.781714843019695	1.02457070174579	0.221027428689653
0.183154088784968	-0.435259399996391	-0.60788792503302	0.662764120430342	-0.931371468763494
0.448680660805787	-0.565347609156845	-0.248289886086454	2.58262380323448	0.139881908084273
0.235395732337804	-0.0726359012991711	-0.176192447611522	1.30095203634928	0.00991694271670984
0.455675014619262	-0.455206758026145	0.587414047852977	0.19430011892549	-0.0848002879501859
0.108695515384488	-0.438202868206417	-0.300125684693214	1.98098968915929	0.151450323198347
0.408178606432645	-0.423999826687891	-0.710565008313637	0.120266943943241	0.0201070152327565
-0.235123917184695	-0.780367663258974	-0.154265864387742	0.403105036381589	0.632858090410334
-0.209408376515843	0.238763652826438	-0.659482186560646	0.450737058408692	-0.344091090030952
0.386487664134818	-0.152249264636789	0.54306035048963	1.32995079797304	0.115149858812297
0.213083385148412	-0.299581497625906	0.234422435511616	-0.478054827109427	0.139355764069142
0.805980758537638	0.886142118063037	-0.0725769320300622	1.36631540578734	0.17322441755328
0.184227556148071	-0.0516161142525459	0.518900895651998	-0.479242270094616	0.217479066243665
0.274423375094868	0.0112460860068074	0.744419953144417	1.02683606184246	0.460768511039626
0.541054104305976	0.301543485418778	0.839836124354262	0.233805867900928	0.373284363279928
0.742938810223943	0.229909079490054	0.712991184994699	1.11072692783177	0.454216418402237
0.436042811142941	0.30099502149377	1.40034563542377	1.74227882617858	0.337234558501717
0.44995115321845	0.166017580409162	1.00359819687916	1.58956706973843	0.808030779022782
0.320088573403477	0.661047163376698	0.418563969423929	1.17063063493506	0.973552124375683
0.237807186399002	0.142042001385494	0.956471838718303	0.989535476420266	0.444491592033826
0.503746915596986	0.453555343099946	0.61499933897179	-0.292245616747826	0.940049341175525
0.65289868560984	0.732199326075175	0.863583285540148	1.49500397501795	0.769768791720773
-0.0990267292586711	-0.580557637960868	0.503740170735877	-0.862537996927988	0.523740883024172
0.145050440553207	-0.0964980198699408	-0.0476838097233701	-1.05291736974637	1.15533401598087
0.488054407956472	0.608899979056128	0.489509359571271	-0.296267251761826	0.0745420604491657
0.284558721613507	-0.0892415304337977	0.933450149431636	0.658509047024435	0.656574072066838
0.0833894005720134	0.102707784323427	0.825903313997705	-1.66817824561224	0.103730671645208
0.412626945367532	0.458475709144808	0.564826143546742	0.789247477022515	1.2592988222325
0.196109620261157	0.224965702293566	0.297787237967527	-0.285346079145413	0.480453254853208
-0.121920624283366	0.00875383158685855	0.765520245549724	-1.43027157214598	0.831079379002375
0.395319307073365	0.172010750899869	0.981078860513654	0.476275507977907	1.00673279405509
0.185374661548272	0.689780663837988	0.733189969241281	-0.254903233483386	-0.0461868197431546
0.390877199479738	0.0752922856453434	0.241111687699932	-0.220064323343526	0.362021625257933
0.2586484897239	0.279462071257246	0.431670115231169	0.413339907600309	0.881736954976384
-0.0943385830703273	0.116031286131506	-0.197050856965588	-1.04846248096585	0.156626861135366
-0.141629704425966	-0.791768272195396	0.437534586474865	-1.41772289346992	-0.254345360501077
0.234623437497851	0.0313638232807913	0.529154995033837	0.206678069254553	-0.332152577102136
0.824807108075388	0.318856275515076	0.427493119888814	-0.983233451369636	-0.0821211771460092
0.594837192573639	-0.63060505726514	0.407410098919358	0.461282336536362	-0.494511211763569
0.227595929312606	-0.273906762993234	-0.270413505196019	0.278981568889389	0.396053800606992
0.271642088691707	-0.0727855682348982	0.302134361501653	-1.57405632380636	0.337728190806961
0.435187215669188	-0.137035162038837	0.273921298033913	-0.718430562060855	0.115217473581529
0.469821020541619	-0.245157079455716	1.1184030994849	0.336572553159748	0.25364572208265
0.811803525723268	0.243452765184046	0.34389333078351	-0.545864224183403	0.534591484674813
0.312826699573417	0.568280433084162	1.08677099679773	0.612873454091457	0.219187003897665
-0.277411850177363	-0.295960793443095	0.403759515963511	0.394542630739587	-0.224910816152934
0.344341992767537	0.32817021947096	1.23987764790602	-0.0409833189545383	0.313915684236773
0.341269977534223	0.238151909316297	1.18950203177246	0.458772362193971	0.379895836091174
-0.137239127528644	-0.19917830699446	0.810886775167457	-0.590166852891277	0.0239768549047572
0.12830473962739	-0.347467403733615	0.921602989885395	-0.539819290389109	-0.217056622595817
0.272381675195648	0.543747283069325	0.452898484783109	0.260623189659128	0.466147085144388
0.619563833470156	0.0781706955551311	1.27668753719237	-0.181880493184142	-0.226501418838015
0.0298065533503142	0.59979286957617	0.723376304626376	-1.2516024452636	-0.0778908979100354
0.598251035425388	0.0313878732433447	0.187321653551593	-0.0407923820619267	0.118257892047311
-0.244337608858588	-0.0758775056697995	0.540411342413281	-1.25353333151378	-0.137357199782204
0.327354852379072	-0.515998212306601	0.168035838665966	-0.359615172321313	-0.998038726958993
0.0617653601688858	0.0327621248713974	0.372357988621056	-0.0257271718878466	-0.46476119338882
0.35842509555171	-0.124869495054791	-0.0235719141913026	0.501621713331842	-1.31677572782173
0.101184480912453	-0.602349102230386	-0.0786037046033323	-0.526395379649088	-0.530413477809805
0.274916048842144	-0.147478773952419	-0.0416293830020104	-2.44710354357527	-0.995803230004973
0.335680580576697	-0.480610644331966	0.0853721721341447	-1.06292516482811	-0.968278237007842
0.141393252070529	-0.729712064616241	-0.119413788251613	-1.0441985645578	-0.523908486636678
0.714041503280208	0.127016854947177	0.509014282110113	-1.66052068010619	-0.846764230338446
-0.0568992831797341	-0.264050323859854	-0.276558457065941	-0.098686292111681	-0.971248746068996
0.68314288532422	-0.0854850819535968	-0.560482250833326	-1.55092238660174	0.0473262137157616
0.144340127979031	-0.555515841912776	0.00114702678503182	-0.46562417467409	-0.907309345692655
0.402836650867861	0.186371750263682	-0.103259420814141	-0.988227272972001	-0.492289473125434
0.702768907697057	-0.446076760301564	-0.0851124056432589	-0.250487239204084	-1.8104601480275
-0.101850072114736	-0.419122979909521	-0.379234904431917	-0.889292985172032	-0.520441968222028
-0.0578377091449174	0.590690899456662	-0.773700116838602	-0.855336129661867	-0.36833948266964
0.131209104739174	-0.494243521346145	-0.62087892926129	0.169383605176919	-0.92255452040742
-0.0817958729748459	0.158545190497588	0.365303423212401	-0.403424447714843	-0.54863211900428
0.296980637556669	0.0570546802238793	-0.21026016402716	-0.156432225221776	-0.417468911416162
0.186953156823226	0.236058447316245	-0.127734123987209	-1.12704902482712	-0.245869966917155
-0.297737592892109	-0.307718198279997	-0.448396580866751	-0.144797686380095	-0.243682949942261
0.769983981863467	0.155160589185339	-0.268601045816201	-1.2907421750604	-0.374686727981974
0.278328051171993	0.416886500089326	0.42620040373123	-0.696025226899354	-0.0556664940347997
0.617396697087143	-0.201379977601266	-0.218342680171809	0.701439146629653	-0.847044158971357
0.281557822924117	-0.0994343785521097	0.0814975672380015	-1.98634124591666	-0.316449598287327
-0.0769724034848238	0.450648791006453	-1.39454973886319	-0.602894006995274	-0.533836342969277
-0.266733985070464	-0.489314372021776	-0.299511825837306	-1.31472858957159	-0.445895209269234
-0.219027964517316	-0.0253783575453751	0.197553267125209	-1.97215942136492	-0.941512746330345
-0.18459830311589	0.0219476861601145	-0.484204954281585	-0.171426868139079	-0.113448943387232
-0.346624207697377	0.284624064876136	0.00602534376083702	-0.923431583550158	-0.667095276287038
-0.513470084011319	-0.248297270371631	-0.0856138793993839	-0.734512901256733	-0.334162888930753
-0.792358039280849	0.255388070688721	-0.456860815735229	-1.90335373778803	-0.0461127915532746
-0.882285831685205	0.305755560690786	-0.697500915733455	0.313128838635179	0.289761564050289
-0.864902721290694	-0.151028850132734	-0.33988617305127	-1.34463554436659	-0.213026726674694
-0.118314949427317	-0.151609229464806	-0.46845719790567	0.00902844343664038	0.0823504373748418
-0.614943522541449	0.432119818034219	-0.590590211669504	0.385728581473987	0.3446439215491
-0.919279182180603	0.377015205699143	-0.767474868887712	-1.58294470848475	0.0947485554445211
-1.38407930131945	-0.196635448526783	-0.896121859391945	-1.40677346184056	0.0084428773370355
-1.06515564608942	0.674610573509843	-0.739495857086237	-0.756217342257213	0.410470737405602
-1.34656273302121	-0.653551034941823	-0.506525512311338	-1.4333663565849	-0.84845171528993
-1.3671703797753	-0.0791332437679478	-0.684061851910628	0.110120157324023	0.00529689214533171
-0.960219060260519	0.876297051378808	-0.985490771983444	-1.1187555723962	0.00514926048578426
-1.00164236232717	0.195242109264169	-0.654476034056679	-2.11596340927315	-0.0991856164393388
-0.880157447699566	0.522780955153795	0.418069560369229	-1.36639905281809	-0.440961716765923
-0.781639686843668	1.29367547924977	0.0447933819030255	-0.376137046656859	0.271893310879797
-0.723940224419844	-0.351763226269183	-1.33226416349691	-1.69256122716069	-0.126010376842166
-0.737371579294843	0.357754754155218	-0.125575734139153	-1.7633063142536	0.057102334475246
-0.472215803750102	-0.288293335179978	-0.875353301929656	-1.62351859579152	0.643404711752846
-1.31476078200289	-0.679842251384578	-0.646607712298599	-0.961218901656362	0.397879570172318
-0.591219608907551	0.425130417271757	-1.92842038831193	6.33650783251707	0.00801430656957932
-0.213357327809864	-0.508859452822104	-1.48277121697383	3.7587992691345	-0.781550287840271
-0.415084835059803	0.226294704003921	-2.1530299338857	4.05383213220264	0.566697794574258
0.496211138275851	0.238760960246404	-0.967708922627673	6.84329427459315	0.479282532643958
0.032619577305384	0.351621998340247	-0.803000834998619	3.15249029107031	0.519199505231012
1.38113797371593	0.610042482260273	-1.42618662608192	4.14877590246694	-0.0382250819096598
0.405689397372292	-0.145465852754808	0.0722957652275176	4.09855281747977	0.710671303283516
0.364204831960954	-0.387710879943461	-0.176790923434158	5.0484191952727	0.653259324192474
0.653103558824698	0.203742191600492	0.124962019177242	4.90149814152691	0.894318984047282
0.86041494120973	-0.230967686434935	0.140284773979711	4.13667595208136	0.869417408543939
-0.275145919063389	-0.615882126148051	0.186834959687564	2.02630135374787	0.774427569193605
-0.0312857854509147	-0.360452393653861	0.331701795429506	1.67414161534062	0.746839673894425
0.0858710537752928	-0.787677200987532	-0.173520916487991	3.35974373271262	0.722876778744967
0.196349166060585	0.159268639118912	0.865776662793441	0.484427689954831	0.784367756522662
-0.557825625043424	-0.468015358225558	-0.539272503328193	-0.553996341447592	-0.281029176226783
-0.663383339197523	-0.328247183411031	-0.416629956715401	-1.02129315341514	0.207989892473195
0.000649166804550126	-0.347131657274011	-0.24371702091183	0.0492974094662615	-0.134092010496473
0.035312621548528	-0.478836396953835	0.406570702798437	0.186015173189647	-0.176593139169601
0.0730114242434065	-0.0696640970012227	-0.0591082447537216	0.911855651013242	-0.0772024812584515
-0.0884204651726076	0.667657526950457	-0.475358839602433	1.41571486237575	0.773508751178718
-0.0988416615524911	0.170778277189785	0.164164183727028	0.595444125978205	0.587058045346871
-0.22050459262621	-0.0169462313943032	0.172753322379958	0.734769585953611	0.21653936053624
-0.15135994582176	0.58631929018281	0.600164018187813	1.8173414253225	0.882036455673516
-0.0366826776871069	0.435655596920927	0.819848939219547	-0.576847219717842	0.659216002606559
-0.306429881862959	0.021540740717429	0.566854070959645	0.772894430658143	0.30064753318965
0.0887377796159895	0.190951873636787	0.430743605304282	-0.523371259212348	0.385278602974829
-0.281285996419456	0.282070780819883	0.766856515944067	0.394300112487831	1.01638178510746
0.285682200009072	-0.0303493602479869	0.394710358048395	0.758774687151466	0.213031850266383
0.0156598099310789	0.591608311363062	0.495714731182762	1.27066130149648	1.11719187079259
0.335245696949348	0.337827359209895	0.246008594821222	0.977994516585236	1.07417728350461
-0.0588546575845836	0.088179882550877	1.29897232992103	0.267822723848014	0.192211459616318
0.083315983049232	0.854199980694584	1.08694154827441	-0.855360616210288	0.384585495695726
0.532110921824792	0.620555401217866	1.13590165164586	0.77386836044828	0.658399336913348
-0.463760551745575	0.440873071462566	0.53229138763774	-1.51715649017977	-0.0379312585603872
-0.179076203732067	0.00077910312498693	0.118547276789862	-0.27625304160183	-0.559211451073185
-0.172736257857331	0.256401574672568	0.380807772229071	-0.757498326820415	-0.665279036097227
0.156514269608715	0.065144600422787	0.627724150485856	1.31571540520939	0.212725526228177
-0.0633084942154654	0.22890532999774	0.190384530454365	-1.04166148122486	0.281322505936189
0.161286290406211	0.173269070950853	-0.189068040826103	-0.279781540880042	0.125707213553857
0.0779552873345729	0.196030874252921	0.00405516816738046	0.0437817152461841	-0.0382270112062257
-0.202034159647743	0.172741490401021	0.561348622392849	0.7746132950406	-0.141772769030911
0.758167305567134	0.533811524808639	0.56736315067167	0.339601892492731	-0.23749044066739
0.0377322616302829	0.377327238587378	-0.017375081745322	-0.922370746412312	0.416880697366887
0.246322391931403	-0.113348836028545	0.354055658854656	-1.28849279418172	-0.165466899436768
0.141734897647563	0.128801817237538	0.576640409232925	-0.270191375307842	-0.255814842716492
0.122149706675588	0.208828901231731	0.348591047627403	-0.55219118072707	0.0892334968222055
0.157051228506011	0.487210125204536	-0.110187706215141	1.04214980723464	-0.258577923409426
-0.462338771953108	-0.179956823278459	0.204251306500695	-0.475687774563857	-0.297294795840957
0.00437288779175517	0.0902351997969499	0.0499276120830001	-1.32210760578988	-0.306442905155143
-0.323823250545884	0.566877804249653	0.169239796772833	-0.317634115430976	0.213134750057558
-0.0741206845465211	-0.187131748563695	0.532666461362473	-0.958549564948688	-0.540573457016339
-0.523508446671118	-0.0911291928159127	0.303782178268859	-0.921059918228566	0.690679000320751
-0.0499578336811892	0.357283993732291	0.211654329688264	-1.47533152721863	0.00412013012479603
-0.311611395573144	-0.0143293639360811	0.33522315887062	-0.887710083800674	-0.694620605480123
0.287838061348309	-0.493115543325475	0.336085736132619	0.275783864498981	-0.459789136191966
0.157913058080463	0.0723804590941799	-0.0302682098693384	0.719760122963426	-1.0513424170224
0.335026179825979	0.214710834755866	-0.374314252156723	-1.45176711647245	-0.270214639013204
0.362404802479086	0.447007392612194	-0.136604166287234	-0.0528869226005919	-0.819667722892384
0.690929222274659	0.158888988300522	0.0558610264055037	-1.38458988084336	-1.01645637627232
0.30304090382876	0.335205676128086	0.252028400791821	0.730822549063274	-0.463397627963259
0.547486609001314	0.128549782523962	-0.0298597398767464	-1.75707100310878	-0.0538792272980028
0.441278041363936	0.43622898098052	-0.962514134163388	-1.85954091234767	-0.847288483967707
0.29972565007571	-0.0336645998887109	0.251159091010958	1.14012895734201	-0.798213720095503
0.102941846489131	-0.472321338189436	-0.274355086130614	-0.394076769737919	-0.289618035335313
0.492215515279973	-0.103015756760988	-0.174306382146853	-0.548536248205722	-1.19316205410702
-0.426718453279976	-0.35136688877108	-0.236003357210422	-0.324165001787491	-1.00180544615738
-0.140411550442505	-0.598902069738744	-0.187900330806508	-0.50995513572716	-1.28114523735888
0.0354099763055041	-0.274851248642545	-0.557515369128902	-0.237841203817843	-0.384816088453713
0.243110964210385	0.452980320553069	0.207428948704057	0.679143938660041	-0.717718350026393
-0.138240027507108	-0.18340603029898	-0.330027652154745	-1.34807977802738	-0.334749338945109
-0.0632980420343718	-0.300546717972334	-0.825312538590241	-1.15916919608937	-0.300592618255018
-0.119377029520983	0.473567738301729	-0.571034388049855	-0.358061654083389	-0.923659376163998
-0.271159388937982	-0.284482009126566	-0.570360313203715	-0.780416340477444	-0.6522464598674
-0.448456910782484	-0.448400617296326	0.078364387232455	-1.39477739901881	-1.29002955566169
-0.59660375707379	0.145458470100099	-0.130944009659748	-0.145464841301561	-0.515411733338971
-0.477249733451998	0.505646305166947	-0.435909943017101	-1.70583990950463	-0.526494823670624
-1.27881778477009	0.0866968515910099	-1.24305410961683	-0.629582806605556	-1.4918972208435
-0.321349962441637	0.314506273065853	-0.33736409201519	-1.71187884988848	-1.21103043208975
-0.825276491528889	0.266184774615033	-0.252402270425619	0.11237051735867	-0.42262819618726
-1.22183477671019	0.322802207018628	-0.980388033395893	-1.52854633491559	-0.895384048911365
-0.863807130229316	0.158305776423711	-1.32831017521176	0.533761494816201	-0.348944920531215
-0.716833806027815	0.0497169772579242	-0.5926799758969	-1.38116774024946	-1.1931769152072
-0.466884275620822	0.452323988776682	-0.58539548484833	-1.36709252327987	-0.199444478027607
-0.73740063600412	0.212703257542677	-0.654399580637987	0.11456509237309	-0.328482323005595
-0.912523178020642	0.00686290773951009	-1.20795617660963	-1.08322412799166	-0.516490683559383
-0.789027769920049	-0.0802205044895317	-0.882856236412572	-0.343576380015023	0.464526747112877
-1.1081968893864	0.159191414608222	-0.598359222292101	-1.85602326076542	-1.10401654638385
-0.734446822236259	-0.786505404749351	-0.584928379623759	-0.720363801349206	-0.788512811164306
-0.488731610046489	0.318847764558794	-0.379205809782003	-0.386504350063277	-0.66616069318588
-0.631390215627369	-0.327976140586472	-0.333254321728485	-0.153454424863761	-0.44835950151471
-0.730796550510159	-0.348561533775637	-1.03435639602855	-2.51829063228512	-0.25801700360937
-0.716295138455766	0.146582999318301	-0.257134124988256	-0.491576083023211	-0.42801804125112
-0.873397486896247	-0.367012930174141	-0.500992783319489	-0.917277188467153	-1.40919307107185
-0.507939886412568	-0.48550344362496	-0.179673709326883	-0.681829820078087	-0.910369859375748
-0.568944556219136	-0.275327683138294	-0.229587867985006	-0.200199798033676	-1.09089676106301
-1.5504332405261	0.452742939441589	-1.15775245585521	-0.885959968614446	-0.894576083613945
-1.1472822730563	0.0632219534521894	-0.276382034303828	-2.01215439604812	-1.46661967557958
0.0175374409672345	-0.418679206367534	-0.778935813603023	-0.893897394371027	-0.261195088902926
0.069818409516827	-0.552218284450463	-0.987360779765134	0.0296157528020004	-2.01876158689847
-0.426517656164101	-0.482445574539074	-0.896376974173119	-0.958449753409368	0.0165473543369224
-0.00660574031629115	-0.920205373683299	-1.89617392313905	2.54887919503215	-0.968143416611766
-0.431693567732927	-0.437086284254993	-0.300625772161952	0.316440854732977	-0.327574612526832
0.0998835681425795	-0.952397005525919	-1.1966074217697	4.10278889194804	-0.161820935758811
0.672103095109442	-0.220375528520054	-1.75811418351823	3.65579329710575	0.0315394986412851
0.858073086274476	-0.358721803285597	0.277397200625682	1.82768480967963	0.275409388271723
1.10752255570748	0.0669360270984841	0.706758309441237	4.66301400836759	0.554453573040293
1.10015322409578	0.615547220336773	1.43693715440694	2.4963068790426	1.3518097531913
0.913129384042361	0.098786313234786	1.59586488918108	1.29850617898862	0.606685127277155
0.910943706365392	0.0288872872939205	0.425295938109756	2.40623739945397	1.05416018816303
0.488838840650178	-0.339721003077012	1.33584911291557	1.53991259925286	0.670605678330596
0.323698430565084	-0.470107909906411	1.13188423613632	0.899868541049693	0.807602378196723
0.420428973121352	0.236485114804461	1.12935322262847	0.55461630470644	1.04731555736833
-0.30986654669313	-0.345947890635209	0.677796418701941	2.45377011330779	0.844617267212081
-0.172000111084382	-0.0436679736414551	0.32340878071166	-1.94747311503656	0.805465046246815
-0.00262818536135236	-0.352355180534231	0.31714924249785	0.47388431850193	0.30855111118872
-0.215600170094712	-0.635564503182095	0.306774079888466	0.0417735556223994	0.192168127500375
-0.155233273803924	-0.538960108862437	0.426344485894857	0.832378365493384	0.163291079792817
0.181298152025211	0.521764468615742	0.865188437990405	1.44892719182916	0.360354575202094
0.513367950386454	-0.616686934960589	0.0307617249322652	-0.774577284011881	0.646116652798634
0.0763030285789362	0.269489493806762	0.360176570050781	0.0229733081228674	0.438258476592073
0.0950196307660276	0.151998339485356	-0.156574906899657	-1.04014408860358	0.569699000379148
0.144379144326306	-0.246443069568103	0.847509776775064	1.26407217085771	-0.0427755642899372
0.549932510012238	-0.432837192316147	0.304518037884795	-0.0969036101500799	0.607955335046879
0.331723807596199	0.517245193992589	0.821873158142795	0.731909796885456	0.600777583987392
0.0419342298741217	0.0155999997066954	0.209417760078316	0.00973520571608134	1.13735767085615
0.234450363496114	-0.299486005269448	0.251070969792044	-0.426706651557706	0.0810464713006206
0.215378352615899	-0.0443007951467844	1.10849992062517	0.888460624010688	0.746928028503315
0.64039962904734	-0.041234400934376	0.949476916742851	1.06215864346588	0.634290068157
0.492992400600011	-0.160888701132924	1.08285709045162	0.102774257560875	0.811160107531358
0.191355739853574	-0.379122445740947	0.569790244409969	0.371868145991869	0.781207648663042
0.353754081475565	0.205575921517999	0.0728660225986636	0.80003179555337	0.422716360038359
0.124817162429482	-0.569882399797264	1.43946709530608	-0.229535190386529	0.0176649366474047
0.464195368032903	-0.308952130114785	0.921011156000982	0.961771032927311	0.632302382869022
0.16433115914337	0.322193512648218	0.646929461829411	0.615306465562642	1.17962573992191
0.131077477387856	-0.0121271180635578	0.407438867814717	-0.798585690194881	0.624756960518438
0.212421464830089	-0.337054326659078	0.256934250933725	-1.44021632579794	0.778854316136617
0.638565854240665	0.204720823815325	0.839140025108361	1.16365813540374	-0.211604287398035
0.443686443803202	-0.242277907132369	0.986763225494569	-0.788436301178426	0.30379533657955
-0.104727232851762	0.237015855157297	-0.574724901473357	0.115688457913966	-0.299378869969736
0.509569373958753	0.00287984948572514	0.574593163994762	0.380686315730846	-0.71119495781848
0.347519472915172	-0.484274188752777	0.417555183870453	-1.09804575222526	-0.395178106766446
0.264653593117316	-0.221672235530305	0.0311348518324495	0.173515772432506	-0.286749574127385
0.556500583607731	0.494760545959663	0.301491709881134	0.354774889260472	0.243461922582408
0.316367052277214	-0.436853995572135	0.00822112068117059	-0.0175965902449063	0.330757203181985
0.21720041109742	0.292044313128452	0.806002111948699	-0.367167938528421	-0.634257851349405
0.103589893846125	0.0520148345658669	0.897209145750124	0.886247327089295	0.695329934856988
0.332881081303794	-0.252036725399488	0.291108409208264	0.126675672622705	-0.540962938841788
0.0361640405667362	0.541977085630399	1.00895091210613	-0.470414199320113	0.470754111368733
-0.339399607800069	-0.0874668321134469	0.121886050967636	0.237076136587819	0.250618974108771
-0.0434419055516658	-0.0503257161735818	0.868581255670118	0.706384334348293	0.449884116354312
-0.0625866390180678	-0.390913029549837	0.300762998705354	-0.529741524412104	0.480864109268182
0.56029050889055	0.23064676581697	0.750674680929554	1.13671748334108	0.756868916290259
-0.259405215420249	0.354482728043221	-0.0616422236585501	-1.10667645724262	0.405585705945071
-0.302881111647954	-0.25625778352909	-0.35750374558652	-1.45753799843676	0.719379365388252
0.00555476967991943	0.0813804084413314	0.595130688846447	-0.842758270601625	0.292513124405464
0.351603305977414	0.261794042372167	0.0680893829369649	0.450607125766483	1.14426834336699
-0.102522445511097	0.323974141321509	0.477017275879959	-0.0119858294104939	1.05559287475495
0.158237830563652	0.274713562503795	0.238306770141262	-2.56910136614486	0.569721482411803
-0.00471704728970701	0.231964455633677	-0.161945026880156	-0.551512680897336	0.288806830043471
-0.0424053179731191	0.361367995394062	0.0975499701402748	0.676887842166834	1.02338861108911
0.754801772741034	-0.340053977789889	0.798563734967419	-0.827531563203268	0.323076279313809
0.308304525171383	0.303385293150072	0.23077183624861	0.150478989440374	0.300667850840827
-0.0350868896209192	-0.0812836061952985	-0.0459434281108431	-1.01903886046999	0.78507311045285
0.409409505949413	0.118115099645614	0.301820019712439	0.697962790801462	0.48718405834118
0.0320313068287248	0.266530639958777	0.421890472142011	1.01020036600862	-0.0182292177926372
0.606014549041773	0.0999985276186824	0.124559599043421	-0.68929137743355	1.18546485616166
0.456549788986413	0.00766672234054692	0.570424862115934	-2.20279030252419	0.0238160675960892
-0.281708572128191	0.304169108133305	0.00962753428326931	-0.175606868541992	0.617123484381975
0.0954267496159901	0.339705161694425	-0.209282294151976	-0.935897903812544	0.795371160059909
0.183241313824641	-0.151388184021106	0.0188542890426149	-0.357345079135724	0.347420977515602
0.10595608076568	0.496084199713186	0.400291057030186	1.77662149863229	0.603217007269226
0.151327669051561	0.840007639296657	-0.552634713366399	-2.20332774416007	0.888821871231112
-0.073554402367382	0.260268220313929	-0.895921282291978	-0.878333727166917	0.381475236592433
0.797339207512075	-0.0476581398137014	-0.517936801603268	0.638149530709825	0.380342226823586
0.804892344041346	0.155765689222469	0.104740819132124	-0.574059017410287	-0.0338291186742367
1.01133696383457	0.111441979105663	-0.083755575836996	0.942132367362627	0.499716166479114
0.14767954798768	0.693328939313079	-0.10217926837089	-0.544410280427356	0.689738000902763
0.52090463897274	-0.0670986673698657	-0.744851531024329	0.545810897916227	0.648052304191954
-0.110825385670805	0.7299206988207	0.701614256645457	0.777483517731571	0.662062806743492
-0.328750430486051	0.657712765515092	-0.201630615861114	-0.480579474284415	0.941620649279094
-0.601622037617132	0.581225986405223	0.0754409838675916	0.689720139774042	0.604094582563359
-0.33264925705122	0.403995331761696	-0.328641588621887	-1.05336633811194	0.188677477560426
-0.781176257972473	-0.50672117261031	-0.222577087768544	-1.94423967414339	-0.0855248683208837
-0.626256283967421	0.0379674811229624	0.203166210176711	-0.0396020201069676	-0.506308022750562
-0.178712286894582	-0.336334671804829	-0.468046439259737	-0.708536073173538	-0.562514724218888
-0.546546853979217	0.0992637264251043	-1.03824680045921	-2.18099495970193	-0.335232225923569
-0.446023762100444	-0.0654705389538566	-0.802110536768811	-1.14739761974119	-0.168018720839071
-0.365377721380004	-0.210287408872193	-0.50544636561016	-0.947241495797478	-0.455143114782331
-0.138713843488391	0.332337490305578	-0.35963098382106	-0.512400020035395	-0.683637082297955
-0.315948055013532	0.173301878398251	-0.68705015620535	-2.1986398771291	-0.499649283596588
-0.279735385032738	-0.171465837128447	-1.284305185433	-1.54038258682813	-0.703556807186769
-0.388306022292176	-0.38948212388811	-0.712356839894125	-2.29394599717977	-0.323954250252498
-0.12897550856212	0.125713646463584	-0.39314709199301	-0.580247314518193	0.014222745398086
0.119805498308538	0.174163714110331	-0.0804378165133361	0.426406030096713	0.113605548662073
0.022962884779184	-0.418562688378545	-1.06348659767836	-1.96348485784728	0.389288709275499
0.284852642192605	0.200381083914596	-1.15183153607326	-2.25507452007376	0.171193961823051
0.165032781698565	0.019978745748486	-0.573281670784856	0.021165010946155	-1.01984328922623
0.260166094488829	-0.888017579686476	-0.480229405438531	-2.61878099810817	-0.670157984560079
0.269918186325013	-0.0981774623926012	-0.369635997687619	0.889385413250448	-0.860975524026616
-0.495278206069196	0.171813177886179	-0.767486186859926	-1.15184068123938	0.0942918052445788
0.116029036374702	0.103142779238166	-0.109035779842487	-1.40897602551422	-0.182158543440106
0.452466737325716	0.112850475910435	0.0475309381113459	-0.197738171541357	0.0578730464043501
0.659277443715676	0.234202840829129	0.127300846970835	0.10397241648301	0.622364084182549
0.337777195133282	0.220147415156502	-0.263010999732915	-1.42854675564519	0.310312293615598
0.530780145997262	0.203224929625055	0.475454272737647	-2.41379701789322	0.467377524609782
0.866263471685925	-0.203026997148063	0.0975061199235076	-1.56841204474679	0.539840430596393
0.605635762552718	-0.198876582441683	1.26000324360676	0.57937315272214	0.716950254511298
0.105196275273124	-0.558244285148192	0.07520422089136	-1.58922038095938	-0.0973345001094745
0.50594114636675	0.0512264491121244	0.671048515444768	0.886709752317104	-0.0947083612879828
0.705263355608665	-0.226329016081252	-1.98455627603797	2.75492446328451	-0.712459084251937
0.913182312884213	-0.916935004524063	-1.09398211854221	-2.71059477213791	-0.237416867085657
0.437494847453046	0.499132365228087	0.127255589846442	4.58030879389505	-0.346437450825592
1.02879346311688	-0.462721268599286	0.975682121089379	1.72383807310199	0.574161622658824
0.841327399936771	0.146910260879952	0.490409392444413	4.71336291112581	1.01898746200721
0.602097355226074	0.0925366586527238	1.17448134684183	1.01708337711219	-0.879897259487673
-0.0801794644597095	-0.544649080393365	0.63437660241405	0.490145661753781	0.0213009431089102
0.126186124666339	-1.01663678466098	0.645716232955522	0.949283755968226	-0.846064833289171
0.299874839787993	-0.0325330444197773	0.0911875861996241	1.42768288643346	-0.507502291407025
0.358536411289305	-0.487129434297199	0.689964613311198	1.73503583430712	-0.651530625011407
0.0408074941940724	-0.664972428459263	-0.368829769253937	-1.94175822470269	-0.791025946673504
-0.183141955689432	-0.267403989426971	-0.0916310112498028	-0.114706164287528	-1.06970261976737
-0.4972490223334	0.167052017864244	-0.199188546103996	0.972842079272983	-1.06407773897275
0.174460849108393	-0.669276543093906	-0.100302878458008	0.0932329491875328	-0.965792158078862
0.420698467571454	0.510516338418787	0.0348137097827657	-0.338296998979206	-0.363865364628899
-0.740568752291553	-0.28427310970004	-0.787225731656285	0.759802593860306	-0.526999265199674
0.0500882677619828	0.254060888103583	-0.870918880225152	-0.171534002612324	-0.376886269439458
-0.0501172666318687	0.223092046158954	0.379397705969856	2.09284011248158	0.240514358899623
0.128647342577509	0.553806947917815	0.539303665788457	0.522598602929907	-0.311668854325525
-0.168971413189419	0.603907016414548	-0.348298163719743	2.48848164574118	0.806268060946213
-0.320147580469693	0.240965352102007	-0.25505703300366	0.374436407070769	0.446554698293769
0.0497872221564385	0.831542956045786	0.402844274461225	1.15346242042045	0.682994355222902
0.486495663618242	0.160805351226646	1.24751837563495	0.269273049541068	0.204118412908719
0.319070014195606	-0.0432793010363722	0.503821043232257	1.58856959567266	0.962355004169155
0.505272651303492	0.701583116326742	-0.289444901313324	-0.726665509932801	0.136029338670673
0.544649098607442	-0.53380219675156	0.499797182436849	1.73566994329696	-0.250261849400492
0.721753550195246	-0.367900722798546	-0.281121420419354	1.09144175960797	-0.403977321309565
0.221393773140016	-0.0952071655123484	0.473607222789147	0.932626068450275	0.0433302197887771
-0.138432796708483	-0.0724169995342723	0.416651798482684	0.48109493320026	-0.107226191064677
-0.0658421327358499	-0.429701400122658	-0.45744043694089	-0.525595220202975	0.568677698045655
0.268303440433668	0.230941100415396	0.852864255837135	1.05798300025231	0.518338173026544
0.157779690835017	-0.240832994532154	0.565273082520044	1.53577716124861	-0.0230206564873811
0.741964264585774	0.0826738611920975	0.503941708210256	0.571341038071828	0.527161611641198
-0.0791541290900419	-0.452707440224538	0.230883353994505	-0.75341829810094	0.661743761481886
-0.102133696557116	-0.468548895389418	0.185629366714249	-0.165291761014666	-0.154666874381198
-0.254760452071536	0.169822764645399	0.78651953645451	0.374114306906212	0.126237664714772
-0.0289588161858044	-0.426753456236359	0.467372812031352	1.36750697147303	-0.0687613016128906
-0.479495052540888	0.100081186124907	-0.19071012214476	-0.312887952440092	0.477584835278228
-0.507350852601225	-0.337913385637303	0.279015661198999	0.296657819236534	-0.341673930684373
0.0103356986228057	-0.180282926170829	-0.223099076925547	-0.370677923259349	-0.00300657646346795
0.063602931394465	0.00353410857293693	1.32817315560724	1.71670611585079	0.0484158492659441
0.344925667784733	0.00761486718478693	-0.0858202365110563	-0.155484515251855	0.599117602271613
0.287525763224733	0.0513114759131097	0.460555873216413	0.366096999023312	0.526807224534749
-0.299002962818992	0.0947941598424322	0.312062850093286	0.380792423381332	0.403160010289467
0.0673768187068773	0.0171761982003011	0.658058704019643	0.75049180135586	0.469685695021674
0.131150915483812	0.175895283851862	0.321873311912449	0.843720463302358	0.431937933039315
0.324534795828941	0.531525895864419	0.14238320531126	0.181759105872131	1.12386781057529
-0.368558425066157	0.191464133091221	-0.0526012043001981	-1.21400843118794	0.333561001476542
-0.158219228038231	0.342115833027626	0.268730010499568	-0.0266698804409825	0.465159628310238
0.082692708553263	-0.304250159815783	0.436102938127825	0.460341055256467	-0.455802970032989
0.0383229177140227	0.0928546371591256	0.560497710825114	-0.38990092684179	0.857748731453057
-0.266964235763229	0.0137663949483371	-0.452369045997376	0.411468194381396	0.174830212114097
0.345094794820484	0.0627954114034856	0.312059933310339	0.748316766923462	0.366505402501014
0.159656654536455	0.40680208561637	0.328288565205516	-0.0504888219955965	-0.390986124440093
0.246224126050137	0.038057415856576	0.164859043420636	0.437184079088075	0.109666639039781
-0.391343982547604	0.267715798314863	-0.311371937416355	0.129931675727849	0.652506302275284
-0.0377669296097136	-0.308231271457513	-0.240638946100932	-1.31121810873391	0.0582429424798755
-0.278002464056493	-0.0371932947360708	-0.107790544266748	-0.588234687637209	-0.598880819843678
0.0608758994365073	-0.00724934413121194	0.122111370758157	0.588268412525211	-0.0801478379709093
-0.1535991376817	-0.180892750350142	-0.0371054597713212	-2.2009687840065	-0.703684287673461
0.19959070420055	-0.315211805642298	-0.425930986495921	1.44523571853952	-0.330136651890549
0.195015611884109	0.393101423987267	-0.657379071808873	0.980863346802186	-0.0474808439626998
-0.0989201516760046	0.382082642102954	0.353011569108763	-1.71085553525527	-0.582902220584415
0.233868117706955	-0.74324961720339	0.222643152640856	-0.640640315619444	-0.6581409359548
0.0699101129504107	0.318246299205451	0.501194356384674	1.13780733945338	-0.128980109129058
0.128598692860502	0.154268751323986	0.876452070282827	-0.138879397658274	-0.219571064548275
-0.229361263333631	-0.0405754949980662	-0.963207925212114	0.097243353724467	0.250494793066013
-0.300427317285942	0.309538461276129	-0.241571317888579	0.473689743404145	-0.293651107792169
-0.319263042619615	-0.175550092275141	-0.148941878356309	-1.23908161705918	-0.613417126983844
-0.445319138476186	-0.256652708321771	-0.209736366173036	0.484605796267754	-1.50319353638193
-0.940722806769759	-0.133848783939613	0.248158169208108	-0.735418470326587	-0.205096704346748
-0.759720855653779	-0.348356125802006	-1.36585277904116	-1.49448552289028	-0.678438051198488
-0.706417225339024	0.0115007593066346	-1.01986772415917	-0.559821221591079	-0.90897159061362
-0.62348427682844	-0.0333510269478505	-0.515646303837532	-0.860987120638696	-0.168263937921906
-0.328344919060535	-0.229010001598238	-1.26521366846633	-1.15595306784644	-0.189807103092323
-0.883288074700162	-0.144107437632631	-0.510791426376808	0.763193567479529	-0.485184410585084
-0.478166208715831	0.21409574402926	-1.01690224152633	-1.51149678783963	-0.43917667170624
-1.12794782051153	-0.321005014021628	-1.17453937589186	-0.310382417590619	-1.35912728372384
-1.0236581838526	-0.11580913490233	-0.898367749827611	-1.15219249936582	-0.755124371337714
-0.819009054129177	0.401980727519438	-1.07040077719143	-0.207399507024906	-0.60715564403558
1.75335571443095	-0.273710081305402	-0.0173620689956884	2.09203309468618	0.501546777954655
0.247032510921162	-2.01844029183469	-1.04002548356642	-2.98554355020343	-0.948733971722801
-0.476372753795448	0.132389147554784	-2.10435166766884	1.33973536789935	0.301431558923579
-0.551844102389085	0.479613013995468	-1.13620506933061	1.27322855750007	-1.31219495154196
-0.950026158533039	-0.976283101005533	-1.36338946429788	0.422944581294756	-1.31659934992786
-0.782841485032528	-0.176614528646177	-0.517342633270002	1.03725570923166	-1.26333329332992
-0.929226587243583	-0.507327720202602	-0.318398182691916	-0.909584478230627	-1.21168814144559
-0.381478363470823	-0.0782636653039598	-0.642564048404278	-1.06366711315984	-0.392575621186904
-0.491685815280314	-0.212277585753427	0.40593145253141	-0.582796057947739	-0.302971569421843
-0.408390756090659	0.732766091268995	0.51869272836501	-0.3183533760846	0.533642255349962
-0.0135819277296743	0.238015706123384	0.0641240930942202	-1.07463998844058	0.666351336038918
0.00820304903855365	-0.368066824513857	-0.101183803673558	-0.549850813483538	0.207222232428754
0.108028869524373	0.302165499254979	-0.531474052816612	-0.241239915561439	0.184778809698897
-0.27590994702924	-0.203870668387822	-1.13538168113024	0.234811409493433	0.288666948644307
-0.898200003615502	-0.27800180798217	-0.952903102091	0.21924749502201	-1.40698745027619
-0.582954664558464	-0.486026041476265	-1.2643996038411	-1.53554766987793	-0.148758207732468
-0.749285897554006	-0.25578730810393	-1.14633923312112	0.321357990930009	-0.423329749953792
-0.599692489483331	-0.578024370347747	-0.386611190446863	0.484879337696979	-0.447145694061552
-0.186774107600477	0.192061026603807	-0.743460516931539	0.392613540848162	-0.000741903449693377
0.0503380870531787	0.413725364430302	-0.297436535094069	0.510188100864361	-0.251040977543511
0.187237516295393	-0.209310772305042	-0.46959632419876	-1.87629396457645	-0.140801225371398
0.0645132946681586	0.416265042937298	-0.517973358490269	1.3766106604942	0.321314650140692
0.533273881150164	0.0388198959610949	0.972557496229612	0.381771293259398	0.399445457959234
0.178040244578161	0.428671815525523	0.536237474157171	0.267965545736978	0.060055111381603
0.751946609693661	0.0473065458626726	0.703527405768465	-0.372479662194818	0.328919551449917
0.168345173374172	-0.22919640344736	0.70467797348042	-2.63549512042664	-0.413524144419951
0.431700839768364	0.512946173411222	-0.0127232509530352	1.16151735415325	0.189632644120066
0.343451288150959	-0.200975066801025	1.46028444537791	0.220691775395407	0.538910924242918
0.134942968199194	0.504346793036473	1.49289022958028	0.163419802503337	-0.0324326113615765
0.109420974203361	-0.466976734918575	-0.131060692702664	-1.89479599339184	0.10229930509532
-0.492647245349129	-0.389450921543758	0.485721196572449	0.207135232329379	0.471573595132302
0.381879741585521	0.213628358395034	0.842641196215092	-0.0117306717193516	0.650249750656323
0.281755677799786	0.0936504409860181	-0.0655770121104038	-0.596630157217714	-0.00287784513220073
0.0871719436638386	0.113144436865855	0.386821758256708	0.790978983769631	0.199105362244523
-0.0286125079594594	-0.446927928225283	-0.191010841281269	-1.99200757884905	0.367001472190417
0.257723198882995	0.605591670357631	0.22402651483309	0.569485941084691	0.0297449236856849
-0.182806662397539	0.389722575051782	0.873214310914993	1.81874383085283	0.261264608919613
-0.341707667910465	-0.346081139827665	0.050612372764948	-1.36267649917241	-0.0281401392017674
-0.0392699130787613	0.389011728337655	0.288665261314155	-0.976085903638958	-0.287747441129398
0.306815257757597	-0.238349124827017	0.329615851033286	0.609528516819747	0.299803170440864
0.280792427373805	-0.287310195261071	0.090414213003935	0.467272502381124	-0.37170901643522
-0.326095248592423	0.395890506325927	0.103443040795485	-0.641664923611938	-0.455511917093305
0.0852331255208435	-0.0456302063101484	-0.529737862973848	0.179736481448652	-0.387144656836175
0.148622155833373	-0.553752545565217	-0.137120067198967	-1.15592125641955	0.434999900452859
-0.23703144426763	0.487335521293913	0.27231538709894	0.569380560670813	-0.151640946722038
0.135209644994821	0.026676689065331	0.305962905828632	1.2978399233797	0.365254284836285
0.0733805123981521	0.200303912609511	-0.698652761777217	1.43894278401233	-0.200831831591454
-0.153371014305409	-0.94173151582816	-0.702314730617351	-0.619976041911406	0.0456500368221319
-0.0107754369077143	0.419023574870951	0.18234124130486	1.39197330584774	0.608676126258654
-0.641777955953153	0.311645614405588	-0.193929802294385	0.291980018618955	-0.139559251998096
0.238087949263975	0.559780803016032	-0.247966644030209	1.01158409409169	0.579353435008646
0.10443542584879	-0.0624003920615895	0.126385773264238	0.247450246207633	0.203720855873023
0.102144634222156	0.0902372781036935	-0.496215516309578	-0.743221411591254	0.169402699334223
-0.138619838863796	-0.23245076226156	0.56521542246761	-0.617308948538408	0.256981861470903
0.2195438632455	-0.443212353629191	0.337172501845722	0.775522767207176	-0.427057597071169
-0.187520443179709	-0.298124044688265	-0.432084928570016	-1.49206841289894	-1.1027014940981
-0.177816772424653	-0.0250132120291243	0.390357189211063	-0.0475543276662074	0.424829195186691
-0.704505196966761	0.508642700857407	-0.0151615967389691	-0.013298179266381	0.385425528220692
-0.300455166384432	0.215703462705164	1.0803745457097	-0.0584568434999129	0.69655494478065
-0.36583289255393	-0.0362988208890818	0.367542852842801	-0.835584230495559	0.364185389214834
0.320616871962556	0.1187319368932	0.373701861471136	-0.0187587988349283	0.384263884720776
0.133578782332363	0.73276322187916	0.488525919771227	0.659447488883045	0.613814530380167
0.101261071635548	0.916486309887494	1.86399209059792	-0.000599666997590051	0.535013267073019
0.328964067852534	0.504140151663417	0.345082743323419	1.27921232293038	0.513056719109411
0.390565433859446	-0.12728375436118	-0.0225813403675769	-1.53609754704432	0.438275055943874
0.108274499232107	-0.243941100058075	0.391228388443683	-1.08262007879953	0.296282036736692
0.66971675727224	0.561045023241461	0.24006054177889	1.18718861481905	0.296256426964842
0.377127905630104	0.0555129995344121	0.481831748068593	-0.932410838919328	-0.239216766777521
0.525530727206792	0.122386036981608	0.221578066499224	0.571128550578114	0.0366872963533995
0.49818773422945	-0.42645726137046	-0.568899284156306	-2.18157929834536	-0.553998302186105
0.553163295735686	0.365974864543433	0.875042182117757	1.15481640226393	1.23868089474081
0.810944518113185	0.0760235279605321	0.555009721211356	0.204852427141372	-0.440788967893069
0.107418274368382	-0.0304267735774187	-0.115846273719655	-0.199661553962204	-0.278532957824433
0.506503536702153	0.475164551353835	0.325780191063874	0.67659598029647	-0.48973375872084
0.367844206419962	-0.751880044425513	0.0661889785656226	0.355774455096556	-0.1683979241526
0.265314053122443	0.564276286281755	-0.0127966372982854	-1.31886541499306	-0.460694916915231
0.0346161377159339	0.468054467316673	0.240634979342865	1.28293987240625	-0.0988027510430788
-0.0261149804837668	0.118030934411313	-0.288272292679175	-0.917112429701084	-0.997115585545388
-0.0380465347769932	-1.08921593854983	-0.833943280243308	-0.705859062958617	-0.0216198253974027
-0.420144971041814	-0.208752294757989	-0.0628404998312836	0.343469856358886	-0.321555908114169
-0.148853818399457	-0.298259082061569	0.0196146353775866	-0.917183891410306	-1.15495084363122
-0.667456031771362	0.970784577279957	-0.18764304658866	1.34757056688861	-0.87796921226241
-0.163250120556791	-0.498189226267332	-1.00074564837827	-0.738205482595072	-1.27039654046427
-0.338123104054314	-0.136027152222857	-0.632198555857578	-1.2088289197838	-1.17377328021928
-0.168517266790387	0.600481049783135	-0.588298122795541	0.758773646614263	-0.189137131021796
-0.383899864499287	-0.325084411081755	-0.232579224859459	0.186139883398783	-0.30804756429764
-0.453997490544587	0.252251417087764	-0.310706528005738	0.220833900505554	-0.450900151846552
-0.408051422250393	-0.139430678798922	-0.770859402549825	0.466176508772652	0.322478329277252
-0.194577208652786	0.629168405072141	-0.0262292508388143	0.991739237503067	0.285120773115803
0.0184717587231615	0.540024304515661	0.579442391612643	0.0780959189211802	0.291052354974655
-0.14512169990922	-0.230423669845656	0.145308457969533	1.94351174675786	0.267438034930979
0.29265780280623	-0.214006285410305	-0.0996032407721367	-0.651392430958719	0.718426839901907
-0.207349043181631	-0.067157782609183	-0.314242670812023	-0.0789468540939113	0.0672187993266403
0.177993598717711	0.319369806091386	0.834427045205604	1.00972091444186	0.258820506950477
0.258516230420212	-0.0563745319082626	0.345515819744591	-0.321007904537504	-0.422432104447841
-0.135051579710738	0.178674260232755	-0.65180754202224	-0.549842424835603	-0.798651028765013
-0.165383268694555	-0.57940403806629	-0.362751417128454	0.680531656989117	-0.758820802220134
-0.633700139746708	0.147037644064925	-0.427804551211419	0.150598060279201	-0.309870725346123
-0.138328482651053	-0.0252928809227704	0.28738342161014	-0.273606295264042	-0.0660815251904868
0.220970750551395	-0.0785318300438575	-0.0473177260410004	1.79664425515891	-0.145502349913127
0.00944738072279879	-0.355333961036846	-0.931772785564457	0.419453246581542	0.251310602081212
0.00760949759408984	-0.234220188637989	0.0326918021640532	-0.239458725613327	0.29542249402192
0.392901639056173	0.00177376262819032	-0.217049676108024	0.493618684594633	0.263184407900406
-0.695207853656798	0.404946723435562	0.0532705813182147	1.54181537522632	-0.204642205951936
-0.55408678422446	-0.385849273151745	-0.515390591924	-0.942962141002785	-1.26310475744305
-0.550708824180232	0.140400182850085	-0.0856661411355293	0.541933214523245	0.13269797505297
-0.998160037879206	-0.887524209057686	-0.960521932287598	0.302848992473548	-0.730774973955637
-1.14486315392497	-0.241811019294186	-0.188435730654185	-1.95597401299187	0.0478724003891247
-0.73766983729138	0.541042301180464	0.174468492498352	0.368393289337768	0.461204210976999
-0.563913852829952	0.0522206254784629	-0.385288853009942	-0.143497554585103	-0.28901868851791
-1.07436306109929	-0.124440773432469	-0.528318660499003	-0.00293676437128717	-0.380126524922999
-0.407203966821706	-0.28558582220782	-0.411066046975375	-0.748181844101351	-0.412736601785069
-1.16410781564047	-0.237560401292377	-0.800247822929067	-1.90588448534288	-0.190337357391973
-1.03789497147462	0.392851386759663	-0.746900341654662	0.131126536469525	0.0277295610098119
-0.470910214882355	0.313885938134713	0.111640058908007	-0.112270770643761	-0.188780964233044
-0.352830164699547	0.161701163929343	-0.308375749794215	1.86535862507694	-0.506386828422515
-0.412952274749021	-0.11816963191138	-0.173080585430883	-1.55779070671485	0.243389297416004
0.393230245179884	0.98446351130407	-0.244287042077683	0.458004424327255	0.394963107374011
0.03609249432022	0.0393312622640094	0.490611247016901	1.10335307078609	0.413752677672092
0.24779964271288	0.921621072038323	0.797353675747269	-1.07239674757939	0.434043481371213
0.556200386755139	-0.516657763032595	-0.16643300909769	0.654239208162292	0.700775121884343
0.265917755351481	0.461772621800196	0.595742554182616	1.95737573992006	0.846808875553387
0.189229317516314	0.249742678663435	0.314529541737366	-0.330735379903763	0.423742079017153
1.08411727835841	0.500180670962893	0.732586901273757	0.990097658717805	0.150248581467253
0.508490790576235	0.105474700394108	0.17093757407312	-0.0396491297583513	0.830194739477497
0.272637271208756	-0.875877734910248	0.778072698935098	-0.0726996864666112	0.0408311207029717
0.436159731980294	0.673194785171704	0.962441609244075	0.904238632177988	1.03590754625398
0.449623044519224	0.331887875232759	0.348799427363856	0.399387563708045	0.111757558402963
0.329279176976253	-0.24695715447148	-0.127300970761703	-0.975967531328772	0.335949462517192
0.462241838762845	-0.217188040928377	1.20388964493649	0.201062214930803	0.27338700419828
0.567790437643342	0.164105019480403	0.326242524768102	0.547528268868823	0.497834425872797
-0.244400085849864	-0.0208961804598303	0.915994482422866	-0.741300166583981	0.386737716724383
0.134873208973156	0.606308410705445	0.456101221734181	0.589680516058357	0.510375894322512
0.103702049370236	-0.458432430494553	0.930464021080726	-0.441510855466773	0.34626768031417
0.169177935694134	0.0719977379373982	0.241372731098953	-0.146734973348143	0.364165235451958
0.00426663163360916	0.522655809403372	0.0109909552850977	1.9268346820546	0.260383078256931
0.575976229197958	0.26459499108603	0.172148700241794	0.333177160317624	0.739234839223983
0.625649363448577	-0.458257931651291	0.181397353349996	-0.552490335820926	0.773276637185185
0.529613763360032	0.48638744545251	1.05237465972644	0.724072791603756	0.537438201425702
0.260488032842114	0.733997446309854	0.865852658308167	0.870335511748304	0.646521323789535
0.270582461387703	-0.376179178739015	-0.0231532326714765	-0.83944308266011	0.285124873681465
0.591835973257403	-0.397365358492043	-0.351859410472076	0.0875550233012395	0.0375343350760048
0.557327937800396	0.195609920894197	0.538702208714531	-0.0873436870557618	0.803977503200715
0.198278125344573	0.565496795616053	0.213078155181269	0.902554462260208	0.227480934758351
0.31317141133039	0.29994472623806	0.256012306997577	0.283126465175149	-0.0346901791448041
0.452209170188679	-0.0192120337027196	-0.183239485490952	-0.572602513994725	0.392373913170372
0.100634934347746	0.204051803600421	-0.0326892067235281	-0.986104732394708	0.35294527155532
0.482706957103289	0.507618586579335	-0.00374670165639501	-1.7517405255183	0.674748245188616
0.364009941278843	0.961856011078679	0.892489653214431	0.959817968237513	-0.295128156161507
0.221767057492355	-0.0437948065021363	-0.253950457848369	-1.37299370615658	-0.319868070980279
0.0824449271805439	-0.232705011795391	-0.138922152413951	-0.977398087032765	0.475448022583684
0.542854560398788	0.301324287173918	-0.218469815485416	0.112336830798651	1.14263492231221
0.0598260259482393	-0.190615062758555	0.725975145137613	-0.611611588033296	-0.253239018790283
0.297851224962518	0.0419496433370359	0.030548579936273	-0.331908474450155	0.0758993716931701
0.0325941664167986	-0.22726239655105	-0.413782834815327	-1.3147629358337	-0.15673542982798
-0.333497429077461	-0.10943731517703	1.18821400287922	-1.09687665219041	0.304863512191461
-0.675028887289758	-0.146800363710038	0.228060342149248	1.04747257208209	0.183681279226825
-0.816478697026133	1.02633042497849	0.984122396592664	0.575187973467988	0.52998928840842
-0.302005923950755	0.0506844343108859	0.918960702653258	0.91563539543826	0.918478233166953
0.161705522357899	0.235479123206288	0.415869762868912	-0.717616507261821	0.872997581623742
0.478914486784463	1.15851184133317	1.38868632982769	0.114911775931744	1.09649434229648
0.521732144875652	0.531491876101656	1.70355520057485	1.72185183521822	1.03592850939209
0.554161235363637	0.350040911350138	1.30870340341379	-0.554189922789841	0.336280208788821
0.241453797801609	-1.10418961105042	-0.475929441594192	-0.581963628928036	-0.664739996107923
-0.047183848129455	-0.243640151513273	0.800035278638993	-0.689559482107783	-0.0216120066042712
0.183794574671199	0.139952300725368	1.48441572191115	-1.39591995118903	-1.36696449145717
0.0728482229251779	-1.3798170016939	-0.848673289865873	-1.48213502369845	-0.709113291378767
-0.525226958701028	0.756877180199368	-1.27398583357541	1.37772510608746	-0.761040170830716
-0.327366563838978	0.390691384791473	-0.725368324285642	-0.186008373283706	-0.710565233344393
0.0597435769362114	-0.99156721146059	0.253859782156339	0.456935604520553	-0.0143685380766625
0.457242763320072	0.2238958465444	-0.233530113937586	0.7744372985561	0.446166230372825
0.317244094809223	-0.143841911321468	0.271073778728355	2.5182324891036	-0.135841469281078
0.388561160504283	0.362899161357506	-0.598623615103451	-0.384821166111327	0.225849098233298
-0.0912262386999595	0.00412352076622508	1.09245532037193	1.03802414689479	0.990568708370995
0.121991582990761	0.756663977745814	0.276151472428522	0.706368381087824	0.873311671420745
0.206067693242368	0.0336149533505598	0.0667907383309633	0.756118990244746	0.203783184728565
-0.0275015699280666	-0.685502248037055	-0.595137289120316	-1.37752326239555	0.266868653810429
-0.0626893531849273	0.143635545469543	0.467074968507115	-0.0495854965008288	-0.096310849267215
-0.360361341241129	0.0470391601901054	-0.078755707667185	1.88779267871057	-0.758092532419855
-0.316031803109417	-0.278754957070836	0.14870431790097	0.810839236079756	0.0275452132413842
-0.119558702411069	-0.00593865904415468	-0.544629537575181	1.14489670562135	-0.111413284187978
0.126797232316066	0.271509544396153	-0.209060852686709	0.75785478141788	-0.164845123218706
0.304822564924843	-0.438896567929783	-0.297704853714909	0.494666669063058	0.403306356256808
-0.00977168004512404	0.387511883481371	0.0589670138542623	1.38042494280341	-0.121602294083019
0.656314210016045	0.164490353298007	-0.0912951543250584	0.657385255642408	0.373419182498801
0.637399193454804	-0.771635781130655	-0.093822771876401	-1.0128196710112	-0.76209221507898
0.453481859524422	0.24952464200315	-0.649507505433446	-0.2737473717257	0.0101651262847279
1.01184153976149	-0.163814280359	0.230367774639936	0.735941276010312	0.198643976748828
0.952062652049911	0.113638365722372	0.50448620383798	0.370237801765324	0.0905376385998459
0.560056684679026	-0.457800544161579	0.238100720479425	-0.214827670546674	-0.274735940584094
0.650850025165582	-0.214430707592455	0.073284622694311	0.150536755059959	-0.154867045968072
1.06696816674414	-0.945018450643172	0.991765281002894	-1.74289874800278	-1.09075737308444
0.885451646212634	-0.299633346986245	-0.154833691243947	-0.337717577097361	-0.104562040830849
0.474706922431041	0.773699949109706	0.514855973308657	1.73071008005838	0.0772706598910775
0.0246352624197089	0.0748685006159391	0.743099040935673	-0.273190389913751	0.174231740769228
-0.0878922438543291	-0.624019560988932	-0.393724771397284	-0.56770832184413	-0.589469165610305
-0.88300825696182	-0.418960368616795	-0.462996882114002	1.22112974867424	-0.291561776857902
-0.717663796853334	-0.275011440517115	-0.533472611223958	-1.8661050020678	-0.102748916586238
-0.758549337904718	-0.652114492688068	-0.407171397802566	0.252188232718647	-0.15714559831629
-0.949651513968072	0.826669410229739	0.716308677615913	-0.0219225152166862	-0.227252712661776
-0.721650403086141	-0.339461898630761	-0.777399264129241	-0.0471177915818468	0.409369164020921
-0.792941405305797	-0.569412592284078	-0.755020264788704	-1.39995964949545	-0.331713691104004
-0.973919860285648	-0.0297507523476677	-0.0886027167343712	0.896851975856225	-0.153313653922237
-1.00115910162733	-0.179289101255713	-1.06165887481042	0.166005908948379	0.350802754420687
-1.28216473608043	-0.437825543081207	0.0632409788129473	-0.0785646292574925	-0.572300044065043
-1.09845992424379	-0.105420310435393	-0.977204711385143	1.22305871282181	-0.506542807263891
-1.1694956803061	-0.430508441469663	-1.22196449290246	-0.295334262847839	-0.568019336831713
-1.32931052207039	-1.05009167496483	-1.37131888242555	-2.61107239330341	-1.08300933409738
-1.07241062846682	-0.198785863058391	-0.813773530514471	0.247392032530852	-0.505803644673493
-0.7183452991666	-0.403485028238553	-1.04829517256939	0.136269558274895	-0.372924155781344
-0.611852195484387	-0.866602641874793	-0.728028445221613	0.0555812415927955	-0.789071758112048
-0.370114700596225	0.162318107805261	-0.886777906939262	-0.056942600824904	-0.849419687684253
-0.253190935210545	-1.15245557647823	-1.13331634196369	-0.621533261840188	-1.29049500331887
0.0926782988359534	-0.51046933983554	-1.27571830949456	-1.76234296589307	-0.544529918797807
-0.720062707930968	-0.176276621710209	-0.804754135715324	-0.704497539485548	-0.221163204850367
-0.16333969433931	-0.193765033596207	-0.642815193019558	1.00400867188684	0.0280537761106661
-0.305027919017975	-0.15552441638569	-0.393465190125664	0.189187200159114	-0.73533919103242
-0.451819810972964	0.526254915152913	-0.59261227023948	-1.578975268085	0.0484560427771224
0.485683701399887	0.137468591290629	-0.311070751804786	1.44706709361858	0.338548993997996
0.398150188591541	-0.0631434250859343	-0.0632252269702658	-0.339896048464239	0.76708587574771
0.661661334741923	0.317019416243845	0.282855592083506	0.815927171494283	0.340915408281545
0.786657644064884	-0.393396052890937	-0.213633048011847	-0.550606891929769	0.202720318358543
0.494585849887655	-0.240638344741872	0.303756406887373	-2.23947309528146	0.157701650023842
0.724508232446274	0.175206324441898	0.410668550319537	0.855775879590018	0.74178863059544
0.168287090065538	0.193414507235231	0.736479855055981	-0.100144423819113	0.281967071011122
0.575725764977645	-0.116976421402427	0.221751618232153	-1.00409959732557	-0.0261768104782848
0.585484131369526	-0.249071422650948	-0.129098427282887	0.323972523063353	-0.441765059720266
0.207424042217729	-0.328781152695602	-0.369930747318413	-2.1674461242732	-0.113265385276003
0.258187930054739	0.129986402868966	0.0238733000248246	-0.859485551552898	-0.147448482735842
0.425726109230981	0.012911402250308	0.313802454379869	0.978202509239131	-0.591041719240374
0.649253131661577	-0.53558375110976	-0.724982394333447	-0.999230893079854	-0.749477163322263
0.290881769869582	-0.468440955828399	-0.654550402786337	-0.201620006285072	-1.34440957349247
0.771501343198561	-0.679022367358806	-0.921386940949334	0.523961997149628	-0.109068009506192
0.556729995475682	-0.127664132313022	0.10333326472139	-0.0678965486639233	0.00758668066636642
1.06823522830902	-0.594175350031611	-0.579590753241332	0.620159841052607	-0.548589534892098
0.720071683107566	-0.881476773612772	-0.0930232255913001	-0.305825010554375	-0.237908915822336
0.802961145127167	0.240402180424209	0.231374569315305	0.819144355575902	-0.23255189420626
0.692663830021724	-0.737108172663617	0.407752596469843	-0.10679996393889	-0.304064338098419
0.361883400032182	0.303820407307128	0.182144305459722	-0.613502218819866	-0.133970355837586
0.571819261523992	-0.535799080762589	-0.242236135896253	0.110415519032756	-0.0821352888383954
0.164965045841278	-0.878399094778823	-0.392433027049928	-1.23809304248919	-0.535178031742169
0.56830273735649	0.344809944053707	0.182181545656875	0.821199026628728	0.0965529157527365
0.128203880453285	0.141696343206939	-0.279502398288565	-0.395721968799673	-0.461237081897899
0.0432063469573685	-0.653819295754329	-0.684696048628988	-1.22348877655889	-1.49344336110294
-0.00583169627900543	0.177649176771602	-0.5660255556469	-0.18422440312862	-0.332067784297863
-0.234733592132508	-0.0853100563463958	-0.330363505191616	-0.101216362682667	-0.437011283106544
0.110099422930771	-0.553659779907042	-0.234803313515302	0.489853132417359	-0.38554836258378
-0.053099504874715	0.176945833870696	-0.563907999554254	-0.153757633984456	-0.409201769252906
0.0920816491235971	0.118912126219545	-0.484130590878521	-0.711942120875138	0.00583371506465202
-0.328251827596186	-1.24967460387126	-0.68670189941401	-0.710534971039139	-0.68758830217888
-0.409907029232342	0.155960361108599	-0.839537121031667	0.652355496380396	0.0781407800767786
-0.167535127545976	-0.430482005567222	-0.16684357002969	1.17427500231859	0.215714657474718
0.204127130100194	-0.29227116311181	-0.523946637661082	-0.902143458311282	-0.482979603688492
-0.0189357802632298	-0.802187409563389	-1.15390111498054	-0.00459044223512853	-0.273956925555192
-0.158329364348752	-0.0610195505416283	0.20910108981853	0.114515402837099	0.161305421405628
-0.310398669258023	0.410422441483819	0.484589511711764	1.11742147923357	0.33220300575069
-0.292893567589367	-0.143025677983352	0.339834018285879	-0.371380216688954	0.350512387514834
-0.329790775114415	0.71730218258221	0.378819097251375	-1.16906651013204	0.935599225122311
-0.614025752310378	0.58234923331568	0.121904015616204	0.760731720428136	0.946381306438371
-0.42811565001069	0.188879328594649	0.485555241276301	0.295073630332886	0.568959803635076
-0.0703574383202648	0.952013844509903	0.790620835566382	0.485982967499892	0.929889252111462
0.13207064289649	0.292272829285463	0.504974286430604	0.342141962943904	0.214229046772185
-0.128322162236197	0.347592361045653	0.38496665213099	-0.203507755580315	0.977949820700677
-0.150228180866954	0.774763477594915	0.468954723826662	0.789278915851632	1.0078447521258
-0.283843589392596	0.558263983093038	0.201903857322035	1.02597140910705	0.569135153799127
-0.886110410799622	0.474830323491474	0.157949945578633	-1.09327238965572	0.590277510066507
-0.00335520606449312	0.325757571850271	0.337538398178668	0.555925531906269	0.280889697605284
-0.174563045985148	0.0788245039223533	0.270138601022853	-0.744025793368421	0.245609795232589
-0.332054546244439	0.575289485015722	0.370204468997433	-0.761866627825328	0.844589080825331
0.165725518056657	0.754870357742049	0.129504478360593	2.55238072593487	0.838052868892853
0.194482610175191	0.543582215331977	0.550058865508842	-0.940727735153547	0.498386109921415
0.33621694231126	-0.122693589603774	0.214792241729448	0.251886490652655	0.288374517962685
0.224666701639267	0.282119496850903	0.0167545018467056	-0.488080932599788	0.320789770577086
0.281122210463417	-0.0387480374726286	0.326520413430174	1.13579046701578	0.375472265770369
-0.210701766131846	-0.132502870295239	0.367511912242125	-0.935949032119777	0.0269577590555777
-0.108407952271134	-0.324407288020964	0.152519857174764	0.719862095823782	0.321123167228789
-0.625444197281005	0.452691171611616	0.378589402165589	1.18646720959577	0.233991716966252
0.0133400791994544	0.237329176446585	0.382614365576926	-0.295321956082447	0.825850616702277
-0.0656172108203228	0.793678205018391	0.794392993041192	-0.072322961283133	-0.424040249306249
0.329317192062471	-0.262852309362329	0.903772940873842	-0.572233889392507	0.809153574206763
0.0720694802953939	0.930848513092399	0.201387470544517	-1.68084220345387	0.418159017168599
0.333764018764785	0.124637340580863	1.10952364595967	0.898178878853634	0.464360688977547
-0.0628740885934022	0.709265721369753	0.924110586002958	-0.369253867711114	0.4566350841284
-0.353603785240773	0.371785267828139	0.658129153080572	0.831679595046403	0.942483403742259
0.0140088371144068	0.113639468700121	0.409353470556682	-1.22929393274361	0.54368200838762
-0.348670882373411	0.672842627886196	0.609786213177544	1.33109929098482	0.282620635292996
-0.199964777202649	0.459590169427966	0.591943028040374	0.537252116112071	-0.424548798562253
-0.0811382486121751	0.26426286306582	0.261751256621694	-0.0375858240682984	-0.366026102303852
-0.0898138275411126	0.00994862495652907	-0.0418428476010338	-0.303883254370636	0.581437395064732
-0.0689117784741363	0.465871643829949	0.474104108776543	0.564176328540804	-0.0214549893109597
0.2519353209199	0.584169169953922	0.944134325138702	-0.0603371557501981	0.749512736180712
-0.0541852365268832	0.759452548532989	0.575904043473043	-0.670242912466744	0.321899865628838
0.134741193127909	0.396523943543627	-0.404596742322773	0.143315824193669	1.05371549657223
-0.294260318679085	0.095461965479173	-0.184103809303701	-1.5590799744295	0.726087846503678
-0.264676175207209	0.533414753938955	-0.0387819762595017	0.234265898374439	0.525039728537782
-0.868438098970043	0.14788138245418	-0.266346987829231	1.0095333236788	0.225796733495574
-0.033511101487117	0.524599099942169	-0.336053606744062	-0.284629997538762	-0.56003897958502
-0.512412822073678	-0.386412540255741	-0.562679315585462	-2.2073734691482	-1.29638724117462
-0.293640282417841	-0.256903704302118	-0.308749545535271	-0.184981034569953	-0.958753950110716
0.0473998931861088	0.176268305629935	-0.490148317870164	1.67934884443206	-0.632664685394799
-0.0501754037049386	0.423275900814271	-0.587637327348433	-1.3913682538296	-1.44645556964329
0.0965089548325653	-0.340760573202303	-1.08284058522046	0.410226905865628	-0.438511176779214
0.1315520875898	-0.349905742449814	-0.571053558413295	-0.255630353669962	0.274710017166876
0.129234180726084	0.552859202625129	-0.69861345837434	-0.398827152917947	0.370587466409465
0.200669713230595	-0.158893793343722	0.316374697413888	-0.558517717387709	-0.510236482928003
0.14965540766548	0.386075382885887	-0.422168543624769	1.75847470405928	-0.126389364150266
0.220721787917131	-1.20280248330192	-1.50493529089281	-0.692168847982591	-0.782717048761066
0.0760722794600888	-0.109981055750254	-0.84749380771657	0.316751817080249	-0.812490963490122
-0.359641068598479	-0.623613740524929	-0.816143541709715	-0.861951183259848	-0.566855437558202
0.0333747864270031	-0.0154696548735799	0.65112935674392	-0.459507770223231	-0.958480271746221
-0.726625588631466	-0.554480064970996	-0.186775253877443	-1.91965900406186	-1.26221190966324
-0.5058276607958	-0.298255271811756	-1.61419262388063	-1.03257851955468	-0.821038259463667
-0.573359076316198	-0.685253037553118	-0.614299924347097	0.110516772415426	-0.467731223663192
-0.385124348973078	0.441644887320015	0.378954885713281	0.0287840915263158	-0.342195380718874
0.176522147375165	-0.659489884393051	-0.837152634368837	-1.06204762657817	-0.882433348640819
0.180088333777619	-0.148692398650031	-0.580434818917979	-0.650922898839503	0.407434651033049
0.0957617199496009	0.211129485181886	0.0529774684437217	0.669340280974068	0.33478077112748
0.283065591324721	0.302899138040279	0.22457843348721	0.918976822916468	-0.295384518947402
-0.27659169659014	-0.49640407699499	0.460895466209408	1.28362216649419	0.449472396447294
0.386481279181306	0.08092275442899	-0.0616625853581661	0.356400326212953	0.288959022543901
0.848157387296614	0.507691624572834	0.535520798521082	-0.0310993644750355	1.01053234535091
0.644114822112335	0.982058435302636	0.595882502512833	0.267565980312588	0.665993045241486
0.406556381725317	0.281382318250323	1.0515753525946	0.448164600851743	1.03906534774736
0.586552404687901	-0.116364048787164	1.17577372058135	0.624817456657679	0.55283685072884
0.551841472900893	-0.696603805007468	0.0334133196918998	-0.334172027225185	0.66715351285055
0.534719041279539	0.126621777497122	0.934924788163115	-0.445459274487154	0.414858060499626
0.206883115688244	-0.224945908898277	-0.0639621228568913	-0.461260845691772	0.113023321782329
-0.214781615568321	-0.276628435330878	0.199517811212774	-0.462318703816374	-0.332776239087853
-0.0124338771280702	0.244330537396381	0.329006519286343	-0.135401833719602	0.255059938076766
0.0754640727404906	-0.544609895531391	-0.273371752422065	-0.432053531938635	-0.209625816619062
-0.335305898046502	0.507025909352942	-0.238548746889034	1.1947004479879	0.36332525358642
0.537682958299706	0.0857871803342685	0.0554534562012359	0.150514201519917	0.326454111201748
-0.127214517311733	-1.14541645325674	-0.413261131416395	0.0356542037327087	-0.196990652324497
0.0342183185537278	-0.741414396816744	-0.399031478801038	-0.651751947358669	-0.288581392961001
0.114381074037172	-0.265958978771201	0.24148311471428	-0.87081026086342	-0.4767862433622
0.375068580147909	-0.121638273491028	0.658170838105474	0.516915831017409	0.610582775660049
0.391064535980327	-0.0272215946599718	-0.0185458386894788	-0.172553884683146	-0.0985274704516018
0.198664803207311	0.0576670764371735	0.274096198339204	-1.10628016420091	-0.547472062017641
0.314817082313333	-0.753169008557259	0.386347293981925	-0.379665880336619	-0.599403154745775
0.40388484548111	-0.343226961965796	-0.286300483435128	-0.384840546104108	-0.199296327716761
-0.000656531061964463	-0.401366076584308	1.31230734603923	-0.0394066411088079	-0.0703011516280135
0.199086906207343	0.0582762964049347	0.806867192469012	0.0226393730762512	-0.483135328773555
0.254953735390892	-0.0598998187505997	-0.181226969128652	0.648325409580614	-0.849547525121081
0.0380189090462048	-0.252787328821272	0.295565991280394	-0.370506167182986	1.03808845885765
0.217519004958335	-0.430332760784582	1.00057836502169	0.987064650803037	0.276200326319102
0.186794130328518	0.869095972501171	0.545319424800545	0.170657482898706	-0.0281596743540537
-0.000509425633376608	-0.0113344625686305	1.10753335936541	0.86105337299761	-0.284754403594339
0.436409392411294	-0.71560307494013	-0.065284155592653	-0.994137510648235	-0.392659416398896
0.0576700490119492	-0.175756363134305	-0.548647284336846	-0.339434911246574	-0.0920925720241728
-0.408326979895827	-0.0923418291320061	0.341358060714085	1.18715643957943	-0.455467571222915
0.281241990142171	-0.329203994706985	-0.272913822389142	-0.293928080846243	-0.489709691361031
-0.0758166407343187	-0.492750996182182	-0.0391067308928799	-0.954274971683354	-0.810528742656976
-0.490660536662072	-0.292205449557821	-0.909196717464508	-0.103495158946889	0.293193205017763
0.023182194126276	0.123711808350187	-0.483107967016154	0.217323128224995	-0.296091844121488
-0.169620688663575	-0.229735990359742	0.0367716448678075	-0.332668181908503	-0.255619320161547
-0.555891529069225	-0.232670531033884	0.417033371018066	2.22988526199626	-0.543933222676322
-0.131654652460992	-0.395068506023135	-0.592149738047627	-1.29738104153494	-0.637110876547667
-0.237900167292919	-0.321612331111058	-0.0609744180616044	-0.0922394031152047	-0.342982451384759
-0.0761404623144274	0.153346822570068	0.491393675918222	0.694220728885344	-0.171262780970767
-0.328474081772566	0.221318359863242	-0.0156081829392052	1.29711279495799	0.612793318961637
-0.276209851004823	0.245917331730388	0.460617975820499	0.254667727913011	0.0781273116807531
0.0478233003845417	-0.281503937208733	-0.941760292145264	-1.12636957568427	-0.377083919199768
0.617202900284602	0.357883230109179	0.668516942028557	0.0298907567502173	0.710546742236758
0.323209523388005	0.977414842225907	0.360963045173133	3.3713544088548	0.729295351830416
0.188504184521465	0.336647022127894	-0.858369935100905	-0.465121202459641	0.0695676937865783
0.771761591406339	-0.339493629824377	-0.706298621788572	1.65587306499314	0.554944470829687
-0.103061698146075	0.817573500101024	0.218501763068669	1.64282297545475	1.58376991929319
0.531318270187108	0.685943586162648	-0.0287185645166665	-0.644097637125464	0.340038195146913
0.925888503095402	0.256747804352132	-0.215316141352463	1.5489319805509	0.645627102858389
-0.176931778911135	0.337887030400244	0.00947918937867668	-0.243051503852933	0.077855841966212
-0.113465522417939	-0.00572432368352968	-0.751756946730797	-1.56387331546673	-0.641978572584033
0.746415678738445	0.370649429551476	0.399916859567399	0.96743320158943	-0.750262350984986
-0.169755588602919	-0.342847419716029	0.331011402494043	0.138656783188527	-1.17940409637474
-0.0118951914621751	0.0383947092074618	-0.533419180113032	0.40286561690032	-0.609938642508779
0.0987247774709874	-0.195264946324553	-0.447485477098124	-0.983488583409837	-0.791266151818136
-0.45364800056243	-0.0738083795378308	-0.469183329643402	0.0841351475279811	0.0937850857471764
-0.0489599123725892	0.180045522785225	0.469805469352535	-0.457989882306151	-0.385447466398728
-0.425149052591099	0.49623553203369	-0.265735305544995	-0.588673274813476	0.164543331123982
-0.531108110840577	-0.148239709672852	-0.572684465795499	1.48431687264861	-0.0875100091819872
0.110096417560969	-0.158120115829262	0.28435850442486	-0.0754064222770519	0.463658372625705
-0.485082687745483	0.253104639430732	-0.307938892601549	1.10023207265307	0.182189509222751
-0.385400829439564	0.390480085469065	0.317661074917567	0.244353800194404	0.493220116177513
-0.193405731097799	0.231909953712788	-0.208446578951614	0.126692205158274	0.100164337000836
-0.155742724107124	0.466859282393222	-0.386990784052453	-0.659756005576157	-0.0364647336692005
-0.305024453352127	0.626561223393772	0.566441673427465	0.9948964053246	0.894615763181596
0.0743142661786448	0.59970951526978	0.58135467568001	1.15996355800282	1.03240368093264
-0.230359208956101	1.00055082678608	-0.158544425489221	0.0708524777751813	0.465894807796241
0.290547099458626	0.998186965013049	0.531057750634391	0.974184543843597	0.772976404238872
0.248139857272097	0.0600168839893102	0.149336236430239	-0.604547798762478	1.04927244939244
0.171163983673689	0.592131065629959	0.447211041641631	1.08207537467225	0.951337597285333
0.473103169829792	-0.131656800783883	0.97022254653315	-0.984743620008276	0.949270993689381
0.1431186627462	0.566482919674743	0.430825871208523	1.74683843338375	0.869325391039667
-0.021374201134947	-0.42029644377149	0.994999723107546	-1.10067535712333	0.608424593359679
-0.403020806159692	-0.301719561974785	-0.406328034539461	-0.236427123457584	-0.0706356954844984
-0.305212372978244	-0.0376105173505541	0.171816690806822	-0.694925236484362	0.799514831390421
-0.587250809307539	0.121567871562906	0.206001462672687	0.673206990115782	0.289744423530351
-0.146487191194996	-0.0538930371353116	0.267078002924836	0.842815937153408	-0.467451614742305
-0.110282576823027	-0.805100098038537	0.220664019890814	-1.54495439464761	-1.18479239628238
-0.203742293363345	-0.924405515890568	-0.564294924940774	0.549921722190777	-0.405271900939286
-0.343998836625802	0.029767955294109	-0.241005747625607	-0.466361488575403	-0.641701568030929
-0.520461106524627	0.164116828517422	-0.49952964413021	-0.041345191243044	-0.352359026519009
-0.462205353462152	-0.801678998342379	-0.279959215675715	0.0813996337957942	-0.862713879850469
-0.346636381052641	0.633208393620462	-0.178615477988267	0.411435362257302	-0.812318493095127
-0.0812813927137101	-0.268537480961005	-0.373206909513169	0.758804398446347	-0.848684868670624
-0.50094923583559	-2.22832630892762	-2.01195395035553	-5.96753660463585	-1.72534204263585
