0.755731827015099	0.453496652185533	0.858990065851076	1.14037447744334	0.773355055679974
1.43758085994349	0.106529006830276	0.436603615105589	0.803027392092884	0.45214916033057
-0.128634519973567	1.26994512095794	0.747013729318845	-0.673977728508363	0.406900196534284
1.18562815355973	-1.63119328365008	0.222941770375943	0.274790780469651	0.0674683796456046
0.443607590948404	-0.444018163971105	-0.264491326209868	0.2606715666599	-0.261780364004156
0.401087922099802	-0.441970305648111	-0.290998263129366	0.267148226879072	0.168851831724882
0.75693241984109	0.537882374790778	1.13096111163304	0.521540075432558	0.663441463887839
-0.144301384434538	-1.04776460576263	0.108868566432328	-0.953174308213781	-0.404354372441376
-0.138115109248522	-1.51702438747204	-0.235653778516782	-0.861778522348866	-0.698001066753934
-0.546135693661646	-1.15377168114169	-0.701355407854368	-0.662053798199964	-0.699778035487116
0.494372262546922	-0.63699087420457	-0.262658009108853	0.0776738612765694	0.165182840164403
-0.485446019178155	-0.0503904674299262	0.629880865953729	-0.665225010900364	-0.349645620998825
0.234367946013342	-0.614213323053645	-0.626875678338339	-1.3590260684747	-1.08964773305773
0.104594467441502	-1.12772031869183	-0.914594813544325	-0.0340757479999124	-0.493251065833655
0.0491117879107512	-1.01924406970569	-0.302387284947523	-0.420009030629195	-0.909862156471504
-0.15842325324511	0.690652975340957	0.194536953650547	0.643998066500028	0.392535857526158
0.189868168409515	-0.638203020309711	-0.227917915705991	-0.352833831104406	-0.773336969427764
0.546710614553142	-1.73172266164241	-0.430271801278553	-1.28565647757518	-0.544113744075097
-0.451831120185212	-1.0191626804609	-1.05641258154258	-0.0898753744649753	-0.0315753211479577
0.936269361487621	-0.164003619081418	0.535931018166035	-0.197937870655684	0.072274966847726
-0.208763901776545	0.30216705225826	0.0418201487726676	1.01300526406555	0.497061657026708
-0.0966256774921107	-0.989900077533524	-0.186950704513886	-0.9701114149441	-0.212188992393472
1.24853541689186	-0.352236349179406	-0.357633105045382	0.949363942896629	0.948478905399733
0.597889583687462	-0.353412647118017	1.04612731569956	1.44807533160898	1.20332433206416
-0.0127491868925714	-0.0405691568699652	0.910530614648345	0.444576713301588	-0.0913042223993337
0.302901776442145	-1.53968402395903	-0.340475695878604	-0.696772610909731	-0.375593487667124
0.00102805393204097	-1.16160872925385	-0.0867535571631776	-1.07984980713412	0.324961974219274
0.083618744613669	-0.849489145467866	0.340063178224241	-0.53463250072245	0.300665691881706
0.10565230605083	-0.12530651494417	0.389720734132037	-0.2562835429776	0.35008138313775
-0.0688159245537075	-0.902109894332751	-0.241985228689269	0.290043629439023	-0.345282269596467
-0.0368128718778323	-0.812848412309127	-0.783485353308263	-1.75706219501931	0.167177039406088
0.675377134321968	-0.411401093077424	0.0935421673221858	0.46352306641673	0.550709471580785
0.49708935091068	0.991899308012656	0.23284234414055	1.01029409060592	1.06777959280364
0.204056244158632	-0.513959230921384	0.311311373297395	0.980320536196252	0.686830883718374
0.55827238571224	-0.970803399078227	0.566345451319501	1.11778277525732	0.198178711844797
0.0644209196327276	-0.300983702077809	0.190926250935264	-0.287939718780463	0.599162771773372
0.823541731914398	0.350370718709425	1.15198504968124	1.26508432048428	0.741129995560244
-0.158599231791671	0.49921604527727	1.29165757674577	0.163963417519268	0.512634252152692
-0.322485644339904	-0.494724828680867	0.776590498301286	-0.287634625205647	-0.0175114775073887
0.469473713588622	-1.11856394581668	0.421584366957469	-1.59806400511807	-0.175799721850635
0.139889025879806	-0.549369489291066	0.126115469145294	-0.0187903990836768	0.278852769151189
0.615149335190212	-0.121518343800462	1.03945610591813	-0.511431311139765	0.343764554015974
0.0402146180592442	1.08086880672124	0.749481911527488	0.347759351708756	0.676953461673644
-0.329309099301977	1.34066289528023	0.42907476142779	1.64060851312932	0.313875207012565
0.197430523951356	-0.430073327160792	0.393032515891093	-0.183327801078134	0.30035204015796
0.856374415492833	1.21356536593372	0.298389068548763	1.56011773712303	0.419050830132385
-0.650669972662885	1.59280466911365	1.09053679801356	2.68105867655588	1.23116273033291
0.525084562968658	1.73693602103214	1.44411783844222	1.11718096807361	0.400317615664952
-0.796765739525282	1.29396049695566	1.32107497484717	0.785057964583692	0.42148247689833
-0.0865681158455642	0.435868049116203	0.382263774422569	0.145810365409468	0.273483531529754
0.246098897253621	1.16936514013572	0.741017244906515	2.12991679998983	0.311970172639651
0.104948939393838	0.573886986222886	0.533914636807432	-0.622386725585681	0.200435535600795
-0.485111296108349	1.43570011823305	1.04256115751855	1.08379389482758	0.254378273141601
-0.699725688212071	0.96337284196807	0.379674164229585	0.933052392905424	-0.578806507751414
-0.634540249174042	-0.0876950676088987	-0.404035882567368	0.343247677839495	-0.967692586450653
-0.308369647585704	0.0274044486275829	-1.04231494067453	-0.679771170376108	-0.346242553661829
-0.272543320513034	0.216437935659648	-0.335120056792997	-0.248947609947143	-0.154076098409472
-0.706068539177181	1.23301339453018	-0.588690355831253	1.15788501524739	-0.654592691383632
-0.343587213101362	0.205993432318117	-1.20570685639833	-1.613615262124	-0.576132142410829
-0.465292531814953	-0.0449802171539818	-0.962610628927468	-0.231881190101086	-0.727800185950216
-0.740195898238246	1.02152459955012	-1.2563523047098	-1.15941781123915	-0.445408777268285
0.0045251516058026	1.16794641476966	0.0599445473634261	2.26383601467659	-0.317359492758947
-0.76625978378124	0.451265088821257	-0.818817311959991	-0.32344050565578	-0.258121981378914
0.0404696170265368	0.420502457361763	-0.973895690028149	0.360075984996457	-0.672449092315882
-0.119798449721232	0.300750043098934	-1.00572399077931	0.725493981747254	-0.758310202442223
-0.920566477365275	0.796781988072304	-0.790046724907352	0.724956091321991	-0.429817526095642
-0.324652629724794	0.819609515131275	-0.0418977149304817	-0.161916527944676	-0.124538522365846
-0.932511095694859	0.390363770433574	-1.25810934466255	0.0494337702693938	-1.33770919606602
-0.778494519804018	-0.373418859646331	-1.3474107317283	0.674061399846494	-1.32125021306979
0.219824858425694	0.474449036959039	-1.07080165431043	1.69796524828844	-0.380017085352971
-0.564959571676211	1.08265047193716	-0.579502643931626	-2.03352774485591	0.0890281097102499
-0.946608624243651	1.2980029823599	-0.95551526179594	0.0164946566077528	-0.633103319757791
0.388963967354336	0.151690370067121	-1.35020034331347	-0.0753321478663443	-0.0248310083514171
0.287608290631235	0.943395050911245	-1.10062178736921	0.900472784789417	-0.0974182550737916
-0.377550439128677	1.86031229600406	0.650908247647567	1.39064630421796	0.464257126161527
-0.245058298611075	1.15610439577442	-1.10974094790125	1.12629951930715	0.473116456485792
-1.04086144018503	0.231336375921694	-1.04791168740769	0.438040848393891	-0.390490546432349
-0.0848866284073659	0.512353504917872	-0.466487875541989	0.402446246843823	0.315080402798314
-0.564922860261683	0.782549108471959	0.0367175253169626	0.504493900118722	0.324606257787115
-0.585263380765843	2.27464902244576	-0.0841039989781488	0.966537840959227	0.872360216195949
-0.0867443988574358	0.288041468194074	-0.422728878170778	0.134401511922572	0.438177857770557
-0.0250612426427552	0.831266146366552	-0.803935984528787	1.10703159072697	0.00623710911522929
0.157197139268853	2.36958792552718	0.995475669085463	1.33900608727706	1.47633733261272
-1.49232869397641	0.717518227536167	-0.0822299456131432	0.907773763529323	0.0415266393693022
-0.252531684699789	0.90932993122746	-0.473538226317771	0.566421029877389	0.133404890063966
0.132116476289906	1.09951383594761	-0.311293882326995	2.83669842859371	0.720135940427084
0.254998618383367	1.41948564289777	0.829980867287557	2.35781131235445	1.12130682347466
-0.633877533255374	1.93365869425204	0.514438689226825	1.37473377836034	1.05041945521831
-0.22532515838895	-0.0602620208897085	0.346745321568846	1.20762377380857	0.476585699744872
-0.594509103916273	1.12340142808309	0.41356947164132	1.35880952142555	0.357843297679859
0.518002548826779	0.948606498041542	0.68816285608821	1.52299859882318	0.780918788803182
-0.158211424676901	2.05827792758905	1.23597490603804	2.44122091762349	1.69283172133843
-0.555271689485691	1.25784119421146	0.793780380318988	1.53072760208285	0.177955691083579
-0.210173715933171	0.860751290246348	0.164643357796052	1.85240402370708	0.286290160450617
-0.317193039523948	0.463322197911023	0.53667821192204	0.541701453976884	-0.364844281323128
-0.280821418481106	2.1370208101323	0.954195862384765	2.62941644360707	1.22006404996973
-0.990835397731112	1.15852341187404	0.9931224569788	2.14256540076128	0.41636336135323
-0.181172039060159	1.88667006375152	0.649071676154846	2.00001679912892	0.17538044992107
0.777371510803477	-1.06128728973495	0.591289050677123	0.907983596092614	0.646924381987501
0.695169653049066	-0.336607226997469	1.89179071262127	1.14691871315464	0.573457059365715
-0.038404691467026	-0.42718145630841	1.1364288207864	-0.0701199557674877	0.490623096131702
1.18935772651968	-1.28728439143848	1.45658508622492	1.46817097002883	0.332588569370616
0.279035533917287	0.323832799201287	1.72597347169898	-0.0218917703341238	0.661121551304743
0.0471921274574685	-1.03094366170239	1.36417434280321	-0.103313153391687	0.197916092818743
-0.402833882815121	-1.23975542152907	1.32346555474279	-0.24897398321265	-0.354569658148341
0.247811247085778	-0.904028795777978	0.379039093624164	0.478241184832561	-0.631285234393691
-0.195150910688086	-0.180394751605826	1.0196065437462	-0.128680651313544	-0.58270400544355
-0.780202396422966	-1.06661620523067	-0.16908669376514	-0.693873701497022	-1.32873116078001
-0.42904752313534	-1.85151806484457	-0.561828474121485	-0.778755854651257	-1.79619875709696
-0.100356771415523	-0.185746121465187	-1.19029808101214	-1.40243344254759	-1.51637724415732
-0.740721113314887	-0.852879314597552	-0.068620786827484	-1.08921869732903	-1.38154695272847
-0.703340463522921	0.139056583087474	-0.805336761818183	0.113022086163775	-1.67236624579964
-0.119294681929037	-1.00000652690319	-1.53132015003671	-2.6347241968554	-1.39400561491669
-0.528167022176211	-0.669654596207202	-1.40963082818716	0.805174677873797	-1.57004483698925
0.134858445110809	-0.402437814606516	-1.37669366179718	0.0944046928021408	-1.64112099284112
-0.21371754739459	0.245032680039095	-0.113281427454716	0.770179743328914	-0.572073298285318
-0.37642708205881	-0.615034145838054	-0.68316727135244	-0.204528279900793	-1.30506282704965
-0.0640325305596986	-0.586566187672812	-1.3977143272923	-1.47140448568129	-1.67295890271573
-0.348055861935409	-0.604165798321143	-1.18723045645354	0.236418179606328	-1.70691916779503
0.115223651309324	0.869823472111202	0.00983566068288565	1.62038818923597	-0.710088166758648
-0.49315757833533	-0.347763107888613	-0.912361507461231	-1.0040932575564	-1.84314389736207
0.449719149154446	-0.643167619451077	-0.964126346778546	-0.970605374712445	-1.53933081789042
-0.140907316569215	-0.358082004980858	-0.402447545653943	0.98186868323373	-1.04911362331192
-0.176711475313781	-0.420782609080409	-1.45795348475115	-5.33482276023517	0.12443676927335
-0.571351564884441	-1.13644614588142	-0.922507948608971	-4.4607233372827	-0.699492299359617
-0.280797082558532	-1.29186510993936	-0.378216029260233	-4.15237846905069	-0.830127291113549
0.370441762121421	-2.01564496923252	-1.59717318078697	-2.00422017040256	-0.658780830785459
-0.735368054711321	-0.758673952156047	-0.314894828614497	-2.71431547687166	0.321217633199386
0.779117505020186	-0.672354636723857	-0.276233105075403	-2.37756949386769	0.866990950140295
-0.239759463068642	-1.5372924242436	-0.317658750558251	-1.70433832715679	-0.318658149188927
0.523007933611717	-1.32526847604781	-0.900554682907267	-2.05310357933433	-0.0683387708633335
0.560223911813288	-1.20253854697162	0.0315816385593208	-2.55624995918663	0.482876222884072
0.391157559761008	-0.17405610272767	0.497983859581921	-2.24369318855852	1.36841331246121
-0.371124519735549	-1.23119023937468	-0.165260214468006	-2.53039324566594	-0.0931751166341955
0.253498264043264	-1.08316323584663	-0.346632373357998	-1.91694350012407	0.434483240590039
0.27601117206609	-1.41076567085675	0.0581709760935176	-2.52775552906067	0.407303097156159
0.0964987290055266	-0.411160239263055	0.466067860562062	-1.77645104918186	1.19012774598673
0.242802409128819	-1.01396187295491	-0.228093350779299	-3.24214660820203	0.337031301258425
0.316927091187128	-0.953698445391258	-0.589498623005153	-1.2800276916563	1.05535646905575
0.531592884206289	-0.972889648949942	0.505522411550758	-1.67364869963447	0.862502695365755
-0.148843643734634	0.277099454443295	0.426514001449093	-0.550558534999945	0.836037675553789
-0.0666435184623202	-1.72986064270623	-0.0105200959839782	-0.949151167154917	0.47913524124941
0.383634158114531	-0.770631778428359	0.246792589787985	-1.68966941430016	0.720265023644569
0.228015778961477	-0.276604692277165	0.282322398307515	-2.62060940833487	1.03325777026795
-0.124239929941343	-0.675456471339087	1.02394689105402	0.822613359576964	0.778883001792305
0.532016210565313	-0.462025456015699	0.245699787593782	-3.00196388351075	0.309518692068875
0.209989842643235	-1.47691686138407	0.0309355432410199	-1.76712437571603	0.804881958558925
0.151173329532453	-0.650535106734089	0.749405096554516	-1.32061670563989	0.569295185256961
-0.210040050601601	0.102089450001432	0.646569520651012	-0.213407563240385	0.708280714400344
0.625614607135814	-1.19753345061453	0.528757564802216	-0.254064313656067	0.377370710006314
0.389101730192085	-0.760811002092369	0.400496947048889	-2.1548950167852	0.862078042180178
0.621509096531928	0.098906666004114	1.12076897827296	-0.656578421936879	1.17173770423029
0.0806469862602518	0.439185825075802	1.13285608092514	-0.790461720944888	0.904418470019152
0.450774389308326	-0.518383971575987	0.898747762477487	-2.45570947864759	-0.277649556020623
0.683094268427594	-1.04018831009679	0.850393993882866	-1.27392656443082	0.128033250140358
0.786840381650516	-0.421382688131882	0.455615633888724	-1.03735709200885	0.00021628813843174
-0.393023039661804	0.157805981107647	1.11914042508554	0.985742705508743	0.0416349505349503
0.07487387408411	-0.348774010412153	0.484211421559381	-1.2624002445181	-0.933239416668959
0.437436287691534	-0.444924926571838	0.0139545947955892	-0.339659233485969	-0.440592643627843
0.246917657425731	-0.178132677976366	-0.00585233022520334	-1.10431638547397	-0.0763880917409351
-0.328597303559306	0.64399758772756	0.647695727728576	-1.57798230795446	-0.164083701343911
0.347644413485911	-1.16077735421455	-0.0545181704592228	0.0699829805023429	-0.90564187288605
-0.00535656049394981	-0.263655516130345	-1.21303294797208	-1.63560351284036	-0.300342868457803
0.525556057630365	-0.806782565492909	-0.23937456243304	0.266670887992287	-0.203164638064931
-0.541486250217139	0.536858017205657	-0.3205132288149	-0.0371512124999658	-0.363971938592378
0.916143330604352	-1.25717050502661	-0.706492829402112	-0.923463602839523	-0.431190313756538
-0.00787618836011209	-0.424369983145502	-1.23022490318357	-0.897651196133102	-0.485008570491044
0.456239214055886	-1.17966030442044	-1.10173621930096	-0.914744798722599	-0.119643397466663
-0.361832181471403	0.555985303757903	-0.00855425962181311	-1.06263424340203	-0.460970513676362
-0.0118516885532703	-1.00884233388013	-1.0020987414691	-0.935848430790662	-0.948975027394396
-0.540600168582144	-1.19804327885852	-1.64207279929422	-1.023070152545	-0.961612765297998
0.290788930955448	-0.853420553445493	-1.08894392432279	-1.01975290870562	-0.867911630113178
-0.276095420368348	0.619693377449598	-0.0287161149043014	0.129304781358731	-0.174113298962478
-0.232340957040268	0.289493043497749	-0.516367643326932	-0.685242790467825	-1.38158737048501
0.814820211996328	-0.811850342663598	-1.40076772008741	-0.505039215816469	-0.862968286866364
0.022825189902298	-0.276760406390331	-1.57153120784722	-0.965422687554205	-0.206788339082434
0.261980657318976	-0.232077232788529	-0.251595371033474	-0.0697735689557643	0.182597769646413
0.196669979510261	0.163318640623841	-0.409244541360112	-0.228189616719586	-0.132079450376487
-0.270566476137899	-1.16252259626476	-1.15884852331066	-1.4896252558835	-0.606153531973126
-0.310115465478437	-0.351900074253543	-0.941364923411064	0.0739723090888529	-0.685049267200311
-0.106365828902237	0.0763974561399514	-1.11425766908178	-2.48655711571963	0.167869370947642
0.00477086370151338	0.860408653518257	0.175423455436277	1.18248584049214	0.441688486797448
0.0051427103363927	-0.297462047384886	-0.677795523779483	-1.57484634001038	-0.488641888418188
0.568077309336487	-0.295953850348486	-0.750463839217714	-0.377798092375284	0.24378140862363
-0.303192404256592	0.109033968434875	-0.272386614090393	-0.124341474652744	0.524865168358526
0.372600112300239	0.575330646472465	0.654969027485391	1.10201848863037	0.713860277938226
-0.429929044302067	0.205801498220374	-0.538264158540813	-0.126397286193263	0.0599839904395583
0.387679990789551	-0.92186691300751	0.00976306184156469	1.13713219637226	0.284251669924074
0.724151931470538	0.245583030376696	-0.575050907082469	0.46700926542242	0.723965547451214
0.099982152480356	1.39532974428024	0.653961925827524	0.483153489973007	0.675234487652931
-0.285048783385552	-0.175172025538468	0.110090391340134	0.173777222088873	0.656205457813895
0.714528305540856	0.181109990738506	-0.20181965979206	1.08682438484575	0.642047685656552
0.0234116610351965	-0.392817264772097	-0.156006020986831	-0.23287565469969	1.0993883302068
0.183794931442532	0.320183855817888	0.743040767184804	1.79073907400675	1.52852446476975
-0.3706778542507	1.77907794397813	0.684285120281646	-0.288111843733098	0.666045979971553
-0.272568212989933	-1.08024622243573	0.49170238153836	0.0303109599677762	0.668897720945063
0.505429293222186	0.241761478902866	0.40112830166548	-0.197406588093719	1.06171804968602
0.540372452043706	1.15606459152416	0.639932977938203	1.11798345304414	1.58672504452384
-0.602163042216071	1.40722866726949	1.00819108441022	0.578448625872826	0.729384040214344
0.675341708485029	0.0227301357209092	0.428524264528305	-0.28317281185163	0.481602076749321
0.879198613546107	0.00619469440058088	0.77123919940285	-0.88258813700994	0.910051151228069
-0.881825831380912	0.490963052432557	1.22240545488214	0.172095474995172	0.562184933608446
1.0405241817133	1.51446253442751	0.991089477593277	0.553050516996138	0.973431409987038
-0.711061149238734	0.176732891048547	0.658848470940404	1.67329279280534	0.322624231914752
1.08081876784523	-0.505949287787591	0.51822830725206	0.432562682840656	0.533818886783686
0.496685917683861	1.12229904730173	0.651882643501234	1.66430190776969	0.826641009099257
-0.175653632874632	0.475250443571014	1.8442363410344	1.15118609044862	0.979686769725874
0.288242560702403	0.0436706179779955	0.723317530138512	-0.0666834356611155	-0.530296561441518
-0.609539660098257	-0.36599815722398	0.684235842035874	1.14584764601842	-0.534954654191126
0.120580129081842	-0.503180352668185	-0.111006379564623	-1.06612362353481	-0.850586313032266
-0.367699010960006	0.857633472665181	0.314740930318094	-1.78433318427962	-0.389604899144269
-0.402135207854318	0.0365148248577774	0.42164159784185	-0.261654461314011	-0.511595591807552
0.150824678716956	-0.558231972927536	-0.277842037362363	1.33660458896207	-1.25256569694196
-0.627317409597085	0.136097605067696	-0.59536523309918	-0.73018258321281	-1.04346148401945
0.131357389191098	-0.525718699869283	-0.624174693155833	1.43103573954436	-0.870633751549157
0.0197177123655142	0.677682038251696	0.421461434948297	0.364439751420383	-0.00866081232508628
-0.49564350772429	0.246450722480731	-0.763688092194058	0.724874000507656	-0.996979374317791
-0.0497611431876642	-0.0218297581733264	-0.635506087731682	2.28961944138434	-1.06147404321792
-0.140711516408221	0.783293128382824	-0.840106882664088	0.535704522915781	-1.02951867816888
0.00766914626068317	0.818154058698729	0.457147076737627	2.88443804131101	-0.242294114689809
-0.415298398551744	0.431880842340501	-0.398952348573753	-1.26261324006518	-1.1897907873348
-0.136889499856708	-0.180657940059447	-0.953873727801805	1.82607423891782	-0.9994799513717
0.184622385521432	0.0725390424983783	-1.09322960333041	-0.772917140896884	-0.802896857817442
-0.0606929094258943	0.374862788984775	0.102542052022591	0.115290685528283	-0.307402999352802
-0.077843810043629	0.536355100264874	-0.577903853785637	1.66428546500877	-1.09604011359479
-0.0928529996523109	0.534861153862589	-0.956284465056546	0.127883529650925	-1.26479518387448
0.351594397719176	-0.316140767672294	-0.970612062077479	-0.689282582443518	-1.17712810060277
-0.251379673638027	0.450467812338942	-0.160307732248781	-0.651127878031221	-0.176158012627211
-0.577844614915309	0.574536694576189	-0.515063780667926	0.878687158636232	-1.00062603869725
0.446588561920882	0.148510154796243	-0.942072090457732	-0.49782266345161	-1.00241184065292
-0.585950514090979	-0.652774385990605	-1.20169728729371	-0.857866542977989	-0.78545374378766
-0.329690193167661	0.77149601128611	-0.253250147541471	0.782037075311977	-0.0246279435413671
-0.0391395528810389	0.483256149527577	0.0749997246651711	0.807219486153798	-0.533519063923016
0.175116469769229	-0.195226807203114	-1.04327562393843	1.0453825214186	-1.02338195920924
-0.046132242045308	0.283188063273175	-0.500527440090163	-0.462758545770395	-0.185886915753505
-0.01553948072234	0.0595323431515367	-0.00933129708679577	-0.156356539231434	0.632602803535718
0.031037401548176	1.67248265854514	0.477833842368873	2.41544558700348	-0.0441166994064768
-0.0401938501999004	-0.626060021454003	-0.258519329790296	0.021471504540994	-0.469725333735145
0.389307648520637	0.0278700295840398	-0.61447218121285	1.00273579816935	-0.455485393083069
0.0295407989818991	0.695256643661528	-0.302522321796453	0.0892889867107051	0.826171268321139
0.0799963343561487	0.977935274720281	0.852581479360957	1.46319732277149	0.664724014375139
-0.165435363146616	-0.0457857005439275	0.158272449158824	1.51519149154223	-0.294765176753376
0.252012115796568	0.581000370858788	-0.195087100515671	1.49750358850964	0.0672199989488396
0.101512015172567	0.0293081042847633	-0.311008869262624	0.668442548614243	0.585563073401581
0.270506348832302	0.775014868388769	0.921045977205937	3.15015112073181	0.724719211558756
-0.556443504833432	1.88781860577383	0.716344185753644	2.31814192014744	0.715599925640524
0.932125151727836	-0.61404496802111	-0.153284011769624	-0.0619263842707305	0.308953260900479
-0.472942504788908	0.904674424656915	-0.0328129851836448	0.813063707667781	0.675927032369168
-0.036805239238319	0.354158315464125	0.542691940686135	1.57475001049301	0.882486520091506
-0.355177597336153	0.221355671288987	0.840099877497303	3.49933826071371	0.916283425879789
0.225345832579865	0.353708367487182	0.469097167872218	0.197111681319642	0.330468676814256
-0.201397176792847	0.117491356589128	0.438722721295629	2.14123364938444	0.213930906340192
-0.50039189246258	0.685031006000715	0.125638060126689	-0.770118495880425	0.887294477054514
0.162006159322067	1.06534626198218	1.54797967027369	1.98915313489075	1.10792656260524
0.710168025782546	0.18199587310467	0.686552298365067	1.68373599249022	0.503726499480614
-0.52319249265393	-0.469092840026533	0.443942678965445	2.27002924866298	-0.0497828756608075
-0.269303196693128	0.814841608147183	0.50992211858797	0.983806627413022	0.992962686114805
0.539067716206092	0.318201580537954	0.974979643150513	0.317638895871509	0.975809895392939
0.000111650258170656	1.56660906285338	1.06428264592887	1.92076032775099	1.08275872044948
-0.368715130494917	-0.877543556513698	1.83784138601461	0.837788413927914	0.435933810713422
0.816103679718318	0.782080539064529	1.20237975934515	-0.396963745330231	0.265149389110634
0.208480961307855	0.479358164163298	1.28044133344076	1.32884499269449	0.671499236397576
-0.421663581366344	0.683380635264275	1.46139069335387	1.27436877889263	-0.0430258905741201
0.637897890621548	-0.0604495095604073	1.15372713919425	0.161036232642919	-0.463080990101583
-0.196250911008112	0.395598257474911	0.463584714740658	1.96677296686261	0.0464776956975597
-0.00537992625040674	-0.0795709583239178	0.57916051370439	0.612923200514199	-0.0487214617403927
-0.476492012492312	1.55807658658945	0.958577516658499	1.01327287033984	-0.200122366844111
0.0903313869706396	-0.791922056848954	0.660679433918871	0.133866294832074	-1.07357929855889
-0.56728346350417	-0.229747568985667	-0.355990524149339	0.168835871720231	-0.974204105274416
-0.149624426216206	-1.2135479148851	-1.57693425835655	-4.30187431186608	0.197130017464023
-0.581428382911317	-0.250989965343853	-0.730729371661488	-2.79498532324596	0.14825185899186
-0.101130663575303	-1.36514385576569	-1.43477313890556	-2.95968520426327	-0.566518930355355
0.455608071280458	-0.951592677778571	-1.36485600219192	-2.54322836145047	0.200670015587713
-0.58189413118659	-2.70123104401609	-2.19815767565837	-3.35095615936756	0.312915424888673
1.05163667352764	4.4060467385308	0.918540250048477	1.09692142426002	-0.576811493238315
0.362394086777618	1.16686316735103	-0.0374856195763617	-0.447123602147711	-0.720336557552387
0.0539593258467503	1.48347490447575	0.18637399378864	0.566897376529201	-0.940355970283331
0.450266615671485	-0.238753555301648	0.209356865790958	0.939996463659131	0.417855871104623
0.806576148584942	-0.328457301544367	0.0819139487688455	2.85840837961511	0.171041505029254
0.200524726601491	-0.0844565629068331	-0.0655231885934656	1.1464243928648	0.205140904959294
0.327638341359666	-0.726420083238002	0.2489079580308	0.0463512955439312	0.399307522155063
0.135567666609401	1.14914686667494	-0.185853892901671	-0.859584489331398	-0.0718794505336537
0.483927461784347	-0.646058191307422	0.0122879738259124	1.72362566875452	0.341839382449638
-0.499442086808527	-0.0426401356460533	-0.296894456569552	-1.40742826869543	-0.364679224863104
0.325990813842844	0.567668544983418	-0.324767277845441	-1.01505262632237	-0.909216470935469
-0.448565909617659	-0.256462968603649	-0.625776969289451	-2.5630511944199	-0.874482660112784
-0.238122093596175	0.420440376507972	-0.207614394501486	-0.109840008272862	-0.188388586828348
0.0367917986965547	-0.737768424794161	-0.163535988813561	0.371905753176257	-0.625662518273242
-0.176457396316698	0.37704292168955	-0.919179346123197	-0.677060068253776	-0.172218602209122
-0.0256624923947392	0.0675465368123166	-1.38208701564911	-1.94593233390711	-0.95770835383592
-0.454593972523041	-0.274421245061419	-0.584338865278327	0.364953283492328	-0.0365565289569799
0.282699738158455	-1.06101956679814	-0.906855862162477	0.58855104234641	-0.259630774996492
0.313187622636057	-0.776213873325728	-1.46389720441163	0.894178866210221	0.183542398001223
-0.446174000035899	-0.094324913469623	-0.740484836246858	0.71178687536745	0.50922338162033
-0.330865725012721	-0.820559408875645	-0.946126286229417	1.24402594910265	0.172664744372973
-0.414911937007246	-0.886567577240346	-0.943318211697138	0.918455912407581	0.436392592927681
0.568081484963073	-0.497003447133231	-1.42335924188677	0.435151393549166	0.470007331040688
-0.619381722091674	-1.04451478409712	-0.377003061323514	1.74403852413148	0.718411611944475
-0.35322084597504	-0.307394229881409	-0.332047979558014	2.79045789821435	0.548728750520145
-0.00723590455941077	-0.398015311831317	-0.485623211624699	0.976306641355442	1.2645892587538
-0.344594846379353	-0.32235146540291	-0.922305399172686	2.05673790408139	0.756852636786636
0.120628072436393	0.473747992983697	0.951231347571693	2.7679985578203	1.74439303743933
-0.58356847341106	-1.14388898377996	0.541070922216798	1.06705321663366	0.699204030634209
0.551647795519383	-0.0604865165562058	0.423911379810723	1.63906348667571	0.755744114007608
-0.335173445611189	-1.07879972122403	-0.134835672379037	2.28741090945717	0.907322389823859
0.237583335390212	-0.0409688522249861	1.10978368622061	1.29227261692395	1.11424157413666
-0.375071591341773	-0.974092553362019	-0.0365222466172589	2.49001848864186	0.693615997237201
0.212066611115845	-0.44048640393116	0.847175158916293	0.824991539860292	1.15634285823597
-0.37003435827708	-0.950563368129334	0.290203501166996	0.801353305574637	0.903502162765778
-0.0688662439352526	-0.618601076157526	0.889012405514962	3.77017624685634	1.25999303082239
0.30093837470863	-0.62081295294745	1.10799548764282	0.411786675472319	0.583070333516567
0.00360697755279525	-0.103482492486644	1.25985000615088	2.55423411389429	1.21876667998111
-0.0499761697037869	-1.02364500561826	0.50116693407906	1.90431333047632	1.10554177605684
-0.274123101634497	0.224795850986242	1.68159561392095	3.07358827233229	1.6088006833569
0.101528876996668	-0.943145640718952	1.66689119789354	0.76189467354256	0.667785587823815
0.344104141713353	-1.03692158527806	0.763569441147006	1.14222209590639	0.780723165421125
-0.369337134829686	-0.808984131765991	0.499066867544228	2.003875148654	0.531775259386812
0.38601988320383	-0.921275752533916	1.16456973795335	0.977005171855312	1.39282357301964
-0.0711139866371822	-0.640208810732748	0.85485596045942	2.21845638809009	1.13384802771252
-0.211238312944855	-0.649999644614626	1.41589705489489	1.34353999050015	1.24357704102107
0.271456714690254	0.468352291497173	1.22568252241418	-0.783072455139467	0.834895911447021
-0.0835928495250097	2.29907962295985	1.72040513377917	-1.7812816556181	-1.12135596907411
0.0517752428305869	0.779757411307334	1.96310412883864	0.386883852404798	0.500932004197703
0.40418046190544	2.40037366885363	1.96626506658423	-2.00090107689658	-0.200076768638103
-0.53806493883663	0.376241692619314	1.75787622867744	-2.91708044871695	-0.014214141881989
-0.0297093327379709	1.61251071592031	1.93486199327862	-2.13796468681483	-0.239395977497789
-0.0572227140219354	1.06920610730895	1.64315901120458	-0.595183608189639	-0.26183796853173
-0.104243610697511	1.49554325064362	1.421437039559	-0.75932494231458	-0.664080951333539
-0.505816645960472	0.336469214994722	1.07735773913078	-1.01331921702076	-1.2682254417411
-0.109845314182139	0.103668141961728	-0.0945662079302861	-2.88122258682863	-1.13530979584603
-1.29352959934049	0.287931889068451	-1.41485781868773	-2.58243283991841	-2.30847682363702
-0.130466642814094	1.09385164624457	0.529489160439203	0.431898382240531	-0.453938798711338
-0.0777294496478366	0.354513931069488	-1.22616340132221	-1.47879576390382	-1.36252454837024
-0.591739622109807	-0.943665306332885	-1.57786592323088	-2.15416659959828	-1.74103332393318
-1.27104254329402	0.937130414025515	-1.48568510327329	-2.08784282851806	-1.17652003215931
0.523132576463433	1.05522044307569	-1.1825398015039	0.0215632803480796	-0.883159259597269
-0.34631302968358	1.11578286444255	-0.792890482229427	-0.840367480280653	-0.499715777891461
-0.261917145906919	-0.25269163703817	-0.761080190614569	-0.61305619635831	-0.436771849495619
-0.119995622599535	0.300427699446761	-0.36045948342818	0.138792130074618	-0.770213331631601
-0.224844771223816	0.824639326088334	-0.690801511562927	0.053886434530009	-0.721359639370928
0.18157492732237	0.712634324642884	-0.0568828394768556	0.674630860580063	-0.285252179586349
-0.218275792936328	0.27037209808538	-0.627422866846763	0.370888528430231	-1.05824387512528
0.247138456614573	-0.429500874946303	-0.372282779116655	-1.4646705786796	-0.541646826371062
0.0840315610153001	0.428744704764946	-0.995759458856039	-1.64653747921008	-0.565573946337788
-0.371762381628921	-0.215399550020094	-1.47185696389066	-1.62386978972493	-0.88319195643234
0.166123134479153	0.701569659891215	-0.10857703300875	0.481396602400013	-0.124229935329494
-0.426711653873583	-0.701133204190951	-0.831469411372031	-3.9542304565606	-0.91816561319593
0.0448115506806077	0.446197652070893	-0.546778549151091	-1.15887208202495	-0.681576214045563
-0.982211109854233	-0.124317731170403	-1.39153074363389	-1.66134968918526	-1.30923380607001
0.170435260464722	-0.581360935391104	-0.85344088627135	0.255953359190171	-0.0482982914244386
-0.57530815032082	-0.286910366045304	-0.707123950110148	-0.683888921832358	-0.367860351756758
-0.205181385890372	0.714371199240254	-0.227712589533279	-2.11013508072631	-0.0311163884054328
0.158894113638499	0.0364338246063228	-0.491121078927774	0.0467073135138378	0.0670652351699003
-0.247468885257364	0.47115535413269	0.1368161469437	-0.649890818090511	0.0296373250744526
-0.0163160479254358	-0.889739133959105	0.222594827989456	0.558699141332255	0.477819692358649
0.575366917071733	-0.285226859419814	-0.0194537612329798	-0.58622465293633	-0.0167991067923903
-0.370302732151101	-0.0829376796836628	-0.134928954609233	-1.27411147590655	-0.0142900731939246
0.234233688758768	-0.456161460034907	-0.353264055884538	-1.00856089013332	-0.124259253486412
-0.318529988314147	0.8259039626663	0.976263004343175	0.24917671417416	0.258781547136563
0.138151018416332	-0.664233768578551	0.646198351557733	0.795009589313145	-0.207532411633849
-0.0303733469340953	0.207466441538145	0.0951813297984701	0.12455032134194	0.387319615780235
-0.0750425896214127	-0.434670081136976	0.344189484789088	-0.149284268714332	0.154510156693339
0.227681550442073	-0.0417972602745493	1.20696599520486	1.11339277010564	0.338863608247344
-0.287273255403965	-0.734216927944395	-0.0603922243050905	-0.185230711357402	-0.297801719123258
-0.309414256869476	-0.263579222403833	0.218021864268603	-1.55298414717214	0.00988208403774494
-0.343232467926988	-0.140943493673357	0.0745685473131224	-0.56992303116248	-0.197266736637649
0.444676080510831	0.849484347767543	0.587348732391158	1.10842365372544	0.180508560512377
-0.48820480463343	-0.222804805954645	0.93602747528803	0.819575870958641	0.346409590565328
0.27452681620482	-0.0243427626188528	1.02944783233676	-0.568772408698172	0.400991338737523
-0.0671490151783045	0.723260545692507	0.536031263574749	-1.28292758126662	-0.175320672702502
0.123420692453321	-0.173591377127959	0.442796120408114	0.846274493908953	0.451664620243618
-0.311154552631246	-0.220987166537225	0.92481254047042	0.433671849785518	0.55472728206913
-0.33391714086327	-0.39850490298156	0.690476334627629	-0.911032778235578	-0.45173399706833
0.18516116937532	0.664713303254205	-0.16856622695826	-0.171966090955846	-0.177807192252514
-0.22214742968117	0.0114642364674801	0.112955540592317	-0.839656655308673	0.218149703001486
-0.172997934824277	0.268850910025536	0.405892144143692	-0.929055559664583	0.403236340684652
0.0954562811526288	0.345337013749241	0.228171193313935	-0.786379423464746	0.187438624417795
0.282991624241094	0.238984334005991	0.486171675051825	0.948229540249235	-0.0622115662766845
0.431273594879905	0.302691647171334	-0.211753243048612	-2.07580828034308	-0.21087050025409
-0.679197308735204	0.304867750829419	0.514430553653598	0.847991717864302	-0.214818118101367
-0.0800326212657189	0.282740763897545	-0.247291719739221	-0.451644119865925	-0.292596246737346
0.421710760729522	0.626951622780924	0.276741335886134	0.352575400563133	-0.579837270897284
-0.489863707540579	-0.253694408866977	-0.732639715955528	-2.03961539023355	-0.66860872698716
0.0560906819021447	-0.414988109046991	-0.511540178614126	1.08560331363197	-0.0745916115871268
0.387095182854449	0.474424683744847	-0.752199464259106	-1.49990693554621	-1.09024308480911
-0.345228115575771	-0.0547441416676003	-0.617887374339073	-1.83608091552981	-1.46890136977153
-0.00149447399282416	0.0812446157776774	-0.926344837156253	-0.220897864487819	-0.932515788038424
0.166210573043764	-0.596460605766719	-1.2998052641556	-0.208169230359766	-0.419770214318355
-0.385548285732856	0.363617734603696	-0.576550985929513	-0.759187700351685	-0.980742341701776
0.429699832415492	-0.057057551077816	-0.387002069409192	-0.778762373601456	-0.785010710587514
0.302087494969734	0.530516764394604	-0.610190437655804	0.0620000577401962	-0.35901470343771
-0.382420553899617	-0.334406955985668	-1.10301441352398	-0.0678034838499372	-0.643062259745286
0.56476413158293	0.67342002655464	-0.111178262325038	-0.573734968322571	-0.172511487389477
-0.270810241069805	-0.950492063449784	-0.574649747721258	-0.220356592641626	-1.14945369880458
0.127243261357398	0.296389555145829	-0.836053181110338	-1.29835514380556	-0.974443089469374
0.163837200755855	-0.241739780741255	-0.595976819623433	0.297319678255656	-0.860205598182217
0.451403864747202	0.967343275112445	-0.658370550462272	1.46453384654785	-0.0912804881905134
0.0614462849583497	-1.18178670803839	-0.871059345553855	-2.48217933006117	-0.619980202186984
0.516180260374012	-0.191741209543577	-0.702852691982865	-0.532805249922706	-0.105468255558077
-0.360544609652895	-0.255629105761396	-1.51437365740426	-1.95527988300058	0.207021027884678
0.268668718361935	-0.473940168610328	-0.599269710503721	0.12191325709087	-0.110467694489362
0.564499204669217	-0.672891869660834	-0.46255324154258	-0.873729030373421	0.522736369337777
-0.394737770062871	-0.116478013728062	-0.576389926992656	-2.59734713046121	-0.222754929006992
0.595912335551361	-0.931017295642888	-0.844348977233923	-0.383406297770076	0.194619292708807
0.0445971114519755	-0.175684894175614	0.188972685577535	0.959910464875897	0.543751884329664
-0.380560137996676	-0.381437840969884	-0.50286417577832	-0.0960901757204015	0.547247699539124
1.46188243813654	-0.336246014519328	0.387108772723713	0.639475733709179	0.674735254629861
0.100911397872695	0.353261714233099	0.195004784341677	-1.40885504057819	1.27603756766482
0.394682620448946	-0.126805999346798	0.140039015615	1.15992446221512	0.509970999429499
-0.0361725286091261	-0.0863314131748728	0.363664744719621	0.330200108693543	1.22411192295936
0.456094029858091	-1.07815930574307	0.685703110308863	-1.47708392907556	0.675710830869535
0.0874876318263693	-1.47807917642423	0.0524218364994557	-0.824707025964925	0.387830397583395
0.436384519394504	-0.507990981540994	-0.152770720316762	0.66249162181388	0.706860323544604
0.0582087711467667	-0.618315637282856	0.254882602402243	0.266607875786004	0.595029877538635
0.455424798145121	-0.759719989622231	0.288135725530745	-1.76185267956353	0.666317984036623
0.752088338381888	-0.322278844368725	0.222130060871657	-1.53951082805193	0.771416880724015
0.441278376966006	-0.522520910886009	0.40746210386575	1.78038595790475	1.25422482539194
0.471949075389795	0.0206022033524047	1.01066439470726	-0.112001800584367	0.986830957906982
0.207717897211981	-0.470247887910425	0.767919899316977	-0.662240903113703	1.08908339160115
0.0120853698216492	-0.427378636146094	0.796381053030482	-0.438774105985386	0.983918473713161
0.616711404117957	-0.592846279929115	0.20593863524639	0.520167331492105	0.722493597762564
0.871548679439068	-0.778443544312398	1.26421655268404	-0.364580964297476	0.906249765170639
0.177602528547501	-0.915001016969154	0.143345119846334	-1.52771462097933	0.378265431530332
0.503795573519003	-0.697089914834384	0.163138928444057	-0.241653497242855	-0.0216509864872249
0.13588380550196	-1.18800277150028	-0.418883122670788	-0.507168299038155	0.376271984621188
0.203850689781874	0.0499627144399253	-0.020195507485875	0.261877176095137	0.633801766767298
-0.212677281811059	-0.304116390448061	-0.232731795002932	-1.15501767930381	0.846610537282931
0.837758548048453	-0.31313825940776	0.63428331610567	0.0558344431739401	0.220267444647656
0.075058994896789	-0.0822974991360082	0.455379061437802	0.856039554842871	0.738940543147916
0.352343431592934	0.0277652411791388	0.186125256698013	0.420168535632571	0.523359603430604
0.720680465766134	-0.198153745787781	1.3586330740698	1.70505303596473	0.380181884083376
-0.293783008906949	-0.082804586265071	0.178255992118741	-1.14929716128404	-0.0923132889085841
0.440825597073913	-0.152135459450943	0.00345544881396631	0.423316093160423	-0.457453897807328
0.117180665819086	-0.897797549019624	-0.549705991177025	-0.0363235277141264	-0.0616269489116955
0.54030968156005	-0.260022868472565	-0.322636245781826	1.15354948019463	-0.00198662640895762
-0.0503456277281484	-1.14823703809186	-0.80572740124644	-0.511744588411554	-0.722194682075821
0.0464089264812603	-0.594703574060445	-0.951679019859964	0.507253038661894	-0.300661525004084
0.15916439205199	-0.44597662376212	-1.17114148111836	-0.226081302626772	-0.829242672186745
0.140653110114116	-0.23648057398156	-0.407104556963127	2.71769197620746	-0.139657601239411
-0.33814655036785	0.0118347984370682	-0.752634394724078	-1.27865789857652	-0.753199064451021
0.624326421860622	0.0115750312585069	-0.247587198817728	-1.21000632482746	-0.482189349425729
-0.696306890883831	-0.324520137052981	-1.66851665440144	0.455558097723501	-0.920778495476648
0.0356886641934767	-0.936441966381274	-1.52785808290533	0.871909212604049	-0.355995334119339
0.00466537693021731	-0.726707465656625	-1.18904207936298	-0.475842471943805	-1.19546288113005
-0.303504082009976	-0.17898188638009	-1.26665448115821	-0.489726391117985	-0.653129250199347
-0.196640140126328	-0.451736542734488	-2.07287202677015	-2.66491875856434	-1.18779890985177
0.517321467076903	0.284688796116201	-1.01163520226471	2.06801342697534	-0.382511564200229
-0.743594921084081	-1.93594106508091	-1.8325375688852	-1.28269591035281	-1.41893968191528
0.1013484990692	-0.233860944614985	-2.10514860700979	-0.193914529810572	-0.355507741107936
-0.265450253095494	-0.663454946045768	-1.80650193785595	1.9978698566317	-0.905877948609422
-0.321758507916054	-0.0398596838676338	-1.74568179437032	0.49429201148942	-0.19595909454051
-0.306167472630664	-0.0939993022291537	-0.535647831238045	-0.307088646052542	-0.0317377242650013
0.221785991547593	0.0396195822663149	-0.717190471412232	1.55089057043305	-0.291016323970623
-0.201709813973094	-0.0299160582553045	-0.789839851185853	-0.150204853529593	-0.0267891084528667
-0.218698298507184	0.287448096871669	-0.239843495881132	2.81619299030469	0.360440142949399
-0.376442032528097	0.172664928837728	0.146272694782151	-2.39210362050169	0.000941416646092987
-0.212555192177113	0.421524110642899	0.36902932396736	-2.09851105715662	0.108883938283193
-0.0491040731942429	1.11978290249045	0.0866684999145651	0.877197043001103	0.358098616586439
0.46774286882757	0.601125104553122	0.0842029384258241	-0.141416792583222	0.280505391655658
-0.354279601785456	1.23503488162461	1.25033370880915	0.242320464028523	0.543660657081542
0.249628282178249	-0.464522021752676	0.440960652947542	-1.41762869239218	-0.189088085453217
-0.191943238297729	0.442273324902362	0.426858973823821	-1.46812142292475	0.106231260131957
-0.421130275895558	0.229646018492861	-0.398771064862338	1.39512671474587	0.564802292921553
-0.176578336013397	0.615246414893954	0.67382042259288	0.924012124856838	0.231108599567657
0.403425649925536	-0.283762669539238	0.564929059191877	-1.26899599518644	0.607598597167
0.717335848725098	1.2583884256075	0.979601167049321	0.113561304488283	0.722690624858073
-0.522912278921596	1.19730538643698	0.757570637952413	0.248327126129318	0.666461750908502
0.395746239556436	0.186920731387149	1.06491966450547	0.673749683297032	0.786467118841455
0.0065925558448876	0.483012611199092	0.889598830058317	-1.64219465761922	0.157526800898847
0.398839019099854	-0.133884717539904	1.590533308484	-0.396869241020681	0.752081083350834
-0.361172155170235	-0.0398348472507952	0.867552687117921	0.173212476055023	0.475644505514481
-0.033858601810642	-0.162182624375299	0.976851500102835	0.925125836869585	0.615484677633151
0.0991424509104112	-0.268717819710115	0.917725702342337	0.00960797403587687	0.72118533197243
0.841693502542499	-0.146131022829939	1.2236346251142	-2.74399724542285	0.498928757005866
0.0534860914666564	0.229579612924643	0.799190870359674	1.19194690312149	0.463484304251605
0.209034770952494	0.235124773525346	1.21323517362915	-2.06280351845198	0.500013604960687
0.248914254288306	1.01522594804521	1.06095155702807	3.46753085176618	0.717508074151144
-0.708402465803167	-0.0914219368609024	2.22049186396235	-0.464154676327185	0.873277896677764
0.773045102887921	0.541984455266068	0.971198070837905	0.707118122922677	0.036789737325238
-0.581104990540822	-0.0687899495914099	0.952520145207426	0.858155451099895	0.27337301512972
-0.223680738064392	0.191042709818751	1.62163697251679	1.58045965364024	0.24879476089828
0.217617221184776	0.294613746002156	1.04447199938258	-0.997179377277427	-0.151659033326455
0.119780528225937	0.959375216284574	0.991207131832594	1.67035066254172	0.132912223484173
0.100410940143661	0.636795417978433	0.695552021420423	1.35643882104182	-0.714214231075885
-0.472012245046706	1.01591357517233	1.03995714705964	-2.81857063138173	-0.375985593505112
-0.289758837079721	1.38110121261635	0.631568261244599	1.54481368156415	-0.601425798535834
-0.387669270749427	0.20618084253368	0.76206577049818	-1.27267462811054	-0.399729616206756
-0.108897981953246	1.13839736389385	0.707387441675272	-1.41028793723082	-0.674710428677866
-0.0848299618230697	0.540729039832208	0.215864074790033	2.00933354946536	-0.773045660533567
-0.16751525489576	0.567097564420597	-0.00552331766673716	-0.0674730004079249	-0.970003895580754
-0.714595569097747	0.0904809063285409	-0.0571730819037427	-0.628420234596386	-0.793268096474673
-0.251872454619863	-0.222806667576496	-1.06890945498423	-1.71396666942336	-1.43822708147066
-0.464987160098238	0.285406260599011	-1.5454300217267	-1.67306939586312	-1.62006381241349
-0.77483691494639	0.291180672145127	-1.80312992658971	-0.647505888397736	-1.58666154937922
-0.613257532367715	0.58656165691629	-1.64747511334401	1.38217309422272	-0.938395761977669
-0.198768268646203	-0.158078308929606	-2.06511516407268	-0.50252574621636	-1.03690366556473
-0.590600150191916	0.795859937604986	-1.05090693300867	0.260086125993751	-1.02489485270083
0.0700270924447475	0.156580799529305	-1.82036583764703	-0.435040875443112	-0.41766533321928
-0.433312544605296	0.959571097123547	-1.1774967888715	1.60622410515832	-0.471074788635829
-0.0678825524319277	0.20962852460371	-0.860715691390751	-0.367287208150122	-0.823315202627673
-0.199936557680835	-0.455806443936417	-1.18094434832146	0.546570798780705	-1.15086460194248
-0.479774742223584	-0.3011875375503	-1.83908023550294	-1.90298562759648	-1.22084340313263
-0.225924509772229	-0.286171696703429	-1.08918570258159	2.54207121342147	-0.633875691480548
-0.51714399488742	-0.330740141709873	-1.40294574638851	0.242328139052383	-0.456940626645285
-0.0942462351455487	1.07655150336758	-0.744768582002152	0.25102494770717	-0.633190028180395
-0.188918133344648	-0.0992885061601587	-1.11212312556218	0.215068618484188	-0.444403259949503
-0.284033958604259	0.915248238166153	-0.464944185868039	0.433276005930224	0.296519220739336
0.481933731741238	-0.553796783730656	-0.394743670444467	0.306692121506593	0.0733877298327655
0.490898110133932	-0.206891721852178	-0.712278823190224	-0.0245498364456115	-0.00976139923394637
-0.563341937156702	-0.166971806232231	-0.000293775299982284	0.0850193326286047	0.0358966203666026
-0.513697181633629	-0.163218651802642	-1.33401163180197	-0.211726748913671	0.369273683516008
-0.631927822786845	-0.118459340852122	0.0508887833780877	0.564820963423109	1.3337911315979
0.351075757669418	-0.632981910905916	0.0816941884894722	-0.358129916370382	0.301902850391046
0.121501602092516	0.379258196025974	0.072707472897151	-0.215478297309614	0.85564687123083
-0.12846432028371	-0.464412259864116	0.21359852636502	0.235687531297144	0.734704438163722
-0.107574582087614	0.0178311165734043	0.219032821225162	1.64008795055535	0.836271690433819
-0.314397372923119	-0.535237696699976	0.556039577825585	-0.286414879799761	0.73248828864309
0.304596501252549	-1.24300400665955	-0.0564573131517668	-0.225558432338538	0.565698998657413
0.191402687107868	-0.930642502387368	-0.00683517115734603	-1.13833710527735	0.282993510536301
0.0399344664359592	-0.461800657123417	0.329662915517508	1.45644456224463	0.442198082583826
0.4499013185089	0.344195587972433	0.530762704317583	0.354868659095526	1.05044982372886
-0.528663288516622	-1.19725581119228	0.217447312724764	-1.73631157814834	0.188590910305789
0.535445317575791	-0.153216319454039	0.423479953555114	-1.01864455075917	0.546055961769803
-0.295320189355549	0.331547398161561	-0.201669577298747	1.41477288163829	0.53690518476842
-0.200313282048993	-0.580256124669907	0.542567201976705	4.09156367105361	0.69206186827765
0.0549512809534363	-0.342810795424736	0.839856969173165	-0.341951671013121	0.440026080633577
-0.160201141728331	0.536744078232122	0.681352130606983	-0.216871656142227	0.655721014481422
-0.143888779611713	-0.352296696945799	0.650790222512675	0.787460967523699	0.448238412795152
-0.221060269771583	0.520556735099198	1.36002318900428	1.25377087290184	0.546586810030751
0.0423922774141486	-0.694394264288445	1.03134790959101	0.344108564309697	0.502740008775269
0.751054938939441	1.0931712215874	1.96001258638615	-0.381138604613603	0.691257222275323
0.114057319873928	0.640877197958528	0.907194238488889	1.43344345945484	0.739412166433274
-0.291672722066853	0.563794290628919	1.28406694494976	0.126047576699698	1.34285390982046
0.179144736654851	-0.0994775381220742	1.97227665732119	0.643793597350789	0.494813533155681
0.647806546126482	0.645332760443967	1.31926621981063	-0.963227411355697	0.133068021611423
-0.038738134591652	0.791109353260788	1.006747937943	0.262275146579043	-0.0418940544755374
-0.265586427350243	-0.123825334926848	0.522311664241787	0.149995105541836	0.0937578466214122
-0.111463310163588	0.492814044671669	0.426665974174656	1.16027424262939	0.331462966348896
0.588920201425225	-0.270472152994882	0.975168223265241	-0.69802562480085	-0.167659818485415
0.164001181992028	0.87934683561744	0.499908378483744	0.488254585547732	0.13397211675729
-0.0930040694755108	0.0323432185080043	0.059186270859416	0.0902177037300508	-0.0181326752844675
0.0714400646054719	0.584611352593466	0.38628113180534	0.832502178159222	-0.120293617043109
0.248129538557126	-0.447518354364925	-0.00907344650296174	0.5838976927774	-0.109104821732654
0.260792783150428	-0.878317033730538	0.046394216298706	-0.59264127121657	-0.845951742438475
0.56304395324051	0.0330498516626998	-0.919858994338352	1.1623915698953	-0.847506923698882
-0.409418151255284	-0.236114628523799	-1.49757957694059	0.270350756729982	-0.582389042833121
0.169141661617736	-0.0846153945438358	-0.935059839855562	1.2932629463911	-0.597745236383375
0.293932447504409	-0.46598127778481	-1.19843585041418	-1.8062673937597	-0.966527727013137
