0.0387114084913101	0.258226889468113	2.54205248218306	3.25318195712052	-0.583920197954151
-0.617530727651509	0.24191286559195	-1.87670675142393	2.99154284596389	-0.999133048252281
-0.391223455799622	-1.73037263393892	1.40063283829918	1.11910781798006	-1.18184491087391
-0.060002002638641	0.00159332548360657	1.4088993436036	1.32585414068845	-0.702812650121442
-0.0480071535676324	-1.38035603855705	0.00813401606993635	0.931881194138484	-0.521100087757036
-0.739439863317925	-0.473807389982037	-0.920651585639643	2.01293861202557	-0.858187268826881
-0.667049789644391	-0.639818515147296	1.99336983051005	0.0268926398787643	-0.622746317515867
-0.55606979660944	-1.45090034615152	-1.92454704659163	2.36942484212368	-0.738168731520603
-0.796750197249879	0.0417408878696946	0.056912603366041	-0.274487620845452	-0.830627971068467
-0.56245982505093	-2.26876248404103	0.307337614919201	1.85656197558664	-0.973819395868886
-0.214810546146154	0.393542122699258	-0.410291827123668	-0.655707075024008	-0.516752939948387
-0.874962388042619	-1.62268935942015	0.241562384837161	0.913622698474016	-0.760556002064747
-0.818040856639705	-0.739927066360465	-0.668564977398492	1.05297281107242	-0.417824183556773
-0.344604547507664	-0.374235015778649	0.930294492522073	1.30747088370781	-0.339578360518615
-0.612151319929682	-0.287462122401841	0.123776006080212	2.12303633383897	-0.617161698523204
-0.247911944518966	-1.46508089757119	-1.03476010268663	-0.0716657104174015	-0.251589805642116
-0.576365817055189	1.22825134123546	-0.626758875501054	2.19863793899322	-0.542978605191624
-0.447124870561286	0.362200397215362	0.899021735104767	0.441404069029887	-1.1053435425813
0.214566234091835	0.255512052028686	-1.25013686159404	2.96795386842933	-0.251492859480391
-0.239319329214448	2.33706513214591	-0.912079155087849	0.839535900972905	0.012373384967975
1.14511709073723	-1.76843665029465	0.125663677394615	0.328357003674223	0.0774691970615622
-0.624264586725854	1.18799814982228	2.61369643691462	1.74853157846557	0.30455759440281
0.384190731041312	1.37688012059355	-0.459760313465862	-1.98102354747109	0.581208626358541
0.20425920475554	1.0095627112935	-2.62800618111976	0.563595730601113	0.368221153179194
0.0443292760453668	0.836638402772297	-0.293490419130244	-2.61440758902259	0.385467754711263
0.217257503281514	0.221676068888752	1.2869945838402	0.714185914226855	0.29424777201798
-0.658838058614443	1.52478333685225	0.0986883249945147	-1.00786385003558	0.0455035999862471
0.17461154781472	-0.0773410767654718	-0.897834401594378	0.482817635836154	0.335062164325907
-0.134720216823477	-0.163900992788271	0.501091944482182	-1.38133467342669	-0.0538615873186259
0.146466619260441	1.80475307496742	0.177763367514924	-0.395904837108872	0.0744920445066694
-0.178423897569893	0.0360703669909537	-0.555709688747308	-0.0659261803638511	0.0559469425718
0.0531050486318801	0.466728147677852	-0.343460953702268	-0.658036220626364	-0.347404013808372
0.0536588152434288	0.0499801379917756	1.0602986155684	-1.54648798575587	-0.177358791242456
0.513682421971618	1.14893573388438	0.855864474189552	0.573557889693461	0.165852651885853
0.543783935008631	1.13913577923501	-0.70091133982952	-2.31393475153795	-0.00215455201018376
0.150532162731443	0.196821851891629	-1.12585540120073	2.39626611946702	-0.497438173136616
0.413623438636942	0.399412517715864	1.48737389762545	-1.19663274899911	0.178882979697278
0.476306022013311	0.251128710766102	1.39770529419286	0.82936656486622	0.250847349081613
0.559397878460343	-0.35919706508232	-0.605419099441299	0.295349939678917	0.76240081648014
0.678013809686331	1.29438532381833	0.865944756071799	-1.73313165016135	0.288576553313623
0.000417900642708201	-0.518119166743992	-1.11413660223428	0.351647394611055	0.0237881923665067
0.586686784454044	1.92323682704628	-1.14273554470566	-0.940065021575243	0.472584547038646
0.649428520089917	0.686668372694038	1.19645531593221	-0.493483670453794	0.501183107149637
0.554720256910238	1.23228944068521	0.135045890230739	0.0193190430538534	0.28881562357791
0.058543730882436	0.479277074137042	-0.862815253189994	-0.964003631793706	0.172965527365579
0.264136952300629	0.996371172773938	-0.191407220961542	-0.341407112556006	0.230393247632967
1.1573975491667	-0.740590823082992	0.0484755406727237	0.288158586378049	0.564148038929026
0.648650049160266	0.843792911195715	1.03885406480427	-1.64546155750687	0.819940166452884
0.47726100240376	1.3017363785089	-1.13296356795404	1.08640157953471	0.405302032875146
0.397284961334935	0.753526875453051	1.70282349501615	-1.57825237588817	0.773229051551921
0.351428453390971	0.321221829794302	-1.14646407292488	-0.260069329169368	0.379336593514178
0.722633826290666	0.065014156563565	2.36677814660472	0.102403953718356	0.613881493519393
0.0829663246223728	0.784329823933525	-0.164420919702033	-0.546885797498176	0.635832822455051
0.498263615912769	0.549949300848468	-0.165165697640446	-0.327241617546819	0.406696818137711
0.375932219013299	-0.0408507738305067	-0.732839170788042	-0.589140136156563	0.522920489776449
0.369173054026866	-0.404296732921009	2.12815024114107	0.294308059826623	0.154674924210431
0.60607480634339	1.07242443702795	-0.490761187811209	-1.43495386441062	0.302084905530313
0.45900070882445	-1.08617407744938	0.551328845185003	0.0229183027916239	0.250424216745844
0.202913854110544	-0.43802342104491	-0.623306430409961	-0.474448918428308	0.265693810402941
0.535460985066978	0.488346217078048	-1.5262061368577	-0.466452814927502	0.276404549771221
0.525257918776275	-0.641638568853525	0.101072089813841	-0.940874389171184	0.159770014062436
0.641960767985277	0.657280874672131	1.2329924693595	-0.623686910174596	0.518790536169659
0.145076467043686	0.762256474339846	0.839343329120143	-0.71317519581504	0.275315840115538
0.411635144044451	0.861844234080331	-0.628454589831109	-0.123285505880004	-0.0597776178383342
-0.06214987053131	-0.488609332099001	-0.083282948251097	-0.845017499547677	0.175664354020365
0.226239232247771	-0.488833809652919	0.972999956291198	-1.81915543302641	-0.570834419560025
-0.281818926673575	-0.686981534287263	0.0383899875921467	-0.283299738947388	-0.106301553287605
-0.128152928946022	0.535112402630766	1.09934892359319	-0.0551114735222328	-0.342102657949657
-0.621419842887162	-0.0460474641900325	0.0326660058208704	-1.11041024551757	-0.70803032126128
0.0115258582388968	0.231723813413756	-1.15613513656538	-0.462300906074052	0.194197669974886
0.0477563246013599	-0.328980490325277	0.158806851802994	-1.30022252683719	-0.476662382873437
-0.384726995108353	-0.0102999132652724	0.828909587405706	-0.447224871251115	-0.237686052391236
-0.254206092039904	0.671913014006037	0.150390750701127	-1.29893882195661	-0.216467239777057
-0.361427194412621	-0.0495151205950945	-0.943757550478428	-0.135540018207575	-0.283263590830903
0.131122820064784	-0.638206881742152	0.152693312628078	-1.59590608417029	-0.175805459990003
-0.348055282043765	1.13598845480339	1.30556988138213	-0.901696366740075	-0.0735330578767968
-0.144654836266215	0.53582139692394	0.693277469091466	0.771605643179415	-0.0584248410934423
-0.399424289123972	-0.0172707486005359	-0.589603382220005	-1.10939383071279	-0.0419248868883881
0.495555551710741	-0.749097433026625	-0.778239825622666	-0.554723310658907	0.282045760289847
-1.42550400301392	0.0429208035690257	-2.09998350070051	-3.67406462084028	-1.69293063197423
0.510576601810682	0.745877964587439	-0.384674261944014	1.86973167091991	0.0302786383138067
-0.721062446209208	-0.255082676134503	1.50911533381306	-2.66079836104864	-0.315968875781631
-0.569585672877437	0.146572806861142	-0.430439697774245	2.50431210386526	-0.709068325703269
-0.750149343912106	-0.143308404940077	-0.838553362826446	0.0356198286736901	-0.525558849959115
-0.792305930980204	-0.356970478370831	0.386508296418325	0.695695410464834	-0.683376784970417
-0.414834838346013	0.577876651563192	-0.269103613527705	-1.53893280818898	-0.813318775762337
-0.700595166997796	-0.615847547281061	-1.24933885086318	0.911753346262015	-0.584081892467836
0.343230437170698	0.506249517164241	1.49062579580283	-0.332038431625066	-0.449599872766799
-0.109931778792925	0.19304317440302	0.374607918036908	-0.794339124800808	0.0745529930216652
0.945524443236705	0.211739931897464	-0.478356718599393	1.04085136819226	0.114027358656062
-0.313743512391535	-0.230295281362438	1.73309832472386	1.18556031055106	-0.0438028768973
0.145327218831329	1.59062078488254	-0.304844609779189	0.862151077483646	-0.167508053892502
-0.492817495576245	-0.910929904518773	-0.476166386792444	1.03226349688027	0.271356034914028
0.430981985069283	0.893865584223815	0.238553181248949	-0.559324794001521	0.0157716102860714
-0.0135630713389799	-1.18581611493309	0.0468908415918117	-0.680482734578039	0.0872748721133655
0.287586090639996	0.8791806539452	0.746822492196143	-0.218704005443272	0.459468373351989
0.524744336759251	0.062552238067476	-0.353766890911981	-0.472743970434385	0.703373440499532
0.071710173140014	0.239471846661281	0.617748062632788	-1.30116892330012	0.603327950168784
0.340595722415891	0.0867511777533902	-0.388496999004285	-2.11692095082616	0.514505532693982
0.862630308458878	-0.601604616434871	0.994229949418209	-0.546198131533834	0.800182586765468
-0.092829396924855	-0.378814518354885	0.313239698917339	-0.175947500452035	0.410513438265384
0.213699096033072	0.438425442336002	-0.263165100072719	-1.60123620833446	0.236774447748651
0.329573900831796	-1.07551664776495	-0.1300650626514	-0.857316927407542	0.362621363616453
0.396864865572459	-0.311097488508319	-0.265734499267755	-0.625040885724849	0.165220959721399
0.256149325070824	-0.0567283661575488	-0.126868167692704	1.73228132452268	0.00253777754366444
0.445551917441913	0.263362271778517	-2.45670760587401	1.46393373481008	0.0596140177264619
-0.0214406468869057	-0.518934830712206	0.279996974388614	-0.274258800859575	-0.157300013192388
0.239466882491724	-0.336917946267838	1.47664569705766	0.00761050941170805	-0.114342818363499
0.600990468984707	-0.388512658451896	-0.519308071451256	1.76081441384407	0.37352936852584
0.360684845806556	0.674211369071116	0.329268401559154	2.17483826937426	0.695425254917258
0.602537918967807	0.631851625941084	0.857137839720257	-0.0978335992470348	0.498509198553025
0.174143069865398	0.384041469238021	-0.88472293600016	2.29315560509368	0.853233550417015
0.184151201492836	0.100777494522252	-0.359388599171951	0.582926190276951	0.108045678862261
0.367527896349577	0.203428756013606	0.382060457107869	1.1562095158395	-0.0495098594375089
0.148903279532696	0.267878415819491	-0.667834279603461	1.33797334879031	0.219956623902948
0.287610289426924	-0.0100412293643505	0.857015957200728	-1.42607706552838	0.500391409661375
0.0927244917588939	-0.226568906857391	0.848320750758275	2.17130617294132	0.465508525437166
-0.0633199613968644	-0.829985641711614	0.614873694882733	1.40197255804256	0.29915227957962
0.162358719786448	-0.474582468574301	-0.667374474427546	0.0610941546898071	0.510203953240561
-0.0864958064357388	0.231233614930746	0.549041184240396	2.13878387637996	0.148429912528332
0.524856215572832	-0.0351240933907195	0.815916894041304	-1.29219363063714	0.789678638550068
-0.164002675292442	-0.348764260494361	-0.618607772105527	1.82919476339703	0.26473070543757
0.510450285963019	-0.541465768646156	-0.231050533654076	1.34159453417756	0.715608468304161
0.587717726717079	-0.548017443532103	-0.389165927807955	-0.0829838303552333	0.370851196993996
0.0931677622720698	0.0646124009123565	0.0971953079820183	0.702523752430659	0.415771429768819
0.431086170188009	0.411200086110892	-0.407908945695168	0.843849713726912	0.494498682252063
0.0774833178466252	-0.277480289965485	-1.01322440317913	-0.0706853274955141	0.180602615988031
0.490065337002902	0.0360776703602218	-0.266063747146467	1.34955283326773	0.416487458738807
0.336227148436687	-1.18609605225331	0.587360521957618	-0.0641911005287584	-0.0345875949710054
-0.257295807870253	0.838419234566726	-1.53650400480783	2.13282426784215	0.238773669114718
0.282160665912864	-0.898402584398536	-0.772198195732246	-0.364301132913654	-0.0198916618863039
0.176771852047621	0.438502848186674	0.549772908581473	0.365014099130861	0.256183225882729
0.128187763701059	-0.644700234809874	-1.39381862010575	0.662155414791299	0.443686224739194
0.0522607787707405	0.274504568045767	-0.879086761823016	1.10422571510425	-0.105236869097233
-0.211211734236857	-0.459473573361039	-0.261246521679226	0.135661587052418	0.0107133157365452
-0.0172749804485916	0.510886659688316	-0.866288201420294	-1.36076704449654	0.00343018959874228
0.271247802955242	-0.761182789782813	-0.267645013339361	2.17290466846934	0.385443459446351
0.488453348292455	-0.352113968438501	0.505423621875033	0.108442777842936	0.576825564440807
-0.258655281264867	0.852949405964324	-0.114880141572733	-0.44330738117318	0.456638187502305
0.589590257073196	-0.605840307920449	0.453193554891838	-0.273314781748727	0.48089682597697
0.284160711119066	0.537164617300043	0.624531374175592	-0.201394535172378	0.400111755729213
1.06656595962926	1.72578941113642	-0.309742737359982	-1.00694660710647	0.211800677065789
0.890364007761051	-0.0144608496729094	2.98307760242687	0.500441439134952	0.446534676023654
0.231671494684757	0.956367453862194	0.335965546619335	-0.788718466884213	-0.0951767240240918
-0.0220482433744131	-0.0258315452941242	0.330090070640646	-0.900277684621573	0.451683584638374
0.00565497939362146	-0.327305298368066	-1.19241264493006	-1.23102662384592	-0.654271303616863
-0.474879185643226	-1.31134191626404	1.06692568333029	-0.0396333128761541	-0.751456861586284
-0.639232098669239	-0.214253419440852	0.633221057222949	-1.68043892319252	-0.332521844584107
-0.44812749233965	-0.601334386649238	0.579445992438628	-0.268057054372855	-0.0381174991958594
-0.594833497646137	-0.60811570233592	-1.48254078755774	-1.00810314661269	-0.164892288585068
-0.414700462912915	-0.754656501052852	0.248944894660138	-2.11138151641346	0.375450313245189
-0.00526338910507441	-0.731780837587024	1.08440313922475	0.489478661830216	0.437656807583685
-1.17554571066594	-1.88137484699629	0.334344763055494	1.87055551894368	-0.113767646199808
-0.796755750481344	-0.553317544211394	-0.879432858818322	-2.69414476537712	-0.252355772650928
-0.942024436601677	-0.940631862739233	-0.717065251602813	0.297782746193875	-0.0785062100811342
-0.476432394615018	-1.12634448705799	-0.11464135599124	-2.10955121496166	-0.142661813123595
-0.585496258428965	-0.30424061141399	0.077051647664801	-0.3275635107517	-0.15277754852956
-0.319815387356244	-2.411040786405	0.500570380145115	-1.714118848234	0.0773028380922428
-0.589019772337904	0.010134089234577	0.164155735117658	0.303336864638719	0.0523510053067651
-0.740515177484987	-2.35359288393686	-0.842066711724885	-0.13212495596316	-0.49352216106187
-1.21559103467318	-0.140124335972871	0.264341684681962	-1.62974538408945	-0.000602217000561369
-0.826938400763329	-1.76964604429206	-0.58381389277633	-0.598613359918561	-0.215405475836477
-1.12226068556622	-0.685073307553557	-0.121139420811128	-1.08185705173433	-0.171553546157626
-0.641914713475473	-0.972604360793806	1.28408452727085	-1.02799941692134	0.0540255628255374
-1.13237940295914	0.025447505479513	-0.365418449281655	-0.315841302339264	-0.544072397136337
-0.979692798095077	-0.891863262052261	0.314914654899214	-0.083020501846566	-0.288262008635564
-0.994355927755955	-0.0297865227176462	-0.608567514474631	0.128534313121493	-0.159287829731723
-0.175537228667324	-0.879740297869052	-0.408666555574766	-3.35823770911564	0.0328553876992721
-0.533808315455337	-0.972481097976145	0.610493467674974	0.879074008957341	0.125839038422007
-0.608691651335375	-0.349108326186719	-1.33065417999959	-0.10992177280445	-0.0128178924717357
-0.263653108949764	-0.149194691447105	-1.16175117045952	0.513338003734677	0.0477720883355714
-0.159566887917694	-1.02360007397962	-0.920658346185536	-0.383901586604868	-0.0841094852244905
-0.544540837383724	-0.683511588447495	-0.348095081758531	-1.69489099198556	-0.0459185178523078
-0.0371580961159874	-2.02718784138404	-0.834916010161329	-1.12021898991542	-0.0520819599045576
-0.202988819753924	-0.264568640652649	-1.10208629403359	0.346061898340773	0.108687687362641
-0.0965273448609296	-0.638018334720046	-0.0217113739792654	-1.1785140327629	0.0273645198296312
0.149066904432191	-0.671870144917394	-1.27886474148761	-0.536119867422073	0.139452081564321
0.131551732240443	-0.0867431001945706	-0.0862268527968796	-1.24272497412045	0.588999206361747
0.334101969248979	1.10020052013849	-0.416834783839132	-1.23172167314551	0.218583491569669
-0.016032706463873	-1.67113486092104	0.1879143570906	0.687578577719537	0.159810008045403
-0.129911984526333	-0.121861680589966	-0.310435711922945	-0.730128145089073	0.0738470776331023
-0.00439324270288921	0.524960681762077	-0.207896853219674	0.645395194748297	0.701610695818425
0.39125604717997	-0.373915245393619	-1.47336993073586	-0.676602143800972	0.32526147558223
0.0738836589955778	0.213590341186637	1.35405271212776	-0.719313100591175	0.320603068266533
0.117614417513706	-0.144073479178198	-0.948306130688877	-1.36850268667575	0.141041177418918
0.0626610953477096	0.319161206553516	-0.586238134487711	-1.42109276175915	0.213317770056911
-0.497413702866047	-0.558027045029052	0.726994721653297	-1.16874905913709	0.139604330130714
0.514749184761173	0.0489475649981584	1.17688643291688	0.544300900460074	0.30316520887278
0.425675876609569	0.720689716032335	-0.361683426741484	0.60609314229833	0.838138613233332
-0.0273335563202476	0.6260006406495	0.893298376436941	-1.61260756875712	0.417672964581166
-0.296897909903483	0.497388613779267	0.676649079146047	-0.169067812349289	-0.102779824935171
0.0832775096511436	-0.897434163215171	-0.13764122869905	0.610007593582676	0.670916790540131
0.335035465996081	-0.542254146103861	0.0240731643679774	-0.476966139776095	0.103186276516482
0.31335001040161	-0.404778341802992	-0.511992156114991	-0.567259562291721	0.232089912682356
0.398263623257901	0.910403922802509	-0.288222250419771	0.474460480771126	0.36671156226407
-0.380588305977765	-1.01225036357914	-0.867230865658491	-0.297808466745411	0.200037376863938
-0.0760078497892682	-1.11717785623149	0.784080066448296	-2.42213219532373	-0.12887450660617
0.000789150184718066	-0.0445516286935645	-1.33618105788206	-0.394175594617312	0.489176039674277
0.524655116452782	1.74866149525	0.0346627213212585	-3.46565922566323	0.0886490201152371
0.317786859039495	-1.00109461068225	0.316709230509742	1.72796666189568	0.325411070291204
0.348116367844787	0.709259132472068	-0.315284092972116	-0.346809696913769	0.374112750576318
0.436726450697192	-0.703813233637211	1.41412917988513	0.317095444574713	0.112908733553726
0.697723384646389	0.452032554761064	-0.862925430203743	0.169477851368824	-0.00852127241519241
0.234474606970329	-0.560485431785608	0.380875322082752	0.958947535565189	0.0547990029359436
0.865776925591235	0.15178819545367	1.24797120300021	0.230940430107092	0.335659757114637
0.348297814151659	0.402036567422514	0.57246383607039	-0.82285632287488	0.0415260088938924
0.533352256689864	0.171417897861842	0.919992974400686	1.21571094774136	-0.0406832068838516
-0.224701777500681	0.0658728074612483	-0.421898305512182	-0.296962160685324	-0.707854446111531
0.0338959606198668	-0.560122060435913	0.024997389828529	-0.263371865095291	-0.566645963905355
0.80432065297078	1.83729822670001	1.32357607289745	1.36104263464185	0.111634950603172
0.489122700823588	-0.297564249198523	0.751858702682023	0.908606368516222	0.316587972989166
1.01014365912817	0.915586148468808	2.32731679700115	0.510610991087364	0.823599787974887
0.129230620067363	0.865980332336778	2.02553287199367	0.680900647961517	0.082700179125469
-0.173796686345647	0.662257958105095	-0.348942322615556	0.944558129913299	-0.0547567154951314
0.083327497857142	0.263583764099326	1.71087743065213	-0.718462192853647	-0.180466304710118
-0.478209971532601	0.423837845846641	1.02883551327062	2.94897895898555	-0.655294147258414
0.0516462465839073	-0.324989959605113	1.37374613491692	3.77590957768704	-0.252281361438581
-0.212291541184864	0.533812548529516	0.104021680298735	1.64246810799799	-0.147465403662058
0.0621567762013037	-0.150469706584722	2.02895631247447	1.52088967338581	-0.587937636451169
0.00862876527077979	0.985739545899409	-1.00736614164464	1.99739001088875	-0.382057821821965
-0.454508997341947	0.535230226912685	2.42490337071676	2.06824925299471	-1.14711309773278
-0.586302849383486	0.394116428668237	0.581107283144581	1.44603003002074	-0.789784200440369
-0.536809854123762	-0.174671706651166	-0.600064046273853	1.62829312005153	-0.968100970051747
-1.03295103040417	1.70453211139904	0.195877340921793	3.70137993488343	-0.779032646769401
-0.869884709023045	-1.45492216920367	0.338028997066705	1.48058798962002	-0.949422022111515
-0.456472472176483	1.82219936836571	-0.82104403814703	0.0734345719728688	-0.880194027771824
-0.159313877042909	-1.24245195544059	-0.105003686042738	-1.1108765000299	-0.329131037452284
-0.976620249248491	0.92056412051649	-1.70384665847458	-1.63275290933643	-1.13010990746797
0.832427713095281	3.73948346003252	-2.55660224534201	-1.94837662809907	-0.0368415434137398
-0.596234668147054	1.10199387824418	-0.813479109141747	-2.65499100776479	-0.748373591975762
1.05245680002119	0.249687417832528	0.296424478949368	-3.40803845401882	-0.359697018585966
-0.0921840032033796	0.727818008838206	-3.8536080850775	2.28105694679679	-0.893213984432282
-0.648721866854778	0.529783234870281	8.39608488902834	-1.00986414798173	0.392472272089512
-0.134883200516291	-0.25633763192522	1.16087028237152	1.18329842486595	-0.310172333842634
-1.14582275686386	-0.132023603189047	-0.250362984841003	-0.102075436099048	-0.719095504467688
-1.36974547339462	-0.254142839512649	-0.532605167202922	-0.0104785998715909	-0.560361582239981
-0.803105228448559	-0.842196566711851	-0.157757936010784	-0.343349751110685	-1.17326345569863
-1.59623026542674	-1.58052622475432	-2.12376935428028	-1.07543062234395	-1.30940397518967
-1.46520389071964	-0.743558179624481	-2.36291153906672	-0.664474330096209	-1.04100328632367
-1.44972596220564	-0.0876602224952348	-0.727557744528687	0.740454957405912	-1.27415837794676
-0.795297769586495	-1.93989207744648	-1.13057505364738	-1.11702659623114	-1.0597879740771
-1.31614981588626	-1.01262224385722	-1.80600475511611	1.20376205245624	-1.32114796904604
-1.11038633078228	-2.83359463422103	-1.21212084100007	-2.91835537530905	-1.5038254230991
-1.06758216437307	-0.726663379588367	-2.56089711361879	2.43216942982826	-1.06578730687244
-0.882446574137311	-0.913187476870776	-0.124173483464926	-3.52614001201245	-1.00007787593513
-0.993847289296786	-0.839050916055981	-2.68781510703468	1.65676263495598	-0.790818190089311
-1.17079704522612	-1.07563680691469	-0.0749396874737962	0.384398675532627	-1.0222677438725
-0.977705924120482	-0.00448352983641902	-3.13626368186421	-1.34008649210592	-0.838625206856579
-0.885458986467229	-1.16176009453005	-1.40005303536422	0.635384760834001	-0.902042336061366
-1.09083157655449	-1.24087678298458	-1.57315532233714	-0.12612654360639	-0.665560290237408
-0.943357088270333	-0.914108495245327	-0.24927805527298	0.694259362893017	-0.655461764413012
-0.776836144138502	-0.62500288529144	-3.13982468600159	0.191800675452249	-0.373535639516044
-0.242708403555018	-0.976969053755453	-1.73178152774898	-0.65449402718133	-0.305868538599365
-0.530961738764357	-1.18997047777675	-0.626191360971902	0.545909868792252	-0.0302572467600835
0.0237047273857094	0.170732126063763	-1.82297093878867	-1.01029575377844	-0.604498976992148
-0.366833748659347	-0.962734698881423	-1.65089627239816	-1.09773349055449	-0.486694075322061
0.269825939699857	-0.767704166858868	-1.88306987586135	1.03905006163021	0.0247518389298913
-0.177119462243784	-0.139442606428279	-1.54819191389911	-0.933188627234523	0.169873548251066
-0.248106167523008	0.189387357365531	-1.0193039913051	1.04585886193791	-0.313872379355178
0.280838793234349	-1.26727077002855	-1.67909574998057	-0.417317343032998	-0.134415393254122
0.167788405463369	0.382497235797079	1.45443014182457	-1.46571622423269	0.0118276612142746
0.625197606748371	0.45048365875426	-1.81387105371379	-0.470946397477526	0.504065698331348
-0.511645529618499	-0.166814302418766	-0.411921311351438	1.33580315079295	0.116374359759543
0.626891990898783	-0.394445294082196	-1.93352999169541	-0.639987192735949	-0.168130919535794
0.38801496933035	-0.770884331782878	-0.146616639279754	-0.749978759271929	0.586531017114142
-0.11573053127029	0.416726158890938	-2.58449370661297	-0.647512900479009	0.671595892224228
0.555204058304319	0.456632217464846	1.27400489923778	1.03761823187388	0.3869666526011
0.110033290577944	0.106066169587054	-2.66954637623412	0.124830160095771	0.382969258553878
0.637247408612875	-0.311075694893223	-0.324034238044616	-0.25290059941908	0.517660486875716
0.468913158631477	0.523426661169727	0.725588663759765	-0.199334509084536	0.376897566059186
0.572451483696532	0.123636661079398	1.30925255972072	2.51651462241092	0.23357466751175
0.126102584802712	0.937931500844936	-0.0614353889824037	-0.836260349625171	0.322784743982371
0.73823369817433	0.836949748090783	-2.44665676104145	-1.06663111473645	0.343690463438859
0.152928038088233	0.77831601341798	1.39080376261564	0.596907854540395	0.214024592865778
-0.251523323228567	-1.19396295431214	-1.15830110391936	-0.132920421764606	-0.0345225275623923
0.266115395348028	0.139724793062779	0.231644657074167	-0.0742781974702648	0.18090646505549
0.705413425469785	0.446001593653151	-2.06129877765808	0.109918036687066	0.960779656615849
0.0494823383060308	-0.173284849698222	0.668234971263214	0.770653045387195	0.296247834421824
0.720371803441898	0.821635332628908	-1.58297678640212	0.283870569013792	0.487515650069752
0.281540265433622	0.631497602107618	-0.983477516639278	1.47945250136232	0.54201910824488
0.706561652023427	-0.0816789312711737	-0.145828652845537	1.14179972246208	0.709281268970698
0.627752733964267	1.57045829472181	1.22477128144009	0.693536530339673	0.568776431093819
0.635528363149327	0.308518548552336	-2.30211312799517	-1.46824860736969	0.780405435405522
0.778515493285512	-0.534797132508676	-1.18986322436555	3.1204353443825	0.699860626761583
0.829829113235283	0.491265412185618	-1.52190452795578	-1.39301550201969	1.08870337333944
0.101193168427652	0.991139655699143	2.16292989966196	1.1061414874476	0.576772230923176
1.08153083267825	1.6451294187535	0.210421089410808	0.169070437183528	0.565292665674316
0.516520686136961	1.19329788445544	2.82097916212684	0.897225149872876	0.629977743775275
0.625630969146883	0.794195553496851	0.251976544945306	1.28262174325482	0.585883856299836
0.60553282472058	1.99661279474113	0.901284688864673	-0.923754788790501	0.438527800916002
0.718817868268272	1.21917514676879	0.253906738006636	0.0745071235575231	0.77922196637178
0.808239249552176	1.01385773936523	-1.09562030148422	-0.0440141383547779	1.01629252829013
0.611870642484619	-0.261862052734753	0.0902827391202591	0.076431951436692	0.445930538814307
0.0939977132994578	1.02661772402519	0.20348817019855	0.25597255223147	0.365974423984179
0.818156984516064	-0.333132732081726	-1.48082219051463	0.356587144570988	0.535637919253622
0.936724361283929	0.814719403426911	-1.15541914951705	-0.217465111702614	0.133340219053928
-0.107409350047236	-0.287648391653706	-0.0218554223006887	0.18537210006778	0.388427203350671
0.0856308967489032	-0.294522786622454	0.99836523343778	-0.673775768221963	0.423093158177024
0.402262930902989	0.402394020616307	0.305220118212269	0.593806703716088	1.09032333461802
1.06385362230956	0.18139445463056	-0.947076879261302	1.38004871513548	0.764152396603322
0.484755939780904	0.751086664210389	1.76256436654174	0.48978480232447	0.338905607368038
0.784271740424992	1.12277996798429	-0.674681521196338	0.846657549869553	0.750260287330587
0.51351723212961	0.28276002998373	0.402812088394659	1.49569122264156	0.544364214061676
0.102968525571435	1.20225801465222	2.3372040589335	2.01744409030383	0.113335922537383
0.420124624908241	1.09291381230045	2.05208360504055	-2.12589706485803	0.933563097462022
0.660182632762923	0.847768788147457	-0.244757106987693	2.11045787011671	1.12568890387593
0.00892404022741031	1.01843434631933	2.53397173263304	2.00648209156116	0.267164597823198
-0.334133420012455	0.0907286254437508	-1.80823235488769	-2.88971058247033	0.103424914961678
0.19737486504789	0.400401235382818	0.598136892866945	1.23133600399947	0.0551418886903901
-0.706753378689715	-0.680934244349252	0.626818230885438	-1.0770386974933	-0.253889116877929
0.253862555828576	-0.897969884293901	0.59520082342494	-1.3624530072391	-0.586147525649473
-0.562532974484397	-0.0369456244454866	0.0922338551536811	2.20757083146784	-0.794825082446101
-0.68108533554123	-0.944001593699297	-1.528126265203	-1.56685387173541	-0.525449029275325
0.0424028868158137	-0.59347911119046	0.850396300522161	-0.0235019365607436	-0.502393180366901
-0.0803773600519863	-0.132394405794175	-0.580040154530024	-1.31639361639061	-0.167718603772286
-0.167713952362196	0.178427995997924	1.83619850245159	0.629654695269932	0.0348127888909175
0.426034319378596	-0.413855162502993	-0.645162421620167	0.120041095073219	-0.489674682660545
0.553437588225771	-0.00965097595677914	-0.663899170792526	-1.00966717771203	-0.230592553382423
0.177126563916154	0.380555519090615	0.646495109442834	-0.520571178999006	-0.333901025998261
0.1929260082905	-1.6319191307928	0.0766147574408932	-1.65285072837921	-0.259475769384558
0.248460349668986	-0.218333826477783	2.07979285143285	0.537062560184183	-0.179604304108354
0.477393738847635	0.739979399404633	-1.76326408004303	0.0567093360676034	0.28982358073083
0.236474603689525	-0.621014295325894	1.36797319571007	-0.58092440531213	-0.464873335667757
0.402094574717941	-0.180208761142866	1.98917279809606	0.74372798863285	0.287605822052249
0.705334871312396	0.527222783007842	-0.793924909266006	-0.785981075425206	0.754962277521763
0.981905758803371	0.871078957768655	1.9660695766186	0.990287053064227	0.337215495232503
0.747588515631085	0.243476722019074	-0.976696979767442	-0.923861553183994	0.631443722523405
1.13729748683813	0.23226094549826	1.55396932466851	-0.669139110746354	0.239308988482193
0.979100517399227	3.8222835091903	5.75266410823652	2.55113111016563	0.662341476103169
0.337022541107825	-0.778625500396966	-0.568390219262564	-0.413310715480866	0.32129153994308
0.260704672840631	-0.0366536837763705	1.23830617284529	0.189215894652095	-0.00191432844946421
0.481095898307476	1.11808029464918	1.32703025115426	-0.278857493085086	0.494110580005367
0.278957408690422	1.26393423680409	2.20224515142364	1.21017720889573	0.372450225391945
0.175823899262901	3.82350142038111	2.85443529373681	0.710292158168792	-0.0224553302683375
0.237004045946546	-1.66453243238321	0.607869475850614	-1.81433306089655	-0.426062875364071
0.35626965857922	0.0151951555252655	0.67525148245021	-1.49971138397497	0.0619136208750079
0.114384241219022	-0.332196638969231	2.30875212892308	-0.29862585955788	0.0373843527792463
-0.116111941307485	0.456549868798398	-0.740844938252627	0.643867807603873	-0.222094611002649
0.279575989239445	0.79881680436199	0.706027988170288	-1.46198434131744	0.441403519607589
-0.145878004087918	0.0685622627276535	-0.630115890983344	-0.0152904802832155	0.208206743685548
0.195282275036527	-0.244172053273124	1.89915192566028	0.444962527027213	0.130900598517403
0.337168278550269	0.845722723229283	1.09918946269485	0.451434255672345	-0.141794942382076
0.811636714269471	0.150764847169185	0.473342439964286	1.84877046673137	-0.00732410362607827
0.897766891266864	0.366471889940902	1.91998789624665	-0.434226738936868	-0.122605789999978
0.00263237194204628	0.480011853679236	2.0142631427381	0.78073031350292	-0.133330032848094
0.449944587688373	-0.445767043743365	1.00761600145506	0.493791203916341	-0.375215202481392
-0.341299531437924	0.485834911011253	1.33514440520629	-1.28682192803507	-0.265326692396335
0.388936222068322	1.31672853977763	2.24890460229369	1.7680726634342	0.143704359429568
-0.0730116672558724	-0.0417393260788588	1.07898027492588	1.15158069497077	-0.392064438550431
0.145399655716628	1.10401868655797	2.73690492218046	0.252535092952439	-0.244989346717063
-0.296199660264025	-0.181938648091521	-0.192549827848927	0.272174600684717	-0.470000767757543
0.517809790692803	1.33719213775869	0.340828447835049	1.42972023545965	0.492049398174834
0.628323508350784	0.50175713632058	2.55827982337392	-0.393632485162848	-0.195682270965375
0.727637661703404	1.55380149016571	2.09681679547526	0.158896677170949	-0.241167595642449
0.315323585047174	0.286061806736796	3.8991438296499	-1.01475767396576	-0.667284899691832
0.66200358985524	0.797814559134236	0.162730021730925	1.40466289320642	0.0632204958391876
0.535043294850312	1.56074880887515	2.44341348313358	2.23615195162891	0.58266600928599
1.12410805043912	1.62307389112658	1.45462171368181	0.15751196469794	0.154091955879662
0.549962782848529	1.64222840836857	4.19437337360116	0.0986079675883689	0.525498691892533
0.54605039251946	0.334238869843444	1.11511619478682	0.907120036371402	0.61508663485095
-0.138847970168298	0.984947542841011	1.93771026546794	-1.81094188933074	0.428546699818003
1.02914266413841	-0.536289502489133	2.32331529030074	2.15734479347268	0.949018293908076
1.28758154297111	3.79470743192865	3.2088355546687	2.05962880417435	1.96203957881891
0.188620024549652	1.26424829042246	-1.59485825212331	0.0524799990445524	1.07608622584732
0.381524636897486	2.74744808662845	1.95369523066751	1.54802529884315	0.700604457311045
0.520534087839016	2.03041279741759	2.40473345814875	0.705523782487352	0.698443224023129
0.676976329631279	1.23482888659937	1.02915603909329	1.31660303968932	0.511471721651637
0.4350575197684	2.50558018406497	0.907895466564255	0.685951226661792	0.569165418913593
0.226202924587482	1.89232855178108	1.08777193871013	-0.138481692373189	0.244657483398531
0.573856157571403	-0.00987492882439445	2.57120818286181	0.7211106598021	-0.0447827857782164
-0.611407531765764	0.119022161185478	0.455146443605101	-2.33265804715404	0.0313346161789868
0.555293324156312	0.291341359194904	1.44748049006887	2.07180776661497	0.0575761247591629
-0.0357007449432555	-0.596611561306462	-0.0942477233810301	-2.03473157324616	-0.369524841372127
0.179403986684946	0.544185625440993	2.91469514188352	0.77058125937117	-0.0454122952714752
0.352731763351666	-0.332776126539704	1.83755057602422	0.764670544998863	-0.154817396544854
0.602957000209475	0.467666469791699	1.08914994015581	0.763764083683456	0.0761617750656725
0.0035139798431856	-0.250129855185588	0.788372572207098	2.62642812696559	0.218198774219165
0.110955273447107	-0.158949918977073	0.371753279874349	-2.03550173919861	-0.258639999848776
-0.157488397382999	0.329327483499206	0.715866567177679	-0.374940463718458	-0.707551203581175
-0.0407718925846098	-0.508957539195666	-2.00812958803467	-0.184452139720862	0.00229715135690706
-0.542196032344433	-1.62573931762159	-0.516669202038128	-0.853716229385217	-0.888472498246395
-0.556666642467768	-0.218850363845054	-0.656947002741507	-0.241835875145283	-0.570970659640392
-0.155141827548086	-1.28050443886127	-3.54193188857892	-0.562732560133936	-0.895065714835521
-0.956276083530966	-0.853717311861002	2.11746204892737	-1.80614525515004	-0.690611128684924
-0.811164962237502	-1.87842608211256	-0.0201536601181135	-1.97942541162717	-0.899712235732181
-0.670904632588097	-1.488586338909	-0.646581117986227	-1.25097754063458	-1.05739464333909
-0.859153649286032	-0.51612472008045	-1.25337917797288	0.182268972267085	-0.987706890999019
-0.959612269509798	-0.818437764657178	2.69701729803901	-3.32631990195648	-0.817335963086694
-0.157101677275654	-1.81917534900776	0.163138073916453	0.203995108453942	-0.359718394453876
-0.620964859753022	-0.334852923965415	-0.967292309050544	1.12362886205261	-0.783552921002189
-1.07530177243141	-1.57685031105128	0.0750062265309732	-0.622124250590826	-0.485640574146704
-0.779631487654303	-1.0832034335619	-2.41447361087329	-1.59408461565831	-0.936321979962814
-0.760054754808892	-1.16470168572999	-1.06903389822898	-0.121716879727685	-0.826073851813663
-0.846118733708139	-1.05985059012062	-0.440015822385184	-0.887601965236995	-0.568676359873637
-1.21973418120439	-1.08831857766755	-1.84797585422634	-0.786090252427797	-0.880101151850823
-0.898952138535522	-1.31156742611162	-2.28492208702947	-0.852535958747841	-1.11933762064443
-0.904063974497644	-1.41116506579512	-1.4894341940186	-2.69604942026457	-1.18696877715545
-1.22729012023984	-2.50580133635813	-0.108437022949729	-1.11797700107137	-1.26422263838529
-0.696213173915859	-1.19338485152613	-1.34379356451555	-1.17549333872139	-0.0369391229344876
-1.19370798785949	0.443485757048126	0.774099118940019	-1.28392979052169	-0.83731857305147
-0.114876143457929	-0.42778371618577	-0.472702817340413	0.194312817209576	-0.746217662707359
-0.117321814481534	-0.0404695411370946	0.104909732098517	-0.575891851871045	0.0503605117696272
-0.078625739028739	1.08768200433602	-1.37628493801118	1.49944833374497	-0.134037599014684
-0.266169712409368	-1.12399750640563	0.173685349856628	-0.719995204998984	0.0394809478695664
-0.257446745079672	0.283628179443395	-1.72264089051416	0.947534999257928	-0.125566531889589
-0.0775288323098203	-0.149303512505638	1.84262908007166	-2.02924283747307	-0.117468236462714
-1.33565447447483	-1.55397357514519	-3.69305457126024	0.0155215556142559	-1.19845051222951
-0.815116024069333	-2.30014982380516	-4.07522656521594	-1.62337949167665	-0.235676499970268
-0.452327400067919	-1.80389287274422	-4.23889895914053	-1.11991052411125	-0.360610193626856
-0.147133493680837	0.729652143376172	-0.251655492733486	-0.325017773805426	-0.310041835118689
-0.537744092601007	0.396878042402499	-0.270503594746479	1.29981956182934	0.000294478610531303
-0.623403432619378	0.375283149047895	-1.66005857812868	0.371555336700404	0.0706311929869864
0.0299359224445058	-0.766067554964884	-1.56974197307985	0.229085073926791	-0.204407716893478
-0.607208584783997	-0.184319627982744	-2.22653897586244	0.178076355406856	-0.348131610478031
-0.730240801089959	-0.967689631878978	-2.8117839744613	-0.339465119253939	-0.155177131766105
-0.199256593628481	-0.19197096178325	-2.08273516492532	-1.60082407053661	-0.15100683652807
-0.142133865376197	-0.712345288567095	-2.84094691284819	1.90428908210531	0.362551807094192
-0.636076120930573	-0.464628918943052	-1.68079180362239	-1.14046427799905	-0.0492178502967845
-0.0978059151004422	-0.546890415284891	-2.88959423707553	-0.25111134413491	0.0264293038893163
-0.0804971644721774	-1.05857652969824	-2.2472789486682	-0.44575165548918	-0.0909097434008557
0.124066384139863	-0.64906411849847	-0.482627218411093	0.0416298300690693	-0.425049368569005
0.126062742850561	-1.52614155376276	-1.96773545090116	-2.12543098140373	-0.526421260910753
-0.0618933728671834	-0.837827610411602	-0.0244858068036523	0.158437380076527	0.101503214688064
0.625098054019212	-0.723933021890792	-1.80155140092127	0.198740490756356	0.260096557743813
0.0794950525043902	-0.470465068358123	-0.572308793935731	-1.14314554188039	-0.0916190125479203
0.604274266353174	-1.23860324924593	-0.0816565716414428	-0.08679074814935	0.309983264486053
-0.0546308876404647	-0.871924865218188	-0.242751411115143	0.18575895706143	-0.0231545162867202
-0.0455016105652815	0.211842102751943	-2.35845830211984	1.3973361822447	0.373961955358815
0.460044464957275	-1.03213764639548	-1.60899641204206	0.0536681571450883	-0.179934112789394
-0.058664393461282	-0.433725674486485	-1.63568883086701	-0.631565928241894	0.0970804482911031
0.190623781245982	-0.0483111546496182	1.11851360698208	0.494764520089152	0.611615610503507
0.575784609830188	-0.0144499222357429	-0.801432932700606	0.372544994133619	0.18901844051652
0.141394849622963	-0.808358763818164	-0.968807465017222	1.17877757885757	0.0459544207573102
0.256068685770661	-0.81644997696116	-0.528226471495527	-1.11053402009073	0.532118376292516
0.0810469137707938	0.456647930552648	0.0188062602067114	-1.11829933833487	0.52984072705764
0.307220506591432	-1.54222710081207	0.237324161857834	-0.673357633975214	0.141237683961673
0.149892467996301	-1.17395432330517	-0.00717369914226977	1.79197265483296	0.324432977538968
-0.101362850268943	0.992473244383849	-0.532970741716691	-0.452305392144439	0.511197900705005
0.36541213419647	-0.525413727153729	-0.304587245911891	-0.0806709903225159	-0.0725061090609358
-0.593944702820982	-1.05855118925129	0.884777440399392	-1.05720053907695	-0.029028272067938
0.228674652271301	-0.34939803040351	-1.43244014110816	1.35400137006411	0.142353758060232
-0.103796550888606	-1.52610906371898	-0.752054935590516	2.18230104078989	0.0315970606058309
-0.253104647279364	-0.369578402735008	-0.640911502351664	0.0582446354765137	0.340663400384911
0.724984657440108	-0.183516353172037	1.055064130195	-1.46853666389942	0.500143583686787
0.573384456125667	-0.687252512990672	-1.37654740406245	0.740031481178537	0.121454922501921
0.401384432568417	0.347931986827784	-0.0660131633676082	-2.27648608207757	0.634884676881583
0.47260693906584	-0.29474047900498	-1.07869701995413	1.59165227407998	0.517030641641289
0.622931360745732	-1.45521041646749	3.13582664992627	-1.12701191233237	0.37580425317871
-0.30044615114102	-0.141084703438681	-2.54094492541945	-2.04750797087149	0.13251041259348
-0.750347505980364	1.55881443256381	1.40744140748449	-0.679471762977793	0.355450670791996
-0.473271789435105	-0.493691928009424	-0.860719242933814	1.67923404120715	-1.1041805129715
-0.812078408870697	2.47480329923458	-2.72169090036337	-0.951292050834223	-0.207557300659298
0.27584448428987	0.0969602630853809	0.271347766969459	0.0246067577564155	-0.56198869655652
0.162696141498447	3.04842215856633	2.49311069425931	1.98551924907315	1.34391451616829
-0.0889677089232978	1.19457236839808	0.112416944137617	0.257243333268646	0.377384881583019
-0.551064312247858	0.129884100606473	1.38154007781977	0.367068067196466	0.985852276228279
-0.373705083916153	0.873213528554598	-0.661183110794168	0.819127282768879	-0.0415963850645466
-0.492777104596002	0.36224167503238	1.43667410182115	0.714953801086548	-0.28946786086598
-0.0603604848211619	1.35287778118547	0.411198949817207	0.706797979681476	0.449619423761265
-0.227845621162119	0.270870347039297	-0.526135004329769	-0.258119585726281	0.609161587134357
0.607124967723191	0.722663252381666	3.93198332396401	1.53978914439607	0.328192979822149
0.491081507778358	2.35080092371674	1.75645538757856	1.91623361946649	0.675732643296983
-0.405121335100397	-0.288551767009896	0.167741186167884	0.399473636808161	0.0270485289209189
-0.643851480253505	-0.292123537800748	0.595157285639352	-0.370878568897559	0.625748738667883
