1.86030887438867	3.29620386734141	1.41226362236853	1.35650647560546	0.976436193513385
0.115162265515912	0.367636119864012	0.227691502547678	0.639317501808119	0.543084354023263
0.046435953367193	1.05765459218566	-0.567645046134245	-1.02675336024299	-0.0677898159943277
-0.273165400367118	1.59736612730264	-0.117730495575797	0.902312158628328	0.0908393133358824
0.510890802582503	0.162137569405317	-0.0595019945713626	-0.953495720367929	-0.374288160338164
-0.369901882041551	0.491686110892517	-0.433604991280416	1.29414408373674	0.299407847171916
-0.499484067942451	1.81090854007896	-0.287044969125828	0.0379937292013039	-0.0435987301637238
0.350049073019081	0.544575327194943	0.336887452941222	-0.0612540667361554	0.175258076631323
-0.139156778337884	0.534275414192532	0.259232498718413	1.48119171526699	0.10222257711294
0.119523178739868	-0.0387209066380564	0.159571356830723	-1.35543783088743	-0.421814755197661
-0.0374518487912599	0.86001763109135	-0.74580945754867	1.92537365912511	-0.141591018598046
0.293237491382029	1.58651980281119	0.441659047838264	0.399588707547828	-0.425578319684919
0.91154835542194	1.22972233379827	1.20805921975495	1.49115898149249	0.147776821100138
-0.1653611692686	0.290454076218143	0.697317112356049	0.484394056021014	0.193425141398738
0.442043119664602	1.78365449960934	0.688641450007501	-0.256338491924563	0.0911134361665941
-0.0425487439065966	0.809151470570402	0.85718138117238	0.641939400590483	-0.0451810053234353
0.1452690619315	0.861611262915935	1.04401793605158	-0.36403649590866	-0.315246370138517
0.034693494111737	0.696009630223361	0.158476467538926	0.991576208744989	0.0973375926725842
0.480188640950957	1.42806812784391	0.765677053438149	2.42170738678056	0.281016266084791
0.53955896380728	0.708020751869135	0.470108635370525	0.850236386134815	0.260828281230219
0.900481347492517	0.720159448530361	0.567299807651161	-0.510223311017463	-0.120887026775364
0.760788575908036	0.247778188361477	0.251075877504254	1.25785734529445	0.610079938024825
0.682156695118425	0.75018479032955	0.310735556706284	0.724937415978972	0.0797704431486005
0.52574838570062	0.0879568811989366	0.768622922612358	0.618243156098129	0.519247955893951
0.949874399675809	0.386382007932996	0.736910961244583	0.0103318290268972	0.436646772844108
0.800418826837584	1.51696477446984	-0.389706183874264	0.408344193331171	0.197302366755407
0.6468383383878	0.287630188904546	0.46268904479752	0.90805269992611	0.334192836724093
0.850740685060314	1.08072692428373	0.236747623123888	1.31433689841346	0.630408306835535
0.792254702378008	0.356856208163381	0.305921932863191	0.273716182846711	-0.0826619180788221
0.492138575060716	0.0877723716913696	0.659783835789304	2.31800054471418	0.917223593245608
0.526032638574769	-0.478732360372552	0.617739888067802	-1.1067446292703	0.924162347278209
0.932269133213787	0.772874400931186	1.36077983978906	0.785517399687171	0.0157222243569413
0.361889058853128	-1.41961799684236	0.301977760256086	-0.0252430144637091	0.489697614196634
0.251716202698277	0.550292302980081	-0.0164701243355312	0.530823632494149	0.400421674806474
0.298208414410568	0.593035958259375	0.593215776510053	0.765571685483673	0.603932914577557
0.383727696565487	-0.54766880860499	0.531042029398584	-0.373743009232654	0.278151994145578
-0.414813583934408	0.341787051990808	-0.0554282548197613	0.280702420139764	0.120157050553
0.553135093512925	0.70780184275213	-0.388864500644144	0.634193304073585	0.159639095948526
-0.750036750775053	-0.578525022092622	0.294473648588827	0.203627990524719	-0.201003774972843
-0.0617847495218056	0.0473398164998537	0.543918460652969	0.216643594480728	0.263711014698596
-0.48208713457378	-0.903153191164328	-0.732079663192941	1.53970894623036	-0.415433816594872
-0.159583279833282	0.217218679167527	0.765277804492517	0.473369378054623	0.0247560819368511
0.0128634186652744	0.289841850384951	0.43089573682746	0.789685478875792	-0.107302332372752
-0.637353770283654	-0.0476583360048398	-0.247271704085877	0.181938873600999	-0.285174511425291
-0.582610491165165	-1.18989704655383	-0.115603561034197	-0.829907756283323	0.0486477656077432
-0.284053954789713	-0.190522573065769	0.252157785926303	1.38128610563665	-0.0340683615727657
-0.133715028478591	0.809623248213589	0.459956918850042	-0.370497551763911	-0.562896272287495
-0.109747967506538	-0.35440768351109	-0.434038949963311	-0.12900740284951	-0.484595949473176
-0.304335333584614	-1.32333305891936	-0.840785036547916	2.59678522813467	0.0152379917207409
0.0136428649297555	-0.307940501511336	0.778951726749223	-0.954399885913865	-0.689259722149032
-0.421475059612994	0.293029931145069	-0.139805507259901	-0.354536049071165	-0.408794946560029
-0.315106782759911	-0.909313788340258	-0.413866416013658	0.502535721696212	-0.27175943927437
0.569106784475742	-0.370995839313394	0.0623097914056202	0.940477820717628	-0.221355041475826
-0.328754112345164	-0.459713599295197	-0.550172805869281	-0.451570451812024	-0.652385565766807
0.132185306825822	0.185255122301619	-0.677958821683062	1.99534162002129	0.0902547100068001
0.298002843496644	-0.719313458380314	-0.219305573046368	-0.296670249481735	-0.0991784224288456
0.271335496184143	-1.25302433116129	-0.487944979293454	0.535015449586878	-0.220573286502133
-0.14668080212778	0.460643577939753	-0.577677626676817	-0.371363017128132	-0.401246239042708
-0.321313334957838	-0.568136196237827	0.0484416598785159	0.0468441291492581	-0.509891808693276
-0.0576137861489339	-0.744057154902558	-1.18080196368189	1.00404601546707	-0.129092800650316
-0.47255791720988	0.474468900274544	-0.338946049053357	-0.642293379355033	-0.0585904889027349
-0.151822935196211	-0.603810555983005	0.0992643034654808	1.83337427443164	-0.260940598711565
-0.436449585809949	0.353060723126861	-0.464646439137786	-0.705710696052139	-0.256814690833382
-0.345791003206591	-0.226052243328227	-0.608671496301147	0.152792626164856	0.391026240755984
-0.111308867484857	-0.300377633562102	-0.940222442188507	-1.49926779969543	0.458152451770102
0.0900248585194051	-0.916278803161895	0.173894541950515	-0.252800367343739	0.325166158862359
-0.320869900821783	-0.0618114751243084	0.1738290278274	0.500755843494731	1.38591535134497
-0.691438665956303	-0.482113594338913	-0.790885715926527	1.00397937884049	0.799019715931336
-0.218978339037477	0.524777695283599	-0.650372646827908	-0.855586980935726	0.621601124382665
-1.36230616007187	-0.648273331211541	-0.429559037680612	0.261526429908289	-0.0576858102018568
-0.737382475465727	-0.500502348722443	-1.13073458966463	0.269398007771644	-0.374345482608325
-1.31085201160186	-0.650889043723467	-0.952857735329714	-0.90212205560701	-0.730724431028113
-0.79327676896673	-0.722868913318963	-1.01548660845059	-2.67566855122138	-0.407929012500475
-0.435733683741706	0.535506342537246	-1.00330170106588	-2.00047794396403	-0.818203855669282
-1.30227945343215	-1.18469080068621	-1.21379716259067	-1.86682369689745	-0.74922693659995
-1.41395145228148	-1.79142233000759	-0.982611455673199	-2.4039170670684	-0.55250751886556
-0.658090267018501	-1.14299338564937	-1.37489942389442	-0.138704670018687	-0.752087238451032
-0.879391808900769	-1.02724889975585	-0.499757442592475	-2.10811921111582	-0.583117857658399
-0.167477545704178	-0.312281273978261	-0.965142236012072	-1.57090092678832	-0.455627201447086
-0.00801118540428308	-0.58777279255465	-0.673174234104072	0.298238845485433	-0.0554784927498647
-0.590326625756768	-0.687612813407218	0.217174357430736	-3.13257056640764	-0.201033993115336
0.196589738901246	-0.321207534920521	-0.0717092067631922	0.156734842346783	0.0554225698451896
-0.483628900623749	-1.19040822512471	-0.16339387219823	-0.171558153937526	0.184593424614621
0.328383058307392	-0.727280418523153	0.231405214875943	-0.519067874784204	-0.23640073018936
-0.157492731649508	-0.944655454181994	0.380405542151444	-1.27648076966183	-0.196682258381776
-0.689950256735076	0.00159736012894206	0.43387024401328	-1.72552758202355	-0.46801889894308
-0.367947074261023	-1.22196618658134	-0.472360743758898	-1.88572420078364	-0.917379858216831
-0.471352801959612	-0.636296696414518	0.367440142234674	-1.18751070965402	-0.569536502369727
-0.0261853994133744	-0.251460756702471	-0.108072115192352	-0.214327926870651	-0.74945902889522
-0.837547909581725	-0.0917383940165527	-0.522595686613088	-0.980260454393602	0.11120799217298
-0.617010179159041	-1.50655201033894	-0.719765051502947	-0.690480085255753	-0.360962764020709
-0.412067457184835	-0.788255411751157	-0.11296158047942	-0.565423194654562	-0.417519601388552
0.324386089862912	0.00260239266250885	-0.111332028424765	-0.213679150436464	-0.473576165326187
-0.34739301143508	-0.630363185314951	-0.469774880413724	-0.423131536310071	-0.442299585201375
-0.10437208994349	-0.838254633051945	0.145568209816646	0.121527083702691	0.270208397543463
-0.0499668919181496	0.124341347093688	0.178614908222544	-1.1069672716225	0.0982843194883119
0.484615191366576	-0.952282565677082	0.15784218584489	-0.190624084360643	-0.0376087540923071
0.0723279391010919	-0.326726676227305	-0.396733142466442	-0.359770990668455	0.188017006417769
0.0650995263987375	-1.32689117517182	0.161053385043623	0.0625887844899125	-0.0510938576061101
0.649003861600928	-0.322727370598088	0.589672770798248	-0.503444347789818	0.0246042334476855
-0.474760029056102	0.320492672753091	-0.02132977212352	-0.527601619375926	0.0971856434415737
0.867329749885952	-0.150993297209294	0.242078860262344	-0.360673168590287	-0.194874555738384
0.153861889129402	-0.335772288513752	0.35054368494772	0.141577677343815	0.171266853382999
0.561874807187743	0.416976633789062	0.604648857286289	-1.02878611911358	-0.249279229036424
0.167416719190484	-0.22981763161624	0.21918020863499	0.416042620842774	0.256757646249763
0.264086751300527	-0.0728842322736722	-0.206186047076611	-0.199493800787724	0.313141890006873
0.689542696471789	-0.257762988538993	0.590385166976419	-0.947048696058959	0.334460104171672
0.0171607018584065	-0.557422614972281	0.3328372507018	1.24402379173803	0.311430519338119
0.43926500225581	-1.27932104160434	0.291232143069895	-1.08313399199648	-0.16663139959339
-0.321253488853122	-0.184359772690407	0.122997313077826	0.682294563872993	0.227003052088112
0.392386215213313	1.28726908959596	0.160051376458711	0.0221892549887727	0.599038922903457
-0.0818270538526786	0.313214659468136	0.264265179351791	-1.06456877243922	0.141703463165555
0.000578701012385235	-0.494233726093191	0.058218005857894	-0.796969532689964	0.306704695650957
0.390815555223578	0.424209943659549	0.455360465685549	-0.643797009521391	0.39088823369645
-0.710722676341383	0.152098094454966	0.242734697149645	0.026532511225748	0.378469338842725
0.0425014337764303	0.484461533657314	0.255897187781618	-1.92250165891226	-0.157568377041202
-0.783910034574708	0.162194463265103	-0.313111826902862	0.509878071769902	0.122147610796352
-0.069862641925259	-0.0897854226097195	-0.0652498061613058	0.0336532108508143	0.0823033346355611
-1.07427672346846	-0.0113970414936679	0.188512785590112	-1.20566036607167	0.00832003989057137
0.208130632482548	-0.214513024894038	-0.377222030389978	-0.157930315011565	0.16324002342134
-0.295557387020874	0.315847416168055	-0.768292854916492	-0.360707793114183	0.177048647681108
0.66213317266479	0.242867777977108	0.0391933537543733	-0.099619895835628	0.00227378180213021
-0.264385693215857	-0.352981180433146	-0.416661571886043	0.750015092619671	-0.391856670450741
0.214386599791413	0.518891544939498	-0.554517851892077	-1.48873861408624	-0.391970955407294
0.129669758538677	0.340136342128416	-0.0381111485659297	1.67050414567386	-0.184910713020472
0.11183755156076	0.780843370752525	-0.241695332206348	-0.867008327720635	0.402852336795224
0.42003242010451	-0.145036437874038	0.0583054829544543	0.233629284448653	0.0584330173817227
-0.267929315412322	0.544700690924719	0.0834782844318492	0.838646317668503	0.371120966571045
0.408463513378361	0.565772292722248	0.0284688336088567	-0.101165211466235	-0.239398693442172
-0.497108163689463	0.0615531525144362	-0.442892191690362	0.564316596747066	0.137987425880542
0.236880336171212	0.416043122959188	0.0421122640773503	-1.20760466850709	0.36994152894634
-0.124247624952646	0.527684229837695	0.0767484226727859	-0.643162570363126	0.666198521436934
-0.0799676290038448	0.639116549088638	-0.41702597384101	2.02850479409237	0.224476477176296
0.0103278401029816	-0.22877012147132	0.509350082191613	-2.54408479113405	0.899314218573354
-0.810271257855267	1.20986604321315	0.263225589021344	-0.558000984975152	0.103308128073077
-0.383915939544895	-0.69576147633357	-0.0896866905646405	0.359535964026352	0.406063958906674
-0.26584950525767	0.306949450207155	-0.0239841755606445	-0.155813439920583	0.336207811828426
0.356514348270857	0.786805518262322	-0.0853317229093523	-2.02002076515203	0.0681368806933557
-0.360401164646454	0.718169749377563	0.625898366276753	-0.0621944440036957	0.210451305168572
0.116318954433197	-0.832006391605814	-0.604455203603749	-0.493757717538661	-0.136049155142091
0.370495985900059	-0.152261668511852	-0.0317814806717881	-0.111057496675948	0.166025799033766
0.261386055943407	0.0430147607020556	0.608004208577853	0.676751435458498	0.165478250390274
0.219395293263014	-0.356587054537927	0.466227915171	0.857104302239423	0.26503598182154
0.908871571204122	-0.793506266097106	0.459829567784484	-0.87636688743916	0.0515918381746776
0.120398988828509	0.55162086563782	0.796594620322548	0.210723886807982	0.0866833792058072
1.13517133482506	-0.242037520072541	0.717251241889044	0.631993071959753	0.44393888504856
-0.59697753199455	-0.0686526124477666	0.244986114795424	1.44454323202569	-0.337590907294226
0.773338535920717	-0.652350931620903	0.602238392144031	0.753712693602909	0.552403968504822
0.2551357615126	-0.151943213055377	0.566472616373707	0.433249463683681	0.14644342831305
0.227775291284459	0.877565431698772	0.164299087713283	1.80303952527529	0.149582343423744
-0.0735854899976482	-0.308315224203422	-0.4259827056916	0.112373463288759	-0.11962259305472
-0.536261681346282	-0.698705530355715	0.286450555378802	-0.812509691421408	0.314445878269191
0.413299316768022	0.248240135259442	0.583976867104073	2.36591746566326	-0.234659842779747
-0.0538202005831759	-0.0138221188543009	-0.481940503588343	0.407012684106442	-0.0120546332518191
-0.0714080272847447	-0.653776131744184	-0.133098027708763	-0.386873003183894	-0.536606412621851
-0.343396085357528	-1.08951943533765	0.231677383648375	-1.24062064441198	0.296556486570823
-0.95985181362019	0.579638732747422	0.0809545047045349	2.15453260576386	-0.518807846124016
-0.0349349524882418	-0.332700464621619	-0.514803339986977	-0.859641623604192	-0.0410987262778421
-0.141977287771094	-1.23110350560591	-0.152740915650776	0.563368546139405	-0.121671974708498
0.0668991968536191	-0.0756274681223401	0.0987274533122133	-0.0802186086839623	0.147085633289284
0.0492764653558367	-0.165699469050044	0.0214979110861455	-0.811700377252371	-0.372779872988238
-0.395104877001265	-0.0290900192550019	-0.0453061989174914	-1.02598329688867	-0.209624254140251
0.243085859976329	-0.534342984545315	0.000599081345636299	0.106614995037126	0.109017985250414
-0.656650257223026	-1.2405670252773	-0.171164486221185	-0.324799161127229	-0.333082534850405
0.160101042463709	-0.0674149279131509	-0.0784958721706138	0.645571439892815	-0.406379259604858
-0.179703540852972	-0.253139651073573	-0.811864486581208	-1.32777118860778	-0.605352299497327
-0.953088418298457	-0.400097799959022	0.251156350187622	-0.293356422461997	-0.410008217797583
-0.32590401515631	-0.398014014689044	-0.55577544567232	-1.28433203458172	-0.011818340697898
0.120050341038767	0.202186812016613	-0.292474831086229	0.172454371657968	-0.354009265129151
-0.307370965549497	-0.681998674714373	-0.663510934983797	-0.977445881122155	-0.268013535299381
0.0149761712557973	0.394810462209347	0.343904383883433	-0.452237861729136	-0.161628972772449
0.234966164253388	-0.239755631961505	-0.347236979781546	0.471856852696532	-0.293927154028664
0.0307299981503829	-0.464169455320301	-0.274327994620577	-0.2236868518806	-0.384279047310071
0.873180045942017	-0.827029274798464	-0.206095720566712	-0.981493935985887	-0.492061310429327
0.219419179661235	-0.265959661309088	-0.148179076159472	-0.106965134461627	-0.189008785111731
0.207347053940815	0.135839285029936	-0.266881994652436	-0.753256235828826	-0.344168526547786
-0.672289007379851	-0.726101159568	-0.711039423054766	-0.129929424932656	-0.0819767024605434
-0.602777554443632	-0.0108319686063332	-0.432015811833942	-1.53957540382958	-0.384584304001346
-0.161367683603655	0.0323151332396514	-0.378242003417221	0.633478062451946	0.135481569021936
-0.332914371090638	0.150325158174832	-0.780435860370009	-1.07420466651418	-0.116253146978113
-0.601786336153448	0.0470855238055772	-1.06812204283198	0.206054559080713	-0.0519394227880066
0.249978572487438	-1.08505431838535	-0.773714313148762	0.0435209704382276	0.356430990702904
0.346673805239337	0.145023764668375	0.0587098505694813	-0.0174881608799977	-0.221972086295114
0.474688165416449	0.728712198202742	-0.0251598765979757	0.48845568696646	0.0628617709271493
0.492702433391061	-0.0225955065214937	0.181558460909463	0.245886816838181	-0.0969924044633664
0.505158778284068	-1.2280009718677	-0.562001599191749	0.478467515027648	-0.424076357914118
0.144014777327142	-0.230350531535315	-0.0103372133571041	0.34773805653127	-0.634633894752918
0.791974161021912	0.534169740845938	-0.316855266331594	-0.595575346033423	-0.0469523827873493
0.115721440820859	-0.097683491369697	-0.310939773981108	0.170038304796703	-0.199695285056837
-0.451332268613878	-0.233035731342977	-0.723410364245186	-2.5426661237764	0.346634279639623
-0.562725593334637	-0.587750460660225	-0.832813449782027	0.281343596348284	-0.66846731033237
-0.57136976622217	-0.465209244654114	-0.584322654896798	-1.33710382222844	-0.594024789539819
-0.879278622169329	-0.0811448001559502	-0.681796690200046	0.00998899294183873	-0.749083945675204
-1.08039626950593	-0.184427145091481	-0.436916031706253	-2.13200566712974	-0.599060546800292
-1.35275079642199	-1.23376643049977	-0.382074860848998	-0.549917699906326	-1.07404769738394
-0.114759533917718	-0.708752573079186	-0.488645188627297	-0.915303781443575	-0.415851675525435
-0.157671436850364	0.750113304900249	0.0384057635559871	-1.18101611159422	-0.271011640846396
-0.343432561366117	0.0961150721809131	0.391721154085704	-0.1162954663045	-0.602612704072799
0.880729979821648	-0.853192542593721	-0.891105993889608	-0.558497935227528	-0.300865384441268
0.258147209146885	-0.361146726888909	0.409742112525733	1.0775341563351	-0.393538383006307
0.63548957510051	0.854884552607932	-0.126162061362056	-0.589918123767768	-0.684427992000496
0.253787106690454	0.240954985049962	-0.155016990127357	-0.328313864345361	0.37320781794635
-0.744049785001715	-0.711142851106932	-0.0582526632871176	-0.130021106588976	-0.414431776358608
0.362026604551692	0.118757535541316	0.377982737348295	-1.48283459338235	-0.217406187342635
0.351647499124025	0.438215719760212	0.304678618130332	1.08592264391137	-0.108345322007639
-0.184736072846004	-0.243704894156974	0.502695991004541	-0.00307968060623247	-0.915454316300775
0.115832221767435	-0.758976571052015	-0.343479592160892	-0.648925730676947	-0.307275048277019
-0.427044030670077	0.990942283990663	0.421817338813113	1.40581529906847	-0.0877133687394752
-0.0288653006916414	-0.0461527938444714	0.56137372220477	-0.411429718083263	-0.407197804552379
0.397689158564979	-0.61816874823595	0.204692867000688	0.210663413213744	-0.00138724480919501
0.207563403462884	-0.196922602587161	0.238621388229856	-0.559113645838935	-0.018600825827465
0.499635937578668	0.287341934523731	0.271356427470196	1.04897096957581	0.599457177099102
0.120262841126187	0.0908464058635014	0.766540447200216	1.68542497317645	0.459101823666421
0.465365498762621	0.124417550013158	0.226596637848936	0.519019735075715	-0.261501904437374
0.884860245346517	-0.783095818093225	0.383336426193464	0.744008059272738	0.700024672525249
0.148268662499324	-0.490178220838933	0.390300075393784	-0.901651997168381	0.123833448322338
-0.0230726247563523	0.164422561327668	0.256656959144588	0.172464029062429	0.0749544698430442
0.662423458907107	0.809118775051377	0.400025358955067	-0.0395799968242938	0.143440925127834
-0.819094734381477	-0.223614828650113	-0.0576091343586854	0.275113122066646	-0.163050126084879
0.0590347903462451	0.0608449420206248	0.139105383212847	-1.07813833767724	0.108607927759242
-0.348786346268067	-1.11283871663144	0.441974120623412	0.352254960740479	-0.0625853708946978
-0.121528988946354	0.541190809286426	0.346727002958447	-0.489186769625616	0.30211808631317
-0.100313186469985	0.39105290025271	-0.173199366099596	0.325219405238821	0.241901735895455
0.126448347062966	-0.0505176588539101	0.350060465486234	1.35566265969071	0.113618126715247
0.0641359756272712	-1.1964458728851	-0.210751553987838	0.931622130012153	0.087821928472882
-0.203624334755103	-0.501853248560537	0.289847277493846	-0.40898051936596	-0.394739557183609
0.0720557963563744	0.784027854488256	-0.515287516031421	0.959458713038827	1.03433930766031
-0.272974318356672	0.800702432145347	0.839012313126451	0.953620919123422	0.379295724557553
0.270514258177553	0.201426471878654	0.448400502884212	1.94845880989056	0.410485098395791
0.126121135914479	0.440957300187443	-0.200165802601236	1.83092517077349	0.537578999942485
0.84613574059884	0.268726714202631	0.394252217342706	0.959235721124735	1.23394888288191
0.478945509452192	0.859976941043704	0.817746709242808	-1.55740367008853	0.634173675941401
0.558183637146191	0.0138130669992574	0.882506519001713	3.32904731290208	0.352167157667106
0.25591150904393	1.45001426981857	1.1019756337882	-0.600449465871528	0.358226315716832
0.440949667430292	-1.31121115311356	0.503846810049251	0.807069463897217	0.797608454446083
0.786884087068399	1.27690526217663	1.10520836277407	0.308911030832066	0.664569234656418
-0.138671167505366	1.78653940964163	0.140991878450831	0.816444711088275	0.485722764810269
-0.356120042521797	-0.291062031054891	-0.526604372091233	0.131764723517286	0.610598757902719
0.00695941445066438	1.15112611984147	-0.0373141277853377	0.261787718630443	0.287484312319765
-0.28574130785611	0.903881629751484	-0.0221656294107001	0.229614171516677	0.486942632618905
0.0562605607002105	0.630701764819765	-0.763684448548238	0.0936943056410943	0.302248424438684
0.339123616872586	0.838473856681946	-0.211136143080166	0.249227585598863	0.123859262548
-0.208823304199453	-0.616430192058102	-0.5129984730645	0.924747676533476	0.165102010248028
0.664166040356767	1.21539971502572	0.25170733677172	-0.49505319699901	0.0278384641176316
-0.419705570457991	0.577289252797505	-0.528630561789942	-0.454399036987139	-0.166344093415041
0.308052312433087	0.924458971299856	-0.0544078489166246	0.463449608777905	0.401055904912732
-0.0320291718008288	0.637753516132541	0.0140114513487169	0.131963563894991	0.155574386322922
-0.0791151353308991	0.731726745311887	0.303353755319699	-0.145420804266956	-0.266395825883391
0.255651245540851	0.27136072860954	0.121723345084745	1.24152747207933	0.407704467355788
0.142361405682292	1.27219719205258	0.0871030605864497	1.14994011616657	-0.180022795401567
0.565946899495242	0.576781219608618	0.499762020941698	0.224627216627237	0.10736333280449
0.424648050235226	0.0957033104104165	-0.0701984201585403	0.726532779231585	-0.157360269025823
-0.787915934521867	-0.41163543802202	0.193854685204946	0.339283161705014	-0.223327577741941
0.685573524504195	2.66753525574536	-0.0556271021785037	-0.823813606210363	0.315482473026211
-0.406184991161623	0.138112244525304	-0.406870401893872	0.549231011724057	-0.0252264661514991
-0.206182511220832	-0.592085973909212	0.270830196452719	-0.0186672589051575	-0.719447537103654
-1.10143620904119	-0.193231927217138	-0.335526926645292	-0.0516886309356127	-0.787983444843216
-0.415198058605454	0.714004181406534	-1.2319519917027	0.257238608514392	-0.523180956919972
-1.4057549465961	-1.38957294065239	-0.242978128572285	-0.826430235360078	-0.582407893908865
-0.220953596034558	0.369450610086027	-1.07083265216219	0.417505079043582	-0.199225184835257
-0.882565572050544	-0.246918519871044	-0.418426950968844	0.490276342918204	-0.665443558479794
-0.100519847997773	-0.349225408231641	-0.779223197011139	-0.125594421607469	-1.50767350796575
-0.828439272442611	-0.978782564238111	-0.13199693260706	-0.421946891500984	-1.09021943603795
-0.571242061678361	-0.541206025086074	-0.0909212738599119	0.167559364487264	-1.05036177513861
-0.56193233000957	0.612363118451171	-0.283173983677428	-0.83895967610983	-0.559731712655384
-0.0789708529685552	-0.545742240530111	-0.512082478922238	0.23318094599325	-0.773056481535091
-0.401246127395035	0.691814290708087	0.0738208711219657	-0.0831313910993448	-0.756499568618449
-0.493680831040989	-0.545469896274116	-0.139515709105078	0.833021897498631	-0.53181131343728
0.547912479888453	-0.711951860785041	-0.716256563626433	1.53398896951734	0.0974560432995243
0.383218763721656	0.821277800239149	-0.124042745832915	-0.32170198484094	-0.373182264902747
0.417084558547579	0.452022266704568	-0.0985023190093106	0.334777983096263	0.191202278310699
0.632255847307445	0.915403724298626	0.16435307259954	1.80629909833418	0.542790768728349
1.42425509564824	0.122718697387808	-0.174563939849854	0.357962905401006	0.309687960247404
0.336611866104853	-0.22219386714874	0.351717457403592	1.43787946356247	0.814578608587489
0.798401746552102	0.25139583985478	0.134552899207016	0.283667917358867	0.744255209670851
1.12218708488307	0.0511025430241604	0.510340632094513	0.93873278309956	0.659992122282496
0.601309196714288	0.95329640369098	0.310867032213244	1.54440303839264	1.22193171277696
1.20103707284614	0.388507324868258	0.412622029272348	0.31220359904481	0.659891159611087
0.680209901985079	0.27135123853168	1.05256867517468	0.839125757925683	1.55310391225844
1.02123799030249	-1.00451832804528	0.438336291291733	0.71240262975605	1.44321329484361
0.961674624196849	0.536546921354254	0.780904923534327	2.52334856320846	0.877062739348964
0.839608936597697	0.0556835005176828	1.1140085744519	-1.10749413879886	1.1869283928644
0.684781436020836	0.406161531536294	0.935872113785584	1.05170617533883	1.05523985659553
0.233352958673079	-0.0846645572649505	0.822281220204253	0.365932449515003	1.20560161995347
0.92957557526702	0.454660488734722	0.696638526283029	0.0655483932439932	0.927663383973239
0.506317997149078	-0.630741602979957	0.898487462237492	-0.359867963784025	0.881686943891394
0.736702003433367	0.184440225384156	0.385161109409334	0.601589258683745	0.498573272663957
0.888738948893991	-0.0244397696535606	0.695203231357603	-0.116156772912498	0.809045646788396
-0.695110755270935	1.06367159034519	0.850516843939586	0.955799904915749	0.65757513138593
0.886305236504478	-0.883266517028658	1.01619903763042	1.15511968677431	0.321891347102873
0.658560540290312	0.242442175124738	0.660508619293426	0.863136213270486	0.584088303565566
0.552878242029594	0.405775784827652	0.906521380731482	0.731805515788382	0.575870142759232
0.617462932023306	-0.155776957950324	0.472626850655918	0.747737569582367	0.817388852626583
0.71227901791188	0.0675581952427316	-0.39394453127346	0.413499352469835	0.769842187204093
0.0215003913189452	0.187230004986945	0.583728412230646	0.0109128989625702	-0.219999828904988
0.284935791858505	-0.1000536796567	0.229937229161515	0.542125051627927	0.44645559486766
0.140402106552922	-0.84037371633693	0.0135106406582551	0.341188255381064	0.347720677034234
0.156034937840646	-0.013381025626927	0.178256037864891	-0.997760660511681	0.607455818182084
-0.356961749005926	-0.0672519164381835	0.381188764398077	-0.0196510438052961	0.647617897662425
0.395002036002414	-0.147314064876333	0.337281282631274	-0.454211332125694	0.085962791644796
0.279258680545053	-0.367039132346953	0.519882570250344	1.60960081882821	0.508432284566377
-0.0113121947738383	0.464696797307136	0.207283765568344	-1.24931478989467	0.509126659387128
-0.212578036729834	0.169245612686266	0.566219698315539	1.39311781546555	0.119820101737909
-0.0494120400295563	-0.329013269477935	0.499085440097704	1.18312407955507	0.810809222798823
-0.0672656515824608	-0.973217535226548	0.61137141061462	-0.808801682142304	0.328161805355416
0.0911146978117586	0.00299759399632936	0.310746198544744	-0.846565186095366	0.0877706877233284
-0.427339559077232	0.104472323196112	0.39624198211639	-0.741344925361727	-0.559212653613913
0.169859205096731	-0.33030525051588	0.347419187245226	0.292637129798088	0.382485623933621
0.0601128225089585	-0.10090094420409	0.168563768110707	1.91406494989685	-0.324253939676949
-0.36151505184625	0.28076972533832	0.0430896980921303	-1.26128630209894	0.0393770682030225
0.0170813432778572	0.521116682451406	-0.117123301300345	1.26613122408136	0.0198817941777313
-0.647079583160691	0.98281139232602	-0.155050638089231	0.57568585565879	-0.471810504636223
-0.540724142475274	-0.78962499089622	-0.71585143412531	-1.05009467377177	-0.570233896448277
-1.00639322675055	1.14239978664212	0.543543354148454	0.159176103519332	-0.438217082896092
-0.634303297048927	-0.516347600625066	-0.530036170006428	0.678280111758614	-0.634497724369471
-1.11696013332878	0.00365110984865517	0.301803015780825	-0.955718454008389	-0.262479595381247
0.089265922197149	0.175354909454	-0.685922483217184	-0.335240934406046	-0.600702017626708
-0.823391608784437	0.111314608257836	0.286945793884575	1.09958777296813	-0.139107040983623
-0.594860671493169	-0.599567957070736	-0.474062423015646	-0.531739780400315	-0.0497115378538068
-0.423220255625084	0.625029372783696	-0.320452692366203	-0.261729209032857	-0.171467734785181
-0.86120375849308	0.803049919487622	-0.275653663433497	0.409453167402138	-0.300137547199906
-0.142035945446448	0.631100688578754	-0.95468466192495	0.815192027913211	-0.122108881675638
0.792648210458654	0.202819518983061	-0.502937225458263	0.562125197415533	-0.234805152411184
0.0238527816483422	-0.814585535901328	-0.512589632269455	-0.339838514977293	-0.851299257884068
-0.254941993206299	0.557766600946205	-0.253726554535154	-2.0288778760572	-1.0510795498355
-0.160111041425071	0.150506856119687	-0.327083336576758	-0.19134449712239	-0.182532606334347
-0.415716890408072	0.889311272626727	-0.369141416478224	0.50353567308345	-0.13863716120974
0.183628139275858	-0.475398012419075	-1.23087483795489	-0.257209843457316	-0.207188118126546
-0.571043820416006	-0.338408858700957	-0.739420074974191	0.137005940779423	-0.254350813746313
-0.0964160775593219	0.0646202195186791	-0.314295187120576	-1.74514146847087	0.125486542302011
0.0783563955587115	-0.211539783814432	-0.805675746793948	-0.224630900061027	0.0288125974848975
0.131918693429933	0.690871408297021	-0.271919212107831	0.00313430320546175	0.346353573684685
0.365357019406464	-0.90904202445924	-0.550603813381593	-0.816782120200798	0.162517899240008
-0.0303389569496205	0.935277420776365	0.109459809061173	0.178249932826929	0.426438300240703
1.03590663992043	-0.32290064709375	-0.0475821788852684	0.302020880664889	0.699140459452183
0.117167611364204	0.145527488467322	0.593901348285098	-0.552701003189034	0.366448707868077
1.36219053941065	-0.939774462623271	0.20517848873054	0.596746968538017	0.251230302683201
-0.0383310346360163	0.802804455549046	0.332859786471729	1.10703398044273	0.333104016907355
1.05225545440587	-0.249418934659111	0.652596220628983	-0.972459328709866	0.597527682313289
0.9438384741161	-0.462711496401408	0.677103965485701	0.857952223821484	0.0844266568817552
-0.179452927412586	0.473650374984252	0.405766002831524	-1.04455444598641	-0.283292844955694
1.02821599487265	-0.0131925328432086	0.217714815760538	-0.940055013707083	-0.0118223230946187
-0.510246301721442	-0.194159615421959	0.377528417684926	0.00165634073347411	-0.0668314647405598
-0.0853590962741895	-0.131962512992679	-0.295120213307614	0.208689386259957	0.127047962526281
0.0612389772592122	0.656118218707216	0.451484925730192	0.457372587893053	0.214953858948092
-0.49585353166141	-0.483685046726765	0.187527186407637	0.0948571343901713	0.462707064085685
0.0147360460751382	-0.1543587040816	0.317484877417352	-0.841514012908644	0.120042368523187
-0.697653811872345	-0.485564466457233	-0.203314047268219	-0.177910415744341	-0.0390919298490324
0.307999778330659	0.122800275327672	0.293056920468386	0.796431016266599	-0.0982535408616714
0.0492232465943627	-0.0574294271010087	0.180175393871671	1.05118340085449	0.0594816687345093
0.389484081719915	0.0539696243498621	0.040305101350266	0.669523689833161	-0.383313272304918
-0.486602095085572	-0.401166384963062	-0.18781456190088	1.12997437747692	0.134822467395017
0.497108944663762	0.141675930110332	0.592609541094779	0.727001007483439	0.449790674258011
-0.191593162392575	-0.712220639672289	0.116719343285947	0.225937477537798	0.545740282420252
-0.167024966649526	0.107327932226397	0.585372172154926	-0.327071494817448	0.21488018925929
-0.0859047333320349	-0.729430632868357	0.695320103654981	0.814661427472275	-0.102504266373857
-0.141961109742286	-0.341073838931599	0.688252568470284	-0.372365706019769	0.316629122642334
0.249478129496079	-0.564030838981665	0.347943393418271	1.48494228875118	-0.170535121964059
0.380582705234187	0.311733978170066	0.705733567711325	0.410527833482776	0.130533400687844
0.107490626775456	0.504250986624258	1.03619585475392	-0.334541835476692	0.455007810687516
0.495141566452697	-0.32275013631492	0.148351950117034	-0.0516880458288443	0.196750444683831
0.103501749531435	-0.669688875581169	0.7752996363055	1.29980599339572	-0.252899447480059
-0.446733279584729	-0.32389370991064	0.625670294785189	-0.0147573710678151	-0.464730579352997
0.222746680730001	-0.239149746324754	0.309628811079699	-0.137095407191983	-0.296757731218489
0.0174398452436834	-0.189953941189202	-0.0659387255460966	1.59124425982163	-0.116223977460263
0.320826263338309	0.754780495541696	0.396136877936362	0.27272682544685	-0.273555312630606
-0.628699253365564	0.811423679511528	0.573559507331784	0.374864118544943	0.00393789806739711
0.684205466014483	-0.192998761205889	0.270982188369407	-0.389882953512526	0.319982539756127
0.0726460767275661	-0.744210787288302	-0.0838478998775539	2.22422252276091	0.307633412570864
-0.676732170493179	0.953852796682953	0.56473735551459	-1.34773507304546	0.158322332733465
0.715855060513714	0.476758297577576	0.677534779462445	1.65629671173616	0.0613412645062895
0.0607134925708989	-0.0159275635026988	0.903949720272831	1.52384409618572	0.342281875541856
0.702269579444581	0.0566641875169036	-0.177419145440336	-3.61439474305044	-0.196554881889866
-1.41759701819439	-0.986175645847767	-0.519864574882794	-2.12520440478735	-0.863245742845757
0.0655672206581587	-0.511831986249393	-1.07748052150183	-2.57270317210297	-1.45190118968381
-0.603120871356623	0.0979619825913868	-0.469427462143192	-0.139827084851491	-0.3067403714778
0.274886595618482	1.40751742416524	-0.0417754565218955	-1.16842117139716	0.519149124755479
0.799395099387475	-0.00342627535447206	-0.657238951234621	0.106057630427957	-0.22203177712207
0.607298302299684	0.28912584846993	-0.402611745894565	-2.9288393009977	-1.22559841113073
0.111181527883601	-0.22158901250207	-1.09234007600457	-2.17136509108291	-0.312863040247178
-0.268656386048655	0.527957481028328	-0.0164354039584932	0.241095546156757	-0.0846796602294201
0.16566549436572	-0.190949781587053	-0.434569155616929	-3.51243583353598	-0.141125960266429
-0.304473122933825	1.28561064362228	-0.749568523807314	-0.769124193426673	-0.359507892271516
-1.06180992355074	0.333972553282793	-0.697394236842892	-2.7511433682533	-0.940351082687903
-1.35888902942278	0.13419194063426	-0.577100394770237	-2.23407172583617	-0.89766221040883
-1.69641634501803	-0.564372995736075	-1.50606529080396	-3.99162801851143	-1.15249951111263
-2.03539163035017	-0.434759125880478	-1.68217541118991	-3.11954369869177	-2.10836108048691
-1.82583339010825	-0.432585828010017	-1.78630623398523	-2.11974635525589	-1.93896414234395
-2.20251829831964	-0.615063355024125	-2.38084462276841	-4.02056328106709	-2.35194657091631
-1.9439268537959	-0.664996876053339	-2.05033898385577	-3.25040342711439	-2.37782386591298
-1.41259687463022	-0.924890843599555	-2.46641357612043	-2.91140133028872	-2.04079905441479
-0.784180866327652	-2.32009163033133	-1.62587104439595	-2.71187491643092	-1.92516979229048
-0.582538202838701	-1.76095360241598	-1.24626131192312	-1.06723865207118	-1.60584980868363
-0.83007827285161	0.868309032285697	-1.30327530625459	-1.75463178808695	-0.688271181745643
-0.505681181254129	-0.850310378032299	-1.06750917536467	-0.458818632959288	-1.32371073848222
-1.02164060416021	-0.698628259623945	-0.80598039032965	-2.63256033631389	-0.872620857044717
-0.811907451330558	-1.15252579815613	-1.06805329682564	0.18990578811529	-0.746007469166736
-1.26562369478781	-1.21528609520482	-0.950611662686344	-1.17670063056241	-1.32972689308518
-0.946785942981161	-0.660935605430268	-0.483865762347819	-0.785226035285939	-0.944034252975585
-1.02165579855681	-0.178576283518915	-1.24963923903302	-1.27176487129926	-1.07514834089448
-0.79889276317352	-0.783890797953901	-0.297145062619649	-0.203981600602968	-1.2304855457848
-0.870434869707055	0.19058011415995	-0.584190919078372	-0.443474836552307	-0.818432513531678
-0.409649310268527	0.116094705382994	-0.66100091161957	0.258635134564202	-0.108195928465169
-0.429289231450578	-0.452041691959713	-0.299551659666421	-0.722840405711343	-0.00914317959301929
-0.640023499171619	-0.165483337054253	-0.186048356286923	1.02855091968044	0.007277717748756
-0.0316130572277006	-0.303921763525506	-0.495622965863041	-0.961836092803285	-0.0653365386776954
-0.154915473696455	0.278328683814321	-0.273092353337294	0.211375247175373	-0.219939376726416
-0.24077536076146	0.283349521866032	-0.420020107308825	0.429566726883435	-0.0193981203370543
0.333335385205336	0.287111539964429	-0.26370095961479	0.215486478591791	-0.134655288576399
-0.511502789240975	0.145989886097037	-0.0400456986395296	-0.00736226848966166	0.258371582891361
-0.139787001533951	0.368215652571704	-0.0927682316891323	-0.116046363229011	0.276626151526114
0.239490991529208	0.452088116134167	-0.362654670961599	-0.411691414527763	0.353328451930815
0.216038097392454	-0.94674561195866	-0.263505116619318	0.534400949183356	0.301788835483031
0.178617291513991	0.203830659168402	0.15794471052554	0.80597028261931	-0.0753381574245448
-0.713188163730687	0.615670481879045	0.196830481714347	-0.14262247963112	0.0748012261663626
0.692464110892569	-0.663998777112625	0.491059464082239	0.21558138640375	0.572743895413483
0.521299420608549	0.610099360517137	0.231097188801179	0.405482277058768	0.400848246474257
0.624097189790008	0.639755932596161	0.363213905403697	1.01381764037498	-0.0512176350916545
-0.204087924409797	-0.840481797187352	0.577482177411651	-0.207879225405916	0.501898943464221
0.228489377136763	0.651514149079354	0.462882803724182	0.338609721891077	0.478214928413377
0.477460632864383	0.104720581363447	-0.110560219310534	-0.308092127111019	0.456347038615592
0.800877948179459	0.388375732897601	0.417669973735252	0.430743625690996	0.66518392476928
-0.0427801524640133	-0.00989798911710105	-0.00983508553036634	0.742807066919229	0.0176592812078991
0.221149800784144	0.238448360380664	-0.033417779337719	2.08793043713019	0.809171473575463
0.30663113707769	-0.423890089933522	0.0456943659368349	-0.899757931120677	0.529732426453675
0.167100507164812	0.506331440904497	0.371323017008608	1.82506656505462	0.52512364716659
0.874566815808403	0.630592870965089	0.322054299240672	0.29587795816737	0.751303495783512
0.330840177451406	-0.36279629542071	0.340046612896835	0.366144701674873	1.02098511478191
-0.158870960923965	0.204608890034743	-0.0229101727839362	-1.06677432919932	-0.0506968598755453
0.601695227147849	-0.0277734962230595	0.5232943791755	0.241700748229638	0.0731929018071775
-0.445748175182515	0.318523213301837	0.351892224598305	0.167237820116957	0.388430752123142
0.0518254449383117	0.997297136467298	0.924604504309186	0.847634481062172	0.322601890537706
0.550435699843762	-0.136958165928737	0.980086136531022	-1.17546158424975	0.388555796808331
0.306450399028383	0.0722625703238439	0.526424736479888	-0.134285250015198	0.0885898873284441
-0.0158646549905788	0.436350859976405	0.295724240847453	-0.898868689072614	0.271636383670738
-0.150780758379956	-0.213389930613384	0.156183924726463	1.73359330111684	0.138977698468125
0.117389244681778	-0.425178359366533	-0.297288581213888	-0.641345190789202	-0.352075141698785
-0.364999311735719	0.668480586906817	-0.205243603028244	-0.0991447072041944	-0.0378285826681164
0.100728687966412	0.727907430895221	-0.472598173883312	-0.150373783568807	-0.617089122621035
-0.640243375158707	-0.882819520460318	-0.756103797352681	0.393758851054348	0.0676038490422945
-0.705957664419691	0.618490779467279	-0.660164032490412	-0.975228823190963	-0.244045704184099
-0.643899990422893	0.877871595343955	-0.562908928264371	0.91116583560863	-0.469501699996777
-0.623965262627293	0.219103059327402	-0.784046431567623	-0.854504748845529	-0.13643074072442
-0.480404445788107	-0.406286031536272	-0.992270618709682	0.407535906515999	-0.0578601454434848
-0.613604243901826	0.0692299702935575	-0.881811846184714	-1.59660642703062	-0.0283793700622515
-0.389238261165699	0.725715515541	-0.642140038809356	1.09378691565274	-0.315323671757258
0.0308545227418808	0.552210636021697	-0.600766303325261	-0.176612218195062	-0.0402396340106636
-0.466355896035926	0.059980792096989	-0.705653729072499	-1.04731292605143	-0.214003515744818
-0.696379499259111	0.142369262113479	-0.41951354487802	1.06410396930258	-0.0894959223471371
-0.766018465330898	1.04642521221357	-0.43513645975295	-0.886043307684202	-0.178436655516204
0.00319972430958496	-0.333491990921273	-0.184913985823421	0.0818796928698898	0.203192504588166
0.332326938615664	0.24154206438574	0.0650771408624718	-0.140839880384766	0.574141310596979
-0.0580989061173054	1.25731783131332	0.199591460612848	0.197688556815282	0.137531512826834
0.673380176288088	0.382415337322703	-0.162867666145069	1.07674320398289	0.159043216793276
0.276568174892153	0.752235159657734	0.561391691237682	0.203331443620599	0.558156309072583
0.259526119613438	-0.65859100381838	0.780126770765412	1.20815690187798	0.124191009920771
0.815283470791815	1.02323778060484	0.40210788635212	0.308552388014234	0.730071629720862
0.423421602104143	0.379619543414974	1.07330006675633	1.37391376061113	0.711147429188977
0.200921130166806	0.171170317411495	0.566445244214738	-0.43848041151154	0.402857309671931
0.232955328670353	-0.492895411255508	0.0903832690255759	2.06102420935888	0.576436812700308
0.255141308173844	0.151911404827143	0.198357706119641	1.43634929212389	0.671375714062127
-0.107038618453477	0.459669946020939	0.715895180723849	0.527807117905375	0.564929657929173
0.536799418974848	-0.167481145149799	0.806430798818913	-0.65004718723348	-0.00964476660702765
0.165206922688514	0.629150074046338	1.06104568065825	1.65352989828394	0.688202615478158
0.398778153855547	-0.34716357579424	0.478869108403744	-0.343113143642034	0.251208504721882
0.267443771441648	0.293392532190171	0.83732890116331	0.165553247694942	0.836022966049495
1.11850003696445	-0.646110889162762	1.08915672771232	2.96238950767976	0.89636286541642
0.919876552659125	-0.388338557016152	0.546983599348682	-0.708492491536478	0.0219155697498023
0.790203959265114	-0.225505903117123	1.09693608763864	0.741039760882229	0.467955324402851
0.913654668098928	-0.374859405884235	0.734740195497068	1.02787741390506	0.115985477127046
1.32583362114536	-0.0635282363126656	0.669158762339183	0.49795492010461	0.310434649242231
0.500260043548986	-0.300267836687614	0.410860191690657	0.891874152185193	0.557953452705811
0.862965326028862	-0.52829289342661	0.466010779806643	0.302087534432575	-0.332157709950158
1.23614995179939	-0.670220906133306	0.475347591722676	0.884461775343111	1.00631178745243
0.213202115029148	-0.0368253619016752	0.121387244872413	1.03090025120969	0.553086928579684
0.366601356021544	-0.363518493680765	0.471971905297849	-0.630972658776916	-0.0146142906974246
0.357554670504877	-0.557378755773797	0.14449363576531	-0.204131073595439	0.482466116209224
0.360404438914037	-0.677480739739675	0.261710265523712	0.823200259940823	0.589803704935509
0.101255443311315	-0.602305091472575	-0.0245018191473502	0.0392956304416623	-0.271246627045386
0.191634596655873	-0.133307175605807	0.876664879800817	0.812246629779275	0.347802239703441
0.520375014370287	-0.63368592007996	0.545163323700581	0.099400304594422	0.394534201038074
0.126799087571574	-0.0219047861692646	0.67347882691239	1.24509835262196	0.899387167884018
-0.145329422644985	-1.13843455211339	0.846713278062687	-0.316929067175596	0.575984306082158
-0.179570910997073	-0.125843449625252	0.425293636039349	1.37281949915287	0.133208716213933
0.338477210844426	-0.0207205796032081	0.0680765246135269	-0.309404648648568	0.787597392990392
-1.17958202459769	-0.284756888297271	0.0483114994675913	1.46958351586081	0.467249233344965
-0.25727205696507	0.456258946208785	0.596603920596459	-0.458357927174325	0.141117191797476
-0.40586491841534	-0.221891803796936	0.160526050648307	-0.186848219957992	0.0429801065048759
0.323622403261408	-0.498418310823294	0.232931657319939	0.41724139636804	0.344182483002217
-0.580868716374784	-0.679823111028301	0.188450109028654	-1.08162997529592	-0.131356293994901
-0.42505434763708	0.593358761361753	0.463534842363172	-0.081281861377133	0.151453884828184
-0.0417417299287354	-0.0133582573659337	0.13925774617262	-0.352976780545182	0.311632601495526
-0.729253019538042	-1.00235127571102	0.447495100108343	2.25232652624134	-0.551371396987422
0.281791882558831	-0.321982335822129	0.327867064027266	-0.528638800504801	0.0210378479271222
0.182338565889209	0.109399189126206	-0.150170235085997	0.351263749822282	0.022598052724499
0.347499877390852	0.00125511089732287	-0.414780884126093	1.73198723209999	-0.0155973316574419
0.382286736814553	0.827798138411745	-0.522415726716356	-0.476719955319324	-0.248738896224507
0.282202280170279	-0.131522701260003	0.370359835888427	-0.625245479634848	-0.0593535514910567
1.34524150304828	-0.714993278345879	-0.801962167531685	0.526204863400225	0.133237189885353
0.612823585026292	-0.779362028247954	-0.601796688764643	-0.184780622420768	-0.166442823164421
0.614960968318073	0.534084156478189	-0.669056518700997	-0.790711135644548	-0.549696823024949
1.04111699588552	0.988078983281087	-0.223670706542252	-0.396028463692218	-0.537723826823935
1.01899513583922	1.14139838594169	-0.371946549227834	0.664832566341555	-0.633043015153595
-0.495205827724385	-0.0131775855070924	-0.0613668442371626	0.792878516437204	-0.814390977447262
-0.289945594781457	0.145042851230508	0.145085736285269	0.644084020764814	0.0159257848732054
-0.973935803128183	1.35044740438122	-0.214344972394085	-0.120194442822371	-0.210736233526723
