-1.27723858306286	-0.298006300564249	-2.8270927359417	-1.9563465272008	-1.52032018810966
-1.06254808407386	-4.34428276562218	-2.85645664314471	-0.394700720050907	2.41752686214112
1.25501219862528	6.55711664824238	2.52264169602712	2.29532686209589	-1.11701081254142
-1.14133592615357	0.471194756941069	-0.126096377447007	-0.900004459936196	-1.49405609132027
-1.05343255271919	0.653506996792213	0.96113835979599	1.12519387595704	-0.863214895949317
-1.6895125657643	-0.0324336858411911	-0.2182208272861	-0.26606733419944	-1.42981064490291
-0.322553135747433	-0.0711722015760433	-1.57744613573027	-0.387107737416523	-0.518988675338841
-0.907224572527762	-0.868537333565772	-2.23260510267184	-0.582395413120363	-1.03734808492917
-0.892006082543088	-0.101466168499939	-0.857415789122024	-1.27737342028253	-1.43880970243652
-0.148207932156482	-0.250786005475654	-0.0548348165335267	-0.143219931836624	-0.358580614723911
0.444534538959486	-0.553862605744778	-1.22180357480442	1.45749607502248	-0.172770127752269
0.386305618224799	-0.196544898212805	-1.53006474368102	-1.63193856821641	-0.0854612058661659
0.259796673580787	0.449729876418341	-0.162294070734797	-0.273496121784771	0.133635263776992
0.282564013378737	-0.543546818851316	-0.565397992722115	-0.721292653802651	0.1545441115511
0.282449856650584	-0.0359962116524891	-0.313142524110449	1.24877825413915	0.193681390437799
0.95798454465035	-0.113285362883971	-0.209081746364129	0.0998683640998617	0.622459381823826
0.233899172953124	1.41406178469619	-0.122681110442325	1.14002472737335	0.957717357164775
0.398111311541143	-0.645084663580498	0.222489478677105	0.70798399008053	0.526335120325204
0.604148992276748	0.252480177506386	1.12353202209739	1.01154026506025	0.567606577395513
0.935510499580755	0.353018885451984	0.722250740318969	1.06330987134428	0.754384225756431
0.827858345820486	1.01510621447492	1.10597015637223	1.01013582665666	1.13454474893935
0.161422850249283	0.11077572573549	0.763565864978795	0.635170018052565	0.538848443045604
1.04014532226576	0.600042166902552	2.53893349244441	2.72902341119068	1.2809172780906
0.355488116458465	-0.193193449213727	-0.349894713064905	1.01711499799636	0.508894096510466
0.951447207238662	0.649030265766317	1.39959752617477	0.630522855828957	1.1246224078025
0.575860099599862	0.535095820893222	1.65769588704857	-0.280413131080098	0.703283342076109
0.268029962780853	1.16128895767312	1.69629754882665	0.37316796020443	0.199061283631241
0.767512819865237	0.0466085345996841	2.75756017244714	1.80439346287178	0.861805648465686
0.112717541403905	-0.352175713665261	0.934117983255623	-0.145685559379956	0.595961812761122
0.725792115118832	0.16318580309927	1.40680367201942	1.16191635304587	1.02727318788433
0.235447182704966	-0.632600103373506	1.67529064320212	-0.8877979044064	0.42749130835653
-0.195624594074773	0.756135650042877	1.59782440713036	-0.442637468741437	0.311743681081334
0.41726135517305	0.872760990543137	2.43467602854053	0.845902524613296	0.555865610829799
0.497966682630354	0.710818842959476	0.339313551458815	-0.191794447214232	1.30763444671406
0.191425016908199	-0.596526440423511	1.25927537873772	-0.634663228398797	0.203454989019877
0.305319798954823	0.434736770026443	2.59188694010479	1.71143617779391	1.01493678429236
0.194189601603412	0.964770198399604	0.867145078792899	-0.39159818312664	0.414248899876308
0.359537967304545	0.819264342866992	1.50551125959943	-0.145795759461886	1.4682506630849
-0.0973696695154559	-0.368798802439312	1.15608280735181	-0.485536749385674	0.211259699270606
-0.259733832361582	0.279128100068236	2.79642231655422	0.7546065291459	0.062674226125703
0.382079987068894	-0.12137215402909	-0.064657581632806	1.30513591549888	0.634402891642806
-0.152103078228913	0.572863909576207	0.0526353712413839	-1.22512536956849	0.221751425459765
-0.261284300155202	-0.280530660435278	0.622325074266546	0.382415484557352	-0.241692538225607
-0.251438938249714	-0.417617622489754	-0.842580007467755	0.160622729878051	0.0680490325963941
0.180755275665368	0.938105499054294	0.703557377861811	0.131237402439985	0.853971872434913
-0.0324583082246238	0.413202862414168	0.758851742053732	0.522654900647225	0.507154764481836
0.219069298043457	-0.352319079481128	-0.470295752867757	0.941831012591275	0.149787519395701
-0.00971998581347506	-0.798286487616109	1.06258792709276	0.53841099024869	0.39850578030538
0.27426624305743	2.36222148604117	-0.354332926591715	-0.33784517237565	1.26194491478686
0.236637688946206	0.0821685587842861	1.4913029414537	-0.089699432606184	0.466861162490734
0.489302086974706	0.156250648565926	1.31395944172186	1.46418990302187	0.658956649581928
-0.227508019408751	0.0687479858488504	-0.257429657338994	0.658794425308905	0.35437018003055
0.648944946440729	1.1736690010793	1.40067126861147	0.111848389256012	1.11130401009011
-0.0463638337895749	0.916341095656735	0.861715834000714	0.0960514363542952	0.615609788424701
-0.000570316050734975	-0.479410955030054	-0.172533461259137	0.769072724587454	0.148021316982522
0.652390153430099	0.691209637504563	2.19471419328917	-0.450129986164903	0.429876015257655
0.136949425635425	0.350950103276339	0.068896528068696	0.785326086624341	0.787990802228911
0.614014068017508	0.721875325697273	1.31793064365645	-0.0425626104172943	0.270817722261513
0.2058716253193	-0.0457396017155872	1.43757467579047	0.456851172729412	0.618974051702709
0.139151605281214	1.47552024634763	0.912874338848487	-0.396830359620386	0.579482075648167
0.604683000455274	0.412953185780443	1.79857415713197	0.56964380318769	0.59613294241503
0.461990495941085	-0.361321112511543	0.545630778586175	0.469185072199776	0.183843399889821
0.113610907011816	0.808057249438003	1.23121322099723	1.50788980109209	0.28596534577236
0.22254060091921	0.622128047967955	0.597330095444098	-0.342955805670753	0.152468923691963
0.425275211108519	-0.306722087725891	0.350514728678337	0.220282201802871	-0.406170360155375
0.654146714325635	-0.198924620545394	1.31310877754078	-0.811308380863097	-0.05750695928693
-0.348807836475057	0.638115042776315	-1.73414768589738	0.410682078435658	-0.597260604716934
-0.197202222415658	-0.580584831279847	-0.136403039859038	-0.806638245758597	-0.681398571238249
0.0892556444261924	-1.02599058785405	-0.936688253772686	-0.955050130106302	-1.1580311046256
-0.680761042304869	-1.11228979551733	-2.4658705205852	-1.0248541225422	-1.54362906933868
-0.778665703806851	-0.261161893457163	-1.81972255241974	-0.215249074618579	-0.65790664666436
-0.96324928935387	-1.09392588015869	-2.6744562798619	-2.7739586893868	-1.45789022511136
-1.29687875276705	-1.63890678126854	-1.8195924457826	0.331566769400505	-1.4204061884206
-1.24068953193591	-1.25820410693022	-1.73111776688151	-0.773112402274575	-0.853746880501789
-1.05783335318325	-1.12770162003831	-2.62445449697453	-0.879081842551496	-1.01975575595575
-1.29884503028012	-0.100327710198939	-1.79597193964955	-1.24896868195093	-0.768622046616848
-1.06803020309776	-1.28293427263746	-1.01911497239333	-1.32613719721012	-0.458684699434764
-0.744329669366724	0.261881373641371	-1.28874327229033	1.89097897840833	-0.146466040552816
-0.470630735608583	-0.549639861968468	-1.68717891476962	-0.0923758111035461	-0.125293913158478
-0.575022241330164	0.133760751627857	-0.709386047661094	-0.192665711954737	0.443277878328936
-0.691087183856115	-0.0166408476127484	-0.392995004159965	0.763183818483908	0.235045108241689
-0.833261677819625	-0.31059886448486	-0.994636206458529	0.436685522731998	-0.132625850009039
-0.740099828574376	-1.16519082808029	-1.66469370682996	1.05394007777097	-0.0221931770154014
-0.695586042675026	-0.19206598349869	-2.32165758119503	-0.26378054274453	0.103198603762621
-0.876861886486124	-0.938456889137512	-1.52413963578719	0.75542119915303	-0.207418578068484
-1.03468399031728	-1.37569106134022	-1.2727863677142	0.0449339564174258	-0.244593967940644
-1.18430044815309	-0.787827277084605	-2.36597133285477	-1.07046702175855	-0.712474754818303
-0.464742125645833	-0.175738260450857	-2.22343155401209	-0.176505601127249	-0.318186961852618
-0.87000042320129	-1.31856466103584	-1.96054850803806	-1.06598505145726	-1.02583818880738
-1.13716580395949	-1.0612489888685	-1.90354965392573	-1.39663694322579	-1.86284188565109
-0.00536247847712852	-0.928859676638299	-1.77693404761427	0.05576609804411	-0.665538157404209
-0.44079922618132	-1.07662515578052	-2.25839644477347	-2.22111035275964	-0.922202230095901
0.0170774514857291	-0.792640399042941	-0.801124962094207	-1.01019799968901	-0.476191894649966
0.245586190850117	-0.398524008215156	-0.0178788758527861	-1.89489919157481	-0.459401753681271
0.00425975068961942	-1.33145736965138	-0.48056411891756	-0.198621889965578	-0.779089169077773
0.421776396350381	0.411932663581423	0.167322749203442	-1.16710748524692	-0.00533870810410118
0.243382808520799	0.249420473999886	-0.57500317375515	-0.501323932165425	-0.745331498633097
0.858507780603716	-0.755743855573927	0.235537947041116	0.843402939421677	-0.318489169084287
0.482581709587201	0.0166469534538806	0.603016106808715	-0.0434424306052661	0.217949696441036
0.657235718177887	0.230027795782748	-0.0320237982264767	-1.01140444216562	0.00683048638189182
0.486662712307307	0.186832272762676	1.54920731960512	0.0720441290294924	0.101713013801339
0.593390286568629	-0.477776365158783	-0.637530920202539	1.42914769853348	-0.124206855599855
0.582164386704388	0.118795961818332	1.33815208610164	1.49549724541425	0.0428696805636924
0.522087135330172	0.507886435493473	0.284140588896427	-0.883494988922003	0.524469415938918
0.278521369752653	0.133483859955628	0.701254233279407	0.372858248090987	-0.143862308496115
0.692936883790071	-0.300025422088253	1.36588203368751	0.201012792746192	0.235076924668848
0.138730554924329	0.277266478361911	-0.109906284422223	-0.56703468725268	0.0700022264294486
0.508003095118166	-0.153637120938887	1.10147935531456	0.106456112241516	0.0904521636200661
-0.0716504385409952	-0.521498907774387	0.31564580825403	-0.594190990717763	-0.0427727355585442
-0.433291690725972	-0.143438267166684	0.366641674489485	0.00137607455280388	-0.441040344195124
0.131968556265778	0.285547851500677	0.63345101582222	-1.57230051449524	0.161493350443905
-0.120973091310086	-0.215811374761491	0.0340164496742037	-1.27782568060924	-0.154583920474416
0.4457889477663	0.0939384837369148	0.537976044652989	0.208268717610674	-0.428493776298223
-0.238645739481418	-0.352919322941952	0.105227617125765	-1.50588904082639	-0.159500271759545
-0.315092553217951	0.22597853535049	-0.22867854743447	-0.287177575821642	-0.14762429703644
0.207395210544746	-0.00620872318848171	0.53799991761059	-0.754153341404995	-0.150970748483701
-0.367274919140547	-0.36483571026429	-0.565526383962078	-0.989844942849665	-0.212946751290143
-0.0113382754207116	0.0857263023602938	-0.159705705550725	-0.573004284560864	-0.269172347185175
-0.00410107499190956	0.500077648742007	-0.153269410014244	0.736503083300418	0.624286386466726
0.296083766260642	0.034712728879486	-0.46286135583143	-1.18516553383937	0.166067790153563
0.378778379466657	0.21399906539364	0.83138874460184	1.18841418558621	0.345643430085413
0.0549072191596628	-0.130069492255885	-0.625287262881573	0.179716853859837	-0.139879393669578
0.172992627294401	1.25470546859753	0.55345775649051	-0.0593841533395708	0.561552795143969
0.295334809162846	0.0194773293775051	0.770724633364946	0.0249286147625028	0.151091590829898
0.226639986373127	-0.0769190408792415	-0.265282229819598	-0.0360010386944272	0.260380467593396
0.338304313136827	0.699008419961452	1.20019233769963	1.50319005623127	0.864948610952894
0.161836673308948	0.654493739849328	-0.596640977090203	-0.20326878127576	0.287373485746551
0.38658781446137	-0.324478850685116	0.232806566864564	0.752285669447275	0.15120038624788
0.672176159612918	-0.367867102097467	0.502185769841669	0.0413733783234063	0.409258746552713
0.0199985759191462	1.08182915782621	-0.282440405190091	0.121606629756035	-0.15525394512439
0.12368190999934	0.165725642050087	0.695937659493026	-0.740416582422491	-0.454467362947715
0.161011882274307	-0.684172019546481	-1.3851565437738	-0.678151161942756	-0.441755323579616
-0.800505260842823	0.157150094593521	0.683320856131797	-0.24811047304967	-0.605518577191861
0.184353037045116	0.722783958317026	0.213866803288249	-0.721799372768328	-0.151524911835118
0.0149874556806275	-0.545042819066573	-1.13048627261972	1.14338750811718	-0.384388566895188
0.198134408476	-0.383433375468349	0.240850713126808	-1.02314423790215	-0.285162012640882
-0.0243764005865946	0.520462874369351	0.158453381405061	-0.439066623626416	0.0180504902033308
-0.311284063605275	-0.0195788987470218	-0.147395188454507	-0.600144434330976	-0.682267321346553
0.129439951985917	-0.106059086142963	0.979018571988876	0.107911868655035	-0.0399320383336801
-0.0916351727245524	-0.610442951121156	-1.83536423164788	-0.188470345866381	-0.718134722314944
0.00259626298114879	0.77957900048401	0.440909284113375	-1.33258770891306	-0.154584113356681
-0.650364747263925	-0.0320917545156703	-0.294887654372427	0.0108311235798243	-0.750163979265225
-0.132486748943731	-0.90803118621612	-1.28790450485421	-0.988230102177792	-1.06401256323554
-0.105784181876231	-0.352011228983219	-0.955134600704007	0.620770459865787	-0.52368930469649
-0.752220346558326	-0.242435587250508	-1.94348459568447	-0.910514991646826	-0.412977872583867
-0.483326768697514	-0.597904430539419	-1.66199615873231	0.368694055112661	-1.12125614227282
-0.196803262116484	-0.70523759294745	-1.80016154074612	-0.096482191795567	-0.991925843720643
-0.640109383015761	-1.19417630127957	-2.94086163676951	0.21370292676186	-1.46788282964361
-0.199769655635043	-0.672957970249557	-2.61815255636035	-0.0445545084817975	-0.632919548185782
-0.515507272172592	-0.404291732493828	-2.60298335268251	-2.49802230687691	-1.25847907600635
-0.254729351727269	-1.10676638536347	-2.90097452287441	-0.55294914145651	-1.08589076425142
-0.30505158599978	-1.05723979464255	-1.79035056089729	-0.431461501525904	-0.737974713085765
-0.431809370536331	-0.182299401590588	-2.75740023358671	-0.609118035692848	-0.315840442498498
-0.257575433295547	-0.8080235303958	-2.76793369144073	-2.26054935356545	-0.603863926905295
-0.374216931376911	-0.802375398840924	-2.02099800926422	-0.5828673566098	-0.709035782284775
0.268099052049027	-0.728313014378528	-2.15470483223495	1.12906308304363	-0.375545726999322
-0.248946038234565	-0.346953304832346	-1.20146196603404	-1.71541856542636	-0.205597352881976
-0.0374758986164486	0.96400416471008	-0.931112416624544	1.27161995965529	-0.180867738562407
1.22908164714902	0.0771480403939482	-0.942977124466501	1.07284726693037	0.414154155335357
0.126220272079745	0.914234768185297	-0.153171436513792	0.0945344923842132	-0.232811938127995
0.15170588557495	1.21970560031185	-0.358944818100336	0.724258394749904	0.226308266602758
0.282490616115133	0.359434498017119	0.597009992867775	0.795562803126407	0.0777243472158399
-0.331651672705635	0.172777351030871	-0.751309538157704	1.48375476881196	-0.189075773699662
-0.0171279341617238	-0.0149046067764794	0.256701013515381	0.910501397266549	0.22541174073171
-0.421088486648715	0.233327645454046	0.194686123843867	-0.359254521784096	-0.0304288970264372
-0.295431867735775	-0.885286142827462	-0.770300303534166	0.368245463060048	-0.656328298753346
0.362858845144731	0.362075076806915	1.32334670070516	-0.227393870485021	0.797920780295358
0.150581996594604	0.0246029981008426	0.468977207115578	-0.123746192491422	-0.316812971610382
0.0633423878232604	-0.305230335339281	0.423809231823576	-0.0337947046138312	0.0968872459906358
0.129910271792989	-0.46912816095303	0.796523644293663	-0.309939377819316	0.495834550705294
-0.0140044949268906	0.466839904348391	0.324119713863412	0.252497008317855	0.233753216619916
0.230480585695497	-0.217778326149755	1.86626992639469	0.0511238374355209	-0.0626049663643596
0.519721809998267	0.104180878146006	1.18598084449246	0.192240832912336	0.589491723386178
-0.127121045794668	0.000338049337704361	0.646982798680536	-0.0744408179863645	-0.187924260366221
0.287684083964921	0.845864417642129	1.81416691803474	-1.49390381624829	0.263108988106721
0.201201077024606	-0.23415156141732	1.28021271945008	-0.791426997912456	-0.0883065349369892
0.271871147365202	-0.672339830047345	1.57699483472351	-0.409038147381951	-0.709189995507797
0.434485997496949	0.471103395234606	1.51391427127586	0.0833666324713057	0.245248394851434
-0.156291330086854	-0.0807725431399704	0.532354944177679	-1.22466834754784	-0.539674774560802
0.00996334668078948	-0.432723076412705	1.15363712271894	0.232917474105621	-0.491422678592907
0.303661818186823	-0.216815052989203	1.40804639427728	1.41423231480361	0.0966471181269582
0.0821531043700334	0.714248041444919	0.78114369070435	-0.474606434357741	0.245174226410164
0.783539857246608	0.187173930279256	1.3660248214483	0.901251225637226	-0.118699952940388
-0.250787777891001	-0.225117507461072	0.239448665524459	-0.853203371669284	-0.479342435606718
0.229235682152134	-0.0686759258289746	1.81977186608701	-0.512800023708519	0.2646425078068
0.149113136515095	0.665009153550627	1.65074603164258	-0.266992471713712	-0.0129409388810735
0.251093838836786	-0.439635324226917	0.270093956888588	0.93725539685799	-0.34014605332767
0.219313495526388	0.373614699703501	1.07950667470805	0.864022128847327	-0.0780216476310408
0.049037429191007	0.377250337534139	0.60481067109469	0.891832060763944	0.453064572010206
-0.457560451189337	-0.325370618886244	-0.131245508350339	-2.21738806435105	-0.374561476445139
0.117881759516615	0.00600601596441396	-0.00659534677859729	1.61104844450093	0.267866833509026
-0.402356325951624	-0.274835973440472	-0.690219878722843	-1.66322487119339	0.164062048076435
-0.400591919584721	0.485888773853021	0.820500349369511	-0.871944354955378	0.849451635318768
0.31277585413522	0.0158033867066396	0.802180824605631	0.633091462097525	0.039487124101258
0.111432338931319	-0.208529305605144	0.575453870561643	-0.204625423204533	0.392952325286263
0.384056811147023	0.350972301671023	1.00536821948345	0.969330103281228	1.03029818066986
-0.21358700747369	0.538272952142426	1.42740176649158	-0.0377955379643044	0.74139842148497
0.691769395530634	-0.745378412605084	0.344692168550202	1.0951330574031	0.783727434051451
0.397974354479316	0.268219535771842	1.91182690277503	-0.180035020831388	0.804352124212162
0.909959586421712	1.30879210679707	1.82059003412476	0.521857213795759	1.56429731620947
0.128200990873385	1.46353640229143	1.74344103494743	-0.374387619951001	0.785931908294301
1.14867876947516	0.260549860686439	1.53207242832451	1.75751927816963	1.16844728278472
0.119970725763208	1.13790338062704	1.16372963430345	0.45412254207349	1.48976688513328
0.240590677645236	0.697015978524112	1.4682751399388	0.318120882697391	0.78431607064822
0.674282602847848	0.173806833283886	1.92913956303134	0.148016124817715	0.866994170432837
0.883422670222359	-0.0249240544836653	0.552799086121756	0.0149949504642828	0.788440855976607
0.601144031239145	0.34677198880339	1.17770635205459	-0.0242662671825975	0.642984073644804
0.205494266468169	0.584388364996108	0.841173516521952	-1.06864863431082	0.923916907368982
0.420798489478598	-0.567593227417201	0.146764588208768	1.4917977684632	0.360168529552881
1.0344397772604	0.280828682717707	1.14071139028249	0.132388225176645	0.5028652490876
0.411293018675094	0.785233493969894	1.13796563920764	-0.888792834075732	1.28099557345881
0.30065364361756	0.58688987897059	0.428742811286859	0.160778089240004	0.281906618494361
0.72029854073426	-0.154724021978558	1.33980923538395	1.04267783731979	0.722812311218343
0.513254534949659	0.493000606957507	-0.353147133581305	0.964085767295807	0.598956923558569
0.11024565585318	0.709883755126276	0.67447263914575	-0.368268960737111	1.22687252941144
0.402173521416911	0.825156795360984	0.233752105106507	0.706570502456532	0.416908124335165
0.971303079763699	0.682510694792102	-0.475117293452701	0.541251605018922	0.755160252862425
-1.93842088553245	-2.56672856282387	-3.76566178018043	-0.688561567832146	-1.11267850004016
-0.808656017801187	0.381977376075061	-2.95271416501132	-4.1063936323946	-1.7247675860681
0.0421791845208246	-0.484284150044148	0.303901484492869	-0.717253079943281	-1.21521155025793
-0.192278822597393	0.960513995898432	-0.901295609365803	4.74195961583965	1.008964488513
0.496883306508091	1.03881481965008	0.54546778006307	1.33464484339169	0.380968984920169
-0.227942478284833	0.582029212591509	0.251924479088901	1.39299933060039	0.00258913958569179
0.130191424715986	-0.385785716864497	0.328014888958743	1.58028511007084	0.165639346622126
-0.23996812373225	1.15245480442545	-0.741123806441256	0.34044105845155	-0.04502756287892
-0.350304408174256	-0.275781920708584	-0.415581684370624	0.811861897433938	-0.504999798457197
-0.432225906589364	-0.785716678351132	-1.12746969379051	1.12198090511703	-0.658335828153458
-0.633721394489654	-0.633272004186388	-0.534385769293047	-1.01678698358411	-0.742973542948879
-0.670194853850185	0.170130593867153	-1.22819635356942	0.486394671942077	-0.033209819200847
-1.12760527025572	-0.0309932351681454	-0.679411539382824	-0.363745987901536	-0.830210888130332
-0.96496506694481	-1.16804985669692	-1.29507079438774	-0.681964240802173	-0.920508935221883
-1.78148037351003	-0.980586787678009	-1.28333546074889	-0.911835033408231	-1.01817048415981
0.538810659185757	0.646527778409461	0.920396639631085	0.0430183764954567	2.13310996128143
0.382887760269376	0.592767974749601	0.584651784275246	-0.188859003676857	1.03505969261181
-0.30513296505161	0.000642780835666023	0.278474761029195	0.866670038334717	1.03908590994735
-2.58151365926683	-1.96538061965346	-4.89863479946849	-5.61540342944591	-3.54100383140833
-1.83468128124711	-1.08492790229297	-7.42630239921817	-1.34731914476008	-2.67457642722092
-0.198489090015445	0.152218707534855	0.804489588960373	0.870558039403816	-1.50771255925706
0.354272287216333	-0.347164614326953	-0.683935941243948	0.811679361167898	-1.38553722268065
0.364107857540605	-0.700255907059362	-0.389515991777552	0.745285255234591	-1.26323408231636
0.0997340124041469	-1.12262813024828	-1.20937618645283	-0.65260404983271	-1.0673107446692
0.448710700542593	-0.289004501008979	-0.818956128205238	-1.70333316253518	-0.678087645265449
0.593265971600969	-0.628295177429286	-1.29033316370248	0.933331740898665	-0.0592080591440998
0.372732284749792	0.0162834412518361	-0.941751429618093	-0.37900526404429	-0.781002243918794
0.444379338136554	-0.00565687730890001	-0.763309925143683	-0.116327196246587	-0.840764115442832
0.184308764361675	-1.07717796405533	-1.89884003352942	-0.636990843900582	-1.1468882261648
0.107414448958552	-0.872877713339251	-0.363578090205143	-1.37848065700193	-1.08000430551224
0.0182566426347911	-0.591424240361223	-1.87059377727083	0.322446064890299	-1.04541413699064
0.0253527797332447	-0.38466858030805	-1.07710418114753	-0.58604199955399	-1.07690845069776
0.234422975426463	-0.333927259449208	-0.523899247841418	-0.108571610994361	-0.66431664913703
-0.285055308144161	-0.781161883284092	-0.642602133664115	-0.440245406198167	-0.402448396586515
0.307091861653826	0.332304626246477	0.378592849061332	0.439722049573793	-0.305641155879412
0.390391233669425	0.0478754403480572	-0.111020731801923	1.07438430848428	-0.0688781379563759
0.317896794366852	0.145755937103815	0.925526074769349	1.07479649756969	0.438917072256403
0.16164520195544	0.755299688498456	1.1605968226252	0.0400577159681105	0.553006272749136
0.141750499582995	-0.0612489389815115	0.406378100301449	0.653803793993089	0.30674240990105
0.505018459253152	1.07394861911669	2.21490347455143	1.76782171212174	0.584158924464226
0.638835904565567	0.511679334472063	1.0151927518198	0.434976742571331	0.339331760965926
-0.0115215377584683	0.253035979344542	2.25684721834951	0.325474361011246	0.678763426086053
0.707646065238621	1.45389970892588	2.54448916129132	2.37270968571534	1.06179236684423
-0.0716728758130089	0.444941090700821	1.42672740556728	0.658228130239099	0.688168245993721
0.695573885214904	1.68248013037954	2.82002323047839	0.529574445960604	1.12132072630382
0.296388852207203	0.462093379489465	1.65097263453063	0.357395966008646	0.865908923765357
0.169561769103236	1.51569792732945	3.45078730705169	1.04960611316551	1.16392571495672
0.578281214556357	0.926509627403752	1.70409433264092	1.31974563743493	0.877299448851434
0.140855502968239	0.592301314092949	2.64752588695992	-0.940833402168884	0.802784386165412
0.556909581974269	0.596668494364446	2.15882984205196	1.10355961411043	1.0346640607788
-0.34828525520203	0.025815717947372	1.19696331171705	0.448544452352419	0.501821506986751
0.532089423078058	0.982094805119626	2.03112593279067	-0.790665157776047	0.761548450672093
-0.278587390230098	0.190572121241928	1.26409022742916	1.12403067103261	0.415034171451479
-0.329668378762789	-0.60189744700757	1.41233374082962	-0.278535708224757	0.751292551138285
0.0241015080840809	0.922416960410368	0.691130304038027	-0.837105523653129	0.360869231353871
-0.380289345411952	-0.0436650101667931	-0.300958400099794	0.985660374885164	0.113817374453834
-0.302994905967266	0.490355931398434	0.751589411462716	0.584744681612121	0.386570794854175
-0.764966348990825	-0.0763443481644777	-0.511074623224362	-1.99631074394011	0.112124479432508
-0.594284230454712	-0.148034369347966	0.418321954969715	0.964071819797288	0.743387923009405
-0.212498661113249	0.586741837579535	-0.306862238180744	0.420789996973735	0.323858422151505
-0.0644707654587262	0.0331998162395475	0.303581030629595	0.814501524917644	0.378376515467985
-0.0778257277702437	0.282816110680577	0.910420135551261	0.237391068696547	0.809118242488793
-0.444564087182377	0.0752326069089758	-0.513448962912659	-0.250245499338286	0.330662350686507
0.166570092561527	0.128375833399925	0.650089914440969	0.694608950220629	0.567781107448775
0.0810719316711464	0.915540643843519	-0.132063865727749	0.838302541339783	0.823883295837753
0.173297165627747	0.103944640224183	0.970107920833075	-0.0058468966978667	0.437485703425186
0.236857846915432	0.366061069129456	0.672676873478071	0.55522618696552	0.805089552735534
0.266500349561592	0.1442168871838	0.272754466829255	0.461446872528744	0.445654521652791
0.165571606956565	0.137186054064263	1.57135697385975	-0.116056406677532	0.98924844174572
0.105336927548045	0.458459162225459	0.222504564363571	-0.215103593130912	0.319092114655924
0.446194812959961	0.731721184229426	1.05925225818278	1.27971944523093	0.831125997734689
0.3183047045784	0.614856456431767	1.16660622136724	1.06868979147989	0.932823923484847
0.153302028404139	-0.0772485848092935	0.310564343572732	-0.492855311689805	0.615152077967576
0.553762533587884	0.755669480729234	1.82361274471498	1.67416144445243	0.889469998416275
0.551377143753725	0.508157210687181	1.04950384207922	0.405441317361431	0.634541880387777
0.315984325425118	0.613054491227473	1.3181475716649	0.293147363402271	0.483723381941045
0.291978667008144	0.329246503546347	1.31620346222546	-0.051151829207796	0.647953086774942
0.445710361837276	0.358756344120686	0.907487082824807	0.616264259154347	0.324294440325523
0.385578901868282	0.277328726636836	1.2070837016499	-0.543073695648525	0.337129460192918
0.500625611701711	0.0875176043142946	0.997878990033345	-0.102886219852879	0.521567752716922
0.262592560852787	0.430546095034803	0.535877487414213	1.2442015074013	-0.283777017890529
0.500971196761367	-0.0248092887016255	0.811267012784252	-1.63277308565359	-0.183217695731225
0.038847971210797	0.103592713003377	-0.101185141008719	-0.370253401943954	-0.109422058828445
-0.205947798362975	-0.386869857811038	-0.284011547316944	0.501202309616257	-0.548357602826176
0.0502638609629474	0.72523363172205	-0.793878603403415	-0.260437927180765	-0.559839859837325
-0.546903882426343	-1.0800685238361	-1.74177595874586	-0.562763700944623	-0.598296443889915
-0.640925648485546	-0.666089900166035	-0.944982319196956	0.0326045882403343	-0.546138108529418
-0.162709062398901	-0.446300718372567	-2.28644162354758	-1.13920936911937	-0.582092056488285
-0.71488221473221	-0.875036810629458	-1.875874149404	-0.512711095198318	-0.970605185702754
-0.70908071408951	-0.519649443884518	-1.76827893099393	-1.37350694202753	-0.355130214830245
-0.889834158643763	-1.02423326716964	-2.46071426756039	-1.19549611085434	-1.31875343959149
-0.667714230231589	-0.286542633162602	-1.48706367657444	0.441889333554836	-0.617151204403359
-0.899610625464349	-0.571832576246114	-2.48651540708184	-1.31930459061601	-1.02718561431894
-1.37601032913818	-1.32678780575023	-2.8022296565264	-0.769154407553392	-1.27562760388237
-0.866166987596726	-0.746608244239705	-1.99282068351253	-1.08072319144931	-1.21984189037678
-1.31935038057418	-0.674659320275745	-2.58286568062061	0.359618458138319	-1.03405601360493
-0.928990153388172	-0.676662397156825	-1.58300792139048	-0.567771481059834	-1.36388667782955
-0.804866238683403	-0.0444137819405134	-2.03015228438776	0.935610378339843	-0.927616224747835
-1.13377409304294	-1.25859351671815	-2.42495371292613	-1.55063843249628	-1.04660540578761
-0.830931081023741	-0.708693389469271	-1.22775114409619	0.359225078946416	-0.685669775341315
-0.991486556051547	0.418208541423447	-1.84768973336484	0.637129499047172	-0.93353811060674
-0.359812188174541	-0.981747878261726	-1.92239634319156	-3.18457513757386	-0.568313217670322
-0.274080147347945	-0.0798034713880169	-0.925505935369751	0.0104722185697767	-0.625586151241368
0.113805770629008	-0.890349316070517	-1.34967952323861	-0.990212507964827	-0.396742025315032
-0.0738367444043393	-0.281954640859609	-1.10753914291042	-0.34121485036561	0.0463065627669464
0.257468025046005	0.806898847062233	-0.179182357385597	0.940261526901667	0.382163110112922
0.757072606122981	0.389563823671297	0.0472153505799746	0.231467631234039	0.285618714413933
0.662606216688616	-0.483921949933884	-0.489189126886518	0.634181401210647	0.39831818470471
0.868098463217068	1.14817177024756	2.18409655331359	-0.0585481671531922	0.426397472509913
0.847033242388225	0.450316550837731	0.328038520087671	0.309194627120338	0.47268542779616
0.235524981439227	-0.189539928337436	1.25918340016913	1.31269067359398	0.445300740995045
0.703415061335529	0.866164862863751	0.961065409666211	0.401506591630475	0.400113760483935
0.437788019988232	-0.34449044788698	0.460065804184967	-0.103899815051602	-0.114696383313149
0.304503571113926	0.408419712709473	1.10059260425834	-0.911262794042615	0.410431155645525
0.42199241054611	0.0208979050498784	0.883824125251577	0.48823315899322	0.497003252142985
0.294343254402175	0.00241796310627743	0.372039741323441	-0.645641043789051	-0.0905474236386459
0.268601633460306	0.0773204130387083	0.854360239405931	-0.206894147990294	0.216207820330981
0.10868722584638	-0.163736805702753	-0.102097739897888	0.505438354210869	0.491934051468605
0.143935587415486	0.274469648951521	0.916255210122258	0.590428198116616	0.23038682348389
0.215807921099373	0.564862761352743	0.660321983073611	0.497557419174695	0.472753618491074
-0.249538141550889	-0.325600003107168	0.359876228889695	-0.869673520489376	0.2276729086461
-0.316796874381466	-0.475440964070525	1.0799338874585	0.566964328527373	0.244440649363593
0.0386381712660218	-0.0272918725615161	0.080440094215666	0.711263117979691	0.111482780330359
-0.0792272236495704	0.191485827002548	0.70873438434006	-0.0503430331413745	-0.0307801630077794
-0.132796665174635	-0.373533021388949	0.401076480471645	-1.21880913491531	0.266036499126492
-0.413686865886242	-0.117316608717614	-0.175168138011416	0.0578885578732135	-0.384218719113049
0.00205880729014479	0.496717982584052	0.845450705020916	-0.611893677332057	-0.251882351970931
0.18352830523008	-0.154938803429706	0.444708674560383	1.53136114785302	0.119315358141994
0.241898754871609	-0.775880118704996	-0.0910901824859554	-1.28046549196619	-0.226606904613822
-0.165964722654991	0.244609788902068	0.271699898646264	0.0805099906721029	0.0453404531968486
0.403405598571506	0.0527484192579174	-0.850137772905599	-0.126056469445284	0.101043124600415
-0.439266587892224	-0.75385043313189	-0.331670680995933	-1.31314100153929	-0.162394211668411
0.00645502258175814	0.142635736478066	-0.268387964750511	-1.25975676935293	0.380742524272184
0.296750760945136	-0.0606899792021196	-0.28442846739561	1.47329940450341	0.108485181866999
0.210916190996013	-0.140779910136868	0.651819700920579	0.228999409347667	0.389245246874436
0.275505134984367	-0.475797613173508	-0.0896572159624862	0.0472369323303699	0.408747525574727
0.0661253287685229	0.662352680475012	0.354217164609415	-0.700256684055645	0.484755635594389
0.638192050778253	-0.16811966908817	0.194138611741507	0.0297179294107602	0.426402007305976
-0.277688960236288	-0.117386199367308	-0.855687630179798	-1.72327556871723	0.582373856748219
0.34464643566271	0.307395053659162	0.598395198918358	0.292562749446096	0.00385415938819171
0.645197836810458	0.20391131618455	0.12642428375097	-0.268781560889925	0.49205359951592
-0.0158336900653638	-0.705203016631134	-0.286142437490838	-1.61624546381458	0.0874187670333053
0.0186710990698067	-0.29450164043217	0.483691615312654	-0.47876182179478	0.0406349587465975
-0.288555611592772	-0.323426255191253	-0.81435741448955	0.795941472523518	-0.258391524235342
-0.253277503685282	-0.758291009549469	-0.556114420018755	-1.94056482216156	-0.463182816598354
0.0613911821507925	-0.0618337389531407	-0.0763293686203815	-1.06994139707727	0.0233511063931046
-0.0773286959480015	-0.796132070198458	-0.597450377990628	-0.200690892389533	-0.253752775854599
-0.224369735569146	-0.480613309324363	-0.169791464595009	-0.816832484752489	-0.284977670948827
0.359426302203899	-0.250984878862732	-1.24196303984332	-0.0898637812495435	-0.474374648820069
-0.239328479738129	-0.600742898453354	-0.618049638096047	-0.0911002040038369	0.0762107674537627
-0.116957854813012	-0.479412192681572	-0.191838987267214	-1.61322378642347	-0.253903775636774
0.335517779589312	0.396344473717912	-0.894962263056915	1.55062040237136	-0.270294935593997
0.101408385281627	-0.419610378059764	0.14213219132035	-0.699671677669624	-0.09378036488153
0.292384110190321	-0.364707482584456	-0.213592633597155	-0.540904497828092	0.324301487584964
0.0657329129272139	0.0796625889844901	-0.131726456016609	-0.276431545888108	0.118937200448439
0.312587641933984	0.111420032874012	0.491760483822005	-0.167353845861303	0.42002824445891
-0.220983062031999	-0.190397221781371	-0.249105422550035	0.750702888118731	0.499502161252461
-0.530631621681702	-0.485304360722895	-1.02373958474457	0.212085870142653	0.15897691868445
-0.68964666031956	0.283373300886663	-0.609112179801911	0.291815548838099	0.461263165093282
-0.0190786443166547	0.232835455867893	-0.319260567592059	0.865770793214539	0.778804489368041
-0.710559627344277	-0.00739752504401913	-1.83764207277684	-0.415835434948047	0.297488362021549
-0.557044312088944	0.12512255898429	-0.353862543443567	1.67302717611672	0.350638385906981
-0.405521875016574	-0.0969991651049451	-1.0201205990298	0.545126421505873	0.375353701485636
0.282945120221294	0.781751243547556	-0.327347079738042	1.17516908313925	0.301922752579459
0.145260260279184	0.299531553212569	-0.395453685895323	0.75493236640518	0.297423545166565
-0.685952814054963	-0.193924413275114	-0.88906404551393	2.15826389797026	0.0690401337517394
-0.534433976799406	-0.896784879989166	0.0584332615998449	-0.580276202583263	-0.00154574244145148
-0.277061202450257	0.189935601272851	-0.6310908307849	0.453232623432972	-0.24680419363433
-0.346289310343184	-0.5518053773782	-0.971721426273961	1.24392291289043	-0.65695084624553
-0.966467118945041	-0.678176547515905	-0.147455869406649	-1.63502920131065	-0.196228979834905
-1.50602616345067	-0.811556714942197	-1.57056703997253	-0.563458163286967	-0.50610847080606
-1.10768656548996	-1.47240819025651	-1.18835649513481	0.59908993486044	-0.646699381667726
-0.632239903358235	-0.435584564546135	-1.83371735755999	0.481253072391793	-0.716551098049821
-0.953012152891662	-1.35926561582408	-1.67403591698021	-1.78937417720644	-0.605150875279804
-1.11283355512348	-1.15811034614587	-1.30879575198121	-0.741916370686064	-0.304880023349216
-1.16049858472759	-0.653755718889971	-1.46595157591636	1.3635817355767	-0.569253597571745
-0.672135041800591	-1.13559363224167	-1.42194833082747	-0.446517746284107	-0.500341998089659
-0.479298606966011	0.0227923411141025	-0.88801314076262	-0.545448662863702	-0.655286816271392
-0.711460564440285	-0.68614948510626	-1.29979069748412	-0.236098258509221	-0.26569334515442
-0.357005639421958	0.23514539345672	-1.00944241090509	-0.248916898415368	-0.469083392747728
0.410550240882697	0.561762657911782	0.0904393776931138	1.74183016003165	0.223189416657484
0.5356081104354	0.11169837739747	0.0645738041991951	0.487978552583382	0.558728450418208
0.0595503707096816	0.843374409728106	0.754269791597299	1.18229453624045	0.237710894703711
0.88563217746215	1.08036560866282	1.79425930708613	0.820493490016433	0.484999962828198
0.592004389774861	0.900624231187101	0.657063487451018	0.442203940441474	0.759786050449661
0.327310990872291	0.365921945705168	2.43693873101058	0.0412166888540886	0.21588004595836
0.770331159801644	1.2871346815703	1.37469080985618	1.66732554684535	0.0287983097899622
0.519437597774417	0.576177144745263	1.69792326910224	0.689577150733718	0.225135157213039
0.468037393555704	0.529238068298668	2.39946788956992	-0.583493447471291	0.401387731262867
-0.056677389448698	0.339158592024018	1.00750029412696	-0.448580253916192	0.0817123806420021
0.364334445492128	0.299901830131639	1.70379050234819	0.215997261804694	-0.0809913882485057
0.358204277950395	0.210466864843797	1.5005926709161	-1.20610502479295	0.531527196407068
0.0961912001515857	-0.436284121973292	1.27350582881134	-0.89547399794328	-0.0485499615543625
0.0682857287456772	-0.18472926525008	1.56967895896534	-0.471630852910702	0.135102565184688
0.236276895178555	0.740921408623924	0.137209256616817	-0.0735801652830542	-0.296966666474033
0.407795683847409	0.147280277412961	1.29829307659732	-0.456708218066184	0.367418924979997
0.273885685922335	0.262039248456173	1.26528126305347	-0.651608263875081	0.284528887040943
0.117510279337147	-0.309465410976659	0.504454858143333	0.17803334212347	0.0889216068390807
0.589644597912376	0.476937404742911	1.34111034380409	-0.204426148653539	0.282188431958399
0.448647133249317	-0.0959894489655487	0.325977387868491	0.749253534256173	0.261619583413272
0.0357830654592664	-0.324036995092647	0.70158938635956	-0.29647076250809	-0.169552790020491
0.749350619751796	1.07163724341588	0.991178410713545	1.32659888767241	0.313786880605799
0.339056160998811	0.114062084662539	0.789517429590089	0.0885861992241506	0.147693845882739
0.12872928654698	-0.102473075904503	1.30764335729233	-0.302509992675471	0.259866887368752
0.44444914490811	1.00149182345561	0.158074623918855	2.19623010223194	0.163290871184177
0.503577153482135	0.0278142286372537	0.393495183325126	-0.508106308885285	0.23558687881637
0.374362111501993	0.369008505085088	1.41788476641743	-0.363025667488768	0.790455748632309
1.03398177491743	1.18513269919472	-0.0302227581052994	1.26426424261523	0.292153930759881
0.54180408014271	0.566650020987385	1.19171912136709	-0.304785316524784	0.503653429242199
0.919931899055524	0.293324713529251	0.455067474942647	0.0610681354853167	0.852133133324594
0.413455539855846	0.251469303782418	0.682552577172336	0.257282998999635	0.529434973435857
0.63029934422235	0.566423038805582	0.869373486202216	1.04618982023921	0.652824496998933
0.520647003281576	0.56057196690489	0.277542219537142	-0.0630708401267911	0.647003971255867
0.417425458574711	-0.3871022199189	0.654077191177279	-0.571645918936477	0.457831825179347
0.58806584173849	0.297470458186109	1.29590281793121	0.107399724245209	0.829029419448259
0.65445989246219	0.548128290869971	-0.355740106151255	0.33801451519582	0.41394182825891
0.392832515393275	-0.164380981249305	1.02420505765198	0.579765124279826	0.333628601215621
0.257556495958751	0.290871922783231	0.0730982246728524	0.773764525615599	0.850152510625961
0.306905553824768	0.0775826027434327	0.277772969015011	0.951377426799449	0.330027704310283
0.522207945876271	0.195885579289271	1.38366863045423	0.542437797290881	0.527677450382178
0.370501898459985	0.341728748070163	0.611049470607971	-0.0814924074677826	0.747520704538048
-0.173284912253621	-0.306563176088746	0.560736284284683	-0.321541748149148	0.411598929230389
0.498929853227657	-0.19422300791879	0.44118624678844	1.25095191180957	0.228771765396024
-0.170237207351503	0.0277688194210601	0.587604930188788	-0.387211002160073	0.064919859374965
-0.148086647478393	-0.0736806467588712	1.37134970297373	0.0025539841363362	0.216859831145452
0.0556672686966826	-0.134259041104049	-0.0817007902075765	-0.442117370859974	0.377910923424786
0.0383378786507459	0.580265435655535	0.488433441271162	-1.16539899010519	-0.199394430132103
0.407107947814531	0.015667773235068	1.06837387828024	-0.460578764446271	0.44671369002456
-0.27658708025638	-0.0696262875004119	-0.26534525326706	-0.391224644760147	0.11508307586634
-0.0878008901784608	-0.262061617390445	-0.133224922000012	-0.157845932996948	0.260200677298001
0.395539815372749	0.73599114728646	-0.530406551396874	-0.822323241944053	-0.0491500071210473
-0.195054328559011	0.467409490328838	-0.794553660331139	-0.83586550177209	0.292710771654863
-0.766910562213324	-0.460037622260632	-1.6780325964784	-0.651408552021694	-0.41252139297475
-0.186819988640304	-0.129100013962563	-1.3919166772033	-0.736972532847053	-0.428574130535632
-0.765868751571664	-0.505951673703936	-2.07975615707556	0.6245247506724	-1.25715661251552
-1.08484584742613	-0.875038214260861	-2.60290639540142	-1.35536872195111	-2.20389543178853
-0.495575220469638	0.00311659817719069	-0.54720012994744	0.27290170952958	-0.551767695356361
-0.152783111312189	-0.308859157273392	-0.224811524162984	0.966638914417729	-0.963465265866108
-0.237229746874407	0.323629822375175	0.39846550709287	-0.251200036301832	-0.301246376865138
-0.16854743979842	-0.685347619898393	-0.927594150545085	-0.395822600100012	-0.937393024817141
0.329853126900958	0.773543519825343	-0.188612664981205	1.4986942647864	-0.79419497864024
0.0467207520952346	-0.416829963712341	-1.0476500811102	0.895507934461564	-0.787696499208498
-0.121014302482444	-0.203747899198437	-1.58007749276862	-1.43419060828508	-1.31253028586573
0.606146047973621	0.0216995353260992	-0.850115882029032	1.4245149030154	-0.853694707324571
-0.284156675620782	0.0507126492233255	-0.870926857695055	-2.32851798508965	-1.45076620912644
-1.05868995499918	-1.23416084590602	-1.3747855863681	-1.0005966643485	-1.65081701706052
-0.926960477982167	0.116990331301767	-1.28653703428642	-0.966650923662995	-1.4639722758814
