0.846324667267658	0.554581003005445	-0.164029972460556	2.52031916279251	-0.190519839717273
0.358726152252826	0.177215387437926	0.083387609188037	1.20677120506295	0.444299652228372
0.313796632068805	0.76320022182865	0.972843418659104	0.433109481487121	-0.383781494343368
0.634304384372598	0.283135799812675	0.439053268408025	0.799663624733161	-0.662984197791468
0.269590854018904	0.286298837847983	0.0298197860727224	-0.895924215727693	-1.17700517696417
0.208745601252182	-0.171930524111298	0.0507608494456374	0.200754714879447	-1.04524387662062
-0.372220381110691	0.628707192138018	-0.382051027324914	0.263380591551601	-0.444316912564778
0.816812897191734	0.784675821508171	0.266671352966184	-0.0861330903034363	-0.852080513181075
0.371602480613686	0.477980102344627	0.350590195070162	2.27787004272981	-0.853340566263433
0.187456444397185	-0.766344470273844	-0.639729283919587	1.01828841849564	0.442189016600141
0.347762517384955	-0.764011328450989	0.250731753769708	-1.39643968445312	1.36556399282307
-0.14279379626536	-0.428436294940797	-0.44857920182778	0.826003233242406	0.576430559599539
0.327716796100649	0.546187903550493	-0.334517288331158	0.543524679094587	0.31387674227885
0.173163227242145	1.30908397246309	-0.0561461653872139	0.41557391841901	0.191725174283231
-0.288317436333113	0.280331613183815	-1.07617394199882	-0.131860536180925	-0.275450447412878
-0.0531163057488	0.331185566266947	-0.621993547905743	0.356451672835927	0.176023238887721
0.163032185657062	0.201717552463245	-0.178645086270583	0.130361916524677	-0.0741937031345304
-0.127502964509616	0.489531079706927	-0.172069316588713	-0.153665896447032	0.388382519969716
-0.176145077427446	-0.658798425438799	0.00888317616038456	-0.144255371494663	-0.475302439805516
-0.32052632236526	-0.191728916698531	-0.156937087406392	-0.49630384017687	-0.177343799773315
-0.383903007669028	0.0845480356834245	0.203285580455661	-1.43265192227668	-0.157756573296498
-0.630163025401288	-0.170335515915697	0.597684268684736	0.485716271762638	0.0664214191579776
0.16210446193785	-0.0849528581188588	0.411886376206245	-0.98989964435435	0.225060474314072
-0.399570586656571	0.186268483255404	0.16265201884448	-0.464544143629638	-0.26565732037199
-0.313625780162963	0.0249387405212928	-0.119815615166834	-0.26267871505701	0.271469098685443
-0.386879095083636	-0.0333310412139405	0.550260055345363	-0.418812237725171	0.0249172454835212
-0.172478207944089	-0.0845380235182673	-0.101037899054854	0.306421330889025	-0.450018701803144
-0.721952315477375	-0.723279408237851	0.25767486966166	-0.839099118809584	0.284607501775936
-0.252785356474746	-0.331138490641182	0.0817098681232317	-0.491533931766048	0.20016015932168
-0.171669369791916	0.109486009508972	-0.0389683441637775	0.221731719587001	0.549884217079917
-0.302388684538145	-0.419199197113004	0.0330070008580482	0.398617682241004	-0.197484520995844
0.161081004011866	-0.84945750821768	0.219422351571482	-1.10274606230828	-0.0112424339087121
0.0899444612170333	0.0319740621813417	-0.145058575679559	0.939635030037847	-0.407792398172375
-0.018102623642112	0.4036635789371	0.621411777265314	0.421229712392631	0.708507128181276
0.0319205875837136	0.696981575779647	0.659503448760265	-0.372391301738901	-0.0135123808339518
0.0921347366677471	0.24628181804165	0.465187947961081	1.50809627975227	0.367957130013674
-0.45468204453471	-0.383050090654902	0.302459291110481	-0.244044555325508	0.516259825703218
-0.749789717974816	-0.179872999599209	1.00255248090224	1.03332702168403	0.814547136073123
0.234447278373669	0.169674698260639	0.863552536692374	-0.891441502318609	0.45675818451116
-0.979126775620884	-0.0109662005256923	0.40185716173632	-0.149383925334427	0.175741055288467
-0.463144545086557	1.0089888336694	-0.0373283936299856	0.793008064954428	-0.224967212102361
-0.136712083184262	-0.155021020724743	1.02126525500372	0.709175452343752	0.971075489770976
-0.568529398597724	0.593272668367087	0.38625586829286	0.631120735165566	0.314687496083363
-0.222538321171503	0.269787343798334	0.0983115824746589	0.468240213059787	0.0779984038169302
-0.568081587808231	0.473101134846094	0.338462108371141	0.868669186645486	0.291869013407282
-0.241545381210263	0.417883784681727	0.146566408950177	0.0812983819940439	0.718371009045538
0.033776994283761	0.274789387963767	-0.256361423300724	0.403451929069384	0.485006973290844
-0.269326644845903	-0.140834408650385	-0.614596211747439	2.30616139023242	1.12920869146516
-0.435184145349199	0.0324399970368981	-0.796498650171734	0.335615862058394	0.132171630917457
-0.316119237939424	0.811681593842129	-0.626553872065235	-0.332605853964883	0.461803261991644
-0.582013506596656	-0.236411242755888	-0.957585975255736	0.372533921985855	-0.260270770665706
-0.230209536604331	0.0996645022389462	-0.938686048194728	1.97364646966578	-0.417691113444727
-0.249900500018691	0.403522267427067	-1.16076100438319	-0.835362306714525	-0.4875047677008
0.028188575167997	0.21961919545892	-0.34226688569154	-0.148875345388447	0.0514828759161873
-0.40130661357437	0.38166655880217	-0.637949721977932	1.38085171446135	0.289701771005567
-0.0987337985591694	-0.601867878707326	-1.13220888221787	-1.17618530593634	-0.363216055546931
0.190285641331269	0.0289662895810872	-0.257215133386955	0.0648448933917622	-0.480827966993691
0.305245086949869	0.588467208224264	-0.37295023726331	-1.12148033612654	-0.787700993585355
1.42740199245821	0.260943081960435	-0.0889432457970325	-0.72329112508968	-0.956148254777044
0.566837781756643	0.552332550499181	-0.389003996534959	0.834479320781962	-0.0643266426631226
0.876290800236085	0.579762655109736	-0.474302424103263	0.0708230743828345	-0.311899853645821
1.19406573060974	0.930625257638165	0.406481411267726	-1.90839686096849	-0.0290671073551158
1.27457419074579	0.0926167717194604	-0.0982729124941721	1.04366115987153	-0.000764696607889357
1.37504163785884	0.463417724771709	0.241459236772514	-1.48865629107582	0.521003841927881
1.21492637564579	-0.340938798636718	-0.12703651574759	0.94425800107869	0.0032213558886269
0.218577226958213	0.503000097971807	0.00520746549080364	1.7309755402939	0.221402951148942
0.389703622314047	0.511938905770935	-0.00130723607601536	-0.597924746977951	-0.112160374197377
0.178382307829493	-0.497563561174625	-0.461614345651252	0.575363971559498	-0.575987875074244
0.129241716868949	0.0605340614386808	-0.311993712588469	0.271928924015957	-0.665400742297561
-0.42142748526735	0.191560369774597	-0.268127015327294	-0.93777600628767	-0.340828286313193
-0.447444937515985	0.132357294822885	0.805924512054635	-0.0554826204133005	0.0277743858274999
-0.597274646280151	0.0200176754243159	0.151903263203515	0.810069967838084	-0.10475617983862
-0.462454922915258	-0.39968071059235	-0.21923884785423	-0.745710829662507	0.412971853479907
-0.175027254637199	0.293783641426095	0.357042939983729	-1.26469419583718	0.215435313373724
-0.351938229339948	0.466031519341294	0.260653027678932	-0.100746490518898	0.226490253021431
-0.623924718997533	-0.372872986090821	-0.0901351294655888	-1.21016082761722	-0.0426562262965339
-0.672541624905947	-0.250292049740876	0.222349012449301	0.240037704285383	0.454331659147081
-0.440555519626696	0.14898580717823	0.272876382838394	1.4632852525095	0.0614476406843722
-0.435279947779786	-0.143098962785572	0.716297562800195	-0.646463629465314	-0.384317686009694
-0.211032124388926	-0.388017681179174	0.529439315678444	-1.28180336712857	0.0455212396867449
0.325765373947658	-0.114213648630422	0.472233754625994	1.10752844047978	-0.245964850410319
-0.238506090046586	-0.498283354985763	0.663555165521916	0.401513537435602	-0.0350770438331692
0.368164132200353	-0.608050592977339	0.974193196564358	0.285304400852036	-0.294664974512044
-0.682382733267972	-0.149679399793314	0.826091362385871	-0.140981517639552	-0.530771983509081
0.0922810664552837	-0.632582056459558	0.528905889454459	-1.14391478982971	0.784133182674494
-0.239196430718832	-0.115639036820831	0.750492243993803	0.366609332148919	-0.402871088526289
-0.028937960307272	-0.329687353822816	0.522910481417476	0.203154465208479	-0.368850568560758
-1.28790142721214	0.197027484372891	0.357810034952497	0.192578128476572	-0.325478181681754
-0.440249712235297	-0.19440586888175	-0.00137570007685532	-0.0703456539695602	0.401190389018221
-0.452290609606469	-0.378953305216739	0.36088044449949	-0.489053655804055	0.163633277683835
-0.682725701848276	-0.307834564873384	0.380123645866056	0.031692483695769	-0.168522473669509
-0.526906195023226	-0.556891096711363	0.0664500729500894	0.641159847239793	-0.577199052307766
-1.08617857498634	0.0584947689747799	-0.247065354498781	0.998273475720211	0.43086313419684
-0.766141213328706	-0.0110639339068154	-0.20670840263856	0.51748813894338	0.134965161105069
-0.585130998144255	-0.0672350176166299	0.11142823566649	0.552954172591127	-0.121020277481573
-0.571285832849596	-0.2698759289499	-0.234482937393826	1.07043180722885	-0.568905763011672
-0.52470315877606	-0.0803466126987264	-0.455573483569751	-0.886096682222767	0.249549059175128
0.252092410726759	-0.420856073525711	-0.778564558127418	2.17821496597445	-0.157294808868084
0.259835358708828	0.43508111768774	0.153180649469672	1.38517504292879	-0.341099316559971
0.428818490804608	-1.30913876082782	-0.892098531573035	-0.342021942743508	0.672647494878258
0.78354496085975	-0.354086918648794	-0.620393780495796	1.44615272694003	0.522986179767088
0.884301748315019	-0.0514875403826713	0.0130322435156974	-0.313763036589454	1.29630663696163
0.680258103120996	-0.0217261163669985	-0.435351484262312	-0.548036174028504	1.18133405698112
0.323812331216113	-0.0810408358609231	-0.621311151940222	1.12563601581141	0.759667855261311
0.683184011174004	-0.276463600627903	-0.815535545064276	-0.749942798973927	0.863752734804056
0.55633627300933	0.150568525117481	-0.803064898715423	0.360580504787322	0.320692009663869
0.0711959617991001	-0.73539335608097	-1.07091892530156	-1.03918034402535	-0.852028449553564
0.0970567364054841	-0.291962273224345	-1.12412149993018	-0.395860353230197	-0.539676972996827
-0.709997552383116	-1.59938047951311	-1.48989333978245	-1.57735935706167	-1.00625981301818
-0.123105078951511	-0.223377583683828	-0.929763640075473	-1.24087171390033	-0.771895740081634
-0.79059781937258	-0.820061963854982	-1.39636012000522	-2.03846263467081	-0.350814367607406
-0.398536853251211	-0.420270852373755	-1.04475441659953	-1.54053107647423	-0.907723402278968
0.077602671647324	0.348549787179205	-1.3535845233901	0.0424614030213895	-0.572287248471208
0.480548263187073	-0.387652318333447	-1.11914176463461	-1.316376119866	-0.868962117866099
0.631490972691627	0.217547189795243	-0.030030502091626	0.0112990988796467	0.232222811445169
1.05634089739531	0.7475305583163	-0.257719594082166	0.326897839399235	0.663071398725878
1.48945735756493	0.214065536291178	-0.308604947479486	-0.741725465230626	-0.113824871475409
0.775715147113902	1.02693321699703	0.49536916582441	-1.46285683700552	-0.180064727772406
1.44840846078453	0.458998406235826	0.243538592959007	0.938223588767914	0.729205117044411
1.1034492694558	0.454417617096239	0.34860452255339	-1.58553340434061	0.907247451608394
0.728604933612323	0.587219817264919	0.103959154642418	0.193139182951813	0.314560029575005
0.227353387499739	-0.521610889321088	-0.164027430262534	0.595293787577102	0.142598722416149
-0.384953786094663	-0.0628395559884912	-0.566439941835863	0.234394348153117	0.714819568800335
-0.276950857158761	-0.0527278160698259	0.20644085523834	-1.30388949946893	0.264096031249591
-0.482202290104345	0.14813628897643	0.265754948903793	0.98305402760725	0.677466966996506
-0.564508309023325	-0.126410788236219	0.00988557205805204	-1.19619845673073	-0.357368449196053
-0.686612314519119	-0.34291141803334	0.164605895130268	-0.430585622645569	-0.11692273577931
-0.628611617294893	-0.440355115290022	0.612409244724411	-1.49475771308346	0.42051283157306
-0.308470615132697	-0.270377716121555	0.535497917868188	-0.957133523487659	0.317891794083157
-0.742174017574373	-0.600264122433195	0.145369036475759	-2.22888263514478	0.624835638170493
-0.701623920238177	-0.104445449176903	-0.118800036220036	2.30654798443374	-0.127042627988756
-0.409079772935554	-0.462012244078089	0.659387089671484	-1.02932633321796	0.19923758940044
-0.00144043095317576	-0.513049053918309	0.942695666002464	-0.937943578931112	0.0613977343207049
-0.387944258498191	-0.523952553966599	0.304209082851818	-2.29278890539873	-0.442924446251742
0.186742997838562	-0.331639043811972	0.855546778916247	0.530438034050614	-0.14713897919053
0.50651932987678	-0.0876547792846527	0.799621511154597	-1.13646133889148	0.388927729148803
0.697757612952454	-0.0637868691391436	0.884301445567654	0.754437432033499	-0.614618984149527
0.314057996499507	-0.538662732111175	0.81773167070648	-0.0228072738900351	-0.324776239822567
0.41271946124498	-0.468499542377444	0.593816292163566	-1.23690211326852	-0.111005978221647
0.0440557704109742	-0.880675282654001	0.992817383755461	-0.397889164675846	0.0188970439624006
0.0567557343422966	0.342672689522674	0.700830102667267	0.854283541727802	-0.431584857446536
-0.258474646404813	-0.865310124644605	0.714410318436139	-1.24379441801864	0.0938443354036718
0.0521612291312549	-0.954319111968594	0.551108151020365	0.070737136188087	0.233478501632564
-0.304241947214199	-0.605535470691982	0.45236461268132	-0.0410788885358282	-0.59690761858862
-0.280648658715111	-0.231189050730594	0.749450311970033	-1.61902726082827	-0.149388588902972
-0.113847204304163	-0.519723876396516	0.819305052941606	1.15587031158112	0.128181648721925
0.042169330725304	-0.378455192861602	0.682212307804323	-1.50515349536454	-0.14422634239415
0.644417348192997	-0.0817204858201885	0.784954027936161	1.57495149716712	-0.343953232376691
-0.0853637405238896	-0.271926569626687	0.633543057067381	-1.82381150136555	-0.0615705143730599
0.585983928891101	-0.173342549280464	0.802099916250241	-0.714802497356411	-0.20630747232437
0.403161335225127	0.360318790796222	0.266226542642087	0.575164047754391	-0.0665246261974325
0.756094054043867	0.142433434509877	0.754849200449216	-0.414964485577222	-0.256525344729384
0.148445007060862	-0.913745783574342	0.0502175304729015	-0.871408759653302	-0.24464089909444
0.826234846650471	0.245548080797562	-0.522943491212175	0.520392409868599	-0.41521626017685
1.21349375903804	-0.370691126444519	-0.00657420260714643	-0.412810724058165	0.293002392819848
0.658469560674159	0.411891412819038	-0.299195246694866	-0.192488788105406	-0.468368989201526
0.260684997807394	-0.341993561169421	-0.359024607920607	-1.65089032530668	-0.513837512694343
0.559323594179481	-0.0371958125094561	-0.701175983970906	-0.813054063061021	-0.467654533044376
-0.0175287536045861	0.550118256770904	-0.436134692758335	-0.0943726657087939	-0.86246227080916
0.410835897782302	0.0869981119884373	-0.0323387679997369	-0.943203038867895	-1.40310205994271
0.938859132820851	0.0906539368427216	-0.279359593303215	-0.0333514446286309	-0.995359524962315
0.346288393834733	-0.246764278690393	-0.435399589312695	-0.297110736980247	-0.701865228746116
0.179557634862873	0.201663478184352	-0.538458555622316	-0.631036510232754	-0.482244230094975
0.411716402639042	-0.596003665679701	0.146782092317366	-0.103282989981276	-0.593992312055589
-0.328398286708547	-0.415542184801677	-0.170969101625438	-0.921187836288396	-0.451713664417621
-0.254679541139021	0.454894469225366	-0.768587909045336	-0.46395649985947	-0.755375179479001
0.631573545547477	-0.130639994419148	-0.454893831390444	0.43730263126658	-0.108258413708288
0.670356205834481	0.696460851425504	-0.496220684183475	-0.37261650755732	-0.0668923995538636
0.735866450335646	0.263048456859624	-0.651020645272903	-0.331429747420267	-0.129309011356291
0.399209986985014	0.700557792386984	-0.287540696277491	-0.715868184348369	-0.489606619988783
0.465245232822236	0.697888217387657	-1.0587405469234	-0.338008182032185	-0.30538485004465
0.218610116704503	0.386829895146318	-0.377024419439599	-0.372605213563542	-0.344403544774161
-0.121028704538197	0.118662251991508	-0.717636461263743	-2.50962504896311	-0.18420316883802
0.195126058911081	0.147357447112953	-0.581789836709017	0.66653678507478	-1.13250105791994
0.257785152242201	-0.0893139669089068	-0.861285567979817	-1.47032607395231	-0.665041908850993
-0.0287819844748419	0.313036033644936	-0.399687145540499	-0.290928299328825	0.131995135115132
0.581611152824176	0.129884173699866	-0.450012784508437	0.62275414487741	-0.651385911456044
-0.0659670381611856	0.0919612298257073	-0.253705370938338	-1.09949147432727	-0.298739680788166
0.0747927321940374	0.578804699663246	-0.146813051373854	-0.49737882699728	0.0764615010009964
0.069594696577795	0.308461715276882	0.450398601479565	-0.233281264080201	0.192753240673476
-0.426011698935357	-0.113769825259237	0.509936102861706	0.305638599795414	-0.379662342777053
-0.231284462916144	-0.00459868902469137	0.327682483749609	-1.22476168261222	0.885345931550906
-0.802005416613707	-0.505888132261544	0.121182069379811	-0.378884494317454	0.419905430015588
-0.863430379771947	0.0672088429081518	0.667445267306547	1.60541719144333	0.513709653992188
-0.90671812908042	-1.05253691195662	0.222882540116565	-0.319255805333208	0.952553807380899
-0.959870467175549	0.16714746816577	0.481557913552331	-0.0121737293364438	0.369008222519524
-0.52504562176508	0.0458761912120739	0.232699975681276	0.951510482465933	0.90595232420629
-0.274621470321402	0.19481420096141	0.493599221953418	0.159306636589627	-0.200853030512338
-0.807022248906267	-0.472712166670893	0.145342162823957	0.301975979140669	0.509682602166697
-0.396659832725376	-0.54364847199467	0.544391886296042	0.760557863370235	0.96951861530058
-0.525409026872211	-0.261856427222836	0.909612671635835	-0.0252096194685581	0.174461256114981
-0.67368523008715	-0.383004310488225	0.813398863784335	1.79216843835662	0.737437662123923
-0.377220519411587	-0.448471483458354	0.487419035662847	-0.963738025709998	0.916267544841748
-0.670115253524355	-0.689649226341178	0.405248326371697	0.871553340138707	0.791547782805398
-0.595454101344313	0.219645018335599	0.937998469452361	1.61395665822252	0.622676596481393
-0.205832726240562	0.146256831625179	0.747334574985892	0.285715519307002	-0.0280752115955501
-0.0388261471232707	-0.240552227963158	0.381673376033431	1.05087080843752	0.612907976208077
-0.728265812334216	-0.61001131932482	0.22915168501154	1.36086095671733	0.325615188444812
-0.569891126415304	-0.136022575213199	0.84473016621034	-0.41888732388065	0.675826725527622
-0.673339434644399	-0.464867120671115	0.682010518961385	1.04374552710237	0.481629341630174
-0.293652829010877	-0.263540050019885	0.553287594203689	2.1653729090828	0.262087121649078
-0.955772456293158	-0.306001680748138	0.348672787901669	0.583129713029396	0.937651977386025
-0.0108052527978259	0.173561199629831	0.593365420301493	0.39216421226836	1.13807209061947
0.149770543559362	0.250879791951822	0.202067850997401	1.4828505643437	0.49158266448236
-0.515297934642451	0.0810891335207514	-0.472240017904023	0.768679417992469	0.152418124645547
0.203123555112127	0.140811337921247	-0.278793774314831	0.519820561023194	0.322061209469515
-0.117034154347145	-0.395635586163803	-0.176615445946019	0.372730970596888	-0.178453518796398
-0.160516160538278	0.00513401780198781	-0.6419259911301	0.461740247633558	-0.0744139887606217
0.394708438556636	0.0223444757007579	-0.660303313193067	1.26302798979835	0.552627512029278
0.298649337725198	-0.0920041761011761	-0.695907176461156	0.306624526748995	-0.519161675715111
0.65301871805668	0.447159886487303	-0.430151898079266	-1.22450923485196	0.37731435089546
1.47717020405793	0.661284830814272	-0.415394993199566	0.407157197908472	0.574669274811052
0.703565297387455	0.189971534194417	-0.277444754744925	1.9192094038472	0.255822176041018
1.02536773406715	0.555416914914061	0.470434405967515	-0.997834361386546	0.919818011957523
1.0299950290351	0.245321038125225	0.00682910753974127	-0.664992612424898	0.243728815772496
1.23823686116169	0.560171679987668	0.0387593390187563	-1.66901299949287	0.402936383974233
1.08417191374688	0.0315313239492723	-0.117932764909042	0.524352260496227	0.222432732926036
0.250830684880474	0.636994078480241	-0.197450316482716	0.660992011079848	-0.0675872700002376
0.400868684884623	0.19173947638649	-0.183111380283417	-0.403428993883136	0.219492838284452
-0.00211989382735097	0.526519704951949	-0.433922860035878	-0.41098920446309	-0.305983371533924
-0.0212652482103306	0.1151025844115	-1.16758529888848	-0.150460498141131	0.114417992971652
-0.0551871907021754	-0.258662776250484	-0.67567217468204	0.184697418997118	0.0277789546371649
-0.467896223803344	0.433601275135105	-1.12776078975654	0.252823269343215	-0.764321112276553
-0.259445207401012	0.0936395076914116	-1.25892066045965	0.263084078082296	0.262141802136156
-0.409903675470849	-0.150961522891089	-0.963807183133859	0.660566223845966	-0.585613628154086
0.287334085782571	0.399353649230713	-1.59575090181346	0.01503164379486	0.146244740939651
0.132704091784601	-0.170166328822887	-0.434917682289864	-0.330124819725062	-0.563370804615583
0.0138118565210483	0.456533368570115	-0.708999075041811	1.13315880543931	0.389641162246226
0.425651539188134	0.265557465462167	-1.12035868495496	-1.40501993912487	0.0195541488206902
0.358171376854177	0.602124556753352	-0.388008135848085	1.26814654803546	0.290171145828596
0.0535985485803518	0.601909635779486	-0.44045749643334	-0.42472791731441	-0.0366984632086316
0.716425636014333	1.07234363969044	0.653866150711981	1.72881981641619	0.555510743641176
-0.273969015354411	-0.317070332391709	-0.194307210128566	-1.36293915934788	0.025037043858312
-0.090114737692089	0.653681384157952	0.669244028756246	1.27065613992818	0.419155247123329
-0.67217317078411	-0.106001844536378	0.774460229473053	-0.844565647451289	0.299529105335106
-0.328280987195871	-0.383116249321354	1.05233733959778	-0.379632661279163	0.186516671173358
-0.453582259069875	-0.181611129118672	0.540148970225148	0.686133904809239	0.0419097298595636
-0.267870998535645	-0.15426162466124	0.057536084194035	0.206824962477176	-0.247120211802454
0.0520290450544069	-0.24857421540672	0.953363516831846	0.325799864481721	-0.407984917182162
-0.106276606009548	-0.301211583742861	0.490565647764548	0.0310191893698007	-0.459244887579672
-0.242329383348413	-0.336765591582765	-0.522942402380162	0.0639457258869406	-0.900531088735832
-0.523834770734206	-0.644028482142467	0.209990067337267	0.27228393583149	-0.6355510558353
-0.61592077666435	-0.0169411133225276	0.156651208439361	-0.828419738549309	0.42096919719527
-0.461032815392418	-0.177604785028462	0.802741361904337	0.380498745070091	0.633547211223957
-0.533192554967744	-0.531448738799083	0.047810769285203	0.138887123298122	0.0605999813803245
-1.05486769345351	-0.376183506974002	0.429905080223832	-1.69135392944081	-0.172958682863083
-0.135704595705048	-0.42721311294268	0.784795889975652	0.442613962823057	-0.0783267518042389
0.106415223962121	-0.293163051672741	0.751164848506287	-0.334558778565542	0.35369949908399
-0.634215004344016	-0.174596496918173	0.267486513649742	0.102200913980905	-0.114108149563232
-0.272032915144638	-1.05198467022063	0.250532882773059	-0.498485537378604	0.209014112413183
0.102519400837607	0.238474239960079	1.00673437853665	0.992994912121616	0.220762163962012
-0.302306629141567	-0.52689709624213	0.0820845489543756	-1.55911781493599	1.07853765281293
0.0675938371051004	-0.193129882239462	0.0855149793838088	0.258566759808938	0.804447054139631
-0.0764066249487332	-0.414887123697181	0.0926217815733007	0.0818760426799726	0.369897902313402
0.121756439194964	0.729570701582568	0.659058034175175	0.4263084143962	0.337938863995827
0.892621398215872	0.551069739872482	0.36617660816261	0.983888222629898	0.373423129749666
0.396843386964238	0.0455047815971862	-0.0114829312983257	0.45968728546011	0.049741073164617
0.252413755546549	-0.506893524906954	-0.247064263629717	-0.690528797574614	0.175997413468231
0.665880989478564	-0.0318555127460152	0.00640845761576539	0.399978479483627	0.481408594430297
0.279987801299935	0.208555869726258	-0.124760360724753	0.978146383479087	-0.415817096414135
0.187811315712365	0.304694189640094	-0.588236458429495	-0.101200801515708	-0.412402435820991
0.103600789096137	-0.0907055619989988	-0.348228586535406	0.200313767847721	-0.718444929838836
-0.652668365266573	-0.143867710928849	-0.416385863536746	-1.01724481441433	0.0413811785065428
-0.513267121553721	-0.0821997746380061	-0.329472177442346	0.167898226951367	-0.897988094997735
-0.614384329411286	-0.579089142643908	-0.770145097154914	-0.433917338163084	-0.406923267465015
-0.0494737946170962	-0.266679574853013	-0.501192296363817	-0.649920928903477	-0.57667452119615
-0.0998333840247757	-0.253698488840133	-0.373337989445061	0.19343879423417	-1.00919595891331
-0.809265425474575	0.63455699130436	-0.0831395265216991	0.576628942384839	-1.35638989998327
-0.21439553047787	0.483629530481221	-0.0022713827766988	-0.957681336334752	-0.691424213024692
-0.206774723650415	0.605163880432646	-0.930304710417648	1.56684719927971	-0.909278258236892
-0.188143087088233	1.0206091354926	-0.629606166914781	0.116604714950743	-0.226510569988774
0.482961283551618	0.799221596735114	0.497529796899262	0.434296057947256	-0.194660329611757
0.747423887037927	0.984953803713169	0.598291652952164	-0.513119907126093	-0.219048494199434
0.159009271748225	1.38949069051235	-0.0435124375076645	0.984341347257302	-0.319327944950094
0.701529171768815	-0.521219710729933	-0.0952040432922118	0.383069035203513	0.681083177894218
0.595226801883324	0.125074061645387	-0.701346085988712	0.630836650548771	-0.359140419050894
-0.0910579815189896	-1.14023205385319	-1.18260252543794	1.26929164700487	-0.43394317909172
1.2494826571861	0.20674897664737	0.153022838115912	-0.91297519314392	-0.284851085333405
2.08680402732835	1.36676146885031	0.639649502937395	0.0432397343646876	0.890964532860265
1.31291721764094	1.62124583230117	1.04713681840141	-2.46874369102985	1.11381370239557
1.13829373301348	0.583632496523543	0.292483207898654	0.171670901735342	0.212263406737723
0.0155163446028708	-0.895092300074523	-0.569639072297265	-4.20892859728234	-0.517191829878846
0.0689554016863933	-0.744753548702987	-0.973028568198111	-1.12527076700707	-1.2560827787127
-0.210123478337206	-0.709038813041649	-1.27966471325212	1.61623339483691	-1.25596065556292
-0.0744630537365825	0.203836718979172	-1.20410789278747	-1.87067533766628	-1.10502343373907
-0.389715787317007	-0.997440788859097	-0.702974968408742	-2.05192548078768	-1.27545017142494
-0.529931119702439	-0.571314244550608	-0.840898426554409	0.356150970871879	-1.65889765933991
-0.728641574811387	-0.205647115816186	-0.47800836541517	-1.26985894944965	-1.46286771033568
-1.06296616883161	-0.288915279150762	-0.773512494079126	-2.05664692085422	-2.07757826404628
-0.80426401230547	-0.41766689681873	-0.876884964956602	0.326112725639221	-2.05460256638902
-0.52067230380198	0.0348823260755867	-0.907753693925281	-2.05173945973888	-1.44551403513785
-1.18087947735087	-0.329803977894419	-0.770244903685138	-0.789623469555777	-1.24921193093736
-1.14517611133748	-0.286942200644876	0.0717290770646443	0.458819311523928	-0.499817157784648
-1.10110424532445	0.015882258875594	-0.57456621191477	0.122074275548671	-0.477806062857883
-1.05554342168752	0.139543988826764	0.0495732500267791	0.100008298553211	-0.139812029833016
-1.00478780326894	0.00541908200540138	-0.114560105413013	0.0404275878370073	-0.693370032171402
-0.92942802142513	-0.0818738304567176	0.360725484727454	0.222463482686525	-0.398329017849402
-0.631912699546743	0.488688449439895	0.425038819649372	-0.470603779325261	-0.138032506036112
-0.900034382189148	-0.0616871765309711	0.269289504111436	0.072655063586888	-0.235372846712287
-0.468627822686211	0.0791794071130409	0.729784559272143	1.52899558114192	-0.422469724961778
-0.525670223122705	0.328304303720028	0.73317809743951	-0.495884146621419	0.0696959593499516
-0.717028532995327	0.960839056835262	0.758472912261262	-0.0654309208681092	0.313767740294292
-0.485246491684969	0.38506388915974	0.684740855900255	1.64566191908805	0.289558012645096
-0.731558943200861	0.211024066279335	0.626478163179793	2.12457346499835	0.201859088577508
-0.336679892637346	0.7500384019412	1.1917713297284	0.261517363223964	1.28872472220746
0.244005036771292	0.912819562803903	0.805911331499468	3.28564359815949	1.25258203930474
0.113979893522696	0.3959833942876	1.07092293146581	2.5038325882824	0.956417990874717
0.503340671923184	0.0635155992718273	0.70211826797639	1.54771941221962	0.93178904466478
0.329817212007517	1.07902119953115	1.43733010476422	2.88572954165828	1.29169626713713
-0.018370655278764	0.646180589655575	1.07918162568172	2.1149700796049	1.70413491359015
0.141103861764636	0.278375704063171	1.03894537587617	1.21270437153019	0.718211436928275
0.222579804646735	0.596223620379393	0.835851435444159	2.17631185236362	0.671616827464056
0.141217014792533	1.18700219107822	1.37874445955228	0.347087183659667	1.04726836136158
0.202052837535452	1.0629766456264	1.0922740990622	1.77660788404317	1.40461376367564
-0.46152890797233	0.366115640934997	0.777972471271053	0.0531486003017599	0.224952752420079
-0.34709650547312	0.82543917973613	1.01287077914991	0.204282353857129	-0.0554117821417593
-0.538954027565025	0.926746989879574	1.60367643357799	0.413631478304026	1.44839426853257
-0.622105720205826	1.13700231718864	0.996048715144664	0.26073055636327	0.367681064982955
-0.117863936416712	0.809282517279259	0.832673569446622	0.659922303363407	0.215940845651486
-0.1104361003855	0.557678892507093	0.722852606243062	0.123674758139407	0.67357007452497
0.0361950889947211	0.976574129818142	0.755251636525961	-0.349681439812731	0.74607813701165
0.0451800725454243	0.923154336706258	0.205360766165822	0.813219617104271	1.18014464395384
0.617516325035184	0.641192035297479	-0.220998735165108	2.84867661241149	0.00485819154848492
0.500724980674247	0.513887987047134	-0.244766799157529	-0.391703642214927	0.637413666250682
0.568822734148784	0.924145579493326	-0.664372349122065	2.22079938904767	0.825613325780052
0.378303893893329	0.321347122415167	-0.80310858468908	-0.394893357103811	1.03207143177166
0.779416106751273	-0.190037126117682	-0.978399141090155	2.43640062133705	0.390613846228481
-0.0400119361323711	-0.258784005296539	-1.23279333705699	0.447291126495566	0.733318923177851
0.660192321940414	0.340687215645237	-1.1678597085203	-0.198875395346384	-0.00481677551750953
0.013352263139133	0.383030909077735	-1.11072228297899	-0.375079126006742	0.135364639391697
-0.318583300667289	-0.408243791817394	-1.84955284819912	0.841510898285287	0.173422004580761
-0.349307501474684	-0.308489313885902	-1.58723959541949	1.45549458590065	0.00678598381837188
-0.265855279451578	0.550862261250787	-0.981777348065735	-0.445613500985055	0.331191437267862
0.377080051896151	-0.60322514842351	-1.59904668243865	1.32413372223554	0.472338455172274
0.306925903322325	-0.348598718221178	-1.55720158741906	0.335063032846602	0.861786073635579
-0.185637667912616	-0.281528594744203	-1.29724596121462	-0.609172652909167	0.482368684799574
-0.287992994136813	0.335239438337738	-0.749724563423913	-0.274374203466886	0.807951146971038
-0.0285470495290291	-0.311568155048768	-0.803451305020955	1.63826627292224	-0.164177690230497
0.310107088410147	-0.756765961280341	-0.872082141670313	0.16473350197738	0.272514296629179
-0.0422529966818393	-0.744576489768522	-0.968787480095821	-1.33663455731193	-0.836807373803631
0.596264643040214	-0.0231978331273225	-0.889138718863499	-0.808781732738257	-0.427678580524725
-0.288711391590474	-0.214315289541152	-0.806411149876854	0.69192304522769	-0.452151727774838
-0.108689861066178	-0.775486733556935	-0.318188218059908	-0.381524622028981	-1.12851039433533
0.832913284121161	-0.25262316324021	-0.72119773254779	0.343627002287506	-0.594771985919651
0.00903630064451107	0.245141982861495	0.123254031162127	-1.20609444206131	-0.15088390507237
0.145557568316033	-0.22313216204886	0.0759338710305692	-0.759390587929534	-0.44990310436501
0.220350831057586	-0.349880692420868	0.0516980014797414	-1.00528394443796	-0.47105615131291
0.619933359760319	-0.262181211179133	0.466385142176808	0.619516788007243	-0.466363345499585
0.0774416921798624	0.103854265176509	0.794281326525715	-1.03028681004461	0.0265473013899319
-0.216431921640466	-0.585852198415238	0.456674753715129	0.186184863076532	-0.100248560439352
0.141794224453101	-0.788192909085109	0.362734111230352	-2.39213012354025	-0.0100035946802008
0.264293944938783	0.261052074206782	0.935471774270848	-1.06722353935464	-0.569767192035954
-0.305264548939138	-0.197337444142744	0.893245622605874	1.47313469307952	0.402204946530489
0.0504951260227109	-0.59872710871133	0.651334009120461	-2.16053395224352	-0.188060176109117
0.420432201491202	-0.450915870630199	0.938116088229468	0.52217864903754	-0.0274886232734459
0.32430292072049	0.233327866703798	0.608060778034661	0.636391809360111	0.740224382888686
0.0113715581433986	-0.178075588242619	1.18445846530937	-0.861270623693972	0.0565951202659584
0.343029078422014	-0.672356132557539	0.858382785240559	0.484975354442381	-0.206087203397401
0.390462136784395	-0.633337794208452	0.860613955980677	-0.0250803234631596	0.376927913268918
-0.184346658707086	0.498647272727784	1.22954921409687	0.356416456028994	0.407011166206963
0.146195357379749	-0.417449014862552	0.647840902728931	-0.947312366737234	-0.305330290263015
-0.189420360531185	-0.838082822025528	0.519209200561634	0.583910543002675	-0.130675555816262
0.57045132214122	-0.40398306077589	0.331644437868787	-0.738868712827993	0.173034538071578
-0.0163923744504617	-0.589539457630253	0.475091430206888	-0.22031315950048	0.156268644235867
0.0598335623762202	-0.936893888294517	0.479012684591563	-1.15314752562984	-0.758512277250379
-0.00904870842997924	-0.571450420491248	0.642170179946565	-0.263028309281605	-0.144223612558391
0.204238002163919	-0.258867171286431	0.811675796582697	-0.837534321002493	-0.202607205797393
-0.187532943467103	-0.312460802408002	0.946415910748819	-0.1766603362354	-0.0625142802452794
0.120515772748989	-0.355850402810669	0.622354591332495	0.129761791013032	0.186520803603663
0.0624057383859611	-0.178240344207827	0.488236738855272	-0.56150414525407	-0.230513232869372
-0.333968352359757	0.201648408245049	0.687600434842873	-0.654686885764902	0.0354453906893121
-0.0201186898194173	-0.439620341755281	0.4596976688827	1.15110844843574	0.703755284843489
0.647994291784795	-0.170600028380757	-0.264014803148777	-1.36006544351077	0.587220604393814
0.464403117099303	0.32866838328248	0.0418505967441805	-0.552064278652078	1.39736633516931
0.569672103950836	0.494260072699401	-0.0632249194379047	1.43398473069437	0.81608380107949
0.521275076970477	-0.0224238363314111	-0.709429263497591	0.446519592959024	0.980491808945292
0.0345188154374604	-0.276957900336005	-0.490964651440124	1.16132878720698	-0.0156450203308467
0.496892877458601	0.153358237758369	-0.714288960660963	-0.790698277201356	-0.21951001840553
0.199071747994389	0.544564329706278	-0.244438426809593	1.14285174646048	0.092531993356448
0.33094565657726	-0.481442163718824	-0.966357636274768	-0.766077464856499	-0.620751111983311
0.323856127421338	0.150486832082422	-0.84966410768284	-1.70950502207475	-0.757323579833655
0.0179468617231839	-0.0931590583825064	-0.936405860263426	-0.451727890433424	-0.859135905210069
0.675144425389569	-0.0461797149865527	-0.604598663892011	-0.0943280093210016	-0.348009959026998
-0.180213007730131	-0.65356355747253	-1.06164426336303	-0.994475406715864	-0.0276006247801927
-0.208155085161774	-0.438209507542603	-1.08982930242714	0.218874067702622	-0.490893218270776
0.843810451054404	0.104536983129208	-1.08615030412051	-0.20790614979454	-0.408835071612639
0.490468928847054	-0.128699043044963	-0.590411479084316	-2.32553036673345	-0.0872393574227728
0.156476333546698	0.25093941019038	-0.523788472985629	0.773474707937967	-0.71378756937167
0.516512152949872	-0.607760224710936	-0.24852895115847	1.57979920999118	-0.182750340925968
0.791926413695331	0.436030260631235	-0.3773305529993	-0.946297372453485	-0.94209040790995
0.337010905949073	1.08135059333891	-0.355082983181405	1.37778128753826	0.0170061088232292
-0.521373701309767	0.0189395120129459	-0.560260277883788	0.748013086558274	0.166887776932512
0.19346899936538	0.23917248919807	-1.62959913407022	0.994698044703348	0.148308272053563
0.034521281504346	0.640060708390734	-0.757588024921516	-0.50690091858509	0.127701549487967
-0.00210321933557918	0.387465098379139	-1.59996557788753	1.38509933940845	0.102596224191506
-0.524119611443995	0.233675850310283	-0.902490194026608	-0.928491849235099	-0.581316892996896
-0.10097911684044	-0.124843764881139	-0.855748103518357	-1.97598451124543	-0.379438190826933
-0.36246875728092	-0.250089490139803	0.0134417942955606	-1.22906316813993	-0.127537088752823
-0.308641092725174	-0.159913148655895	0.00805341428180174	-0.205842105173057	-0.316258282928648
-0.298036149158243	-0.426498159542406	-0.116945231355838	-0.422248872177792	-0.180170979384437
-0.105411923603423	-0.171615886010361	0.301619566310977	0.0283562049443157	-0.0576935995217635
0.295390711515544	0.216436552466735	0.642182418030688	0.727818606344209	-0.0755430600642612
0.208568578440336	0.190507343106156	0.760893063675108	0.339098760774569	0.393734745728847
0.277876605589099	-0.5837803987173	0.653056224968282	0.362841989721415	-0.207896241142848
0.0341971367148288	-0.238567864176761	0.841322919917483	-0.866816658525259	0.117713496497326
0.144776668694599	-0.0802332357680368	1.36879814616408	0.41730225862332	-0.215269606446324
0.0222673695182167	-0.104703034404414	1.09615098754736	-1.02819206672471	-0.0504507769142205
-0.196718716409437	-0.210597554228544	1.09444813846763	0.106703885095189	-0.298537865219743
0.0187722117168669	-1.01082399656998	0.736854230768814	-0.0385957797354418	0.1969847657649
-0.737089573364978	-0.739095734572127	0.854237506334818	-1.79720179998521	-0.454749835737055
0.089651453846188	-0.525726540154379	0.368769269151201	-0.664875100952886	-0.50097300374239
0.339736267742836	-0.568353839092628	0.702236492209547	-1.95598338337986	-0.658221977130837
-0.0705475886220946	-0.391844255386539	0.216703934219489	0.747717601075751	-0.224069663094114
-0.465390707112609	-0.537234420722946	0.496588037499943	-1.0146028927219	-0.309806760443514
-0.0775569238572045	-0.382728119313181	0.246207687369095	-1.26200427430934	-0.579296004013333
0.077263328398063	-0.0512511081236381	1.05252523968775	-0.390750709534485	0.535397295946447
-0.218013203261176	-0.46696677751593	0.363726798241144	-0.329297494795487	0.273783467571302
-0.201344354616113	-0.918959466864557	0.553824631289306	-0.178919468380834	-0.134021251782651
-0.510151765601965	-0.343265699170301	1.10220764358734	-1.51324771996627	0.109162125537689
0.299179858140289	0.0556652358146197	1.35777288519058	-0.431103118668057	1.05275183801298
0.329382797367915	-0.0586360516912025	0.588774696439067	0.838794759586349	0.29694462401398
-0.24826630572614	-0.53227692818493	0.877574302570881	-1.57143104825254	0.535269523942451
-0.00479086866019476	-0.572292744852349	1.1083823219392	0.467238492493055	-0.00258784276925621
-0.0120011042072713	0.212924355522419	1.09080208610493	-1.02842701720663	0.142919049123259
0.00781317704761375	-0.651451563829884	0.85170754497538	0.609604443847534	0.00116724445217438
-0.538122389269659	-0.274836229565874	0.24260111732147	-0.787032388083345	-0.0922604895477171
0.403444836082446	-0.775105649988972	0.0278098635103986	-0.817891531357305	-0.406201349682234
-0.247496890940868	0.679607542619151	-0.122495853364738	0.0774587283735612	-0.213708573467731
-0.152802808720819	-0.161096013984204	-0.695868907450392	0.513397926115863	-0.385852387664526
-0.30460865204807	-0.891331307752289	-1.03858340319094	-1.27722106273265	-0.242926997288586
-0.731509327956727	-0.951601709770523	-1.13036564852329	0.723824161559867	-0.888278764150484
0.29552090905646	-0.14510231625592	-1.04460541611256	-2.52166869388941	-0.805732554977503
0.304381461693845	0.305420031090085	-1.16140025533495	-2.07283191117142	-0.141882142699848
4.11907734456278e-05	-0.533346914316605	-1.41719647426426	-1.61091406624799	-0.207588281812445
0.201994093175057	0.220387369495549	-0.791941315566284	-0.227303500668506	0.210296378572674
0.352142430413183	-0.0178868533686926	-1.30252384956518	-2.00447999767149	0.618214065061317
0.309971644112053	-0.837299056802434	-1.3297560193025	-0.137192728610642	0.368223278188276
0.336900045698326	0.32317615560455	-0.907374057364499	0.834941368403673	-0.239328954657537
0.534603484471262	0.299080136186639	-0.713150970018106	-1.38972830092524	0.659658185412391
0.114753971603123	0.00857864242233072	-0.415908188146521	0.129610949953576	-0.448847031390169
-0.255529319502324	-0.488009788952427	-1.358191439985	-1.18221125803944	-0.284553348327814
-0.261988572502944	-0.692775051193347	-1.24381735971255	-1.35071500714934	-0.815622592154699
-0.0426865697416542	-0.305742523516058	-1.05375525268424	0.0537614397942308	-1.0999885490678
-0.387097858845132	-0.699383204293986	-0.986337922321823	-0.501783648598205	-0.995007026186802
0.137542212096383	0.110014052397865	-0.850927466707523	-1.17246938649106	-1.26484721014137
-0.0568591861546993	0.25060227023594	-0.816880209720414	-0.718239104090928	-1.10987533935657
0.0406837534008468	0.529930165135757	-0.315762409252652	0.509029591094118	-0.99631525138445
0.429006611686708	0.356376756922179	-0.411179268844823	0.189020913958196	-0.831178357403891
0.646838078133135	0.0304672432830513	-0.434591702144015	-0.851756202730154	-0.815825705819816
0.468350702861957	0.133209853368513	0.42457687273316	0.414009748728796	-0.451964717665742
0.728538702903642	0.705269004776853	0.458818778726744	0.481542116745501	0.0835217792237314
0.427954141609558	-0.319402643287727	0.360364313144234	-1.02736832721305	-0.142543478991844
-0.22491531155045	0.0988321942426776	0.358919634343538	-0.464060898258162	0.140585746394982
0.203437870209617	0.460760648972918	0.698334018775193	0.202517840252409	-0.124074305285265
0.485942066025143	0.576232062143209	1.11993307009619	-0.799221814832049	1.12651530471672
-0.847200337294325	-0.275937716112352	0.40396539071035	2.26354127542329	0.207445533640058
-0.298714455565194	0.598247737049841	0.61583969076767	-1.47815624339939	0.39926862420252
-0.737719842164709	0.364892929144237	0.431993708416764	-0.0378220089230413	1.00741934418173
-0.424557147914491	0.293981827655013	0.908275543138713	2.06842986557636	1.29642352833209
-0.703972310449803	0.0720511669332445	0.186981607037217	2.16179946025874	0.53245884568181
-0.499591949285014	0.531796784231663	0.444284490900526	-0.297941763716862	0.921061698762704
-0.218583568647657	0.416293833487437	0.558848517429211	0.653944652197543	0.951904498159629
-0.897905525592385	0.794674755244534	0.954400352911083	0.00261068850220948	1.10197576007426
-0.427351837345987	-0.223643229442519	0.684065767136181	0.233537024829278	0.419815187465478
-0.772675754590395	0.125490795432299	0.875783804049039	-0.376753832138043	0.981354649047303
-0.24614651765375	0.256545875428916	0.997634329118954	-0.980601963198055	0.910730287521166
-0.235716067819189	0.254839822057956	1.08319561407443	1.44967805535134	1.32163310419696
-0.204859068666728	-0.737141242034447	0.343316658853252	-0.353308933143067	-0.0106066938704617
-0.540858505881551	0.237819087434497	0.821674677340427	0.0965273297997797	0.605761205205615
-0.280088361868274	0.162234656437198	0.744738767078594	-0.63912195097681	0.491737030519054
-0.366281133449089	-0.0427876156725012	0.864957617615667	2.29591302484457	0.806907835725201
-0.670440378784341	-0.222744234895517	0.151296849435209	0.316546286746708	0.00970234722741107
-0.21433623840538	-0.166637762863428	0.0970023509432519	-0.655493229255814	0.0941066792779562
-0.0763594266770385	0.289884379751126	0.669265352841698	-0.331327518880211	0.384491480638465
0.205116048465101	-0.232400507236603	0.302701877054025	1.64149005907043	0.783563526611653
-0.479439392628523	-0.838604310031839	0.115284998926125	-0.213732056387096	0.381412778598285
-0.500344347126474	0.0716523005694721	0.318870565707056	-0.611058930002153	0.0577536202358426
0.0619258866271141	0.261530572932023	0.290206494630719	0.298643272702111	0.911411517622279
-0.092849924666676	0.528048372505755	0.0617817383492921	0.914015784920702	0.939652845087802
-0.162445768786467	-0.326953195093425	-0.43695930873931	0.425588713528486	0.0818670091659523
-0.163686852932408	0.0130439217582236	-0.41685066065307	-1.14249794418814	0.314313649456815
0.275699853535922	1.04429654533024	-0.330689850222721	0.373489697125218	0.125520263186351
-0.140078833778122	-0.373739803769965	-0.637366677009603	0.94683895155306	-0.27557279007341
-0.96399729215626	-0.129893073297051	-0.859575972453804	-0.0272765122195516	-0.0218328922111457
0.0165830722735956	-0.0501160943656867	-0.511230947133979	-1.13405613034412	0.305150809887782
0.235852031800817	-0.159946890057632	-0.679713390012768	-1.67234929994049	-0.0422744216802117
0.157315897562319	-0.359189549736274	-1.06071964374853	2.51414468336833	-0.0172747036112187
-0.093125549910273	0.17075705211241	-0.915269328911957	0.399150984301767	-0.326668368848891
0.546684027821224	-0.641862328164282	-1.10952166829186	-1.06675548376022	-0.576337935792293
-0.369319814226469	0.223005184888742	-0.554785265395488	-0.434960546026428	-0.377346879378353
0.610456468544484	-0.0898214147095531	-0.86038425632721	0.694891671140823	-0.170826214759427
-0.0796102570015508	0.215695649446872	-0.829008331401506	-0.0185284164601648	-0.231247718539512
0.352586085240811	-0.53596905373911	-0.714425784989439	0.624555787336214	0.0424140967966038
-0.0434254317732222	-0.155225925056273	-1.01511729443144	-1.21475895883165	-0.583421297302032
0.917761175153236	-0.360410172991023	-0.730664335456954	-0.302424777976193	-0.738735037423943
-0.436780316255792	-0.272373810959027	-0.843377407275919	0.649090980426939	-0.875655615390157
1.26851129523461	0.494571595521264	-0.521227463975265	2.11494677559195	-0.147643458914079
1.25043540967586	1.07061118071529	-0.469544750662416	0.453830394654409	0.138419409965104
0.494209714928626	0.430268337599035	-0.356254223921572	0.817687059355029	-0.278444150961792
0.652901326050028	-0.32532765364873	-0.755288123420639	1.63827259438117	-0.661674789926589
0.450686456931404	-0.0543493181569677	-0.283438718737307	-1.68883545422502	-0.682802421007334
0.269942367909639	0.301243784650103	0.212149361684762	1.02406966341352	-0.515933036184431
-0.226370186134904	0.253520912918208	0.138386875019502	0.361227719356887	0.0155546435474442
-0.140962515440593	-1.21943116247353	0.107067465007936	-0.517941409144564	-0.460898632636646
0.330647053780002	0.144272426620635	0.279615503449922	-1.0064599116778	-0.620703714935715
-0.361623561049314	0.414127147749349	0.531767424913038	-2.23524642598075	-0.376374562881428
-0.0392865142982303	-0.207777157989709	0.560265132038051	-0.232885190522262	0.104852704741991
-0.526190260240756	-0.549737618992308	0.430103162035706	0.0399400342440286	-0.199587097957908
0.0751426765133947	-0.399101835361009	0.182833679093049	0.151286585486073	-0.498008841868046
-0.00782252157075637	-0.423449453388274	0.643613231947103	-1.52050006164396	0.136531529362047
0.05286157011526	0.549501393322717	1.3871868884258	0.173763602903883	0.33638537793888
-0.202237662013475	-0.243517172370759	1.41301914203026	-0.42118492053138	0.849773761922345
-0.268856258821502	-0.3704474349364	0.629007849371747	-0.90024151068894	-0.00247505127711427
0.187931611770777	-0.0935502815620736	0.901809355288136	-0.130536619948537	0.630971035461029
-0.111266558534831	0.353992899676539	0.848756563200521	0.823888858314801	-0.229752039759202
0.170965256786666	-0.231312227842206	1.03689104008604	-0.466820448327799	0.0408203535156653
-0.206781245490832	-0.591421204454502	0.293194695086564	0.387977490080785	-0.540319284239787
0.665803704051535	0.231703755665744	0.856087281157541	-0.166552456931403	0.00210136125365611
0.680825051404142	0.422892306124897	0.625761905565782	0.825564871129053	-0.0509638320105612
0.573714788316753	-0.553565789274803	0.983025797766751	1.46113014049177	0.469063378672729
0.385994413120618	0.134135061275798	0.524121763518676	-0.893292068153152	-0.177737749024264
0.616131435726834	0.633679750846985	0.848618086809604	-0.503046689973905	0.290514025205486
0.375472370772228	0.670218258431569	1.26728789941469	-0.768092762444525	0.841120897800729
-0.0555699745891188	0.653181656080588	0.848277432710985	0.610507087410319	0.372655559004481
-0.192693291204263	0.341765937793833	0.693757427144048	2.1034815333527	0.190414607423859
0.0185051820651143	0.514396668737261	0.520283917251502	-1.78015772673527	-0.188251982913963
-0.179111654602902	-0.0732177984481715	0.907784319398281	1.76582633368458	-0.0741920892769223
0.237843319394634	1.11644818271959	0.584277742563528	0.278084160149197	0.627824753010129
0.258087087991479	-0.766348791128305	0.342574848911895	1.6644721997168	0.027078335410189
0.213810907446303	0.59243457505443	0.760663617490802	0.239552703953548	0.174135986924139
0.378863558982318	0.560096799315181	0.476408114684511	1.03141149133244	0.546797566880026
-0.0120931519807541	0.0580362545796289	0.301302179037758	0.667649773506555	0.238283630174878
-0.0859320040040436	-0.109076873086759	0.0789226211858619	0.615333315430992	0.0818931103915824
0.297886039779887	0.0116364766103262	-0.132296965917108	-0.226976764652584	0.250239238203775
-0.0404780929775736	0.494549046404092	-0.192631012070435	0.330423096418761	0.607644840749185
-0.52407231260608	-0.192072504042057	-0.584130903539507	0.631320903423215	-0.0370199269719666
-0.26038468482327	0.0824706255605995	-0.67873088397884	-0.0509253267971904	-0.417630112806596
0.00850223383507352	0.424520936176924	-0.857754128214153	-0.0340773635868649	-0.32447901490428
-0.141499382025988	0.448024337107586	-0.875989090170055	1.36178029905123	-0.621824818703048
-0.00687399381356373	0.206271386575232	-1.41020978275459	-1.25857951681197	0.189255317399457
-0.282260671003628	0.351561490734999	-1.22659847111906	0.236986053020765	-0.897620200745446
-0.518043312868583	-0.0647253104452549	-1.26892279613401	-0.317939406169808	-0.913827464143144
-0.0670416588643653	0.471569894085594	-0.898866752100359	1.52932907892589	-0.309032710271543
-0.523636073058402	-0.167587961924161	-0.645181284195924	1.25411766859315	-0.260085872925181
-0.567206618280222	-0.228021129580176	-0.562749467225014	-0.560355894136187	0.0507101540276985
-0.845075700581117	0.0921087511608263	-1.12731861275273	-0.281243328209738	-0.372640301150738
-0.584767254025458	0.130973525047416	-0.77819039575559	0.905679594516784	0.0516872709042606
0.0303725896907755	0.344107299287476	-1.20863925969144	1.51274208044288	0.16397505120433
