0.472835545852536	0.898277392931935	0.565036609523043	1.02816330509973	1.67791156580674
0.227843151696138	0.192018817852288	-0.0206446956092211	0.696565983019567	0.47329870516828
0.0479029207407392	0.779016712656944	0.12329281910332	-0.343691890475501	0.0426409331771231
-0.384656173504391	0.956109789151579	0.00547733860272206	-0.180783503584416	-0.528385068794381
-0.0243801508090977	0.00555797857289681	0.265270219916311	0.0212004340879685	0.386331893314017
0.287806314005036	0.392933400557478	0.0858057433332641	-0.433556457140318	-1.19956117117422
-0.25036433170802	-0.0209482948306137	0.141222811245839	-1.32851750069964	-1.21470007427478
-0.188932439517954	-0.29599794654019	0.106089327958057	-0.27126932919961	-0.949236214413782
0.212809127675996	0.361776838532381	0.0554946773998044	-0.461204937327902	-1.44532893592895
0.673512812854485	-0.283262462597276	0.386178946033368	-0.269881543117493	-1.0343633435081
-0.662870333432941	-0.334620794157047	-0.267940674534753	-0.139644901450973	-1.07975985546308
-0.295202008784545	-0.213636054069162	-0.145894452986227	-1.49799824197394	-0.528515467617744
0.00251811474213816	-0.620538315411726	-0.153945937791013	-0.0863397435569982	-1.26054764512232
-0.568715550181934	0.784581406875727	-0.166374005806849	-0.567563431691755	-1.21641687610473
-0.282697600970342	0.043588916034816	3.31429797606933e-05	-1.40804638413827	-1.19982593228539
-0.338517832084516	0.152574708628618	-0.210818931706084	-0.215699894147908	-0.658167895939276
0.155552727618274	-0.44845567780544	-0.513058655747662	-1.99059625272847	-1.30571848260498
0.273253479527222	-0.290948676890331	-0.139391006413633	-0.585665805709115	-1.08843293212166
-0.384151620503299	0.17797672429351	-0.055351593695832	-0.563400667027732	-1.02036547429638
-0.252175498801388	-0.189048270008519	-0.375020186779671	-0.0384753349256668	-0.957190750430895
-0.64429849563494	0.67028907626336	0.116397243232022	-1.55517463976843	0.347537297740992
-0.202383396520698	-0.625604272158663	-0.657521902761914	-0.858352176826581	-0.672660630715814
0.398164341085819	-0.200236993812598	0.254679846240196	-0.299447317487605	-0.353052357406528
-0.291917974945595	-0.624945518615934	-0.451577114800947	0.243636642624809	-0.249640252644231
0.133357120507652	0.113754525218159	-0.068383927550822	1.34390196904693	-0.108701507002206
0.582584407158347	0.0987607756619415	0.283095460906922	-1.29478527078526	0.486723289884442
-0.363999177765087	-0.26202279414937	-0.362460229819587	0.608318161945717	0.338946758991332
-0.348591308524074	0.613130476012723	0.0473031760972543	0.228742116817543	-0.0348443157927057
-0.281956293416015	-0.0998496839619744	0.10678704676317	0.584377428349672	0.26377007713211
0.813093972797946	-0.20622846605089	-0.322961491005894	1.29528240271097	0.680451871698379
-0.0894156669327021	0.194827061313272	0.121355609062787	0.0226802274093374	0.927629354697994
0.219042167889743	-0.348421353273509	-0.206597335362356	1.75291250764946	-0.229015412355732
-0.622880589549555	-0.1631903028181	0.463015218159691	-1.00443586995204	0.0442810024297652
0.711777102291365	0.303472280051602	0.0644876600036769	1.67576913838529	0.566650263749596
-0.0452798392106052	-0.911676937011308	0.175716957747033	0.159771717765024	0.544007838959169
-0.096389789371023	1.16505989307637	0.456554935611943	-1.38301234525487	0.512538934610043
-0.406357565498608	-0.844844526617099	0.175526558303836	0.35290896860435	0.122812869218441
-0.0202445553819461	0.497533616536152	0.710053492278147	-1.32241545189183	0.0906543368353373
-0.00720563691475138	0.309918501432011	0.319565873740049	1.26222716824635	0.024784891297664
-0.0130678590600608	0.0929478947499839	0.542728082769585	-1.18607369991953	0.0765374912588137
-0.0360887802052571	0.375532394113477	0.341069739582916	1.08206555249908	0.439409079062161
0.171186564027464	-0.367684404437199	-0.00451694225895012	0.276993149793108	-0.039001789806668
-0.222139303413861	-0.290012497057969	-0.0514282288087121	0.1366506313263	0.158318336344458
-0.13671894898551	0.302788149675986	0.319930517078256	0.811795339514547	0.218152638387204
0.574241170479552	0.0801905106401939	-0.0272177300710817	-0.710791861893086	0.643554902457911
0.395105220585136	1.2362736039213	0.215995294190842	0.518256521473895	0.42991989641282
0.829979266330784	-0.747395255917561	-0.251357050244053	0.91464883674429	-0.0762533069456584
0.349731033388643	0.126996972226003	0.420819432615192	-0.916957991813649	0.185817112040788
1.20856142865647	-0.373916969789492	0.343737000067185	1.03222031225046	-0.336657908382818
0.928965025166674	0.447868533334265	0.676377081408612	-0.407300891426022	1.01948907053221
0.363266595564197	-0.0700673500366869	0.856219434165925	0.828854824968847	0.0483722443740156
0.430016032758587	0.587420716679053	0.363808243378678	-0.820909396024795	-0.683589626785012
0.420568797846786	0.0695975616168743	0.0239223387543066	0.644403139598215	0.251714852820236
0.487449689283106	0.000384618439729807	-0.0331234358526345	0.328684192674589	-0.0779496972354401
0.58972769375348	0.741773536449275	-0.115468747265819	0.0135581143091645	0.472832849973547
-0.0532905575939167	0.529017655635849	-0.181930071987494	-1.48441637174462	0.75259179957672
-0.195983816056529	0.205917854226933	-0.69745147310883	0.307419219555047	-0.548904448649791
0.263956874169252	0.0986619769672838	-0.760670168347654	0.181316853341159	-0.065501869718171
-0.45264278497807	-0.488996325182775	-0.632318830021237	-0.580383017259211	0.144170084823867
-0.216955432552644	0.499397082672654	-0.627525027414303	-0.0939620684471389	0.771523577178666
-0.0216301650166458	0.45119445311702	-0.576515853588722	-0.46126396399159	0.0499875317710283
-0.54981664750417	-0.501032946372049	-0.434513589150944	0.0649473670630379	0.287336583426777
0.0817031076706726	-0.175042414756236	-0.413374943866503	0.497521832531467	0.0591926240347155
-0.445869181907448	-0.0680720662292745	-0.23290710637277	-0.670942987905043	0.437408871058526
0.282062986986062	-0.33222665959968	-0.040989865131871	0.913657902697351	0.953819814787579
-0.290356461586745	-0.0230010247585027	-0.785048467568991	0.163714633604282	0.595753562350215
0.352063561202853	-0.123033053777527	-0.454179853375725	0.639230406082352	0.0421309758910983
-0.214330164024297	0.129148433758751	-0.301598106961966	0.467561506525441	-0.511751451616832
-0.408312390592482	-0.342150313183718	-0.496779633940352	0.25064569239601	0.0672254455073746
0.150568684534402	0.727459819356038	-0.317443924076191	-0.774533489132052	0.0154702810779733
-0.271671481311296	-0.340673881009137	0.137968187144806	0.00517542455472508	0.634631578674859
-0.14646330120939	0.152556520455787	-0.0469704074892955	-0.274263746795981	0.307949448685118
-0.241869640705866	-0.532759735152389	-0.226967543292229	-0.0734051160631404	-0.0926487543696548
-0.0690602286266399	-0.0716542808148478	-0.0108406041225545	0.108498188493263	0.451688035991438
-0.136928752112409	-0.161139273180538	0.22200311360333	-0.226604916298649	0.475453244613779
-0.197149583657565	-0.635106285321785	0.484431280652359	0.0654780395046909	0.619218916632965
-0.673659384720946	-0.552009867330621	-0.23678397539662	0.73064744670558	0.0781554229399353
-0.15268233258105	-0.603365226423281	0.300372567274246	0.522576238030835	0.0192451103356404
-0.532263831467808	0.348603092851842	0.502629308691432	0.103199220600872	0.0174721763300904
-0.761826610072674	-1.04866390575817	0.502389472762866	0.292133764825351	0.481080300853476
-0.169652136533271	0.465842474856013	0.366145336825298	-0.069671742455755	0.0317614525594717
-0.389345842042436	-0.110141957084152	0.423306260234615	0.0476493713920397	-0.270904035140281
0.128602693299136	0.342924740002392	0.325108608525495	-0.740838882573236	-0.342167733437619
-0.409661906862401	-0.20654112072855	0.24731375111069	0.0243315637295466	0.219164007273842
-0.142176384809344	0.718549114422137	0.674605323021095	0.0954825004386088	0.490112135609135
-0.443661146828914	0.56618658112879	0.44990137954789	-0.10819857745514	0.596437240767267
-0.049126161871737	-0.618745067016573	0.611755505307229	0.115826522839289	0.21192754288021
-0.087754742200316	0.214391538267924	0.330756896353274	0.610075582576785	0.546783653979183
0.177630125527706	-0.727581165981516	0.263384206550546	-0.259391279874231	0.453829649340712
-0.0738385054440594	0.517165465578028	0.346199980129928	1.13131361164717	0.792148460009851
-0.102681511377997	0.552305577783126	0.306558273495717	0.771530133132564	0.893733863733997
-0.201984212161264	0.599048733924704	0.442038115069619	0.270276653310377	1.11945189871705
-0.275395563333363	0.170612303939168	0.218734300067981	0.738289605379988	1.05594816031702
0.626772067576889	0.0304640132469386	0.0679132380149042	-0.781980273482849	0.729196596250891
-0.799245285447256	0.267265637723895	0.220705772444488	0.426916698177316	0.419016097505863
0.547121571310889	0.644337733209515	0.111424527753169	0.499540823421323	0.990735155826015
-0.194417573763929	-0.202291137112407	0.344780180614425	-1.12384783107044	0.44501909496074
0.542574753459908	-0.961445078292101	-0.0905914069404532	-0.344145618674801	-0.242550243963914
0.656884144682342	-0.288314531581985	0.0293715474896965	0.167486801508912	-0.36258148306006
0.591892588868539	-0.1058933261738	0.301888674133949	-0.217851146753004	-0.997225262615813
0.72568061457223	0.137408479889525	0.195710540321615	1.22256985722273	0.214802132402153
0.722333532386868	0.947743968373811	0.521817220195777	0.569346335172681	0.316135980660882
-0.215682057949404	0.73722943254514	0.250268510088219	-0.554561989942006	-0.342693219608853
-0.460284643280386	0.510398556119519	-0.148733900189219	-0.316198321581982	0.0514508085363231
0.0134971808929839	0.00719946124078638	-0.171703890064525	0.673793425017907	-0.173345161646616
0.403003391508526	-0.00524395320849096	-0.480800342546267	-0.632608764914446	0.853571417812587
-0.103154386435078	0.692234269102476	-0.284467339014918	0.391579897804841	0.196076155901306
-0.09564760180785	-0.507817131026425	-0.324260030080231	0.627906144678287	0.00687896289564031
-0.220096383891485	-0.0259049132227837	-1.06548325094783	-0.525578934801155	0.153962257972624
0.102094788968006	0.117546853026932	-0.613825151360287	-0.555654616798946	-0.0506443675368949
-0.377295392981831	0.045272684920915	-0.800878885324477	0.844354605371363	-0.176460783208273
0.863209214895154	0.453397831630267	-0.304134302303743	-0.415037322875178	-0.0599352003704826
-0.0855299265139122	0.253668106672129	-0.44551842790595	0.887999447899183	-0.164254827559583
-0.474177976044383	-0.466577356323403	-0.640323892566702	-0.118200730489131	-0.940486976064797
0.223244624491525	-0.106315436779395	-0.400483074776686	0.224370222630371	0.0100014152833522
-0.398694899504716	-0.233256989195241	-0.292811833610634	-0.345705416757651	-0.781506184731053
-0.300242912301562	-0.808587245927173	-0.65716686788038	-0.24936733231337	-0.0969257248491383
-0.0243745203514258	0.0472922968893426	-0.590201682427233	0.44991303874721	-0.262582318825392
-0.106100267118038	-0.599676286789195	-1.1126525830681	-0.610748099880716	-0.755163002644397
0.130065414175805	-0.00176159591633889	-0.748163896170462	0.0864723052515934	-0.342836036472577
0.524508779441487	-0.539640056553003	-0.863232612086256	0.222684268416998	-0.407758298221829
-0.215060855537715	-0.479530963393788	-0.756378802540131	-0.579296034013153	-0.966486622971263
0.320188227136771	0.457402305003215	-0.149047080148854	0.440935714156784	-0.0334902182670199
0.221139990578806	-0.126051269972776	-0.480268736407647	-0.197472292719682	-0.123216686785259
-0.783907311818758	-0.855912684593533	0.0985589602224372	0.161698018479542	0.0718632619450445
0.0230640344573644	-0.784940776159266	0.00617118305740337	1.15699237787242	-0.573735718110827
0.238839824894148	-0.338065237798742	-0.106164615671473	0.348682239324103	0.6862537832917
-0.110883899964711	0.311081879906399	0.0637509781869179	0.847410796604735	0.420139372909496
-0.266780099182932	-0.50997452956325	0.0754225488936385	-0.441263778699108	0.188004138727604
-0.83754897012915	-0.246798156191784	0.255291351940245	0.0844090651071129	0.104281449459515
0.389342276316228	-0.347161818557011	0.0143762194405573	1.07022839723638	0.267407973140209
-0.594542399893876	0.472834176621753	0.485237224279839	-0.210709469951445	0.611688697953094
0.482662682444901	0.557763344119095	0.275592051597753	-0.208632072817891	0.469738284344549
-0.0533576731851174	0.0107102058042197	0.336978267302672	-1.05622823902137	-0.163939738078655
-0.0657752544767978	-0.889395294485855	0.793580295088707	-0.605342655441651	0.586833842517201
-0.0214610269560423	-0.188094651869449	0.413211984793771	-0.437197422127293	0.996167656695171
-0.339424533764654	-0.0670720582019705	0.333750672093689	1.73766930986009	0.822371071478633
0.381881284926013	-0.279507189329715	0.638719842724247	-0.598555087066452	0.73246464603778
-0.393754753943369	0.0381809474466276	0.473646540672341	-0.71737042225974	0.52890910994841
-0.175911717729463	-0.491951061180889	0.263340414837263	-0.480179180969564	-0.563811369375254
-0.749372665611927	-0.232450542995974	0.394931589664467	-1.0637452155483	-0.344470471958802
0.460667314288931	-0.408496742678812	0.355904659859896	0.642665727653247	-0.132994102291155
-0.260509819546636	-0.193433508687618	0.339093197948989	-0.331517044095868	-0.273288936388136
-0.088161977074537	0.474899126929982	0.366658959809485	-0.274686730594661	0.424055250471476
-0.109876240898851	-0.973725402392803	-0.0703026317109585	0.467931747166353	-0.268959253246306
-0.434489491311887	-0.164739527678834	-0.478901189179068	0.543756767903574	0.237659760910897
-0.00373442559117357	-0.418653120760149	0.196034520271501	0.299429856599504	0.0168235157394411
0.105352910991112	-0.203547902671825	0.153556692079433	0.727777406994896	-0.126928596850121
0.407082665872875	-0.075053883314837	0.0123935118179667	-0.32101223862732	0.668922692947969
0.33611906079589	0.468609537261917	0.537085890292412	0.815120907517295	-0.0507290167278639
0.273129258215884	-0.335068588815135	-0.238414740213751	-0.379099001940765	-0.441766462005133
0.605837705675843	-0.0731025113431764	0.115876486208431	0.958866789422769	0.37806833375486
0.427319018486018	0.224743712619238	0.394417871126986	-0.0592935354973535	-0.298355102818353
0.276822024540615	0.241615269646591	0.674337057490698	-0.682214338438944	0.542830164834578
0.454936918313913	0.29332495233917	0.466573246742755	0.918052765873814	0.25461029468848
-0.0492203562615998	-0.180280123661853	0.233657738347986	-1.23085398772722	0.0526569397809499
0.0055074575957199	0.160032469723209	0.0508129317271949	0.790450866612645	0.119632376262751
0.197762675570237	-0.151232273586651	0.266243421564807	-0.145799822946607	0.0722434074046561
0.382084740846034	-0.159191498258531	-0.0648268545042857	-0.35423686839407	-0.134651554890373
0.212588317484518	-0.0562233381959898	-0.0345115830091685	0.754042483363907	-0.0571230688241425
0.478632631338274	0.0122974650178211	-0.61763545758202	0.16638397216535	-0.828872808608007
0.663769852333423	-0.101894936341664	0.0472613988230229	1.45112881727126	-0.836872082286473
0.184125685518247	0.45724246396187	-0.489463942744113	0.707576023601165	-0.2327516063891
-0.0503474428056487	0.383672856053305	-0.370917565082619	-0.128518228332972	-0.739328553888739
0.485108771757633	-0.0806669814734644	-0.201578720834523	-0.273270975495603	0.0667858086864126
-0.80214644701416	-0.0154702696637133	-1.20263447980896	-1.32504261857231	-0.374566621538187
0.353204123606976	0.381174779118296	-0.214624385363987	-0.274175689514247	-0.474995997833693
-0.754384833957636	-0.426112125128631	-0.579958144248881	-0.0600469861621439	0.49696193826173
0.158992273658077	0.676747749181582	-0.566596896244403	0.228454013351675	-0.424373341931005
0.120274876045629	-0.155266937031431	-0.274959117694932	-1.21795767919455	-1.29588337608345
-0.277760630730773	-0.384649521061061	-0.231715202756193	-1.1949070943055	-1.30528402278473
0.595632677984159	-0.876279511721386	-0.475264831884551	0.519858354450507	-1.0330226428252
0.17183429103933	0.0279939546791363	-0.178659863494532	-0.254531666048894	-1.14663136700614
-0.336703101796345	-0.0950366727448239	-0.492616098910441	0.631758358933071	-1.18460498700697
0.0307728084304175	-0.251444365657131	-0.0969913570814436	-0.537952552495405	-0.807292446216084
-0.505864840656316	-0.212477603089173	-0.313731814978563	0.899943607606852	-1.21758761926224
-0.141503947994194	-0.202429728975743	-0.393798196450189	-0.245537212074675	-0.326214428721958
-0.191151195738696	-0.50555762110601	-0.129745835415743	-0.743184881552895	-0.319507531172505
0.14869503737198	-0.184263869407913	-0.0342352406588177	1.01633989172939	0.788519607250119
0.0687109374615697	0.675428999262086	0.239757537294753	-0.888454222464828	0.246805815881594
-0.124058099787284	-0.509007044888302	-0.177713009919288	0.907448191217024	0.56714966257154
-0.0573312904099621	-0.359410082237082	0.0027818449411176	0.307294705105569	-0.159909010178594
-0.00618350315358802	-0.147802021472381	0.315486240088949	1.17488976639686	0.282703723804601
-0.205489798883796	0.110913842861667	-0.0621585569026904	0.803793383308621	0.499882470848398
0.641980851364525	-0.0484267875250302	0.353961468731781	0.857467814503502	0.674948200219657
-0.166721870921793	0.259008355913347	0.266723874252558	-0.673161358409404	0.115252443581399
0.601479856111043	-0.788261414458903	0.136860661094487	0.729275000980058	-0.116868818243766
-0.0313256198270057	0.252604630025251	0.166501096360105	-1.5724365718928	-0.209208865494016
-0.367835099254004	-0.0879069096074892	0.179554935741657	0.998631096409885	-0.646708643646022
-0.14852372125203	0.371290749418534	0.190379634554014	-0.0961029942334694	0.330064057887993
-0.627504226172881	0.0561692537510606	0.389905996398653	-1.55098491219927	-0.0152189122377353
-0.204396007723451	0.0461452518863747	0.0784444782703748	-0.570984250107778	-0.400500315664322
-0.795937667659192	-0.582191216534319	0.0504842334913086	0.275129728977843	-0.0544923421159345
0.123777562842772	-0.421540660884945	-0.0435455600703019	-0.844252402144311	0.4011574805003
-0.437390402580633	-0.190786997917077	0.619319372072536	1.22719576077696	-0.0168017281630633
-0.0587044715747368	0.253486702623641	0.0380301994272301	-0.729650700087284	0.367276773461949
-0.0603046574936657	0.120197539141847	0.0804315404008227	0.972231261919045	0.54146003828
-0.392383297060191	0.00657010243117499	0.689499835316318	0.536455763017031	0.531776741938247
-0.775355750690737	-0.473193731365281	0.165940570711958	-0.574594175618063	0.248301817898309
-0.393304467583645	0.197749476485531	0.485459289727736	-0.0110247902563816	0.392788137263795
0.122414456677108	-0.124930814225954	0.158080811243369	0.996657051299446	0.589304609592111
0.0564833485835718	-0.478297615745956	0.295427072430223	0.447065059038044	-0.131297549070654
-0.519316345533856	-0.892368734341442	0.229168914080963	0.142235044952391	-0.0352722936480744
0.760661575630629	0.361468585274266	0.569821436227362	0.955905222278976	-0.323541157394518
0.389618455125255	-0.644972050581455	0.0835843046287609	-1.23532466077317	0.00817717434986934
0.453037484850731	-0.758620563561713	0.410725992702268	0.460458534523236	-0.390410536343917
-0.365653032336948	0.215074388169919	0.359489470186807	-0.768721494929375	-0.566837162639172
0.275764484596802	-0.328461978531536	0.47248377206189	-1.25032450618665	-0.809418279683396
-0.161786209425474	-0.293947543812134	0.0375483136241438	0.175264350021839	-0.355155049781695
-0.160838285776593	-0.146947537167423	-0.090180182380075	0.074754471121817	-0.269075514224022
0.056173457894113	0.78669979871861	-0.195401365017682	0.882171692001962	-0.458669285090079
-0.00715348252571812	-0.0957644723743883	-0.481399315650607	-0.0712312618498019	0.171608674680772
-0.159973895165744	0.416366402037605	-0.422398805884569	0.228208291492386	0.645718470255228
0.553255274878104	0.229390797041802	-0.720616530878156	-0.164976855202698	0.440655529058583
-0.184095637652021	-0.124331423004001	-0.879895155230588	0.791313091752732	1.18944452673118
-0.435239393777751	0.56812095088007	-0.813878163247207	0.400166984994589	0.880297088967804
0.733253752923933	-0.417814150968397	-0.379446775654101	0.452450914830127	0.765047346419225
-0.161613505885552	0.0720725941355942	-0.732108508538913	0.205163845198083	0.132517168179797
0.406540070456649	0.0259560513059103	-0.407737703316824	-0.474926090219053	-0.121015786509113
0.0394818053881533	0.566349985440675	0.0741360265878319	0.222944535677628	0.272030566325027
0.45451823022521	0.956673128583909	0.175202734136246	-0.176194726282744	-0.0266663762083971
-0.156048912696973	0.0310837844606452	0.394070305090989	0.35912094361303	-0.492143832436555
-0.496916512134455	-0.765167735874153	-0.229843328028851	-0.574817584352236	-1.04021036556817
0.0394129084644593	0.0623683264757073	-0.179662636077671	-0.207257322062049	-0.488344705710356
0.178113771330438	0.427425974404431	-0.0249541612799626	1.08458572131427	-0.0813556505197674
-0.476483528067495	0.0820487040644482	-0.371784473105368	-0.834407905567294	-0.109984728693546
1.43614289615745	0.94170420096715	-0.114530749917078	1.35937988996217	0.147183549185357
-0.882148214579717	-0.22584413908735	-0.731741507235657	-0.10164716948196	-0.959370900387954
-0.0970163647968999	0.163335432746956	-0.287630927381809	0.378030359373518	-0.270273306995887
-0.196797212460533	-0.110380750899974	0.0257391471762785	-0.0916269059511189	0.252740970961651
0.263944090214246	0.613086611617992	-0.218006055373927	0.779004760612184	0.25827067417815
-0.669218105739546	0.122433064300357	0.0910310267724886	-1.04538191797774	0.6163044800951
0.124705781781075	-0.709082037923764	-0.22402869142499	-0.326779693658965	0.854651317601665
-0.688744118565105	-0.452535755722873	0.126596778317381	0.546697772544226	-0.0501061871610025
-0.0459188684766237	0.338691634302905	0.3991938074746	-0.46369994107669	0.225711005612832
0.490329748857447	0.0853616971521303	0.275430069972103	0.268994488467209	-0.0978417003451559
-0.199087151401692	0.303722478198261	0.244224486053625	0.395275054212135	0.790793269782803
-0.397384341080997	0.0796150672040444	0.180643797651825	-0.853553500461479	0.339939982613894
0.0260664419109106	-0.393563456706254	0.202245784290673	0.614543908192215	0.300464921736468
-0.0601635685409219	0.00279410935388449	0.157405084605409	0.218320845738068	-0.0230925960982507
-0.20494383257064	-0.137790797952117	0.11284528585298	0.313916532790994	0.0497951103308498
0.266586653094308	-0.63386732689264	0.184440653439566	0.239721622502862	0.390910375487669
-0.160504577610577	0.968342740943065	0.129044742618795	0.26284046949608	1.20873701553223
0.382812847114375	-0.145037623704997	0.506601930845982	-0.0546626636241802	0.701500841785575
-0.178937750336286	-0.0300452395005004	0.634938586982542	-0.127145036905531	0.381674962724395
-0.759139484368193	0.0734272399881916	0.209037493983341	-0.172052722124234	0.0572953736608805
0.068262874921868	-0.00605774802876171	0.0212664039633674	0.181478876119915	0.898368646933873
0.512990752277824	-0.27994063606655	0.369002602428672	0.513533318255884	0.41763562629787
0.702733483077203	0.167734381314921	0.820577795229477	1.37485107230355	0.108633789804024
-0.0692187066123087	-0.232261196564839	0.397097743838285	-0.187811453926181	0.309980826432987
0.210558253182369	0.191835669241085	0.986912539272619	1.01022039597387	-0.478669318927356
0.459808308800255	0.174068200774516	0.750359751595756	0.649724818415184	-0.197126004080564
-0.313263475175888	0.307907068813224	0.534146203445505	0.64157208938198	0.863282988978708
0.648730791885988	0.12925859891184	0.534240303628498	-2.30017846175835	-0.839729794859094
-0.857543580006104	-0.296230394288141	0.380797349853354	-0.611628807393469	-0.0730501177797174
-0.330486519880889	-0.432267098597487	-0.0813620901064883	-0.580783957870275	0.604982736931052
0.360157874835964	0.546294832162267	0.22979675585382	-1.00636806101901	0.0411530468552945
0.244516849594233	0.425915848586808	-0.0298318290304017	-0.620933476578273	-0.198757040556719
0.585158933366599	0.0576553191173342	-0.016295676082328	-1.39409323069819	0.00218045642318917
-0.415667489989325	1.00363501366733	0.301137562100991	-0.276702273451256	-0.685079377066923
-0.0346228462669013	-0.518101560268254	0.0908260789528298	-1.77015685852854	-0.578629001427443
-0.141529806565127	-0.201903950366877	-0.351955689998197	-0.224167698528871	-0.939021388498372
-0.139043421384982	0.739988414585974	-0.0471048255618813	-0.667332163639023	-0.264885022356752
-0.0419459011224519	0.0554510683032014	-0.360270697674624	-0.50092096765775	-0.271771613899081
0.52761960395391	-0.0132530774231909	-0.507672979747495	-0.945010520113771	-0.520860239168356
-0.258340162985014	0.734106934333109	-0.456969426037241	0.0292001989906113	-0.695956586739754
-0.24588949548688	0.253620256762029	-0.751337817193336	-1.40110598255077	-0.77600561614254
-0.161349972287849	-0.969897254076645	-0.243529210191972	-0.578406433560569	-1.22413360145583
0.246832330809977	0.203101857717736	-0.55924674801768	0.0879117645502428	0.299743491388212
0.252987767766842	0.271779226738842	-0.0622195622108957	0.752531063112431	-0.173432260101136
0.387111959814768	0.947045689552482	-0.51037590806448	0.611005267123376	0.222566390903687
-0.055258756523866	0.281097212165038	-0.392501790953595	-0.208115757056162	0.377929740112089
-0.0453689143603444	0.630857252428075	-0.243698151750151	0.717837532919285	0.01857848876698
0.379897045710234	0.0955363676270512	-0.361106399826705	0.0131047949237038	-0.0615779905397672
1.1516930310978	1.32383223431867	-0.148098418253652	1.33706802970516	0.57583407897258
0.507430594443165	0.428791496379695	0.0854570560483217	1.81299131683462	-0.398021048969118
-0.563208463778998	0.781080707574166	-0.500144161482682	-0.756789269829759	0.203531042271337
-0.115016818798653	-0.188972685731004	-0.00897392167934608	-0.424662816161474	-0.823370301499942
-0.302487631410922	-0.136493254005947	-0.328599686235908	-1.04995637181484	-0.574917203619253
0.25551626312124	0.223146783034465	0.0975115857877557	0.236121746848811	-0.684456753734276
-0.295901836789315	0.797520460793354	-0.0313922725679861	-0.239491753400391	-0.414488787923136
0.455685355125025	-0.395293320796305	-0.599706826913383	-0.782640896089974	-0.42299850847163
-0.879522167791127	0.12677665119319	-0.509279498969038	-0.664246941926719	-0.798019979753355
0.0688008631884017	-0.509476045871622	-0.288685039151717	-1.30500753342212	-0.165002112525333
-0.187621786939854	-0.37916871044566	-0.441248105489616	0.206416470241002	-0.319882511768575
-0.00842867068889236	0.20811320735955	-0.531134614024294	-0.162814623551282	0.114458823501227
0.397003331646442	-0.443893807493737	-0.861542775613032	-1.28548579128022	-0.105559014587814
0.0649598630632544	0.802937197728924	-0.669864506836792	-1.43079186872051	-0.543522460325222
0.265590986045884	0.937393615685428	-0.562276566533741	-2.36102699588969	0.134939335873204
-0.256771625727943	-0.299773230545019	-0.146994562515873	0.74212160983301	-0.419164262187375
0.250349068460143	0.440508097042745	-0.0443908392894707	0.900041355103089	-0.0519346719221477
0.107708458757152	-1.38184644879244	-0.191586186696176	-1.162302482665	-0.391105577068488
-0.371401841040883	-0.20098814624336	-0.441632490005363	0.64254602089431	-0.224662827309631
-0.0560427390199547	0.390203819208061	-0.148505120889407	-0.290628865993683	0.54747855449358
0.120663215510419	-0.454484206116167	0.692975247697623	0.50633714563427	-0.508238679838442
0.178568671682143	-0.190894183624287	-0.201370609668272	-0.0196698057332551	0.500890640640945
-0.173220109037768	-0.810043030851961	0.0414959813239708	-0.00303275915409863	0.489146955638367
-0.340369661661873	-0.0163206242766043	0.191610963237984	1.09384572919374	0.162867155097589
-0.755147588664494	0.386653470148592	0.0235351107792087	-0.839138913868196	0.695632226396632
0.0830141526475815	0.586285057375372	0.581504009827179	0.0292150020800647	0.588706008135353
0.157095303715164	-0.79702869326796	0.213319549689938	1.22373960309647	0.711656795845661
-0.408200700520499	-0.203294158499549	-0.0635514117146318	-0.911967779543889	0.637515642703881
0.19323591680982	-0.0739340730008269	0.432760153792467	0.509488767489476	0.888899351694515
-0.15737070087648	-0.321159960564599	0.479458478571801	-0.771935222164293	-0.686427741338857
0.227477832573242	-0.0996496042163067	0.471139131369242	0.999466317209651	0.263132413026261
0.0816127557570734	-0.269060458848403	0.951206658518014	-0.239026245980288	0.249129241566659
-0.345955314945165	-0.380196559358414	0.308335114882268	0.0699775235927262	-0.202360873318756
-0.495981857861065	0.463658805415472	0.493900548649349	0.6868987867065	0.177014207456897
0.0537203340366828	0.287224385959198	0.912413054106813	-0.719549839702609	-0.14427123424469
-0.215488405102453	0.343855597728537	0.709924949971693	0.280460789270785	0.326245268880052
-0.593337264630866	-0.264130852260754	0.865276630891588	-0.939958378377011	-0.112876253386832
0.259993894531019	0.742767171570479	0.629826534584849	0.105719977723736	0.225035766534937
-0.144920303085767	0.158063317537327	0.516531743283852	0.472646726676806	0.274424008532352
-0.274469569593024	-0.340027927536144	1.00966646597623	-0.0460949482747625	0.037272951382381
0.115971818712423	0.0739485494740536	0.414873876297094	0.0554245526915242	-0.0335660571056967
-0.255532843323579	-0.501636051841735	0.1773711735301	0.34122923586671	0.653542019773029
-0.501198785894748	0.968526867512027	0.444946377314699	1.01240128704342	0.322729691512728
0.12263813221861	-0.0473410840101277	0.179489226523904	-0.330614667032483	0.8643737805118
1.06269000326353	1.47309084603661	0.641060817221823	0.772007506389246	0.364156991582517
0.372805033946449	0.538163341154971	0.551458213490798	0.184656158027692	-0.0361070736226725
0.646172904935914	0.0966214718488449	0.398357428239559	-0.543974289956597	0.727528356203242
0.293108463185734	1.25038272133569	0.893935003100207	0.0118250816583553	0.32158796816485
0.951642859919917	1.2423012387144	0.982440301775721	0.610244586165709	0.0521762707804276
0.436182145076145	0.0932786460733897	0.844970238155666	-0.0227184628185065	0.253271795617685
0.444421077326106	-1.19456550925552	0.675196024126417	1.3452785639472	-0.224535096255214
0.682741941593841	0.160352443252553	0.267929269476434	0.167599136107431	0.0774786377482901
-0.434518523023595	0.319484808429484	0.239267484016777	-1.50963015060769	-0.12297588585995
0.0611835745994048	0.260502339341248	0.132482770458315	-0.254637769117998	-0.361792890611117
-0.0103899160321928	0.715774497905117	-0.445148935953994	0.0472676483963679	-0.140737344034447
-0.0792694186810915	0.160233473993926	-0.484834459849239	0.0528261670845796	-0.0103515477668076
0.31493581393649	0.631830040333885	-0.967358143496399	-0.503941833978055	-0.437424139282262
-0.367718734145645	-0.0258259464056807	-1.39476706821279	-1.1157397382032	-0.0548977065285962
-0.327678430109859	0.516425391521792	-0.692116912762855	-0.497923999734081	-0.176362193007989
0.542502985761971	0.391234342334438	-0.682723426950696	-0.660201799239917	-0.366306933787051
-0.296678020737698	0.657640922372231	-0.754109748055437	-0.531289117389972	-0.245347240719202
0.110148237792853	-1.11253670726542	-0.208270857332581	0.108095912132126	-0.938801256327644
0.349918862789547	-0.712544129192669	-0.736888735158429	-0.430390773904203	-0.67102817000281
-0.114370429599035	0.0601670715165552	-0.422522488646347	0.0863772628766932	-0.910884346882183
0.211279982048974	-0.0996542414859838	-0.422655845732618	-0.475280190808297	-0.314960230190368
-0.0645775352032877	0.172572286622143	-0.454585217006078	0.656695503346443	-0.890091045389685
0.0136689465376959	-0.441947490104689	-0.442255593008017	-1.02412831404627	-0.383016137301688
-0.0850790739306167	0.26508479528175	-0.753891686402965	-0.341124388488994	-0.934851463186612
-0.00771969867463032	0.0814284008960842	-0.983454108906906	-1.77380714856553	-0.830937122155217
-0.197266955975722	0.126233846844652	-0.411720499766476	-0.946404485579773	-0.563147426309745
-0.177585525413682	-0.373829922730763	0.0978541965904448	-0.365730648138178	-0.0902683407013532
0.361230483679502	-0.196348425998843	-0.442921103026075	-0.281243788340648	-0.266614217778538
-0.412296783995369	-0.78233217759053	-0.352269357147515	-0.488049517018809	0.224680020589956
-0.570740491373349	0.970733856399323	-0.802149344963467	-0.716457525939804	-0.651223401317194
0.0926089836265951	0.746055207558981	-0.307464310489929	-0.625957658505213	0.201755666556715
-0.222307698856018	-0.336300277052642	0.586878797989217	1.31660874777715	0.542985514936388
0.143328347900071	-0.587484523392757	0.10239776366662	-0.235574539534627	0.562116101098193
-0.384798598257599	-0.0601670410134504	-0.241856194124453	-0.768148661600559	0.48351012117781
0.269178869215652	-1.03008546815123	0.0241412962774656	-0.144977194491929	0.276258240847296
-0.500794430786118	0.240989270587686	-0.0881222863962087	1.37472956254929	0.820037938261813
-0.487020726745383	0.256955270039876	0.491388990342915	1.81023714627286	0.471797100242784
0.119028159094723	-0.944306823600636	0.0346948663628324	-0.557843805433988	0.0463188531987896
0.10767746767751	-0.537976897407952	0.200832012272477	-0.416072942683131	0.522294930943167
-0.449608240265821	0.7973300553952	0.379327011812204	0.0432321026879064	0.19328019195326
-0.300343475195432	0.557523921357768	0.158604779447704	0.693960175512753	0.749870896644022
0.351820786276675	-0.362803543882255	0.816165837026491	1.61246984523332	0.121256486683478
0.389830323723046	-0.158103039423792	0.917430455991086	1.09033806438536	-0.206214089335704
-0.0267625050328682	0.375260758297569	0.465281607435199	0.0831284513519513	0.372064886424315
-0.210289369626614	-0.673072872513922	0.0176057328969857	0.366233668156419	-0.217794942815707
0.0827849576412917	-0.0844535375379395	0.104634745785348	0.354687960421975	0.369986625618064
-0.281388454962133	0.124014633426486	0.463956018713685	-0.37807500918958	-0.293650717742124
-0.211232292216887	0.300627969523754	-0.347661106094802	-0.241592109811786	0.0394537369599219
-0.331439383919099	-0.510477471354393	-0.354373785908682	0.381926139066063	0.807050703467737
-0.202427877320489	-0.301824240646944	-0.436784706758031	1.39222308012815	-0.115982219230812
-0.157377265179041	-0.643611256432035	-0.0981566567302935	0.282463205774859	0.77568045900468
-0.302434324663918	-0.207310238083349	-0.0873235106692031	0.90397371001193	-0.116451644118183
0.0331825386766704	-0.132037263209878	0.0849331037785484	0.446644590131335	0.653461636228958
0.856913122930207	0.165829654572817	-0.521191875225977	0.215045591564132	0.283027856320421
0.434540923011719	0.165061336973219	0.135496417392475	0.620331800606023	0.162897402981018
0.338265289149511	-0.246573861917361	0.690658095148915	0.446679409682608	0.20207890849052
0.325446193863161	-0.148491422860724	0.582411176254903	1.83918383032037	0.344146740550638
0.247458253229354	-0.0521733813133672	0.901394283464582	-0.48352964250799	0.608976827082217
0.119948561674959	0.0759102915023668	0.455710881421049	1.66536528331437	-0.504527330521783
-0.566115611023254	-0.890053827356047	0.40524667316072	0.441364299413064	0.0120207824251114
-0.480544235149513	0.0417881949813832	0.18819866611016	-0.509351719678472	0.137471972316915
-0.254676473400886	0.361780267699575	0.116587009604574	0.744466247932487	0.393075031653903
0.706291294475156	-0.750398852615996	-0.455145034113744	0.218712717887256	-0.0724476453026763
-0.0786997894178322	-0.897041939849106	-0.724185749798282	-0.376152766350944	-0.464279043279756
-0.220424570068854	0.393954174802845	-0.673687687344276	0.0617555222408456	-0.0718782687326057
0.576195907138367	-0.124914628661288	-0.830574751961698	-1.14809399973797	-0.521943804999829
0.316947057883083	-0.306667162270781	-0.438400497637178	0.548353049794615	-0.229803450712839
-0.366953974241863	-0.65953744538066	-0.926483366058079	0.744341095394457	0.134492961844504
-0.11148785877678	-0.673583001377956	-1.10559809017931	-0.701958785580333	0.259113832796936
0.160912945920062	-0.373684031296072	-0.696984398946955	0.24135317953606	-0.330186791041747
0.128781911676063	0.518552064924649	-1.20495089570264	-0.879283402470861	0.588454900178823
0.0272300584036529	1.01391699064011	-0.585788583220508	0.128045305448634	-0.279176954976948
-0.148064370401264	0.0535802370305822	-0.69437621569412	0.121221435105372	-0.290866431460369
0.141348101225805	-0.0371489006605236	-0.378237982192003	-0.268743165129315	-0.494735887365084
0.200915898093901	0.85435215587276	-0.250253822944209	-0.675620063825174	-0.484811042938634
0.333323935846245	0.247053200348714	0.136237023291526	0.99439946095985	-0.369352624685869
0.139417404772273	-0.710083876648325	0.273884288289921	0.530559778754043	-0.500443837700041
-0.125663127230858	-0.573729802431674	-0.00950149967807191	-0.47656943424185	-0.420585249033182
0.594931338838661	-0.279612324846038	0.147017159071722	-0.0148501099792454	-0.0558213190332742
-0.768706735542422	-0.102147964243906	0.33160636776842	-0.474794561632363	-0.343310611039927
0.052733001308509	-0.272450550842015	0.28165191777993	-0.374383380732317	0.365243021795628
0.148226406690939	-0.282270412881518	0.331139511139861	-0.727634481589756	-0.426026525039244
-0.167414629062322	-0.145438630525102	0.606646898945928	0.0704154158629353	0.172202149100039
0.100095145391306	0.0616686747133879	0.0691746491954131	-0.508725962755759	0.382636224589576
-0.0537526550362066	-0.479732784060391	0.188018425752111	-0.376510458228024	-0.648106607636105
-0.362818736627038	-0.175408320134071	0.462492526355942	-1.26570121570497	0.566906688714258
-0.598307803621475	-0.0981109015100262	0.327447528444164	0.0777758155704097	0.530018738782548
-0.130922337741504	-0.450472018214371	0.458031119511173	-0.772420644401784	0.22850415358339
0.0742281928849018	0.244619538788451	0.499860990656915	-0.958347501578861	-0.221384520082361
-0.366802750693877	-0.843804765504578	0.161408735763776	0.112941907705733	0.0468162409097159
-0.110494512744709	-0.721831186962451	0.293157796652988	-0.540734669267056	-0.368966896052495
-0.114110965935769	0.626987737253987	0.866023526761147	0.145979689058996	-0.478663397180858
0.577435239681347	0.138091200024199	0.751894627052699	1.31114504638291	-0.637150571017534
0.35919003453243	0.00565453588018879	0.323491384942974	0.0442497386338844	-0.402488028254765
-0.646514422785272	-0.552857915036093	-0.0707756014704727	0.122366575169662	-0.694443233080984
-0.278924437127875	0.00369381021739024	0.138309327823588	-1.34572180934354	-0.20477134079968
-0.597468030664863	0.786106291370794	0.130337671734702	0.833055851294215	0.522160204733838
-0.176404940069678	-0.407953732933622	0.545021186903835	0.395739016605237	-0.309270325560233
-0.199424618586481	-1.15167591398603	-0.183750585747078	-0.573525081307789	0.194083575742825
-0.415871349802713	-0.931697026502004	-0.216693365168876	0.144793602248754	-0.350654684706965
0.403656329265048	-0.238505561247695	-0.0410428130032393	-0.0851364190159258	0.181739435073408
0.690243691490196	0.131658204971231	0.0698180841429442	-0.438937798506731	-0.010280813015937
-0.296719702163742	0.663987582216469	-0.0942809994378799	0.908649271251668	0.193074386057985
-0.230613247434703	-0.194424849904555	0.0614403505423418	0.998457576659223	0.277755814960358
-0.75427767034955	-0.756141945299325	-0.302365875564657	0.0430016640472289	0.144175731500359
-0.0386225762600643	0.51558472473295	-0.432132720868966	-1.27486611873432	0.218969810456135
-0.575091066604074	-0.994111505808423	0.133603533235854	1.21492141731138	0.580958654499058
0.247349256897248	-0.671858899272296	-0.231510512615916	0.966757956791871	0.0722483789039588
0.275160326434242	0.325721255477297	0.499592210234058	1.33191883719868	0.730293683804386
0.267945367111515	-1.28874466365025	0.243259027428169	0.851884749612997	0.657281901346581
0.0512723765511936	0.714793764810628	-0.0151886580218968	-0.928121148117795	0.0950450622726437
0.347861187129243	-0.121485336110786	0.765252008981755	0.46253037187791	0.144832004135032
-0.868695126985219	0.372974936663363	0.895515577013449	-1.76780160020631	0.256406479804233
0.928055607451835	0.0596376722765056	0.518233415763108	0.936088407371322	-0.67384291187714
0.00461718978202901	0.60539322502635	0.26652981973523	1.00141875768166	0.156367001315398
0.123996947590671	-0.166869685336594	0.339974060816918	0.945791513121342	-0.769558746437919
-0.741788051181071	-1.21885978587778	-0.164219488485864	0.234910790530021	-0.415805144832777
0.0823977846072593	-0.42391759091914	-0.175136993784937	-0.217850975943955	-0.656601018775388
-0.46401044212878	-0.94836991380175	-0.749892918010657	0.949359555836454	0.17702077318862
0.406320142416494	-0.389240848259585	-0.712263445770271	0.0340917544600404	-0.294651378815598
-0.00186140547055173	0.204572218039028	-1.00736587885116	0.514752693665953	-0.700589303735253
-0.0204489460996059	-0.089948360555863	-0.61876757641402	0.71810699658459	-0.275390548139858
0.573689074260735	-0.343420590685411	-0.828113811229724	-0.685973294966872	-0.180342375092156
0.151556075444338	-0.35234682258668	-0.377147157560297	-0.158585945705095	-0.8505427692343
0.672358128337531	0.243138449625824	-0.390414262657798	1.08178885281185	-0.601208851825127
0.275518657078995	0.853050877563049	-0.645905076192241	-0.841337345819642	-0.37430596832457
0.357789713079764	-0.155715308137148	-0.656463055534468	-0.0795831464223566	0.387079633710633
-0.629647126249252	0.369729377993777	-1.30547005707119	-0.656502133878511	-0.71800681172278
0.597058159526735	-0.361339358314915	-0.527080050989999	-0.0868100473803408	0.0897998087317557
-0.0790278869114063	0.452852814213397	-0.590813601884084	1.25603277101082	0.246081047453495
-0.00153788627628305	0.809800869535667	-0.733996861578059	-0.430597316844456	0.118492058504792
0.0311036444686969	0.195556263877528	-0.486648675284549	0.76940966775525	0.458152278116544
-0.786998780185705	0.574209471978361	-0.685422341109677	0.138024910991877	0.00355904595492118
0.356822082123552	-0.0412631889233176	0.363641166043141	-0.244492273262313	0.66194410482475
-0.0760357189667839	0.574854898484684	0.120095049065947	1.46470773111816	0.193253067919003
0.140259570373627	-0.46740290971802	-0.0285152572035743	0.77428589460538	0.22002736306933
0.265271310960711	-0.39112312276066	0.23673740481102	0.0153243949730633	0.787937063166068
-0.64859802203658	-0.526567661659702	0.0373358167577082	0.756022651695209	0.554578337393308
0.0447161878044456	0.912376981095519	0.22553940464093	0.176048223474363	0.733513786979936
0.0672690805825591	-0.110016952354886	0.246428857082127	1.28210589237697	0.971583798100977
-0.118677964588415	0.660343812617755	0.380092580583931	2.08751952562636	0.535341015905551
-0.278473086774357	0.120562397052824	0.0217686174670607	1.85033114237737	1.12555901422098
-0.395418418760902	0.520491124153488	0.186039551866386	-0.67498202812509	-0.12605662486375
-0.48067062432079	0.198566339701736	0.598334929341199	0.0322554323156931	0.550880563182828
0.359029210092828	0.163286705343795	0.752612319901934	0.118799520599598	0.761952111819744
-0.454795608552229	-0.637348256707688	0.324469431392258	-0.262521139354856	0.0209062656751694
0.191542978007138	0.148039892407327	0.700329352610688	0.546591959897789	0.91072070856074
-0.38986596605065	-0.684786209531974	0.321059582401873	-0.169254172414184	0.100859375617566
0.0572727000344269	-0.113279216505058	0.566747742363089	-0.289962818629566	0.633938275045317
0.0239125325445954	0.505902079477039	0.716820525137059	-0.0593844587000205	0.832134108605598
-0.0689131837065153	0.707876029430946	0.905714951707616	0.0326315440573037	0.47376245185127
-0.29277122317386	0.112936182064622	0.357742110078504	0.051240551336799	0.370080028538705
0.195711356087742	0.398052994758999	0.152467443313494	0.196387977103193	-0.0820978187430337
-0.00732655309489447	0.714906427112201	1.06399424950694	1.61820930681379	0.537205072693788
0.0929513740538817	0.474537387075898	0.409599232547333	0.689850049748064	0.707221903161605
0.0586810716116263	-1.33435189284429	0.169442325052095	-0.715270017422545	-0.254369764933538
0.498822895151727	0.288790137718126	0.212417679003389	1.1003944391328	-0.350147772970858
-0.419787606979285	-0.637721631412192	0.0577365241177811	-1.5341259952606	-0.404141052076132
0.227634458005615	0.325363514710756	0.029247063726078	-0.0794761390744917	0.0430927083452984
0.688230545819127	-0.0681366041535158	0.364240982882588	1.24640217928017	0.218522595498377
0.746323571792697	0.515225777890132	0.4305630930091	-0.688615618355421	-0.262395163358893
0.355967207950192	0.444715297949095	0.54372874064234	-0.957167123698364	0.168260766032914
0.141108609789231	0.0566623206867925	0.327542008657987	0.382883480204838	0.311750098779742
-0.0722766363228784	0.289700891568136	0.484662117786184	-1.39365670822785	-0.590994174428171
-0.752345986324882	1.16279301300573	0.114348309124242	-0.690792927323436	-0.0764620966653595
0.322995138014349	-0.725183600747085	-0.213779330462265	0.557374894674836	-0.321123778975373
0.0477745928688377	0.502746710190587	0.191310066563062	-0.961627625890203	0.443165812279436
0.0811941601596504	-1.24216214323863	-1.0347799856867	-0.276393872212992	0.0663526311894613
0.0159950245482417	0.0739107413498351	-0.344864339068329	-0.39018251414714	-0.177231137418092
0.493162694692025	0.371619912779439	-0.634179474719489	-1.64662566733223	0.0226436752741288
0.351690875279137	0.183904956335423	-1.01397953037405	0.887305471915361	-0.0930946689828204
0.214194282798371	-0.0183694139955681	0.196106429896405	0.216021567598942	-0.0216606024218301
0.283066272290173	-0.347463923561088	-0.556441342131349	-1.58564559323617	-0.22226845515212
-0.51816643038598	0.0772353575200982	-0.875431276720569	-0.851192235877268	-1.05827289624414
0.881734449329007	0.134556908389399	-0.921256724180957	-0.669764190138264	-0.592956687006705
-0.157541486212325	0.419715946824226	-0.699907133488158	-1.88216203055645	-1.22771651636452
0.0155920670598459	-0.292695444779512	-0.914674732563959	-1.29184633454534	-0.45884771795112
-0.0850307650171837	0.120582388596503	-0.510386791919106	-0.972379516727544	-0.656314869269877
0.159217930024573	-0.343757924172591	-0.579411927016422	-0.740597633350619	-0.168993349349408
0.271539152328534	0.783570912171848	-1.10196777912668	-0.756283622632275	-0.753428392398354
-0.286813589129466	-0.476102381256085	-0.306610666821372	-1.13337080320422	-0.30657207553561
0.246903973117045	-0.150865091333096	-0.540262244278127	-1.30243975934055	-0.322520384330146
-0.189746822005326	0.486257235186269	-0.308299472191438	0.600618030276495	0.132559127815077
0.706481511383419	0.502399059112723	-0.316379185267345	0.591607309661471	0.232856268347295
0.389101938060911	-0.357064113942728	-0.300956484056301	-1.10469595687976	-0.371578890907086
-0.0214675037672839	-0.398717822066102	-0.505663516048238	-0.126609829903166	0.0472108695867317
-0.248146717497151	0.0750047453990443	-0.0889962377339946	-1.12604090400721	-0.0747909760174611
-0.385183216071189	-0.115445214718937	0.370210418103774	0.717546795740426	-0.343443377063991
-0.106929837046347	-0.625967019938682	0.466076150657797	-0.648894722645025	0.330997470518989
-0.504288464142608	-0.157364503319317	-0.181738398922967	-0.819783291246241	-0.374686304565457
-0.0383302362095834	0.173495207399698	0.0167200328197075	-1.38529887015442	0.0328405535704259
-0.0498683017964361	0.356124373705273	0.427795739036799	-0.171503052525479	0.0709967432707646
-0.301868864492075	0.439409878035605	0.494649297956691	0.556725293817416	0.0132888276444878
-0.428175565893865	-0.0181273430795888	0.483435577864329	0.824267247595986	-0.119622366716068
-0.89605384934239	-0.0525650572662967	0.246191418309336	-0.289850746924499	0.522357466325887
0.769298581422316	-0.563711340376882	0.290767328837482	-1.15602527134552	0.0918657875933444
-0.514201822715052	0.491306185177112	0.0583645527400498	0.765190661902247	-0.159084470625442
-0.651507847536388	0.24576166910447	0.356237513789669	-0.243918964918772	0.707594748375123
0.47748134500123	-0.122330437695682	-0.210560175086383	0.933028338993015	-0.0350538066481388
-0.675108199444861	0.39694213954864	0.547994434326592	1.33561830751636	0.218492813067899
0.280237305614983	-1.00429108919526	-0.164735029405887	-0.487134688458207	0.453977696719027
-0.925118360387199	0.120017728094576	0.570434800976961	-0.758388721875068	0.829357408039473
-0.220472414888605	-0.142139351321852	0.369596378582119	1.27223033905957	0.0741514383671552
-0.406064081484776	-0.0010123423823792	0.437304661781325	-0.873343887295685	0.252950132986536
-0.427323029413391	-0.180440651695608	0.273160205962748	0.45196653914544	0.219803640484357
-0.019956454328119	0.45882600175257	0.492587872811614	0.075721387117361	0.291916909328071
-0.105756763804781	0.54511432499116	0.016769803420739	0.821474016319937	0.966423572698166
0.595816239851698	0.621651747140597	0.341930858015709	-0.10979473253776	-0.449769551314654
-0.335639824990118	0.0295551690571113	0.121979967148986	0.427802632857291	0.589935394145612
0.532674468508409	0.454209522933035	0.463407173636696	0.701373302699639	0.347764033774539
-0.481538175267623	-0.630888947958331	0.484959637067919	0.366131037944206	0.308715549300091
0.687603400473822	0.187199922046651	0.376771977475236	0.587573413156841	0.0158883148826963
0.126879001477969	-0.332683411801434	0.472824878489355	0.855747241922905	0.305598325959015
0.300232195891542	-0.326921434107408	0.574613056495012	0.58669491537517	0.550554043082666
0.651915141794096	0.234655295688641	0.775235550514705	-0.669162996164474	0.121416627775536
0.842445738638967	0.669792488454214	0.711746555626492	-0.328229583984885	0.637228590959565
-0.400915309331996	0.210482100262255	0.851228212993929	-0.992987394094127	0.236856134824436
0.663289830347837	0.0600621875614257	0.706071591109656	1.46936221516673	-0.434980282759866
0.0456910437237886	0.514704515066711	0.724124636743241	-0.669299875919145	-0.0935765081046322
-0.201122885032627	0.0181730082875484	-0.0126939537152754	1.62286851022714	-0.813983641849462
-0.357496462277075	0.35619304218818	0.0847340663673376	0.539521074598707	-0.573362536107365
-0.686701684760284	-0.685919277059922	-0.171747949450512	-0.207689072117221	-0.775695741190984
0.211329393485759	-0.101703926581529	-0.509331964290969	0.278869944877595	-0.022901790483042
-0.389324543340447	-0.157076891924111	-0.93446422490308	0.128998665949796	-0.358504174133816
0.355540907030005	-0.321212744136237	-0.712363773100656	-0.217882494237887	-0.517710108431368
0.00624518240067627	-0.332371853891859	-0.683115023226616	-0.834888285256418	-0.38158423132778
0.00767097384789528	0.79855052480598	-0.927137382099897	0.168392013419732	-1.15606653303762
-0.0897414510517335	-1.60712013772092	-0.69581361396601	-0.174295110829555	-0.613063861730172
0.707992044078751	1.13997483345008	-0.761824521635733	-0.292941026912842	-0.527462201195069
-0.132567852405096	0.303415626187296	-0.438001125178289	-0.947966151067985	-0.578741395765023
