1.4718473070472	1.06769001530861	0.472414810928837	0.25334825764076	1.58286004909913
0.162466232460904	0.34441039286374	0.0741846153405499	-1.12070623307207	-0.196579673993171
0.0870004691339282	-7.72533778244086e-05	-0.416907144206364	-1.11570696702458	-0.20518849490881
0.0183409115450641	0.284363406621053	-0.107817002645115	0.125961473706587	-0.310525500892363
0.328039609898273	0.950832578603446	0.108614603992573	-0.742544507256627	-0.0342512818506979
-0.0316123250395819	0.126055533799321	-0.205695023628378	-0.156959431871335	-0.191480929016057
0.0840885742008388	0.430906738612188	-0.645581072145425	-0.324839473918651	-0.607533778087088
-0.405474551321431	-0.328448806986772	0.195730032227787	-0.327927069804353	-0.452003298019293
-0.324535665727144	-0.46759687440279	-0.0618465993028375	0.0156781768757757	-0.171909168348354
0.151904550975649	0.812849746074968	-0.114463615566499	-0.390014147624759	-0.288830616384265
-0.335050017754884	-0.234238810523919	-0.100565681719151	-0.419053665512987	-0.827373485708976
-0.127462583242286	-0.209704100382245	-0.345040676718407	-0.241838182391198	-0.921544845676058
0.0777824036972118	-0.194554748847284	-0.0361831506099782	-1.26164547253324	-0.462493574498895
-0.0272544040998201	0.291635555222723	-0.311018630290762	0.968958119880756	-0.375628697661089
-0.202913942559861	0.131449667242251	0.0984403039508343	0.104645769038019	-0.334427271217844
-0.143366272013467	-0.025795775506257	-0.205330806734185	-0.613792402119816	-0.131600188663806
-0.466315320041903	-0.571190667086745	-0.493844105319863	-0.0490890376260543	-0.296308546856856
-0.0274270927542134	-0.0795232711970994	0.40449619526597	0.527451219747889	0.242938544114004
-0.173918474020783	0.822247610974547	0.191564515128208	-0.0961372028934766	0.355744424389689
-0.0903199228816467	0.0831315064900774	0.0501882261019398	0.984062017090325	0.218434723622721
-0.274378840807135	-0.0725827862202233	0.411448655854192	-0.367238307533819	0.171237824725065
0.150178179321527	-0.593829590362301	0.089964261254008	0.0247547825014354	-0.103761373278147
-0.273539599435956	-0.294223364533398	0.268271708158335	0.543525560671581	0.125301273661042
-0.0827330448168632	0.288556274608896	0.215679898288328	-0.653838656237509	0.33622836728213
-0.042287037555249	0.0415877885728021	0.206766718559245	0.667789963588312	-0.0493632377348702
-0.160905709432706	-0.683674661832907	0.541271513997939	0.166732625123736	-0.127372272947154
0.246915074733271	0.0172120155080284	0.310476501396585	-0.154975010166375	0.421050148450406
0.0897990513996605	-0.11646945067724	0.757571717289058	1.47548184698469	0.673667041707516
0.0202837075034802	-0.0897062301839612	0.346362212768729	1.03104767015518	0.42966449442204
-0.257403303942147	0.170832008527338	0.673667993388517	0.538250326352758	0.876247511945344
0.0245188513775664	-0.374037661127125	0.605971804336062	-1.07630414681622	0.194685610224608
-0.109973915297168	-0.708377980401207	0.883649058621187	0.545987492407923	0.512522570801987
0.214090294650638	0.522183090924622	0.826642389653131	0.392148308279271	0.664600201789297
0.0858189112924476	-0.501801764918293	1.09718696654302	-0.370955344686489	1.02453793006393
-0.108691983633994	0.672337995452643	0.957121172895149	-0.840760654417571	0.892102983528607
-0.133280017393063	0.111176462110233	0.119834931261993	-1.25225583855583	0.319620319365746
-0.0557978926025731	-0.562883030698031	0.381336398758917	0.872905521331772	0.391855819866691
-0.334669968690762	0.343194008965319	-0.000565081955623436	-0.397400387070181	0.43812822572192
-0.0949563607266035	0.157524445266709	0.433879995069234	0.724014110824787	0.575523504810034
-0.0353454950291944	0.429802240497457	-0.0315006617812819	0.274768752357583	0.551883531563906
0.0140942762404548	-0.0418643994489936	-0.181375704935591	-0.28924536058068	0.491593405516998
-0.363316186364894	-0.109537771675711	0.0784212585612246	-1.59623003902693	0.0116652764765693
0.577507131495868	0.0571407972598797	0.159312770591575	0.475139203170448	0.905104311264738
0.350496641855448	0.798007949726222	0.222070085035936	-0.109692552439736	0.733956777291598
0.129408014757459	0.831628389534643	-0.0592920958186003	1.74816658432273	0.311199570617343
1.23939091378714	-0.263936708723943	0.439626625411614	-0.907908493767781	0.126274748942141
0.890945309408986	0.094585078468999	0.872345332113233	2.89832722701441	0.832228561636866
1.82214306967675	0.428698644923853	1.33517112300894	0.603041529531007	0.8058619290556
1.00378837812288	1.39598522139053	1.38508394371832	-0.392316543625087	0.714516552068499
1.37355567946135	1.20473241976829	0.803003153839164	0.696894525064525	0.722416974138626
0.340322659470664	0.353508950452046	0.17255201397912	0.485380089694082	-0.198919295928518
0.401380582540794	0.328232708287164	0.0959342575648429	0.388283163342508	0.270462377459003
-0.112880965022479	0.506406544975373	-0.390376464128408	-0.0144914503784776	-0.173609410684978
-0.316306487890435	0.908403240641535	-0.921194737893324	-0.135922300549931	-0.43611104625958
-0.555892857522939	-0.0447425060483407	-0.826985992418462	0.561250898000387	-0.6768119983021
-0.480324696450021	0.0783423060128264	-0.703504997737473	-1.72391373498751	-0.78025368669051
-0.659461469011879	0.11608694630013	-1.22057414633535	-1.4918392034095	-1.0285864580153
-0.364355041619871	0.522597457199545	-1.26455440008209	-0.29177817863627	-0.746479913658405
-0.681167560621529	-0.258155047127287	-1.23192405342751	-1.02783346402577	-1.09248941722997
-0.437616906008316	0.0146606644191717	-1.38797337198902	-0.411901779851346	-1.45026001463539
-0.229021119363671	0.241137264686891	-0.913802256701896	-0.422573613129091	-0.642355824033297
-0.422581304887604	0.231963726333914	-1.07063085381271	-0.858531692936973	-0.427634406635465
0.0952991749260509	0.679775633155152	-0.746565416760978	-0.14943470876306	-0.534825407613142
-0.0845207376255547	0.135505942582284	-0.837922458497715	-0.0591737672806858	-0.445403970522033
-0.780579588321974	-0.693070175816303	-0.480004442481392	-0.0585284905303033	-0.693682499212925
-0.484165819256019	0.171872328152275	-0.876533621412472	0.972377983964234	-0.382551211097524
-0.130503296558597	-0.0402212682375323	-1.45788594285658	-0.0980357210372665	0.122510485092723
-0.0831732065694301	0.515932438317201	-0.990257429299162	0.315174502189203	0.0332797507025162
-0.693006425382969	-0.406292103111268	-0.847193167609798	-0.127877164793	-0.677880124684684
-0.579896976441355	-0.800611654836057	-0.565337792391274	-0.152650905558291	-0.127222541213178
-0.246724166509046	0.97231506570125	-0.344661788088622	0.986686909953479	0.00861354511932399
-0.522906356725103	-0.881296214389369	0.380543273408551	-0.279252091143401	0.265894073252927
-0.413361696455951	0.474344763136983	0.368440588766468	0.963566124951403	0.512628898952792
-0.0588530720125818	0.0246012641955591	0.654177530933289	-0.540522243072232	0.609624335632408
-0.243153673602052	-0.556146208976078	0.534621912544609	0.47600047755274	0.661507627615453
0.274828541893358	-1.04130803079764	1.04682373550637	-0.87548759870891	0.405009569374326
-0.244758171820758	-0.196181407294281	1.31938304860959	0.709542887608714	0.886489797085482
0.592578391182871	-0.185342988073261	1.70435835861991	0.709696441219691	1.0615010538833
0.340316270935889	-0.154315741660367	1.23036797780225	0.642784979039147	1.02539082018565
-0.224300573181002	-0.151733768654957	1.45739959260963	1.67211660918059	0.448069890194975
-0.416449714782094	-0.464183451328582	1.42641653715674	-0.442225208657651	0.741572470636779
0.130116208014997	0.149865201545696	0.977393719057509	0.539370818444091	1.00923036446557
-0.169555399494057	-0.289689067987557	0.792498048354251	0.381558150977372	0.53495671921447
-0.375405889285041	-0.316667311194212	0.719570425818229	0.330565760831627	0.466420964708739
-0.431393276410238	-0.61423560094298	0.163350831945323	-0.429866266112382	-0.473629551871322
-0.37409173363571	0.142635165309651	0.198614478258901	-0.350564422071296	0.35461535089458
-0.175790320827812	-0.389279922889554	0.650653873569825	-0.599836107335858	0.178329587275192
-0.139155856533006	-0.353827961483868	-0.0422600591878628	-0.0824485385407289	0.0304017412854701
-0.0347783065992516	0.220544619873535	0.265881496646966	-0.883404732624595	-0.0500432978435105
-0.469187652266419	-1.152548885286	0.284314686667884	0.106512376854722	-0.572665869701885
-0.373544074413627	-0.177290675387626	0.413953955893847	-0.432335265044196	0.0259483289187103
0.0800438713998875	0.274933550488506	0.626033302720987	1.14028282903939	0.332233987656854
0.190507433618411	-0.142633434147112	0.678065882166222	-0.245080916210861	0.504772793032142
0.253918889800023	-0.251404095111968	0.846515219927659	0.283467150206325	0.146029552489259
-0.182859233536999	-0.0926725193981596	0.209441893917751	1.15917128754624	-0.32084592989
-0.0571804001149408	-0.0617925282007634	-0.420168152658256	-0.878879527085377	-0.641761437567483
0.593376833944971	-0.114152460198995	0.672481092478143	-0.123129274938461	0.149361738128166
0.0976754640427599	-0.308847452521257	-0.168745692205616	0.954173973901291	-0.189864810257498
0.326055041517944	-0.45806109345879	-0.392927310300399	-0.387810137494049	-0.133514410834756
-0.325528305853361	-0.58777226447349	-0.702978461523323	0.701330341761348	-0.88224436296531
-0.570067482766229	-0.0681069557996118	-0.0651487119705366	-0.473714263970727	-0.0663266564703077
0.220083439341125	-0.406082152483461	0.00397339474885728	-0.616480542628932	-0.564114527646683
-0.123997351167166	0.00536120002866035	0.045528401219022	-0.274354710373008	0.279428525808782
-0.308872510881038	-0.179874332375508	-0.405220597501213	-0.827844648718498	-0.297737968151168
0.399640725782532	-0.401955421840344	-0.638067905032517	0.91685918749675	0.226331904847588
0.333215702469875	-0.383599475121634	-0.583955340278767	-0.214944713821628	-0.190716013883543
0.343614515368953	-0.0119758516342967	-0.877169022426999	-0.47331936287194	-0.513911861678694
0.411375806660927	0.0382367678872225	-0.692600115059837	0.0283358991910079	0.094141171079093
-0.232446502919767	-0.628469180628256	-1.57005475799626	-0.820826203370275	-0.808174990624343
-0.197368257131688	-0.531643312046381	-0.958282485228633	-0.67695050561033	-0.682699627581024
-0.283172483890736	-0.315666334761436	-0.52808009951706	-0.248353642348346	-0.0577649633115243
-0.053849362531602	-0.507174399954899	0.272089055136745	-0.371865088550529	-0.293984084094759
-0.229236612193582	-0.00106366396688522	-0.521815840822948	-0.146667390877681	-0.379883585131248
-0.397984549248122	-0.808066984852545	-0.967613103058399	-1.54865606601843	-0.670486944461433
0.0711059042183614	0.67083897931865	-1.44763924091933	1.1908518774564	-0.436406919459567
0.294115625539363	0.509058934973066	-0.310399261577964	0.242851403793071	-0.26963714380817
0.00845980033623302	0.052939165290819	-0.266513244802317	-0.681299683066258	-0.448709016047342
-0.483349645962953	-0.123940228997618	-0.457496160183807	-1.09209703266777	-0.96269930945882
-0.508310114291285	-0.474493215958151	-0.752165380105835	0.298733833826379	-0.481389045870301
0.315849657240019	-0.0112936007224053	-0.874564287780477	-0.640021830602705	-0.450682504256727
0.221536372164584	0.258453341606167	-1.09196834204882	0.00188763609889185	-0.730539379644882
0.194139944884902	0.30563438856842	-0.800210618750858	-0.834115176544308	-0.718097243896483
-0.603972043602286	-0.394038751925347	-0.468792596523681	0.483195754459058	-0.646669504523648
0.123659748390345	-0.00690302499860778	-0.375954198950914	-0.832067860478545	-0.0144748205385278
0.0848488410310901	0.471806393295561	0.0948231988505308	-0.286888874558627	0.345890953541908
0.181924928207012	0.512747891826543	-0.491560947624613	0.123186751808123	-0.0288427125539998
-0.175283142762924	-0.757767213863978	-0.167892344161539	0.843079015080143	-0.0919456918229059
-0.454028431357981	-0.395308315024767	-0.304396309409743	0.0306950368755936	-0.315982467756444
-0.0757394665458923	-0.147157888338032	-0.235890478862946	-1.403016843807	-0.0405401316811374
0.147246511104907	-0.262038696233222	0.199628119509427	0.219566098028197	0.133618979565429
0.0859247467450783	-0.181484871794863	-0.177240059934813	-0.267913285370722	0.245617418286538
0.141301025746619	-0.090820287082657	0.163807165446332	0.736508541615425	0.495132339339508
0.254069088088706	-0.290244737510428	0.505453583802628	0.46428384108468	-0.350168179652285
0.423916300338461	0.133216178906809	0.945916544472426	1.57699273056444	0.558826162733809
-0.0294477624048157	-0.490666532358439	0.738814815734615	0.885385610165548	0.483592097676798
-0.438178578854146	0.678323683699128	0.319016342534142	-1.27937580094808	0.362362178459282
0.282075146651808	-0.339137803999691	0.595758261426179	1.44905482639443	-0.194834781412647
-0.408115170917252	-1.13116924064959	0.576902379501322	-0.0207782723716528	-0.241018340182452
-0.307008968421121	-0.168308551187072	0.259021143278177	-1.0012551199261	-0.0810489354486248
0.783775802452949	-0.467580495091872	0.184542311852459	-0.107278373836396	0.362425985124424
0.329416307220147	0.338864150843196	0.443277407055648	-0.197832949417608	0.658590921980579
0.367556501698995	-0.240217911635298	-0.184950199427477	1.56015555644093	-0.236721693151033
0.73682491754278	-0.180720925557615	-0.211360836757243	-0.300072046798279	-0.156197753451255
1.01400427319801	-0.487521206297272	-0.170391124210117	-0.0177038394961816	0.280595773589513
0.792786420703773	-0.342768544202744	-0.673960999592205	-1.00859534598401	0.0355665660505809
1.21592770557262	0.385148652084875	0.290994706100787	0.817311719412602	0.140932857026453
1.40158955483779	0.617885563015423	0.617407887276294	0.365224493652441	0.467758465397367
1.34719367376951	-0.23883672376594	-0.0218210674465936	-0.543049228812095	-0.320771341992943
1.26353926759733	-0.527935585726863	0.181615160025211	0.124454443908677	-0.0267830322639954
1.41925833734051	-0.863930400793459	0.216719085568983	0.417965773625558	0.262190263097911
1.99482482964387	0.0576918739928225	0.748955336246042	1.22188534341562	0.444427971688594
1.01551871674858	0.327906125175103	0.517453154778711	-0.726313232337368	0.50843700989952
1.1659454332984	-0.0802715679498294	-0.495479306953853	0.556505293567981	-0.244855990287977
0.739917681429731	-0.366896560944447	0.315899327073577	0.0920150465639097	-0.085438967832754
0.417085955613383	0.193999398122042	0.22334885483179	-0.218448574785284	0.0562932083973506
-0.183709317818414	0.164984358367453	-0.798948698768217	-0.329198488987064	-0.197070098805953
0.362999613105013	0.516153121466844	-0.0850128517443668	0.0391753855168377	-0.385293781917415
-0.34232744733757	0.0343486486859679	-1.10404764404982	-0.950263453012439	-0.721336685469243
-0.579845192468045	-0.409504331854385	-1.17056640706411	0.0156697968813557	-0.774380322443787
-0.810635117036448	-0.480764051221185	-1.09279231017859	0.235013851034592	-0.727720152311687
-0.210310229115926	0.122722204999636	-0.49999274112324	-1.06250676324751	-0.892903752533251
-0.872077233878782	0.168826682069441	-0.94480258042816	-0.513066435149791	-1.01548191565644
-0.702655446409671	-0.451476101719941	-0.930228353058411	1.08288615221038	-1.37081629572171
-0.395258266057928	-0.0259172806441324	-1.1205460665184	-0.278244746958547	-0.796685887828827
-0.252377602175161	-0.401127819154354	-1.29689732248312	0.281323121412832	-0.528964295975483
-0.626676027111892	0.311099930321003	-0.845885020085743	-1.04239528748107	-0.989613872401644
-0.961013221460075	0.198064609283494	-1.17046614460144	0.348993486195566	-0.974584690859104
-0.606967227744915	-0.329974327705551	-1.09005312947857	-0.70839989796523	-1.0838747190042
-0.0669991686159217	0.144298792446523	-1.58594430764786	0.0565771733379445	-0.75119796545209
-0.614637105592311	-0.145415264795607	-1.27242688072744	-0.666436753599658	-0.607532011130499
0.0997637362245042	0.933167757586982	-0.890639285635465	-0.0784517169504571	-0.59256772773224
-0.526661098887284	-0.373508520721867	-0.589477016064093	0.0732756216233237	-0.937566867123907
-0.621292400207816	-0.541243671997264	-1.1251491804456	-0.401277802723457	-1.13017059532618
-0.629475980516151	-0.20229947492729	-0.574460154790721	0.481107870431881	-0.781397968652937
-0.38281960111144	0.197750537405742	-0.126065850073556	0.684034162280483	-0.375215317546601
-0.203082012609903	0.369497160967469	0.032338973007152	0.127550678160658	0.138884886118623
-0.869992222949292	-0.219328707945966	0.0526827888483668	1.64964233013168	-0.269661418384884
-0.389725934919684	-0.53892202451421	0.479524603736605	1.15035774972541	-0.174935825917123
-0.449560588018924	0.0669962965738021	0.0238030239581904	0.775743849162033	0.301407020487849
-0.426620507587173	0.0923872910904507	0.398124347520642	0.8981071868776	0.357135578376307
-0.372063791324206	0.429345121327594	0.0536954294967437	-0.273774005592419	0.279823269814561
-0.338961279180722	0.218517592340395	0.192779938213161	0.511344742666171	0.522924072968039
-0.322245106444774	-0.406612571139922	0.0900096234304272	0.570091102421264	0.0413382368122521
-0.212100245405844	-0.246976071663037	-0.137038684623224	1.111421152797	0.184201689467393
0.0860086305420408	0.284067489045707	0.46275018375247	1.08984963216711	0.735575693560917
0.649663449523623	0.480336110672911	0.488211384873587	0.962650131884408	1.01798241369477
0.480819545099317	0.642554036189904	0.682897020414943	0.954497396163626	1.19238654397025
0.922571893730012	0.329322186042428	0.818778242823432	1.07432100436291	0.680753732539935
0.728218498956598	0.658677981631361	1.70715930677341	1.33687015946127	1.06781083944431
-0.0288251206017171	0.605119628896411	0.814615919610149	0.950276676304347	1.04563466006015
-0.289347619510117	-0.248685242991572	1.05751231380282	-0.10178135946203	0.512329000382074
-0.576156650892352	0.599435927685034	1.11867411468396	-0.193863488376282	0.198602133622285
-0.249190147423336	0.363003517418758	0.509979189405055	0.248293217446341	0.515544462633897
-0.638774912887427	-0.737857807862885	0.248734898270037	-0.80166236967657	-0.0852993777976409
-0.328798998188168	0.246443501971867	0.933925840898417	0.647884521449257	0.419905406495706
-0.264141252056625	-0.675161490752166	0.148794204859429	-0.0286359644678191	0.298027935474298
-0.25233304163037	1.21815575241373	0.504620200034721	-0.0806682073600155	0.268329001788736
-0.611225729737939	-0.706266664400217	0.533705887093361	0.0575433522991838	0.257288328533065
-0.391284947847273	-0.420265588984288	0.638631935810452	-0.391114233931176	0.217032033139377
-0.225542173284341	0.272013024912398	1.06421101279865	0.562095422646966	0.745823324349993
0.213093871095972	0.322422795771232	0.893218563850157	1.16579654950349	1.00808968363099
0.770017295873186	0.781254739240151	1.47100855318864	0.138986280663725	0.88148546409676
0.61404120089562	0.803789078718426	1.16237861533128	0.150584900362679	0.468311343891955
0.537123190227263	-0.0209001595649233	1.47082336333685	0.494935902996746	0.31098836337842
0.390407437826968	0.507818053210243	1.15830427634328	0.773557233562059	0.874640533425197
0.140710143802539	0.123317075725803	0.713740421986854	-0.927708405548036	0.733917291717427
0.203636446066686	0.446533855846257	0.58484296138943	-1.25529875389744	0.120061589582081
-0.172806157168819	0.313778852967074	-0.430262549014105	1.49578710362478	0.155685611979477
-0.514712798896154	0.0316583453256081	-0.572707082471608	-0.962932007036665	-0.419816779322375
-0.162575731140156	-0.0896533109339375	-0.849322233350565	0.123640403298573	-0.125721171080281
-0.335626706902204	0.0852004980560189	-0.809834121268526	-0.579307774083444	-0.32343611810562
-0.240678606922914	-0.271818064725404	-0.960032699470906	-0.680031419946175	-0.492059852162371
-0.744037019817195	0.20373322705308	-1.27637544866896	-0.804077681517218	-0.808317093404851
-0.548485335609834	-0.226483762323021	-1.09127361620623	-0.512016723515628	-0.962125479871985
-0.312531783093004	0.335879589821785	-1.1679873979199	-0.209289915116644	-0.323173454048689
-0.0672257224442575	-0.193164631321418	-0.627129947937754	-0.478789019477446	-0.482398292803593
-0.464659755230804	0.0853667687161681	0.0125963636920681	-0.540165126231204	-0.295205294791568
-0.338138028243145	0.0443225566333843	-0.490197356138943	-0.548551571935893	-0.799668377269612
-0.53931100635084	-0.0536747044751303	-0.56399393021376	0.249811107028358	-0.764566862876373
-0.276884450760507	-0.533803690930019	-0.578300907309937	-0.536828372206341	-0.535146769791955
-0.365767432709379	-0.30689562209895	-0.398760361192356	-0.693120519136917	-0.106748502954139
-0.000242837172906866	0.153974341961341	-0.258315513409253	0.873625516437064	-0.282449447937036
-0.0792666168823767	-0.185137616320601	-0.558419078677281	-0.936151318718291	-0.485333685266578
-0.38735043331729	-0.689790666420677	-1.05462267333532	0.283843746511306	-0.932435193580818
-0.0849060085011334	0.4283468118929	-0.548529665934313	-0.77353840457111	-0.723087877524652
0.244975158525719	-0.485402045805592	-0.467710450800243	-1.71029889887535	-0.162388930784099
-0.207488713667852	-0.0865122701165038	-0.309164362902164	0.595905402424144	-0.467141767862458
-0.306775166716776	-0.217260285499171	-0.230715921992193	-0.351227750333452	-0.515917616561029
-0.612934893976736	0.0368891674174084	0.392767199549054	0.458273097212809	0.157480870116863
0.452709758781318	-0.129301225733106	0.292651810569651	-0.108696694921503	0.123127695131453
-0.178631704652392	0.269938439673851	0.744872561430099	0.656888498507328	0.326411804994496
0.116004112731513	0.133631444691591	0.613998279321532	0.270386835762505	0.463311890670937
0.225231424058963	-0.0774471332045887	0.450976256977841	-0.178356317128271	0.296793981776059
0.158576197611829	-0.00137969001704344	0.30295193961974	0.51933720847049	0.486467921272149
0.20366728985622	-0.195830144406618	0.318210631847659	-0.62590890364067	0.521538772150554
0.153192894646598	0.851417907390742	-0.046094628338688	0.244989253921429	0.556118952974822
0.0996888832155658	0.38237474491275	-0.135423099703079	-1.51522659146602	0.429381104555968
-0.130209275083049	-0.393192681870885	-0.0666464833002442	-0.777683118969004	0.232187098841578
0.3729483617483	-0.358522820859759	0.190208710987728	-0.292013758495349	-0.135779614974327
0.035723032822488	-0.104543283493443	0.346800591145803	-0.125045897649523	0.630460419396334
0.532931296608984	0.136276740018958	0.682799535568926	-0.217730277996238	0.108634148349024
-0.418750335830677	0.393392432479799	0.409533244740608	-0.969535742187438	0.215716198324241
0.401097873923964	0.266791131991009	0.125516555119895	-1.19555831624193	0.186879323167044
-0.609667974775541	-0.564143005964813	0.353822817986458	1.12399230132969	-0.0297652765081301
0.560426101850946	-0.386169260402044	0.675170718234395	0.260642808374654	0.240094796180285
-0.0113018817259201	-0.0891866229017002	0.655740886240633	1.07953061933536	0.316959440844934
0.336780741430114	0.758091890977125	0.503959169884612	-0.469736604157105	0.488948826571702
0.0418817984684234	-0.00244289087415847	0.121095162182437	-1.52214007959733	-0.142023064918636
0.479849993242878	-0.452394523871305	0.194812722419819	0.178481735512187	0.0942145411414383
0.253381905321793	0.137769221669189	0.80338404341717	0.89839248787801	0.559175349206056
0.332834022398083	0.282297067737667	0.56243610468168	0.916187143163905	0.19136212315696
0.0533935466203349	0.354941327304661	-0.0736737269732591	0.0526924114745477	0.551052010184361
0.15543666056827	0.201600515589621	0.410308804177039	0.0522556806954392	0.33097707633196
-0.197658977316191	0.0364631886734266	-0.187384353604459	-0.105856251443782	-0.0326688056526498
0.421513635914322	0.180370237019887	0.387243739802368	-1.1788454111979	-0.31787253931312
0.799550592702159	-0.0239928599768157	0.577492500960125	-0.315919214496268	0.455176842246847
0.883390622136878	0.713559935651873	0.596312510069746	-0.322325256679477	0.683181376690188
0.890200761268379	0.201859785321659	0.109083640196825	0.746177595782023	0.124557277397164
0.237583145770869	-0.139414977326525	0.544472485997357	0.576543560074595	0.300551743778707
0.78856829741149	0.158859222056833	0.65174868005246	0.951738258667594	0.520448297482518
-0.203336742054605	0.47200564053139	0.200751805289631	-1.47079735862691	0.501089748247268
0.19145796104806	-0.0698137342747005	0.39528310342034	-0.278104290127241	-0.251076069001215
-0.529244021333363	-0.725257157808627	-0.0253274682551069	0.0538912176643045	0.405607363398824
-0.0110818346637584	0.253315918013944	0.409355493088889	-0.105643799208964	0.0413413934979766
-0.331180679238916	0.239082243541747	-0.0605264230271467	1.03616247067669	-0.0283998313206193
0.214697446535647	-0.577524356459364	-0.247839904676506	0.669574430729871	-0.0423016641560533
0.310480609989841	0.517774243274685	-0.312714475520311	-0.744937777747655	-0.208130770682038
-0.614962350150442	-0.442322009512956	-0.482416307146534	0.712712558664525	-0.0463477622214115
0.301786801217745	0.0216176281846143	-0.372469392193334	-0.162415976727939	0.0772131735105857
0.379535149450203	0.266831864061449	-0.540839800961222	-0.932127556934044	0.425775404666209
-0.346445045357823	-0.0182929915419495	0.0164559246332912	-0.742465772575044	0.0272078691411533
-0.234668547928177	0.205129672338413	-0.41792249219019	-0.312390391339679	0.0905510109212914
-0.389104656293541	-0.0396780285577214	-0.499360240298931	0.0286166300298932	-0.47280372272861
-0.560081166296507	-0.398322562947596	-0.592502535887576	0.257793388683235	-0.522610293029118
1.35053646150257	1.24608955065946	0.781036937376702	-0.397512230507075	1.51567278613503
0.334888099071833	0.147499866120162	0.0912347322813139	-0.633396679339698	0.123129548041049
0.135503337290022	-0.128094690502874	-0.230889736093322	-0.290650034928368	-0.000985784544314275
0.10533655108482	0.973812608002264	-0.564287755404502	-0.94292151322265	-0.123284025915423
0.0215049943170387	0.120762650400973	-0.804384550971797	0.39545064114126	-0.255179036273934
0.43752230747204	0.591626814384712	0.26640032158111	-0.683698500294226	-0.0259356703087278
0.100477545055385	0.112754411503065	-0.240203348713567	-0.104544883120999	-0.0319991966046325
-0.363912860490993	0.339068585284952	-0.202772851363968	-0.510179730675065	-0.167281593576737
-0.216339005357225	0.0954342125593344	-0.0345072131115967	0.44309140218817	-0.0899351843696642
-0.0414362871513458	-0.328602900360387	-0.497910482315765	-0.19285819366606	0.0276414569055572
0.324249219516804	-0.453602433333957	-0.421759186343039	-0.373906692853513	-0.265183671008052
-0.197510248235811	-0.505469677959436	-0.448705364493145	-0.506861628067772	-0.515352255568005
0.1389617224271	-0.170569341031645	-0.572192648776054	0.0264249176228095	-0.219034088979957
0.0877539562152081	-0.662777848647349	-0.155932337749219	-0.114949009976798	0.0367426565212522
-0.169107125429075	0.37913687890854	-0.45075910001928	-0.690903052878869	-0.395221657186802
-0.00554157477621693	0.168277096526076	-0.382174518422849	0.0323475841481743	0.0956828320469434
-0.490369348054381	-0.26263917088578	-0.0968806303725891	-0.41776336119526	0.148624345177192
0.202672659044568	-0.110174736498669	0.479683396656401	-0.908738337957048	-0.288217863879336
-0.152347540168798	0.0380479369719266	0.678611010112898	-0.467997673541016	0.69283650463348
-0.271801954281714	0.0812616151435186	0.780720889510076	0.632915857099475	0.29449808133231
0.0943705348333174	-0.100330990131388	0.719996906643578	0.29420322815403	0.728424631174005
-0.357826222596743	-0.486360318392452	0.672028862424331	0.425063734415695	0.350317709678962
-0.474098149953389	0.456889248799872	0.420587537771491	0.151924432494748	0.150091557638962
-0.137462659756312	-0.427148140845961	0.889307626794646	-1.28126577496679	0.183704059108094
0.115360674409612	0.118959177209623	1.17819921569776	0.506215192280111	0.28113986891817
-0.0133602714046837	0.0875349856493277	1.00040229917992	-0.132985245379197	0.98056919942462
-0.293766623743943	0.848599799720951	0.647769628702134	1.7113889249528	0.613112657490802
-0.316456091865951	0.31117379282812	0.223424889208194	-2.12290798231967	0.425560463369425
-0.393110037914524	0.0792811557879679	0.542389298534655	0.88460830430047	0.210797782093143
-0.174589984378919	0.50693520723602	0.210902119100304	0.284682395174714	0.103244090571855
-0.234773944306477	-0.268907238553162	0.311039216873015	1.33777923882545	0.131191872543009
-0.171204386548494	0.504363192941169	0.364791270956383	0.2387847230818	0.257205852558926
-0.204852684366765	-0.369767151707314	0.377575202614853	-0.908566476448758	0.427016453349519
-0.132148988693906	0.390189314387083	0.0556285221812365	-0.18154915276403	0.0270110261938689
-0.449803858016222	-0.134820751103071	0.813885550049095	0.114910996843748	0.339121499659859
0.148831345418229	0.0492141749551146	0.769046166922027	0.887205851222556	0.278037265908772
-0.273480294730834	0.655906711008199	0.742194081409103	-0.236372230347938	0.616860297242008
-0.236541200640624	0.211720247302734	0.419452422500461	-0.5476248079643	0.0963308179693015
-0.417780916284234	-0.0840852671782963	0.227411797873925	-0.730168343497354	-0.0601746115997987
-0.938302490327632	-0.594856999502937	0.325367896449528	-0.0866742536643721	0.189570459795942
0.121442610519268	0.00511495708149911	0.167909825279584	-1.11159537805039	0.236725892420515
-0.216813451323483	0.022884533630842	0.629153960980236	1.05515388130236	-0.136175340059193
-0.451250319581533	0.466275443086559	0.327301714167667	-0.682959092800904	0.282763775839486
0.681799497927787	-0.106633327541559	0.610031692075817	-0.455579402006697	0.0546721266938306
-0.484818896076306	0.736297054764191	0.397527261622427	-1.17315687570022	0.11516827240769
0.773786627803534	0.00240956468873751	0.982972843851665	-0.033763227483564	0.788297256339512
0.091548105264671	0.394424103728088	0.534817620548368	1.0317247685479	0.397112210885441
0.560997893283768	1.17217368498526	0.518803636274591	1.02926565552548	0.968161693637652
0.351145593621021	-0.0987313938237026	0.505735248208363	-0.0684816040774231	0.750891649796778
0.271598008533069	0.31051772089155	0.0843990938432224	2.31484854171599	0.818304980985692
0.271426835941543	0.320575507394958	0.35214597966626	-0.16594165297834	0.532608357114742
0.690254944871547	0.710815572215232	-0.000467378907127851	1.31074664350036	0.401597662129709
0.175295457134061	0.212043720622516	-0.545321657826063	0.453684622837347	-0.0997166496059124
0.0101093323798001	-0.859716204171842	-0.594287741238285	-0.137223134186683	-0.213930492542844
0.281924410382937	0.0110934042780375	-0.428222579709801	-0.17057197262836	-0.257433200928093
-0.182653774283869	0.372409200050575	-0.625336556838791	0.175877275355433	-0.0683931231775087
-0.158969264966424	-0.20816817198651	-0.880047605652322	0.581325948729911	-0.168901141890939
-0.116450900858313	-0.453419356639534	-1.02238167742979	-1.42882093540476	-0.435517613533021
-0.442653658724079	-0.586260712841894	-1.31980174520087	-0.87192911735849	-0.599024937001239
-0.593970900522205	-1.02435595417141	-1.43499348739253	-1.11709522864384	-0.705455729437997
-0.225942976552091	-0.807843218552177	-1.05125708073129	-0.475166854029074	-0.754848114019831
0.235111645056431	-0.228641076707643	-1.42846093610937	-0.0790806837875491	-0.616861856872757
0.0669771475964796	-0.374314211277333	-0.725164430846154	-0.410433155084597	-0.302904366015511
1.04350676806281	0.0762251451464036	-0.717358881034429	0.0216969282109783	-0.378020604577917
0.222001382873022	-0.127440225534728	-0.611968743314388	-0.982094831224123	-0.364164611589105
0.510739022503565	-0.115838776291753	-0.645919052003201	-0.494547458987289	-0.690281010834772
0.296160274925296	-0.288338565523456	-0.250256885371462	-0.595951161584472	-0.563962457176661
0.557526755308539	0.394928522496617	-0.222676092178165	0.663098789922237	-0.584885892948399
-0.663299141233008	-0.232298399963852	-0.278026415432819	0.898487962421263	-0.206440885919183
0.0016417646302126	0.00556158775961474	-0.162936687698484	-0.863563370749546	-0.376275992877263
-0.000490237899933479	-0.352408854616861	0.154618004809976	-0.179825038150201	-0.114933644646329
-0.260884687009732	-0.024505266182872	0.21108976787687	1.42239646769063	-0.243837116034702
-0.337737427450737	0.204364976413888	0.0882172551945034	0.492222969506795	0.16380597599013
0.193909425967342	-0.0171370780620594	0.737634022607308	0.570112037610217	-0.0855827510696593
0.19129610326016	-0.343071718018074	-0.128944636910119	1.0445763624472	-0.158926791638758
0.288443711643361	0.0481561792533124	0.27924753913294	-0.300219017339656	-0.0855963821940847
0.472448731211212	-0.443902409551979	0.269375401394092	-0.342114153387796	-0.408380802397355
0.0493602976961981	-0.210402109155229	0.141105441226622	0.514030841991383	-0.0599096274707081
1.1173908597988	0.509029814566385	0.46334643858881	1.55202948012738	0.607389751030774
0.283458606775261	0.26167157391326	0.0462331622011091	0.0670581108906871	-0.0247100793615704
0.568195688112936	-0.307547439452067	-0.0286406017992687	-0.373256895502843	0.132280466529076
0.169460981094769	0.237856435984395	0.556714095766586	1.59924356571392	-0.000807347985967052
0.544519513249314	0.358824469477622	0.270692667899571	0.706007003369093	0.441557187406878
-0.191344012398444	-0.0624932092013035	0.643312865070486	0.647745225393891	0.392894118822952
-0.130683395912901	0.227178503462208	0.029756708682856	1.66486413607915	0.34574263171893
-0.205158771677918	-0.516840951570254	-0.0788127765489087	0.949926464341531	-0.025089821485658
-0.311369462157418	-0.12773654548394	0.1719930964845	-0.0540277377478532	-0.366134841185853
-0.536718534153609	-0.592858987323548	0.148931663089722	-0.987455840287544	-0.30765107721701
-0.176251121478483	-0.333193364459398	-0.193656179578788	0.149102710496313	-0.23790253043455
-0.336072844370429	-0.426852764557051	-0.082956917872504	1.34204199539944	0.016177596630469
-0.419677587476152	-0.179216069983298	0.101819241254045	-1.4579688812187	-0.373684250298437
-0.483628686086951	-1.46329053938683	0.140413748522989	-0.111576871420047	-0.557358395988362
-0.185848691368089	0.108760364191442	0.869783350450954	1.68449557647708	-0.266492591421898
0.34409520693414	0.500334993948694	0.821411764378549	0.923004321974355	0.0811265838859381
0.1312470249626	-0.582832166378072	0.584933539176673	0.056167224817216	0.392441298862569
0.440190436946871	0.339533102454828	0.533392856269043	1.01342147445315	-0.167677852489494
0.0656228415320748	-0.0559683778432938	0.22248076353226	-1.12215744402544	-0.00703626136489231
0.748406604770416	-0.0225749945631904	0.162349672729912	0.758772223858987	0.21809780019476
1.00806317774216	-0.0811822838556096	0.467423972394011	0.269683887947976	0.693365946823247
0.312634679485565	-0.202025039979585	-0.275675084228713	-0.131833693886429	0.247216873863224
0.105600031370278	0.303780841913	-0.264037471018167	0.728748386322806	0.458892130775148
0.0689623938763768	-0.661109244007447	-0.318274886742981	0.322787513288578	-0.382586993457921
0.0955103457257672	-0.664591845490307	-0.343944930264285	0.0191680006767051	-0.17101119905994
-0.296534226582435	0.363180292639449	-0.766262864471532	0.3036518702924	-0.640854160201099
-0.433366179962819	-0.0333904098662758	-0.636596388268428	0.522080625178313	-0.115042408849109
-0.131929033799295	0.69595678307312	-0.785117584141676	-0.479026670747751	-0.0400405952213577
-0.293787998506528	-0.451209492472562	-0.394674754469148	0.219706162015795	-0.552509170545812
0.153743928570145	0.0884735084947535	-0.966716269774948	0.116041829516478	-0.535459067491733
-0.41255152509044	0.319247629784752	-0.461170036371668	-1.44054837142047	-0.803370712095786
-0.355890512523948	0.135714406338995	-0.545734541836313	0.428130085482951	-0.396640340670617
-0.300817057711088	0.546144166662438	-0.703739207328476	-1.20617646164569	-0.591225403006742
-0.489224407902135	-0.42135695966597	-1.00930632614563	-0.50197087968183	-0.774355157462017
-0.0858419356463083	-0.213126663987308	-0.81524052320369	-0.988494725574097	-1.00916824516268
-0.0809263250794498	-0.816907797573591	-0.98050525217728	-0.395447266574787	-1.14184493462931
-0.198733210114442	-0.0730518175106964	-1.54319351371427	-0.513776626528296	-0.664817189764034
-0.594949049454165	-0.1635043757312	-1.14256244327995	-0.994743184609982	-0.979146775250557
-0.455050199469315	0.0462885089374407	-0.943235132088133	0.307257141186425	-0.861578007903665
-0.73510346434989	-0.480077764930792	-1.12499726791409	-0.862537395983397	-0.927016295564003
0.153916008452666	-0.329724783249652	-0.693579590255498	-0.416764342552021	-1.05628303102327
-0.34239591562635	0.0272056390694608	-0.887104507815892	-0.800530925410815	-0.63581622968866
-0.409987001019618	-0.0996763235763604	-0.289082034455833	0.727076994994566	-0.261664198781005
-0.317694573923694	-0.335775908683695	-0.28887334789514	-0.499108881541129	-0.773020237450736
-0.367611644557001	-0.258267980578397	0.0153615687505042	0.139836991137297	-0.133626640951419
-0.377072924452489	-0.501320761898964	-0.426406876814121	-0.689632152077908	-0.165657367586061
-0.0848699831442765	-0.648554672377321	0.056581511926246	-0.356474728644626	0.0463742670643733
-0.659133406253175	0.0879543009040377	0.364677137176283	-0.0552721226858616	-0.098553724176161
-0.277052490991675	-0.241152535343702	-0.176174904587684	-0.878735853817412	-0.207170269677547
-0.512411929756444	-0.667688449923688	0.365977790232514	-0.448899878542345	-0.304402336459096
-0.261335347034123	0.0673980724509399	-0.24954405370258	-0.904506766386988	-0.360664823410913
0.167808394256381	-0.574912619801674	0.133070238202397	1.60468156418527	-0.337017595261698
0.00308027419690057	0.0438597588295776	0.287056365309552	0.580156381441545	0.0747378000976844
-0.454426675943603	-0.144999581095481	-0.619725537955925	-0.707981417676361	-0.0828038310836616
-0.0541838179070715	0.156514207342605	0.259285138000121	0.0769052656730919	0.16262089935136
-0.150999454093681	-0.118089934616345	-0.122682057603152	-0.150232986903443	-0.124619288420881
-0.290968902098089	0.199448539570726	-0.0977347128188395	1.25787573571851	0.436792884147318
0.239148065683978	-0.132165779131101	0.483601031630085	0.300815052564959	0.657199496525665
0.668330174818005	0.33023903561136	0.391933695536807	0.909614079985272	0.531039667808189
-0.269086789010616	-0.202930572127061	0.330948560250884	0.605503864931183	0.158829134068668
0.29427986951286	-0.70558629374971	0.635424202764331	0.513640941070083	0.114922691540767
0.0712245422592602	-0.486116646197977	0.0667024485784464	-0.166211855975563	0.11723414467116
-0.150115747443379	-0.172739034683717	0.276272670385998	0.800780155053372	0.154896169402316
-0.368730795765962	-0.560697969907363	0.153516197677343	-0.544726396140372	0.68318471168672
0.165603406948429	-0.637553087503763	0.00387275220410072	-0.659074728780257	-0.44705183256022
-0.216134160633566	-0.725161956837396	0.169417685413933	-1.24419192384162	-0.212791212394548
0.0587635537106503	0.441098654880158	-0.0180937515817016	0.586910334430651	-0.436100374641148
0.0565460022376706	-0.148562192220535	0.73738744288847	-0.837809949399882	0.527979526540103
-0.242855697499009	0.527015629521048	0.512306072548915	0.651184334983823	0.311910548841322
-0.142996111070418	-0.466575130006024	0.510599110767874	-1.31654455976113	0.428599654394509
0.253047102747185	0.239275237438311	0.243192084072785	-0.69607300312858	-0.210575032376184
-0.165821993783708	-1.19718705979729	0.692618228795305	-0.0281556145304512	0.150932955022709
0.735108240950486	0.72171843915073	0.512932188517856	0.0981777869805856	0.380762252210889
0.735088969644931	0.927610331122986	0.951010853883825	0.595661525616427	0.56811300103982
0.892056805621645	0.708671567001534	0.848521568996507	0.454488450027598	0.767417717406931
0.965149041299238	0.601713604863418	0.720639048029755	0.272913993864173	0.642112487101375
1.04378902364711	0.783909418410794	0.47169231757436	-0.0437777212868713	0.274015700320914
1.55095886383833	0.241112358113298	0.0832815425276526	1.2328307080068	0.417870423981308
1.19965069677031	1.17023459309315	0.244054525493989	-1.1975812299266	0.560735897938333
1.10836426467158	-0.216500502292617	-0.559408783892295	0.215083656243876	-0.0540791990949602
0.698849031639314	0.288194249289731	-0.665467514783779	0.177651563712518	0.106337840393933
0.32327289378243	-0.223470435035044	-0.716190651691838	0.118923794005824	-0.0264290833963001
0.497366963262804	-0.196204051181083	-0.8326747892821	-1.50841547451661	-0.116317028934252
0.331523820951659	1.07309093569213	-0.385209923674238	2.64774097972598	0.147776835769182
-0.327691682890179	0.0518546127594436	-0.376410875282941	-1.07009538292238	-0.100471718892756
-0.222432149739594	0.409740914067713	-0.807903965757891	0.0221048282580559	-0.0819739315043168
-0.764825951830068	1.09928445808446	-0.691600094748167	-0.82033130155811	0.0406125090775531
-0.536568506970908	0.328839742146817	-0.783119065981246	-0.052268729488524	0.217703751770754
-0.0466572101090606	0.441642009204601	-0.514292189062746	0.230258812108155	-0.0983791441726541
-0.121936530941073	-0.0584418451360752	-0.125022566373852	0.962363115572774	0.0441789934079091
-0.331157020609881	0.508349417692833	-1.20257928058694	-0.232102399400075	-0.493014039084985
-0.393831323586975	-0.0388896353310518	-0.473600525583989	-2.17397202555243	-0.92876667838825
-0.165309804229136	-0.521796318693347	-0.424667777347432	-0.243897713455564	-0.587214442598878
-0.480394225187874	-0.48992731593401	-1.25711409608884	1.41150884421733	-0.775864631403315
-0.342664108219303	0.0722675024842823	-0.601607594234864	-0.441506543663933	-0.243709577775063
-0.365088127359264	0.158581774581679	-0.700398483443995	-0.441921344250081	-0.257742686976592
0.0704168855003384	0.0396370827764735	-0.241120100991168	-0.571373079699258	-0.33026726651857
-0.53674363460952	0.275624399555345	0.267939507440638	0.0701488302939509	-0.0511936264836887
-0.220862448267434	-0.122640765755968	0.0587129301946934	-1.63627106515622	0.262414858175013
-0.0941915972375939	-0.119192705931036	0.286646920271189	1.17289867487874	0.109332939961121
0.433263911829432	-0.3504475421117	0.362072361987246	0.59625593415065	0.327875566984339
-0.882350738405305	-0.612302914244823	0.198085356673937	0.476396104017012	0.0801287584126775
-0.26214486292687	0.655917279799559	0.437598262299448	0.0657374265258437	0.234296700967923
0.0154016059708555	0.282637620300196	0.101412121359981	0.790617159937657	0.654190104331641
0.172415679141683	0.150668189677545	0.602741901429658	-0.102802319549605	0.678510412657514
-0.102655023196347	0.272285479566671	0.527461566465844	1.45228281376567	0.890878022728357
-0.417576219619762	-0.202959972449838	0.211860923464539	0.0676230962655777	0.44557284146878
-0.431144930738083	-0.125500718500489	0.460688859510437	0.235709760180204	0.237860885791522
0.0132237504069859	-0.201556135549831	0.364617697810632	-0.0586919920875163	0.239787345046308
-0.268137657660889	0.0736090278007732	0.569379046376171	0.0437000783040718	0.507620900853799
-0.222069401077696	0.0794305007982206	0.522000257633471	0.977387251646245	0.726322271917062
-0.384209939758729	0.512993098605637	0.719761445412144	1.18222166385547	0.280536531674972
-0.592943438049988	0.01603114576472	0.454715644818803	-0.935482349342033	0.144223445585991
-0.714081289399636	-0.320123726054616	0.433376323063935	0.0805506702745791	-0.158977491723314
-0.173363888712207	-0.265507349234146	0.596476735947325	-0.942703359726995	0.163169439412297
-0.0329429145992325	0.437507077909716	0.265559918636982	0.890410087519828	0.203612133664019
-0.476823966317431	-0.192307162282715	0.676575329240227	-0.0756111384809403	0.497680643226117
-0.146585775518584	0.306957620942416	0.848612550860843	-0.297848971970529	0.300714408571392
-0.0458896901606273	0.112807675763986	0.190816915833212	-0.857627653381821	-0.0501573895148447
0.0449783113982993	-0.136060301703523	0.468255745184016	-0.18275705387369	-0.110637553650272
-0.415637590033148	0.0772711116179125	0.449101693323155	0.686403660122673	0.298649395574398
-0.139133791865809	0.324105554132962	0.107262480675279	1.13473230324753	0.217847173629244
-0.115048478961668	0.527305218633484	0.621952463418521	-0.191030211143368	0.595582348396323
0.246687386728384	0.0859890712834251	0.315392348115065	0.263021250497497	0.334015454388472
0.200566421022568	0.205010914883119	0.556670634105397	0.696058138878556	-0.317855600633521
0.392085943612584	0.391928872788926	1.05306802711354	-0.131518582505362	0.369238467857865
0.330406918846889	0.622917835714963	0.697090510148363	0.218772397169107	0.566026126587868
1.24319869400576	0.653411165798977	0.519185737826458	1.67060680504436	0.286324449522794
0.686176838730459	0.0543438324828198	0.48086794026496	-0.316130802769137	0.0646883242606928
0.744772649802666	0.0151870382300286	0.311834835125269	0.984997133285793	-0.200438261656297
1.0514873033299	0.206035889601891	-0.266953644959024	-0.502766957088339	0.204380133824201
-0.0960678494329974	0.480561959309748	-0.198821818207338	-0.0678625950813584	0.239804484621375
0.320849885811235	0.675236282670966	-0.595705338722904	-0.00978281335353269	0.452213021697897
0.134385518137726	-0.0717355504432409	-0.592729637258525	-0.528459962328383	-0.205026100492381
0.159387269506349	2.61396962211106e-06	-0.37128119522255	-0.420411750071238	-0.0147241371858017
0.584584692545055	-0.156569896951102	-0.508991385081177	0.381648286837049	-0.473163970536335
0.924248421215353	-0.424133007455936	-0.866979083548731	-1.09729742655016	-0.427587746909514
0.457881137790661	0.325912782466875	-0.973122352671615	-0.822074921240614	-0.607443465967645
0.438771097412769	-0.727342238921118	-0.725095153434351	-0.589318738712449	-0.787068002570369
-0.134711839731573	-0.181343350912942	-0.659817885362288	-1.28779803109635	-1.01245633303532
-0.373883671927726	-0.34165981032947	-0.89454914209251	-0.293085715424418	-0.94837098066899
-0.498004551389131	0.358297238453431	-0.884995512916779	0.407908732398012	-0.36962052347768
0.0416664021439828	-0.075384115965909	-0.613836759261018	-1.59018466902659	-0.452933558293748
-0.22468445374414	0.205922513958153	-0.788933528421277	-0.0149783922510162	-0.337296550634785
0.48567505901989	0.219058607967901	-0.263978743813077	0.00812237155202824	-0.66417690827422
0.009870071028543	-0.528272956800996	-0.739298102888753	0.435961435146023	-0.435995072572401
0.349701249644067	-0.451772971923622	-0.622307869045149	-0.505980393894829	-0.195291030904043
0.236171655008578	1.10069966616186	-0.376693927998535	0.768321865503929	-0.366205408987375
-0.156778302555114	0.0422722139207279	-0.283444946085272	0.362975132379275	-0.609239904819761
-0.120779908780122	0.0530684095426142	0.286219003455209	-0.759498602579214	-0.136719181039291
-0.267539161085897	-0.351043954853212	0.477144560770933	-0.0319864862564201	-0.297205228843795
-0.0276262742267992	-0.764055769514819	0.257760064467156	0.27756493261626	0.242932762811681
-0.447729317602353	-0.175880952264603	0.653147633947478	-1.15928529831239	0.0456522155906552
-0.221187808473615	-0.452645140595633	0.25521198923637	0.135546885586846	0.301657175159978
-0.376213914532489	0.256421721803603	0.211414226145705	-0.773171421239472	0.137305161352701
-0.329222268063553	-1.17865068982061	-0.109006530552991	-0.655487036219281	-0.205514757480676
-0.470405563744275	0.762754262550864	-0.0943466321889604	0.358180228449001	0.206179793356675
0.260031718993888	-0.525684778509879	0.0296672160652898	-0.37580635555812	0.054806573517368
-0.0546793528258115	-0.378455580105411	0.423515198629865	0.701303586795507	0.735240055527914
-0.161380364291989	0.69718977069827	0.219605484589576	0.618548598221011	0.433429463020133
-0.0275945181093534	0.648432943905328	0.676510297563945	-0.184726898205613	0.593807129572676
-0.568956650622306	-0.139810521823989	0.782878239129615	0.727826739504617	0.341764551247564
-0.0985639245487806	0.144793198157908	0.731415690874981	-1.13302183708574	0.557527541738855
-0.158307553744326	-0.177152311108499	0.092900224652971	0.717891369754667	0.389152632499847
-0.0789308720975924	0.0679443868815496	0.817635141026106	1.05972685457803	0.515179097818738
0.46417361553865	-0.0177387491915292	0.252052094404982	-0.672250245708343	0.521395970511463
0.00766890058650762	-0.823111352523203	0.700087222016106	-0.32088622554707	0.169824515454629
-0.0429222424365994	-0.387653691836963	0.592343776816134	0.53911175852319	0.00307498109809171
-0.218948626063676	-0.274970689117961	0.676880929328128	1.19513623414994	0.593852335810007
-0.160383769366997	0.298705902745177	0.237175638191138	-0.0905463169156381	0.253948317301397
0.0222631362392652	-0.0705831787699652	0.242008079620891	0.552949856803212	0.703856883821299
0.0351043437956692	-0.54774411950663	0.272442213140834	0.313735310128359	0.169002285728493
-0.599429163056773	-0.199315295294468	0.179892871325189	-0.538803489667233	0.0223644051401108
0.64897596440836	0.412917389695517	0.377047594048818	1.91716811915375	0.823244272128153
-0.182695893498518	0.0894870064643114	0.447738160031194	-1.55658200107809	0.352865480231978
-0.044463158613469	0.142547448250423	0.0165339540852381	0.47240718513853	0.526223472430651
-0.0990351614574824	0.0359370452091237	-0.0627204174701219	-0.287588891760647	0.176450482013433
0.0933949558446081	-0.668335690686835	0.876580733754931	-0.19991743355599	0.0640916388801551
0.392699885723589	0.440834553721491	0.319303350249163	-0.564412030207052	0.786707832900839
0.508369878418782	0.240067990514039	-0.0216709994676497	0.175060156773635	0.418265915193095
-0.349679766206309	0.319713316192796	0.523495803545361	-0.203364601832002	0.446436283477286
0.315761172835636	0.661749706494712	0.0264564430814316	-1.473390444305	-0.0427853467286188
0.439695199434173	0.359336840211033	0.158798954325266	1.49315904382945	0.0145270859625761
0.31430622748692	0.529072068993698	-0.0370607386581577	0.813399855404806	0.0450524119315532
0.138156466795695	0.111976039299564	-0.524249148215704	1.31587220384913	0.675683843313465
-0.484960473899758	0.379816626653513	0.19511087810948	-1.44973363405329	-0.21601492381397
0.359172606516316	-0.72870759697867	0.0798111560117559	0.919661574820968	0.323019230890532
-0.17547330657165	0.0940316535662201	-0.121056005439972	-0.250649601900348	-0.219333728004737
-0.313382440945489	-0.563981226789942	-0.22408433856543	0.618288870243943	-0.341379453314732
0.27514001772634	0.21724860794512	-0.171128954088078	-1.60384314423204	-0.620081702037727
-0.580392366607171	0.517942138554913	-0.362463541445648	-0.29370446067519	-0.984674620875751
-0.208718639277715	-1.0082856467131	-0.744575947418909	-1.36291786497129	-0.696447495167235
-0.32154470293514	-0.0812117167864791	-0.654114436042913	0.0336780402761609	-0.622280457872611
0.020694999952781	-0.994151668771926	-0.963770126016675	-0.388312598536855	-0.946030204126541
0.00550347876414127	0.289254839873656	-1.11492344304183	-0.438599079867939	-0.94863619349759
-0.246051698083456	-0.47923225639288	-0.562595910619324	1.05404021652493	-1.09870417713959
