Subject	VOI	x	y	z	Size	
100307	WM	-40.591716	13.384615	48.662722	169.000000	
100408	WM	-44.000000	4.000000	36.000000	257.000000	
101006	WM	-38.355140	20.411215	46.280374	107.000000	
101107	WM	-39.779592	23.853061	39.820408	245.000000	
101309	WM	-43.843750	13.093750	46.187500	128.000000	
101410	WM	-41.675214	12.957265	50.068376	117.000000	
101915	WM	-39.968254	16.984127	50.063492	126.000000	
102008	WM	-44.000000	4.000000	36.000000	257.000000	
102311	WM	-46.000000	6.000000	38.000000	257.000000	
102816	WM	-45.743119	21.027523	41.467890	109.000000	
103111	WM	-34.598726	21.082803	50.445860	157.000000	
103414	WM	-35.666667	25.675214	43.649573	234.000000	
103515	WM	-43.652893	7.925620	41.834711	242.000000	
103818	WM	-43.547826	18.886957	42.504348	115.000000	
104820	WM	-42.133333	13.373333	46.520000	150.000000	
105014	WM	-43.850000	10.750000	48.400000	80.000000	
105115	WM	-37.872000	9.936000	47.872000	250.000000	
105216	WM	-47.976562	3.992188	35.984375	256.000000	
106016	WM	-42.000000	12.000000	42.000000	257.000000	
106319	WM	-40.000000	6.000000	38.000000	257.000000	
106521	WM	-38.279720	19.006993	48.307692	143.000000	
107321	WM	-39.846774	15.887097	45.846774	248.000000	
107422	WM	-43.125000	9.550000	48.600000	80.000000	
108121	WM	-48.129412	19.658824	33.329412	170.000000	
108323	WM	-49.786667	19.266667	33.200000	150.000000	
108525	WM	-45.563910	11.383459	40.676692	133.000000	
108828	WM	-40.786885	11.562842	47.704918	183.000000	
109123	WM	-48.569892	17.612903	35.236559	186.000000	
109325	WM	-49.175926	9.574074	33.629630	216.000000	
110411	WM	-45.633333	22.866667	36.550000	120.000000	
111312	WM	-47.524752	15.188119	41.207921	101.000000	
111413	WM	-40.849057	22.566038	43.584906	106.000000	
111716	WM	-45.891156	19.224490	38.829932	147.000000	
113215	WM	-36.000000	10.000000	42.000000	257.000000	
113619	WM	-40.058824	12.245098	43.950980	204.000000	
113922	WM	-35.894737	18.024291	50.218623	247.000000	
114419	WM	-48.655738	5.398907	39.092896	183.000000	
114924	WM	-40.075188	14.947368	46.195489	133.000000	
115320	WM	-49.730612	1.910204	37.853061	245.000000	
116524	WM	-40.248062	16.620155	46.387597	129.000000	
117122	WM	-49.650350	19.244755	33.118881	143.000000	
117324	WM	-46.000000	8.000000	36.000000	257.000000	
118528	WM	-44.000000	4.000000	40.000000	257.000000	
118730	WM	-50.064103	5.371795	42.858974	156.000000	
118932	WM	-37.041667	21.364583	44.979167	192.000000	
119833	WM	-38.129032	24.741935	47.983871	124.000000	
120111	WM	-35.382488	23.548387	43.382488	217.000000	
120212	WM	-45.945098	11.992157	31.984314	255.000000	
120515	WM	-41.850467	13.495327	45.775701	107.000000	
121618	WM	-40.811111	19.233333	46.888889	180.000000	
122317	WM	-42.911917	13.440415	47.108808	193.000000	
122620	WM	-46.460674	15.685393	37.033708	178.000000	
123117	WM	-48.097561	19.365854	33.219512	164.000000	
123420	WM	-44.000000	8.000000	36.000000	257.000000	
123925	WM	-44.139535	22.372093	34.604651	129.000000	
124220	WM	-41.805907	7.940928	45.839662	237.000000	
124422	WM	-43.893939	16.954545	46.378788	132.000000	
124826	WM	-43.906250	20.921875	42.296875	128.000000	
125525	WM	-41.244019	17.559809	47.234450	209.000000	
126325	WM	-45.692308	20.903846	42.384615	104.000000	
126628	WM	-47.618321	9.267176	42.534351	131.000000	
127630	WM	-48.758974	5.538462	41.364103	195.000000	
127933	WM	-45.488000	22.960000	38.672000	125.000000	
128127	WM	-47.596774	18.903226	39.048387	124.000000	
128632	WM	-42.748387	14.567742	45.212903	155.000000	
129028	WM	-36.544000	17.184000	54.144000	125.000000	
130013	WM	-42.000000	4.000000	40.000000	257.000000	
130316	WM	-38.651163	11.337209	50.720930	172.000000	
130922	WM	-42.150000	12.866667	50.000000	120.000000	
131217	WM	-35.937008	15.968504	45.952756	254.000000	
131722	WM	-39.488987	23.674009	43.550661	227.000000	
131924	WM	-46.234375	20.937500	38.968750	128.000000	
133019	WM	-36.000000	14.000000	30.000000	257.000000	
133625	WM	-42.084746	19.169492	46.254237	118.000000	
133827	WM	-36.378788	20.636364	50.090909	132.000000	
133928	WM	-39.849246	17.869347	35.356784	199.000000	
134324	WM	-45.945098	17.992157	31.984314	255.000000	
135225	WM	-46.000000	6.000000	38.000000	257.000000	
135528	WM	-45.596774	11.467742	44.483871	124.000000	
135932	WM	-48.937198	13.719807	35.516908	207.000000	
136227	WM	-42.505882	21.164706	42.929412	170.000000	
136833	WM	-42.872340	9.319149	45.042553	188.000000	
137027	WM	-46.000000	12.000000	34.000000	257.000000	
137128	WM	-46.000000	10.000000	34.000000	257.000000	
137633	WM	-36.476821	18.940397	50.423841	151.000000	
137936	WM	-35.139535	20.953488	48.709302	172.000000	
138231	WM	-46.000000	2.000000	38.000000	257.000000	
138534	WM	-47.351111	5.733333	41.617778	225.000000	
139233	WM	-46.330435	13.513043	44.678261	115.000000	
140117	WM	-45.811594	23.043478	36.710145	138.000000	
140420	WM	-46.000000	10.000000	34.000000	257.000000	
994273	WM	-50.695187	1.561497	39.101604	187.000000	
140824	WM	-42.126126	19.405405	44.108108	111.000000	
140925	WM	-46.736842	9.473684	43.210526	190.000000	
141422	WM	-37.397260	19.607306	47.397260	219.000000	
141826	WM	-38.785714	24.892857	42.750000	168.000000	
142828	WM	-43.943662	22.915493	38.760563	142.000000	
143325	WM	-44.236220	22.944882	38.393701	127.000000	
144226	WM	-40.000000	22.896000	46.624000	125.000000	
144832	WM	-42.729282	15.325967	44.961326	181.000000	
145834	WM	-43.976562	7.992188	39.984375	256.000000	
146331	WM	-45.140187	9.775701	41.448598	214.000000	
146432	WM	-49.315315	7.657658	35.594595	222.000000	
147030	WM	-40.823529	15.882353	47.811765	85.000000	
147737	WM	-41.235294	13.764706	47.011765	170.000000	
148032	WM	-44.200000	22.973333	38.680000	150.000000	
148335	WM	-40.000000	10.000000	48.000000	257.000000	
148840	WM	-43.790323	12.919355	48.209677	124.000000	
148941	WM	-46.095238	5.224490	46.530612	147.000000	
149337	WM	-42.000000	4.000000	40.000000	257.000000	
149539	WM	-42.677778	21.166667	41.100000	180.000000	
149741	WM	-43.787879	11.227273	48.348485	132.000000	
150524	WM	-39.922330	23.281553	46.427184	103.000000	
150625	WM	-38.753623	21.217391	50.492754	69.000000	
150726	WM	-43.345455	19.572727	39.536364	220.000000	
151223	WM	-45.557522	18.654867	40.831858	113.000000	
151526	WM	-48.088608	7.379747	40.911392	158.000000	
151627	WM	-38.385714	11.371429	54.142857	140.000000	
151728	WM	-46.000000	6.000000	34.000000	257.000000	
152831	WM	-36.365297	14.200913	48.319635	219.000000	
153025	WM	-41.840000	14.976000	48.144000	125.000000	
153429	WM	-49.161290	9.658986	37.622120	217.000000	
153833	WM	-41.857143	16.091837	33.765306	196.000000	
154734	WM	-45.956522	7.014493	44.492754	138.000000	
154835	WM	-45.104762	9.723810	45.352381	210.000000	
154936	WM	-40.102190	13.094891	52.218978	137.000000	
155231	WM	-46.339181	3.508772	45.005848	171.000000	
155635	WM	-45.279621	9.819905	41.412322	211.000000	
156233	WM	-38.000000	8.000000	42.000000	257.000000	
156637	WM	-39.711864	17.779661	45.720339	236.000000	
157336	WM	-38.000000	22.000000	40.000000	257.000000	
157437	WM	-42.794521	14.671233	42.753425	146.000000	
158035	WM	-50.591398	17.451613	29.290323	186.000000	
158136	WM	-38.078740	11.976378	46.015748	254.000000	
158540	WM	-43.644068	13.288136	47.983051	118.000000	
159138	WM	-44.000000	12.000000	32.000000	257.000000	
159239	WM	-43.186916	17.719626	45.401869	214.000000	
159340	WM	-36.543046	20.860927	48.423841	151.000000	
159441	WM	-39.466667	21.083333	41.000000	120.000000	
160123	WM	-40.676923	13.169231	49.984615	130.000000	
160830	WM	-37.976378	19.960630	39.929134	254.000000	
161327	WM	-43.854839	13.064516	48.048387	124.000000	
161630	WM	-47.937008	3.968504	37.952756	254.000000	
161731	WM	-47.600000	7.369231	44.476923	130.000000	
162026	WM	-47.569620	9.856540	35.755274	237.000000	
162228	WM	-41.692946	7.875519	47.742739	241.000000	
162329	WM	-37.280899	21.584270	45.247191	178.000000	
162733	WM	-44.000000	16.000000	30.000000	257.000000	
163129	WM	-46.000000	12.000000	34.000000	257.000000	
163331	WM	-33.479452	21.726027	47.780822	219.000000	
163432	WM	-43.819672	18.819672	44.163934	122.000000	
163836	WM	-35.901235	21.827160	47.975309	81.000000	
164030	WM	-42.370370	19.037037	44.518519	81.000000	
164131	WM	-44.893617	17.489362	43.148936	47.000000	
164939	WM	-45.642276	17.089431	44.260163	123.000000	
165032	WM	-43.196262	9.710280	47.392523	214.000000	
165840	WM	-47.661972	15.253521	33.014085	142.000000	
166438	WM	-43.409692	5.859031	47.559471	227.000000	
167036	WM	-45.491803	17.016393	40.606557	122.000000	
167743	WM	-40.377358	6.962264	51.830189	106.000000	
168139	WM	-39.253589	19.559809	43.224880	209.000000	
168341	WM	-46.211180	15.366460	36.844720	161.000000	
169444	WM	-36.348485	14.681818	52.090909	132.000000	
170934	WM	-40.035088	26.701754	42.140351	114.000000	
171633	WM	-42.000000	15.692308	46.369231	65.000000	
172029	WM	-47.500000	9.303030	44.772727	132.000000	
172130	WM	-38.755556	20.311111	48.733333	90.000000	
172332	WM	-39.887006	15.322034	39.853107	177.000000	
172534	WM	-43.159420	27.420290	35.362319	207.000000	
172938	WM	-40.461538	19.096154	46.634615	104.000000	
173334	WM	-38.183206	17.007634	53.984733	131.000000	
173435	WM	-38.000000	12.000000	30.000000	257.000000	
173536	WM	-36.180952	15.828571	43.352381	210.000000	
173940	WM	-36.390625	18.750000	52.000000	128.000000	
175035	WM	-50.178344	5.210191	40.828025	157.000000	
175439	WM	-44.615385	11.442308	45.865385	104.000000	
176542	WM	-41.908397	9.160305	50.198473	131.000000	
177645	WM	-45.728814	17.576271	40.474576	118.000000	
177746	WM	-48.000000	4.000000	36.000000	257.000000	
178142	WM	-45.760331	15.933884	37.876033	242.000000	
178748	WM	-51.647887	15.239437	31.098592	142.000000	
178849	WM	-43.943662	23.169014	38.577465	142.000000	
178950	WM	-43.508929	13.928571	43.464286	224.000000	
992774	WM	-43.879699	8.962406	50.436090	133.000000	
