0.865806876698421	0.0842318424111245	0.387900920352097	-0.654269279582706	0.407696892867201
0.331027942157472	0.259201541889161	0.108250444184006	-0.380270428036229	0.335444573721139
-0.0400155010450535	0.600242685579566	0.310196194551932	0.789586132521628	0.326069214103968
-0.100896011947082	-0.111327913363379	0.0450727626295213	-0.027537713149345	-0.265829883744679
-0.174268145553671	-0.326200365604492	-0.044491022253518	-0.560070824043005	-0.493174338435197
0.0333589541587506	0.192415248126498	0.0166590563192059	-0.832941785743495	-0.191448200711011
-0.196750140050944	-0.123316078924632	0.49185217896265	1.03792648446087	0.113770925804103
0.0899914131803862	0.92680245858589	0.378275918384839	0.372916832881756	0.0625361675068103
-0.077411912716346	-0.188639417392608	0.485698907427081	-0.790581232901359	0.317616219160279
-0.354106178026948	-0.177367497351686	0.214940461026008	-0.0747139653770923	-0.0256743304436807
-0.388408282385344	-0.186873833055683	0.226842603462961	0.238849401988458	-0.00183800283493129
-0.0743542246188654	0.0520243829281681	-0.0669973315270041	-0.144461807625181	-0.249725528226104
-0.0449807893195285	0.535959999648846	-0.210231142303158	-0.322711162756615	0.123530269696195
-0.272886518064647	-0.671887622152696	-0.351169759436813	-0.301806067018928	-0.0992999182666954
-0.127972850383642	-0.341607805877902	-0.0651654580516449	-1.26597377790233	-0.737778113512681
-0.173309871371399	-0.479242863900559	-0.725892047111772	0.270536930577835	0.371696114133879
0.15139268226887	0.971243753870849	0.0594818550380255	0.517081562899626	-0.264532383762858
0.15662442057605	-0.983515405071605	-0.219535765187079	-0.350675585309901	0.209471388172551
-0.0044531658975276	-0.774645059944803	0.242271961336699	0.181572405970194	0.263581005128666
0.274882370776459	-0.390636249238388	0.175984791662264	0.720616298106357	0.243025860318329
0.474949386613243	0.620043589174377	0.0185074530523717	-0.481488797990031	0.180507373508787
0.54245573544799	-0.0601617503690181	0.47582288805523	1.29229297971816	0.309734272383633
0.285286882536602	-0.0857083151307745	0.438541767144259	-0.832545660117804	0.404464613615328
0.214345307837151	0.0389631320304325	0.16983767361141	-0.0973909092137658	0.415648299739436
0.46565695260202	-0.183261360820663	0.161657051198983	-0.00721507720678547	0.104704392803917
0.48424320061797	0.247942286649131	0.0298677817128036	0.66791294473583	-0.047238035597297
0.677198980826753	0.111674936587257	0.117143223769922	0.662870786899283	0.381885261213844
0.414196021956609	0.555941700192881	-0.178716429280742	-0.566708248960475	-0.0844564954459988
0.770242473947922	-0.0926927938156386	-0.0613828874705733	0.732720449182377	-0.122691726867903
0.639328036471282	-0.18330099460856	-0.100818852928076	-0.0634362914640301	-0.168365603064676
1.02585717801837	0.632019003435894	0.0414196370242471	0.559333884346957	0.00520585894692652
1.00949163039338	0.563198361739913	0.30819554045605	-0.247814996597556	0.496980568825465
0.262036356586065	-0.105831424577807	0.18125739806718	0.473218231306967	-0.28584912434547
0.403275500054736	-0.0783679408187303	-0.206101784683908	-1.04333962114139	-0.117573922680467
0.184257523135943	-0.131582593083211	0.160870842458035	-0.103283512915689	-0.0440263485546634
0.082897868566497	-0.114632098631726	-0.159276430862585	0.347670379505618	0.125754550202434
0.444360518638024	0.194213110479336	0.187553464031192	0.186827792710035	0.315747458592494
-0.232813312027353	0.148070548860268	-0.0455991930097154	0.661337234453511	0.267926469753321
-0.147648919770805	-0.706182218031605	0.0391524393640721	-1.15522823619344	-0.274261069526534
-0.408227840515077	-0.64259840709631	-0.0453430618698744	-0.454700231510215	0.296981374779609
-0.0594858134598315	0.0403556626439394	-0.00176880938775772	0.441388471974169	0.000184991510021315
-0.122434858388688	1.06456896470975	0.153711860854033	0.350989321198087	-0.0915308497235617
-0.204522798115466	-0.619407331484235	0.020382114860898	-0.821490596977598	0.381161282612801
-0.488046193356807	-0.13926294168114	-0.227118855556594	1.14966964796768	-0.0458891479679204
-0.326091675799416	-0.18407487640717	-0.198900909785295	-0.53161268601905	-0.0150934783581228
-0.307119248486754	-0.00344839985291552	-0.104798822207505	0.632402467883138	-0.312615285604442
-0.176047888885239	0.46590679903396	-0.0233630700035399	-0.0177268538651057	0.165640761310463
-0.29171243354144	-0.369609607478571	0.112300550359882	0.160374719820468	0.179355816371985
-0.658263433053968	-0.0169291156628203	-0.0353320536352351	-1.4092369157849	-0.29109603227887
-0.355951534805547	-0.233909825324907	-0.0358964995077563	-0.27980067829575	0.232251159823
-0.235038860252667	0.100319282886823	0.0583199654184876	-1.14921780609024	-0.0339937000979919
-0.299060191734138	-0.0739548145865077	-0.133369330913482	-0.428509109040322	-0.0118178987204234
-0.446378301619732	-0.74036036895836	-0.0576838870250875	-0.843262088710747	0.209615462589294
-0.337308527551666	-0.0994303142626218	-0.0354271261419319	-0.538892611250393	-0.594975871728106
-0.22469701453126	-0.102670688329126	-0.311738911673335	0.395456140840804	0.0363437889136468
-0.112636556679444	-0.318736357066655	-0.240055714799532	0.670646401145409	-0.192369139537031
-0.101964657619344	-0.236369194762344	-0.0649733999698298	-0.48955715265506	0.264545354719523
-0.277509733340592	-0.979856121180459	-0.0715603710995762	-0.195822647606076	-0.173716426695514
-0.0315203258954639	0.539552066920765	-0.27201976972812	-0.345747743843797	0.130948233653714
0.0216813554324932	-0.7392063141194	0.124814978004921	-0.53906821123583	-0.202245467344114
-0.0217248571724337	0.48974751068513	0.0813763897639424	0.419156992770968	-0.320829137309809
-0.169486809168273	-0.731741436071902	-0.156754819572785	-1.11450076850296	-0.348195577387294
-0.082554585260255	0.72143699250323	-0.245761582054486	0.136620099458759	-0.795629975231246
-0.62416745946579	-0.200520168672377	-0.230775275105967	-0.382122065922112	-0.684094596377881
-0.880684950895982	-0.339648435880244	-0.253867350538018	0.237398757302218	-0.77685421100533
-0.40340303456008	-0.396489044344653	-0.346921920119346	-0.670956200258128	-0.339086166519709
-0.814002696714224	-0.50529149378762	-0.429679950091916	0.184795398570035	-1.08702535729633
-0.659679254715207	0.530508911042221	-0.791975972075865	0.393215269238571	-0.261688733280099
-0.383650172509075	-0.519297693761386	-0.284131293650536	-0.688059830368194	-0.556882580837578
-0.115215813438728	1.37602500997909	-0.45930194698354	0.148147518038539	0.0165868796992327
-0.110847626830809	-0.785579489911555	0.104669478591993	-0.234021499704426	-0.286382508909221
0.0410652587083655	-0.271964026131304	-0.471014465345062	0.607465816421868	-0.430188912822303
-0.000245042431392694	0.169074654813373	-0.372024842934689	0.136200723917909	-0.0631137642650168
-0.0643247890110719	0.245230129825165	-0.699812861162156	0.194175178971832	0.092288745125576
-0.0586878400043589	-0.268887285137232	-0.32006170128905	-1.26383664957711	-0.498907130360539
-0.178754525969342	-0.179864688576675	-0.130385520508886	-0.51947566397202	-0.0242013425852103
-0.35472940457881	-0.232761102322567	-0.358121014220101	-0.528455313604695	-0.192287846244091
-0.0957262916948072	-0.0119499827426456	-0.293807764165591	0.316333986809801	-0.240522017629728
0.314555376149432	0.991764326591616	-0.406209997170604	-0.530720060777221	0.137777710585263
0.35964449006359	-0.29687748669554	-0.035215052667868	1.39296342217146	0.0788721416875175
0.271412552839425	-0.215050947216551	0.510177787004011	-0.125115399329654	-0.127691018813338
0.258551043506076	0.561811631210681	0.0959022450657043	-0.564461550245461	0.491201151533337
0.511226174983005	0.520213271664392	0.200590443124147	0.876568019611427	0.0870307500306104
0.566200488979135	-0.513577667900896	0.31542749808897	0.0577337956890093	0.55522660795918
0.54116255054092	0.777782840311728	0.87503136919686	-0.368911612815755	0.907610542822131
0.478643416313861	-0.0368577232870456	0.732384232806631	0.585045309607108	0.400123330788855
0.1124450472535	0.490451531544681	0.245566623645423	-0.186051877275206	0.396422209767673
0.0216593811959999	0.551194932012875	0.194975136149001	0.232162131642572	0.0344457104772779
0.0386629194902192	0.266113090964058	-0.0511152308414482	-0.764251543939942	0.0407817239718868
-0.124333388793569	0.488964620219444	0.00660185494830524	1.16032987087554	0.044237150903299
-0.579962936874126	-0.483347528479978	0.232330633032879	-1.44799373148687	-0.0871641416275994
-0.274198230214587	-0.22594762479696	-0.233513564097607	0.636896548806611	-0.178762715780954
-0.710026501744878	0.227734916859537	-0.157228580479875	-0.202474848707509	-0.134817582164186
-0.210067386821856	-0.23237152115462	-0.158898238997774	1.40058943447584	-0.216158351937506
0.0269782917239903	0.325502509416577	0.18307781235462	1.07355431184367	0.371603677889371
-0.226765701238116	0.181109606629508	0.248557533754538	0.656406177819926	0.0863363777790196
-0.00430009896097361	0.203673902275884	-0.00704627779171369	0.15186506377679	0.343684640962294
0.153316220010294	0.27412640377251	0.0719671134119758	0.383850294692215	0.414910637793204
0.176601268740927	0.599541727482853	0.19927987869692	0.593804381731615	0.325276431012156
-0.0063434772293046	0.0181585034176556	0.301246235182115	-0.210441275112287	0.585643888542886
-0.232948864191863	0.493215514235078	0.235423060237789	0.251665015965533	0.351569194233267
-0.160793849492296	-0.0158732440940608	0.0841322563399636	0.232965405004409	0.0213847165273125
-0.169768592540178	-0.406865662917277	0.134269389958927	0.64125583081435	0.175422954492604
-0.186487696763649	0.0916682034330647	0.235508601616771	-0.121215629738375	0.0971328427841835
-0.490285184277916	-0.429347858538536	0.118662854901435	0.223040542033754	0.158081827213888
-0.588875981204208	0.271542286749159	0.000517770218725401	-0.577537269827325	-0.162868093336395
-0.270453759116285	0.0484524775406599	-0.212647434092012	-0.0914927157705832	0.0663402692938377
-0.433812437614983	0.127980958285732	0.561896468550943	1.56383943487877	-0.119425508505057
-0.132813340449648	0.388360459147136	0.192460498185013	-1.64252551749491	-0.018385040599677
-0.238374294905248	-0.187302225835974	0.266242610541154	1.40622800451595	-0.00713570055012123
-0.134123609158704	-0.0153822555016616	0.04688158648995	-0.105875961065818	0.0630282525965611
-0.170033583824951	0.202883084382946	0.159461873188571	-0.126974284060123	0.127313818106793
-0.115239770080478	-0.117855460661491	0.460183325651764	1.50587996108191	0.139668453601154
-0.147581520833916	-0.195528953207423	0.0731917484229295	0.300559981450368	0.238621560749005
-0.325809098445694	-0.245796453961805	0.0133692269935392	-0.344985269504913	0.0385763101920994
0.106589519319659	-0.18425869173353	0.0455746397445355	0.620078897258062	0.192032199467225
0.264674640424691	0.521761320651654	0.248925858152591	0.301336969870651	0.0306842212401376
0.275183401573126	0.520196889104841	0.289094653999867	0.289713184269933	0.0811426991277716
0.203058135996811	1.47523156570733	-0.263604737738378	0.241997849270263	0.18433331544372
0.303091362521223	-0.281870928890013	-0.129966068514294	0.36629295891927	-0.131369746456835
0.0909616350956107	-0.198923273494188	-0.280471513857704	-0.591618103035515	-0.22591473974193
0.0091895036700879	-0.195283119719328	-0.269050302305772	-0.304691955424441	-0.453330124015514
-0.250496992530992	0.346443944159491	0.183298356048331	0.0841202765169505	-0.586521342152628
-0.492961190003462	-0.592714093875254	-0.368636673207708	-0.0843619110539417	-0.726842850116766
-0.492117883617813	-0.895710367259532	-0.201471592175597	0.172322308923075	-0.608490481558248
-0.138775183035087	0.345588934181745	-0.221883898339109	-0.545603769789304	-0.153329108571031
-0.0324610130236276	0.552498761017937	-0.328995487572832	0.150831240785796	-0.370940063848508
-0.0552211365572537	-0.16012073639572	0.173878926903611	-0.158837894220905	-0.670451408172359
-0.143601018516091	-0.442766270114128	-0.629067070897475	-0.019944987071839	-0.0597302306504704
-0.22121690376192	0.421262423755936	-0.135022424693559	-1.80679946640662	-0.684250639871656
0.163388336923605	0.3749764208069	-0.219326677659219	0.725701330334473	-0.362590830118948
0.107938472911185	-0.370561493144911	-0.367292537449139	0.150835028565128	-0.655016339669113
0.371049442765014	0.750287079874419	-0.243109898701653	-1.36406967520435	-0.303384231912219
-0.139418323534848	-0.199362740541232	-0.188724232631086	-0.222341615730589	-0.377359179818312
-0.0778644199730128	-0.154602838323569	-0.0618804392732039	-0.538469207219837	-0.639535770859264
-0.209050814074375	0.330012284409307	-0.33251742304342	-0.333391241123416	0.300239725516309
-0.00521546085107522	0.0296208228552538	-0.322480305819926	-0.677774429153242	-0.220243990051478
0.133760055989152	0.333799847624571	-0.230976817150025	-0.486490913442558	0.132153432326356
0.293905407705885	0.651979513014543	0.10668184499118	-0.220847144697196	0.152003030041641
-0.248699857677595	-0.230271718974696	-0.423579274472474	0.323308896442616	0.00616321555657189
0.26194151010517	-0.236091255493438	0.0353806199718655	0.234446763752688	0.0351175141308949
0.394251090870114	-0.149922471015699	0.185333517041124	0.292406079030829	0.109256924176391
0.564326447080674	-0.0452792580473225	0.439153858578628	0.646577362099076	0.460090171153567
0.430926228504693	0.603952489476288	0.258555802461242	-0.510126663192449	0.442050980017536
0.634590520134852	-0.124056025590877	0.155375666684518	1.3414134332633	0.129067555760176
0.587669240500167	-0.534514026322639	0.288852830667987	-0.473529756606135	0.971340446048594
0.695559755363247	0.215802473526549	0.305630314772296	0.934259424346368	0.25343463191668
0.887697964108682	-0.00780796396288823	0.327305175172036	-0.146324504090384	0.507647728551556
0.343175742874279	-0.259316637302846	0.113816861275408	-0.570142271484327	0.369045046607611
0.594489075860596	0.501792516238911	-0.0375620313935578	0.276482923201154	0.70000980414036
0.288269764696527	-0.0450804042257039	0.0163140687972178	0.296529708508732	0.0637896052460391
0.403680240865107	0.00673126613797044	0.348691343391417	0.158347353810845	0.429715347719329
0.318789127193455	-0.133993751634017	0.112182853575024	0.774646979078492	0.248291307305228
0.193675341607771	0.382414583140492	-0.0737597172200256	1.0337440594596	0.0610798381545554
0.227615276991658	-0.408835388517793	-0.0900406785116708	-0.0359255396077485	0.297171757365072
0.226965644585706	1.21955985649815	0.406228414001532	0.159397341035316	0.216324484954631
0.288401524851059	-0.0702325794070153	0.182646258135022	1.28685964765374	0.174906363104852
0.484944987132792	-0.179848697622709	0.0839910077397952	0.65271622154186	0.230569943992437
0.394925777776915	0.175855761725837	0.256448540188883	-0.00904056779723118	0.369828321500447
0.607272164161537	-0.260412757591672	0.264319880293404	0.670163905419108	-0.0756136882988601
0.50197243544721	0.152595758961813	0.24922701223706	-0.0720628560036873	0.345015960197269
-0.109153353939735	-0.431745979118989	0.225705571826348	-0.729448395213326	0.59336705091835
0.145451917367197	0.505005902454673	0.0501971511451651	0.162876832434244	0.183519575019977
-0.263110976792425	-1.30281620524255	-0.13116614544817	0.107589557894181	0.0650092540769449
-0.20019433104661	1.14917520448737	0.00788417699032537	0.956973890950961	0.29328553569108
-0.238434939191438	-0.400909355435945	0.0688558440810484	-0.840286252325487	0.199973904323185
-0.227064308404567	-0.725799488182974	0.0828257568649716	-0.0431215271149116	-0.259759949340603
-0.0821242983662244	0.210427183533576	-0.137985167478473	0.620153634505525	0.337634685557305
0.256650702697502	-0.0376363477010801	-0.369993345480135	0.793006390438271	-0.0271764900502401
0.116067948792184	0.319736190047711	0.0637474197917983	1.33479861420691	0.00984430455100916
0.0619792907182035	-0.354779740687444	0.0148286490002324	-0.405549407061703	0.188355307702087
-0.0438384083159099	-0.0960926445694935	-0.247754593906393	-0.220291071668243	-0.414012380494307
-0.180743104698049	-0.159988281025627	-0.337144803665609	0.036619486994137	-0.123141948478669
0.145003028301546	-0.801061942768219	-0.0893261373014107	0.30902929354473	-0.23171489578286
0.0815677951146374	0.551178409369285	-0.102474235942543	0.477786805479954	0.197178144509952
-0.387066149350766	-0.087983855433965	-0.127828975318297	0.332693351648459	0.0647065021868175
-0.163151895126011	-0.551583860701689	-0.11840421621347	-0.436314593182989	-0.300504138725546
-0.281367751329589	0.539338999446946	-0.211953395727867	0.553118866227398	0.116359656254359
-0.0154017381720617	0.454617429806641	0.0828605046722792	0.114937187171235	0.0725041545793763
-0.0212411094879821	-0.462812644890056	0.261150555537379	0.65711414605354	-0.154380733475356
0.0100942221997189	0.579517396217714	0.112165249179062	-1.26727891015043	-0.354975148072348
-0.229779497043447	-0.144634780667864	-0.0581854649372568	0.195789769866803	-0.338184676835626
-0.150028844077721	0.285613462286138	-0.237261149330463	-0.447567024928137	-0.523906733623817
-0.281028364755747	-0.63404500792323	-0.0771426616343152	0.28565642395322	-0.487950135831959
0.0989161322038336	-0.252648024756685	-0.46616829892483	0.0419892467207726	-0.239791639435743
-0.343629507182656	0.0875619475323662	-0.369199275521103	-0.149484732287696	0.0327830421461052
-0.267105451464425	-0.189429786664749	-0.453937697066212	0.172135220423791	-0.567684678957651
-0.606727280858174	-0.0303777713383023	-0.452724464730869	-0.901610779288821	-0.38044230370378
-0.288399029782196	-0.281696938710185	-0.538041002933231	-0.0187430839334059	-0.222288905696633
-0.43382142093149	-0.0385955429847606	-0.101264300557749	0.494073009274523	0.0462396384299176
-0.307966154725195	0.367783760684329	-0.300182433641423	-0.672754892779506	-0.184684752461323
-0.0965104696218079	-0.74716989003658	-0.276147932866296	0.132949017607776	-0.073216016286609
-0.0147641683510919	0.117537071546155	-0.205804801140232	-0.393269834748356	-0.12079044576105
0.0530920670688039	-0.181956002695487	-0.411597979333824	-1.32633410985933	-0.609927189729407
-0.129649850531261	0.146365637251941	-0.0862113401792944	0.367295187013689	-0.330087251187708
-0.147674074658429	-0.479154671247778	-0.0573429937085406	0.457317020441417	0.0759775540669196
-0.533649414890371	-0.141967775685273	-0.570796028264557	-0.574272888431973	-0.390898431749895
-0.40319051001315	0.656806477737612	-0.191685225510268	0.00756016610352154	-0.563829509057359
-0.0628333184375493	-0.831875123544892	-0.228812705375713	-0.622039484284226	-0.169071946508763
0.0859044424373065	0.27229997137785	0.0533184512092425	-0.844376841244507	-0.0195623937330332
-0.0809401411773048	-0.701993404545079	0.0143401626963559	-0.718744624686062	0.314093561606118
0.169682342496707	0.327862338617947	-0.143898851800406	-0.183654695946122	-0.0245703623160376
0.128086105942195	-0.119122722173853	0.0502910889273964	0.738388021919779	0.361814701867772
0.125207439529756	0.00370705929766533	-0.0703354915287868	-0.0910307132581579	0.237799012372655
0.5254969690069	0.512367363253598	0.403126078538142	-0.0445478613201663	0.443558561883521
0.280306128240903	0.765462726126514	0.258858096852058	-0.259548822156726	0.364786735512664
0.391160117048615	0.246267438456136	0.12380497735417	0.317160596238598	0.0573535173114242
0.441759179587274	-0.00872197888965616	0.333396263641698	0.959912276189645	-0.0122453461938419
0.234947068880845	0.0802027173851719	0.20631535056532	0.980940741576964	0.0710302377561698
0.179418369063091	0.244976498947968	0.427918035191191	-0.915573118526844	0.229053228295462
0.062103525841424	-0.170143472303786	0.117542724193123	-0.816732002867781	0.0924429613690487
0.161030218206359	0.00204389958939073	0.237847260999282	0.783001699560744	-0.169819903205183
0.0432122496348991	0.826489732822096	-0.0938221641974263	0.432659492192611	0.105763354812313
0.393696702689343	0.217983890083249	0.288822361104682	0.793272201445967	0.220725143273864
0.275714522780773	-0.93807601147281	0.187534947280895	-0.29684261962065	0.00823876995335957
0.43822343159157	0.0431601154187424	-0.231165357329742	-0.390272886439286	-0.155490684820731
0.167271658038933	0.0146860675424421	-0.225707351491907	0.448191022960495	-0.0855658229413055
-0.187859140512385	-0.460767896150028	-0.35912214394507	-0.992154350501023	-0.172870346005076
-0.105793926597921	-0.309970104901239	-0.0761053177833177	-0.845918418596325	-0.015698286591288
-0.268150946820116	-1.45432314714298	-0.0273492499062523	0.0318292817100736	0.097345558689339
-0.0706677911616035	0.287981809261487	-0.134034621964418	-0.251561145109438	-0.0978553447506515
-0.0686976720852766	0.789197046217796	0.0711187031561792	-0.534184089868022	0.21019630864392
0.234340586553885	-0.691386171784635	0.345845204710511	-1.07987358118736	0.143664964534257
0.329930104308068	-0.226127307287425	0.568629531973748	1.02343034215553	0.158403518688259
0.0346712162010009	0.0288222146049129	0.428840284491147	0.436246628221531	0.12450711634999
-0.0042195856251026	0.0464867144729522	0.348261615608442	-0.659783204903574	0.0763402309893893
-0.107892037884467	0.297845612126677	0.20557275707493	0.416994483226529	-0.230230258517519
0.0915288205941413	0.856263799925147	0.511369530624313	-0.787169872728418	-0.0816330194139657
-0.142569972866227	0.316865999052562	0.3584437241991	0.79147911477532	0.272155860833231
-0.219390315905164	-0.836182572439789	0.189946138051367	0.567267383262438	0.279347882511254
-0.351058869825232	0.201215861598838	0.0723597098515097	-1.55231254259638	-0.235320982330097
-0.0124606204448048	-0.55243478647107	0.0143430653450529	-0.27621917744197	-0.0600257600832786
-0.341087860263789	1.06927126579106	0.0459379848533323	1.20250931085397	-0.160781262249413
-0.289831726957376	0.589325918972838	0.147686637822428	-0.774387547311507	-0.00251177813474404
-0.217121804241794	0.080462812986191	0.0289174446077667	0.525452528130267	-0.183002917227453
0.312120822311883	-0.458634411877238	0.160694627656272	0.22467169273672	-0.0294715898398972
0.201134813462989	0.106076579624102	-0.0941930934431635	0.235328941621089	-0.210792986185869
0.278623566363742	-0.0698756750980798	0.409336627175628	0.0829447147220381	0.349182551025358
0.0475359809746912	-0.980893901378468	0.0778339041054895	-0.601351912067199	0.258029967622177
-0.0231682539612586	0.261563738573696	-0.277466314340917	-0.953742474153686	-0.306816508415771
-0.0797177727890791	-0.747547502624935	-0.112393477019359	-0.582254116665864	0.155220631292294
-0.0556906748558883	-0.150984796847838	-0.151983689205457	-0.205912368019052	-0.0837579798888674
-0.0312945183905228	-0.541496639022798	0.0545130617876551	0.119119049648224	-0.417335174142633
-0.249868339495471	-0.569553601592337	0.159751932421777	-0.213649945628468	-0.0361409042514634
-0.295958828002572	0.178745018401354	-0.0277698662123386	0.543271654483744	-0.332305760081117
-0.242956251027363	-0.185913904571078	-0.250895072106754	0.517716768968065	0.458975374997957
-0.0265035133783613	0.629414068789492	0.190266361094437	0.597149549718567	0.306224269076941
-0.293819447746794	0.801141108608549	0.517097856352502	0.308906949879741	0.776728136208324
-0.323748932881185	-0.706244796746783	-0.072528402333688	0.504344750783968	0.421600469997033
-0.063826023886199	0.405516098183632	0.150507216052258	-0.0369926369414268	0.219319494964152
-0.0623142430383478	0.734235897321777	-0.241588780909574	0.729808612527916	0.0768136855753146
-0.0671986754777031	-0.107048295348725	-0.085527426934085	-0.746829451588309	-0.035821598199484
-0.352725554004474	-0.882520701358785	-0.332856329277591	-1.28231940646149	-0.305128978685718
0.124247833080042	-0.65775029516028	0.658457991854802	0.0905151076331733	0.931284937786278
-0.0737297789661259	1.22118775242961	0.0795248730303754	-0.58430651380256	0.0248669627220967
-0.461142288630479	-0.868184050915277	0.154077687837851	-0.159445819055539	0.490838758040968
-0.577153728122184	-0.714814339477457	-0.275891079084567	-0.363481375949658	0.0822583702541172
-0.415513473162777	0.535724364819825	-0.0991226837470471	-0.221459544487073	-0.0291541524122181
-0.588996940151904	-1.46612871869684	0.177553707707218	0.450555946033941	0.19960958926486
-0.620102963406565	-0.919290661161907	-0.0876425446537879	-1.0764988505361	0.316586941043953
-0.479441300781798	-1.08616889277906	0.368945328394748	-0.737597056323512	0.321868429309873
-0.0163299611185361	-0.403953014081607	-0.0684128711043263	0.188490068404784	0.052471239255446
-0.733705139937547	0.126260518571118	0.084804546113868	-0.836024171179529	0.133044697709406
-0.176877050570035	-0.460511492536351	0.440396958092453	0.320492008856996	0.246027143768134
-0.276116015640628	-1.39596109409511	-0.312945044637478	-1.32952977526249	-0.434702517494592
-0.471650832000956	-0.301517416304813	-0.0597171619164669	-0.795971939489134	-0.31581621768626
-0.230711576899476	-1.00316001431067	-0.661411395504171	-0.958856842782323	-0.62288023019905
-0.184398320834612	0.230003969579116	-0.564641208956415	0.731634983924824	-0.360450388107569
-0.0978911518368781	-0.875847135450271	-0.0103903431394665	-0.024498443615645	-0.169334782528313
0.289461111567482	-0.152311446401628	0.186315515889918	0.88330098509828	0.177901492985526
0.385075323365936	0.635281249243796	0.0729049656479943	-0.44752198084393	-0.137927777608006
0.351650654306027	-0.156799401546983	0.426392468684863	-0.936969800250067	-0.268225340417736
0.702464598295554	0.703470952750976	0.435074927436405	0.380837524646349	0.299156212166751
0.542364949437113	0.809329716793831	0.71646220008946	0.136593689165792	0.321652470699257
0.498427522893853	-0.7630411402228	0.171499785738963	0.182198248340054	0.281438810220134
0.658705566508536	-0.0203546703861701	0.578604565281479	0.1497515298839	0.290487050070104
0.476461815224715	-0.134055864772413	0.646499054935562	-0.491230928962995	0.4079804125445
0.42898146583954	-0.522011843420104	0.588376057506568	0.45798129681974	0.151749799703579
0.389971304929647	-0.848292848822263	0.260504734838235	0.748759876537625	0.33957691332626
0.198218345458818	0.0779871702401151	0.63188558358271	-0.77676705388181	0.260642488506434
-0.0414687552322591	-0.0408084488740364	0.196013469412939	-0.458962770420509	0.23766126398909
-0.167442606106265	-0.0275157310508054	0.14620301903346	-0.0753147157422044	0.218856946863715
-0.0632292028167285	0.777696639161351	0.297296232343211	-0.24619997024352	0.0225862856371679
-0.128279123433272	0.143137269369312	-0.183260341300384	1.59895609278117	0.467915238400726
0.108833612735267	-0.14268275320451	0.377403474194405	-0.40988842330813	0.0433747392046773
0.162741291563384	-0.220902628586574	0.37698930070539	0.153700757968587	0.310958393366805
-0.0691278835393919	0.0722201981393825	0.279755885667661	0.0727393226469712	0.309185601074895
0.197310681042023	-0.0896318833487164	0.362445443855118	1.39261039399739	0.510039315815209
0.158991261262742	-0.114149891281559	0.140369533127033	-0.723178213113885	-0.0570334557166009
0.278877273862336	0.737156596201332	0.377390382835044	0.795313219411932	0.459135192105018
0.159945047032913	0.328068954300007	0.0372598327970516	0.404181755719597	-0.22563413723386
0.0233741794008382	0.0428997550466071	-0.217779900262054	0.952688473679779	0.126185259766044
-0.120612228373669	0.0179629797204887	0.217869249673856	0.119835316727582	-0.130526089487874
0.0322986709688184	0.491815739893217	-0.263626727311533	-0.704297034344088	-0.153782040881982
-0.0771991746049254	0.479490958478784	-0.153288578019635	-0.365337009583462	-0.220671460343188
-0.207290588955714	0.241140274001902	-0.0682849983170079	1.43636707881424	0.243555004168085
0.0408639225879049	-0.491807503627392	-0.159372094513205	0.799603805610063	-0.12162477677606
-0.163302909957388	0.479212245213648	-0.027078564567872	-0.419538176123353	-0.206358262765664
0.0558986101697075	0.634190950856801	-0.324473375760728	1.32438756534601	0.257234967635737
0.145874311160687	0.239581823143066	0.0109316650336347	-0.0916314484766396	-0.227849818527573
0.0486253328909706	0.996364384054978	0.0871654690306438	0.279078565768277	0.419246730359121
0.136537288940013	-0.852702824852764	0.267483358465942	-0.217285174875099	0.216762392807475
0.435907621795558	0.219816300203777	0.200429659915169	-0.0602309514182367	0.185433084589492
-0.00530444559078959	-0.910756227566449	-0.30084085878757	0.984274353877681	0.423900649418404
0.499820668437342	0.565804085103397	0.414121148006165	0.0970423320336258	0.334335188918978
0.0631966074498429	-0.459827411794232	0.129284723401584	-0.746100182149626	0.109945790648362
0.298849082737325	0.10128154068367	0.299448694215302	0.860071963521226	0.677360495215298
0.141902368108681	0.261199021573695	-0.185345663313779	-0.263488021189146	-0.289982513947782
0.0547256877700173	-0.161579823568788	0.175911744797918	-0.226302434363457	0.0593823055814253
0.149138728295325	0.340120244816794	0.0428974446393595	0.128352093608051	-0.0482268841281966
-0.0411053422551709	-0.305525939862046	-0.271609725430133	-0.445507765203666	0.180126974070132
0.143408365689508	-0.105801919992047	-0.423277930771671	-0.585440980045976	-0.174235522573418
-0.196380316444628	-0.567976248828761	-0.44600228957374	-0.0863907899796966	0.232765127579618
-0.0191865259619654	0.273479499469449	-0.194880759210269	-0.356678863037637	0.0128781516639467
-0.126314611288488	-0.617585290765319	-0.50249491857391	0.419053894219792	0.237544699895406
-0.524864238829694	-0.0409040691946012	-0.850199418768633	0.601329630920328	-0.0490582922986125
-0.686009431710048	0.116069762915812	-1.01737358215756	-1.74098240183594	-1.02833780327789
-0.847638676179177	0.731270717753725	-0.770321853624437	0.105297733173958	-0.350485232032602
-0.732960939369039	-0.736571691435881	-0.880937621918376	-0.436804901323811	-1.33383563191413
-0.647051111968786	0.532963818289064	-0.799734936150105	0.520762338167508	-0.745040739760795
-0.592985246931255	-0.173278331753021	-0.734207804491939	0.36570215129095	-1.19602759843806
-0.803676438543416	-0.789030386429434	-0.713531436891188	-0.789352536141522	-1.42041755321377
-0.485727742324257	1.28306796003912	-0.281185667891723	0.712116485915503	-0.854780916754489
-0.359478138367834	-0.204159312265262	-0.358087026183455	0.164898473567069	-0.211679681689399
-0.317408380122058	1.64468239452702	-0.415654854224837	0.00159413414749019	-0.607714843940528
-0.394006512063896	0.346954515461579	-0.42261921106969	0.487259785642388	-0.62696020309993
-0.350367859621905	-0.14142012912797	-0.834638288143274	-0.639831586314638	-0.893897944849472
-0.472464209777181	0.436370814489925	-0.7889764753099	0.190181932718536	-1.05635134418583
-0.653963570347268	0.79405463659559	-0.764580384588798	-0.407067763871099	-0.906234723447996
-0.584380733118341	0.252007952294157	-0.534366521289396	0.192520103005303	-0.740338689593023
-0.496126649209365	-0.518161977420797	-0.89901619667332	-0.553629005976188	-0.281301395836586
-0.401102391817796	0.00490438741871654	-0.38587612479754	0.204082578267507	-0.636429499428767
0.0935590923322835	0.126187734997392	-0.148249410784668	0.385692256674311	-0.231346993128017
-0.0665440722904259	0.432273868879113	0.173228824229275	0.466354862175221	0.127378089860472
0.496071544631965	0.859776992005506	0.248825498510794	0.545048365420808	0.618199529267529
0.491623082803845	-0.0936182902645044	0.330102747396732	0.309582269205938	-0.114270866582348
0.608994044650122	-0.0295307171503623	0.359617660364235	-0.240571622349074	0.221559451414394
0.54384412975193	0.401508080328267	0.30704477356767	0.0946801008523216	0.773700009174581
0.595788910620872	0.51578910690215	0.686676488121287	-0.153402475878576	0.475645552117096
0.906767790100702	-0.137002832108943	0.416765826144176	1.05716537965609	0.396205852273722
0.736718221308893	0.201654547820168	0.137345144992284	0.476575147901429	0.0680172283284308
0.506091973652153	-0.0661734018901093	0.372776001508693	-0.0466781378108351	0.478996498476087
0.535121148530328	0.69904400654051	0.307628055579641	0.359853037634033	0.731604172502753
0.352738592381127	-0.275277388258726	0.631971239835987	0.557568883841085	0.353633681756008
0.363186160140885	0.208617019980215	0.56894885255859	-0.3419918566194	-0.101308491026022
0.258469960907267	0.356347529100386	0.16859457127243	0.864114022834488	0.305467838835516
0.233008177500697	-0.102408764820498	-0.131666261076802	-0.939002923825552	0.185439948894913
0.238352141829707	0.450562408152228	0.00110093172878537	1.02017038667456	0.348701489762245
0.318615138360181	-0.0426514960062244	0.189864426400234	-0.0421619896608346	0.263431226720836
0.279995925356289	0.101933070398393	0.307333104603781	-0.017413697839273	-0.261458221624881
0.100279522598579	0.153263700738051	-0.318194950766809	0.154399923615699	0.154481795701758
0.147313243318727	0.545648320570669	0.249000036113669	0.22732715054391	0.138450559359845
0.112949251726933	0.736786234499327	0.0903736861495831	-0.0900772494294155	-0.0166499831863897
-0.0381337206758507	-0.256243452547826	0.319115906824822	-0.461953212874136	-0.0269985832012733
-0.132089092745794	-0.14899355503353	0.323945638764532	0.0928075950792756	0.202525747818817
0.0651237384732089	0.230866964255576	0.0742230844736161	-0.346149398136018	0.228877383089708
-0.0829119491771735	0.185473893460603	0.00876132489172432	0.191688120333578	0.146317807393961
0.12278645199293	1.36213167650019	0.175168876679648	0.799286143310819	0.59148949302144
0.298590428962838	0.0242611728540301	0.36214912766175	0.055285172209855	0.0209927988813998
0.316994006944477	0.0125838451655153	0.47560371248011	0.310793329127257	0.331390038521756
0.327558811352846	0.498878332890605	-0.109412710939655	-1.01953730537831	0.121007881863953
0.145215768470598	0.305423151500758	-0.379478396120031	-0.517581701627303	0.0783098287546139
0.35561697665136	-0.0671607608232579	0.0104481515060157	0.628421764113764	-0.289842767953758
0.265023765806486	-0.787671957025432	0.0428760203235347	-0.566982181981317	0.280749463047364
0.348305988861247	-0.271037713285932	-0.147165009947794	0.267314216036665	-0.133840157084461
0.457262395465961	0.356898427570554	0.106016181385284	-0.104805584641156	0.096460330903578
0.192508460986653	0.310421055694505	-0.0306327046225362	-0.658461771690672	-0.16860497641711
0.156126362447095	0.0220094158708328	-0.0864285854582855	1.0649973455555	0.268874259879921
0.146043057259308	-0.602741563429956	-0.000801953410749209	-0.66980648245874	0.0602630897283132
0.421385137380544	-0.132037689953346	0.0256617764669256	-0.980018383379865	0.346394965116954
0.106184967345576	0.7020498402879	0.0574491097455086	0.971322318965373	0.285560296173642
0.287938240285274	-0.156542923558742	0.211800959190899	0.570255266380489	0.0669250050236482
-0.0140680783612619	0.559109346361296	0.194299181042128	1.3339070802709	0.943188597545736
-0.121139217287406	0.0525451827200838	-0.106447772735651	-1.51850249789853	0.164446351502918
-0.126263999547426	0.0196922313890707	-0.225695725444013	-1.1407661697076	-0.0118040592382189
-0.427528920869877	-0.161278823399707	-0.598179420876646	1.07023605101434	-0.631200621868835
-0.464805868686816	0.379889542150457	-0.625301502396795	-2.53580211777317	-0.788843589037039
-0.619725022300381	0.0842273744997528	-0.789028158949522	-0.40301982601438	-0.561994784769094
-0.922180185364058	-0.524193072846219	-0.583181663667042	-0.232623912351403	-1.08204157337498
-0.579251519513454	-0.685581235131542	-0.486542233886459	-0.65507690306697	-0.987635451754979
-0.594636764255699	-0.957908791925449	-0.560751387624364	-0.629916481086549	-1.02894335310349
-0.813037432897687	0.0154562415296682	-0.753941757874234	-0.462747135065592	-0.565140171762252
-0.422422437485459	-0.271611397537678	-0.131014021893745	-0.443429649372846	-0.630062324991626
-0.426771241087964	-0.201940057363114	-0.313430012347552	-0.155783554339619	-0.668205591640593
-0.354447380318617	0.109405692820103	-0.442975744451206	0.120485771178677	-0.452832077861789
-0.137194898043853	-0.100035770631529	0.103257552022636	0.599805944053752	-0.541473669893914
-0.508747524340302	0.372753893592412	-0.513740474787804	0.540107282322174	-0.532125756106635
-0.0210316510697068	-0.337885836231027	-0.281399353511787	0.305922337491214	-0.161009898729222
-0.254303512689861	0.171320762917233	-0.220509999895288	-0.112550968975702	-0.993889974155626
-0.378729649473692	-0.314746692096606	-0.537793425236944	0.209729117848247	-0.525555437066625
-0.251352390011759	-1.02148026217835	-0.462757123427404	0.345075437840791	-0.499810648885375
-0.32596486832084	0.48987018473732	-0.572829469294057	-0.629012051461959	-0.353266148394843
-0.158264432062557	-0.0997580657165505	-0.310790557712505	0.40285614499497	-0.447625055200283
0.287530511334882	-0.445156319492559	0.0754614219582628	-1.02874216115363	0.0784917924774433
0.289235199152151	-0.173290412010635	0.359743968754471	0.970821446289656	0.320932022076325
0.261859132577748	0.301541850550587	0.295153488719957	-0.156985927568477	0.386055694308499
0.702502333570347	1.10516306138395	0.648860780098878	0.652732855699419	0.482000521565446
0.599187257553628	-0.509759685344298	0.85081910906592	1.32317499034072	0.685444295350307
0.687473345105597	-0.260797664808693	0.824700906178322	-0.389613844556975	1.13552566827169
0.821498399652366	1.26255259169586	0.62065191222056	-0.922876611047891	0.523718832421416
0.623093060850773	-0.0499903996659427	0.574676439270436	0.914307057350718	0.105247949332877
0.577576275038202	0.0560489412560931	0.0427628295975725	-0.472395559747022	0.326383648396124
0.613132592426618	0.111246471804033	0.22611433835573	0.557962589553908	0.0725664957559012
0.522713560721794	0.399982836012397	0.130568598305782	-0.499193829166224	0.0931108934535688
0.350930050862102	-0.793511540761902	-0.011937873792473	0.783665142662212	0.182676597282625
0.468001153300847	-0.0547174724736366	0.331125980749102	0.13243813384389	0.539846116195843
0.107309771191433	0.71477184490674	0.275203925119391	-0.204042201666494	0.424678449916299
0.181127893449759	0.571091618133568	0.227643928680774	-0.696572656978461	0.0537391840584692
0.12384414853375	-0.115136242949781	0.502466084992911	-0.634256961308213	0.458793411102908
0.196796895996225	0.144374609195049	0.55347227380892	0.0579333020526421	0.342033287454069
-0.0112831942119865	-0.0101421733982439	0.603787719458596	-0.78751911765915	0.416460692247938
0.246635035069094	0.182653700007449	0.333494949890905	-0.811068305079647	0.507418783316255
-0.334089425888065	0.624072291615041	0.191811234537769	1.29115685839736	0.439655228745433
-0.18286221341048	-0.911690248482389	0.578317959019389	0.0959655754172945	0.170022170692658
-0.165251281899141	0.478288529937353	0.419951402240019	-1.31930916410762	0.167485120173534
-0.0935521607533209	-0.621640030844249	0.174350280830393	0.769051269560346	0.432993127462245
-0.248141366607212	-0.269944655111503	-0.098767198837321	0.431137499880257	-0.30925778934697
-0.162630628724164	0.144787110950332	-0.028596386877228	-1.15535696907801	0.340602022323555
-0.386459721424762	-0.158061418512188	0.249227364213487	-0.737376351269733	0.0727764898468041
-0.463892250654242	-0.62908265363294	0.262650981895529	0.0021584871138927	-0.542443410079164
-0.181163593825718	-0.688715334855703	0.261520141123922	-0.610329740199978	0.19381616722438
-0.127576840328559	1.1588911020199	0.0789970810324355	-0.517163216947705	0.194808177370672
-0.140202104842316	0.403485430190447	0.62336753019057	1.19346514837688	0.553847171484043
0.360407329832201	1.05454874892297	0.626972496864799	0.783211503470676	0.437393120744952
0.0550985858097236	-0.534639175943588	0.340599237560386	-0.146506160844419	0.373522273391892
0.358910785700413	-0.160803208677411	0.845910447341894	-0.0171896215996866	0.132993450920444
0.534612173742944	-0.29363754549352	0.39440059786825	-0.116992012268539	0.034546680072673
0.442322767798606	0.602370573824102	0.133787149634566	-0.070104836987444	0.18640812792087
0.646504994127416	-0.323744557007365	0.176509858677387	0.629413242287452	-0.084688086512887
0.540322926916391	0.302870160452889	0.154610090660547	-1.18772987676805	0.154921559941642
0.494843730565047	0.235221302919295	-0.0906387105932782	-0.122257664667456	0.0646570858514092
0.566922441147236	-0.974415291169654	-0.160291251494418	-0.169283990119995	-0.183660323081848
0.1448899102847	0.0328436110169689	-1.07748820689544	0.120526119376114	0.775905490828048
0.292899758307734	-1.13609839454173	-0.353170949346135	-1.60229695511138	-0.167071542901143
0.0639186019895304	-0.454716103748809	-0.330569083046353	0.754639479964842	-0.486212271556122
-0.367076179031733	0.698534669673404	-0.178294973274048	-1.12304537266227	-0.495861851925716
-0.252894071141769	-0.567193436636631	-0.0377320807968346	-0.499627758229645	-0.46477039082353
-0.516106004205348	0.212665453222342	-0.35593792029822	-0.645443620592832	-0.692066705695771
-0.356593488506453	0.0235670396334432	-0.212450534834701	-0.0551738908997972	-0.702062957413921
-0.532205004020863	-0.610626625012355	-0.27211260595549	-0.460797058952909	-0.0901224093495443
-0.200361941179778	0.182769637329655	-0.484051970293896	-0.444425167361074	-0.550623810843433
-0.237280910297608	-0.356200610125675	-0.512141820028819	-0.561840400214869	-0.167951528836923
-0.154250655598126	-0.248242134766371	-0.686559162544982	0.214313814043344	-0.657768760186861
-0.231651362060428	-0.0191876106949285	-0.931178527537687	-0.751647924972858	-0.630747145446734
-0.343573569898867	-0.0499631122048412	-0.769948152587894	-0.355312823213877	-0.483701643391999
-0.62475122082529	-0.537923111796022	-0.504340172197346	-0.0225783802415278	-0.876658039560511
-0.473475929332007	0.0437220457788984	-0.456002068243041	-0.0630721181554119	-0.322661120198911
-0.638404473648399	-0.300648977595315	-0.240613683174294	-0.845902273367389	-0.551573871332899
-0.259359374868443	0.0980670705558076	-0.275593816804565	-0.792107785789328	-0.201281837608786
-0.528730582252391	0.403308099737181	-0.114021720796363	0.554593513305836	-0.342393133865181
-0.645353967400131	0.353387040028385	-0.185837779355355	-0.0749950603388289	-0.859681316122746
-0.353273248493795	0.679478230523972	-0.202183699193288	-0.581518347858839	-0.462041086093011
-0.330545703980658	-0.512361211845976	-0.0511913738852818	0.800652688286386	-0.591714421641347
-0.0779319526949557	0.432173137253908	-0.362313469666983	-0.0893259828334796	-0.173221253027989
-0.0980215020462614	0.457594095027175	0.187804051110761	0.245094851541745	0.123286431111196
0.336533014250054	0.0236645596999645	0.164267110708675	0.593477879754013	0.0475030675073955
0.0897786320197067	0.356284101127512	0.684706109008718	-0.375366308320691	0.0907927224831669
0.206760884110008	0.631878830904097	0.367109728314547	1.18912476524952	0.744639069250064
0.0221446994923235	-0.223310696007362	0.529392827360094	-0.0703179691439739	0.224724675054506
0.478967979079335	0.301516875720394	0.736357851931559	0.193945672222408	0.764008382845659
0.126272275295219	0.136074381773647	0.0597691941172564	0.0430653396904492	0.442169617120331
0.2286503456846	0.888397838242181	0.533515272555443	1.69424857479552	0.25842924985802
0.206075263835438	-0.710459242704273	-0.161924005696126	-0.334176914249657	0.48522694050179
0.291778731808738	0.733494632487657	0.242399358208373	0.273549861347829	0.0880169959851819
0.161575595816327	-1.13942430890296	0.258581205892151	-0.356550922133017	0.774328426399312
0.158561486396954	1.30700156227408	0.210434625415748	0.846907036024104	0.303143218667086
0.370835633219958	-0.186029127854891	0.272583341381242	-0.0773309078339715	0.622438686152689
0.160766354255192	-0.0790590562799196	-0.148499996089406	-0.76355298449805	-0.323876044127714
0.143829281039535	0.859446209605476	0.151938718710455	0.500591924577796	1.04938249246723
0.256981620022408	-0.978611313910131	0.450333969040479	0.0178421267302795	0.0661826321661403
0.0858728072841212	-0.221728629532689	0.177839055549725	1.26402683469576	0.07352714593434
0.184852626919868	-0.859104469537918	0.150578984932867	0.443298357682449	0.426642925939082
0.0379030204612586	0.773107320421699	0.156059492885339	0.542123450025418	-0.152236325602037
0.425317523776097	-0.727151342854191	-0.0674280540507608	-0.537151887217438	0.325343608608837
-0.128423569189975	-0.0506907961338574	0.1596779733776	0.306731579914392	0.40059376310283
0.358004179138483	0.360472851293405	0.141788626175638	0.715855418878376	0.161193228361737
0.185653424624874	-0.681896089409483	0.139478416538707	0.204899354485838	0.0518839444473784
0.128020646430235	0.32770980412893	-0.016699023153941	0.152693387838012	0.124151793044808
0.300822984120291	0.956536009518261	0.372329041910287	-0.948959168604168	0.620264725889992
0.144429216890281	-0.316621847374265	-0.0173616505313301	1.27300188729305	0.148541632558028
0.268521912655613	-0.471941938926667	0.0356067034287919	-0.135505586922688	0.182599315750161
-0.0440894640118134	-0.813684373099166	-0.0507542095945778	0.193501270985874	0.0327603407793865
0.235263547630884	0.766983792757007	0.0258436980377582	1.08374630256522	0.188391690164547
0.13481278028212	0.133066861063141	0.367170098099162	-0.182171688058377	0.508657168680919
0.119414447204622	-0.536167163177036	0.148859100588225	0.0636370638989867	0.589887537072475
0.311598987388545	-0.0788765163510274	0.352518494345786	0.792802276502066	0.151442848782581
0.245147034524427	0.542451826840874	0.0418249454588754	0.607426376586195	0.227463306090202
0.0876070265894871	0.0653740232211896	0.245096931382759	0.281897846804253	0.348588891831378
0.311308432590565	-0.979585254915508	0.122964639986549	0.158141862621692	0.351655151174967
0.162873324793811	0.172806539856852	0.0381173747228288	-0.582394880847754	0.444524010569579
0.204639841631258	-0.249433913935472	-0.117956100937885	1.02358761613883	0.171238762751224
-0.0372443700771739	-1.04663155117973	-0.119992126979505	-0.561582949066866	0.148149698567212
-0.0805074557120856	0.20817805199937	0.159697085178946	-0.192889516141602	0.651964178977169
-0.172501213702349	0.316754403074451	0.0926593167294315	-0.339672434903739	0.563010673885091
-0.132848794269601	-0.318151738832812	0.0868512520910688	-0.0794740713143954	0.45096737357594
-0.0656978254571155	-0.59543392376482	0.00735821165126828	-0.296389975571674	0.209181431628457
-0.505681572550547	-0.489805064119246	-0.246859196050941	0.370933543027475	-0.244244837941208
-0.28433580057394	0.0612074589739087	0.0773612056460559	-0.141338699304544	-0.122512330464004
-0.374870469018087	-0.816180032061793	-0.439194467448439	-0.85266113473262	-0.571304005988309
-0.400684609045939	0.368283696885971	-0.472582427285453	-0.332402395813135	-0.454422848085002
-0.589059154401238	0.247135514987051	-0.328039219658865	0.246970698834851	-0.904990159858227
-0.606424887833141	-0.557422674431887	-0.531747745988805	0.448261339915254	-0.747614394074197
-0.429602060772184	-0.148795458673503	-0.227512174588811	0.401675679877031	-0.928092500069616
-0.683598266203864	0.235215327871063	-0.294097070775241	-0.635993580388388	-1.07053653240185
-0.476743149138428	0.038735107116686	-0.318320487792855	0.144235921540204	0.004105869910863
-0.50790140194076	0.0291432793360017	-0.493928160460801	0.271521817009374	-0.612192085433812
