0.629691275047551	-1.71640068648065	-0.679062987172762	0.0758264871349249	-0.724328114045
0.771461897637825	-1.31594721292333	-1.00568179825955	-0.980707114500531	1.0913514938202
-0.0346397011076911	0.325838269082541	-0.552661313479686	-0.748467612382574	-0.143405845400438
-0.0471434282607996	-0.660497887476872	-0.582505438423588	1.82614625224362	0.876110784271668
0.38792326186789	-0.42189954539878	0.18411242967828	0.480258109675806	0.202003376056497
0.604090125416796	0.262166639938633	0.45317553625369	0.401581562460038	0.141536844673606
0.000378161369259091	0.751594561631395	-0.13598379926127	0.144778937509376	0.252868434653345
0.785055175066363	0.135378121212895	1.5745491281222	1.11888594369115	0.61172924753129
0.943144378125887	0.167479115014719	0.938038081710007	0.477569420211566	0.707519662303799
0.697068371068149	-0.237622651512038	1.25796645737373	0.177451715244831	0.277911205253655
0.79938020873433	-0.285878580463738	1.1771247080807	-0.22378455778028	0.150244132075266
1.06132804085423	0.0157737941481668	0.469529471906825	-0.111510384352202	1.02074684106987
0.759630241619855	-0.605197993920052	0.81151283867508	0.437179984189133	-0.0467373229746445
0.570724899161833	-0.208961864504435	0.0747995372461813	-0.17595735403297	0.212067539261339
0.111915483609963	-0.56689800266887	0.390578075613258	-1.82924580145665	0.409261335552473
0.542028048489683	-0.365843189232458	0.0610023765679445	-0.204998422392605	0.0143355016519099
-0.880978559011813	-0.357490616156955	-0.596772117012039	-2.27861896917388	-0.579547046394703
-0.51548600238966	0.0292190108332728	0.283756082220301	-0.483348972981595	0.275867888719674
-0.539842055521104	-0.5898659543092	-0.0925951686004186	-0.729111990578666	-0.34940094953492
-1.16468882161307	-1.58418122245104	0.507860941844647	-0.800911054021968	-1.02627082089501
-0.839945656061063	0.0519132710099552	-0.434671825875276	-1.44416978590348	-0.313938533852489
-0.0963238103724921	-0.0107360175485346	0.319932516830399	0.446026068038679	0.735258088277276
-0.685415782257447	-0.507980673812713	-0.691811064841846	-0.309942878630358	-0.620643471033447
-0.299031224915616	-0.42297061470781	-0.431254032470712	-0.486825710917919	0.818751759683666
-0.0804026342903347	0.083346188613867	0.10922410282395	-0.547615046001654	0.0908098417447111
0.0510502936092443	0.446993401303898	0.357309099981963	0.0167889846194574	-0.556526253143327
0.0264771507434746	0.0654311066362755	-0.2949099508592	-0.297517440806251	0.374505893815202
0.320952682142551	-0.518227985941402	0.531478143111588	0.166732257313887	-0.584929266969204
0.157129626078005	-0.357721934488547	-0.500094162502413	0.128051665920139	-1.37725320219199
-0.400327579067167	0.043627087072204	-0.0324212840117889	1.25750183453923	-1.04043714432064
0.312272309990134	-0.825165384184996	0.599099793461483	0.24963825038907	-0.258523392079478
0.154894107295266	0.32192086865554	0.841310895414236	-0.0631069082803527	-1.09806604738955
0.00769500456166901	-0.0223991481013027	0.0360795288190644	-1.2919635386306	-0.453651218682928
0.0697998557445921	-0.55087870948656	-0.180171758752304	-0.0345819454008516	-0.134023950124491
0.47878361803321	-0.56006169087447	0.395746733482453	-1.43592959639693	0.126394150228317
0.309173887528819	-0.775142655709513	-0.506201932438815	-1.00175932030799	0.435972436302468
0.550003628689918	-0.00925842031876713	-0.317313898240394	-0.905124987288404	-0.250065119567813
0.581058045740103	-0.41975513001499	0.371533216994285	-1.03847795507156	0.412186878089476
0.858487556610866	0.510895708287532	-0.0373934493395301	-0.0954215499787337	0.59399670840061
0.57470403354811	-0.815599469402079	-0.11918421055778	-0.138592619743927	0.085031330870181
0.774377423290115	-0.527633152485417	0.859062920200121	-0.701071671109653	0.360341553859421
1.07548419543453	0.427467280741248	0.605158695486414	1.12362593437789	0.86686865376703
0.978691734374688	0.286532243299538	0.074258125647288	1.62557368717833	-0.192771836221112
0.650658415309618	0.0660968309826841	-0.457588713016954	0.216536587264317	0.793366018140199
0.4136172583964	1.1741539971548	0.18372916564954	0.301031994509791	0.600186754400943
0.56759469986697	-0.466929744139355	-0.310964027421642	0.201546195165064	0.675409609267709
-0.359200746651475	-0.181303077265157	-0.321006462157004	0.23072540131232	-0.00664778338025406
-0.241368654989659	-0.00561436412727612	-0.585221204063232	0.344256618486644	-0.21882324451267
-0.727091119036894	-0.584864936087542	-0.716365543234102	0.393497582803017	0.257442131967789
-1.51522600310616	0.10163002271032	0.273414763560694	-0.484030937946518	0.47215342645587
-0.807284618634062	0.318350994775646	-0.24267081846148	-1.24570144691459	-0.427808472615641
-1.55860737090166	-0.419411438442906	0.500924929461341	0.658734077956061	0.982725361051968
-1.54955212103039	-0.671256026383943	-0.0349633905864525	1.02901969411893	-0.283622864062595
-0.040138113450601	0.652517525337572	0.158750201988957	2.6147443836812	0.405332103537771
-1.29788867229502	0.56707876995253	0.316862060096525	0.217258082670288	0.521961935687208
-0.35837524245478	0.14781274771786	-0.35198433020417	1.23650689738021	0.901680184113698
0.338489462655793	-0.495553862797041	-0.678097835612954	-0.956676888262134	0.194233735205243
0.0388591263041331	-0.0151457820556222	-0.699728006962364	2.64519036618719	0.148633519229356
-0.0546234440242147	0.273756720071555	-1.14263847975585	-0.727059918140271	0.131507259739569
0.311592585302489	-0.165058995928924	-0.763129065935283	0.881984044988845	1.42384875721079
-0.128426900985796	0.299762621414279	-0.734091882021529	1.35096535436608	0.578823128710897
-0.384902734276872	-0.562225886603925	0.164775885138916	-0.653094336722708	0.622187374884167
-0.69089588150213	-0.423538599260416	-0.600150991313229	-0.960363164793947	0.7332936370913
-0.802088991721441	-0.114030592563217	0.830291551902948	-0.410239579562493	0.101369401169104
-0.910558168367509	0.0676976024852529	0.38869171536104	0.444263084760698	0.469763316007759
-0.237211398195773	-1.07978213033238	0.243164430709258	0.449753572349852	0.498386198018727
-0.781286667800557	0.956652950115115	-0.171305012315844	0.598967987579405	0.376551432284079
-0.550139219235817	-0.477331681687346	-0.736945940555279	-0.212213063202014	0.394371448649535
0.0608770925635933	-0.151353253087661	-0.334502380605668	-0.587529589980445	0.267255340715285
0.416295143172034	-0.753027757680214	-1.0580690644647	-0.386180948960984	-0.0499840631462397
-0.170599042297711	0.332140010560383	-1.09732264969416	-0.878553548122527	0.406511691234211
0.0144699365679922	-0.0595717748905072	-0.914781365714502	-0.039817044044072	0.227208386383171
-0.189313146573876	0.223975172276007	-0.696802368810847	-0.830544903756671	-0.174924839717832
-0.850761451260321	-0.390003267127883	-0.513140893975209	-1.34039834493075	-0.529382336482103
-0.239387591572788	-0.165642719776862	0.498319740010316	1.15374128009555	-0.166434515340897
-0.996116187117782	1.12587011864098	0.140520846398413	-1.46796594518542	-0.537291079365748
-0.781469291537076	0.597603768939103	0.688682964399267	-0.566141807914762	0.415673824528392
-0.318530880598824	0.214815933126988	0.493932578798674	0.818486380732334	0.253159415703685
-0.365077026730152	-0.254963086813013	0.18460453022351	0.410802185187348	0.184085806859804
-0.588739229055132	0.147739900627198	0.249590735348279	-0.215782553949077	-0.459712174010568
-0.0256469996540657	0.570275740792923	0.904483982441303	-0.0264366577006264	-0.349859196529788
0.440217008175987	-0.342574423281029	-0.2752403490306	-0.0661412003429461	-0.630283589346172
-0.590836139908989	-0.217943777145388	-0.368216428135423	-0.893315949333023	0.343916002273401
0.114888567290494	0.149707294235775	-0.808319408953515	-1.10914555246278	-0.173147669830854
-0.455877559855158	-0.312084994486244	-0.101758644498106	-0.0123465857153949	0.392561169915832
-0.395752202474054	-0.0505634648007404	-0.641541783948406	-1.07842331588341	-0.389557395061503
-1.2457349296011	0.328450276378974	-0.771153835461718	0.743445089844563	-0.763832531812385
-0.745894351040148	0.776406469822041	0.350746576421383	-0.964982398964885	-0.0721146524507199
-0.897526676595757	-0.498058701257214	0.280493918296776	0.811188650523759	-0.450906671794024
-1.04811525870183	1.06150011588445	0.33580183782669	-1.95718691867725	-0.531210020067913
-0.630711365607321	-0.276455208243871	0.416989225290557	0.292223911871906	0.388952820463047
-0.0762175969814694	0.222317248224939	1.03287202145817	0.720323361168619	-0.842687457380579
0.069636753554726	0.850488115102544	0.782859161945964	0.584320379662073	-0.0107668959179484
-0.255276644842422	0.552216105381103	1.55528613242079	-0.472738717633811	0.558079077275481
0.0418032159511295	-1.01254791126739	0.84624101985819	-0.543285183493821	0.722440402143059
-0.126014198299326	1.28499872333748	1.08005319232188	0.181410553261701	-0.0958748766624097
0.140746224233903	-0.152803395371222	0.442927699173248	-0.782586555768256	-0.103296425809927
0.142326254373243	0.219657857607625	1.77915652913014	-2.0452714310741	-0.198836901742647
-2.11979435835376	0.853779183442138	-3.87312519579645	-1.0938745038443	-1.18572144687594
-1.3605559155344	1.2690809892048	-0.512495226718217	-1.29756768016831	0.104074489032651
-0.672903260846469	-0.361962734227892	-0.328758383526643	-0.824018103235246	0.0917127069629603
-0.220527871062493	0.215676427040826	-0.405092919187369	1.71463891046665	-0.639323261431407
0.220371225840075	0.591208086772257	0.754057739594465	0.744175893288124	0.438476936001092
0.628416279021154	0.520731153308256	0.573871968113443	1.645120909314	0.253282498963034
0.794474911596061	0.982134940208646	1.03737166949069	0.40808066562911	0.341247216523478
1.54279377025667	0.495831627987929	1.13048866239885	1.45344718504854	0.983802706178739
1.54460313401467	0.223398178927154	0.963863122633614	1.05616419427698	1.00767949106887
1.28249019065897	1.09037083984028	0.145019923576291	2.0426792586364	0.555852345772863
1.7563836582316	0.0441005946314243	0.440952362211991	0.200646100520493	1.17491920704735
1.20544364611418	0.773057014588618	-0.223015542925186	0.131278554775169	-0.123768157817773
0.523088742819062	0.480049546430418	-1.55732170670469	1.14148238071286	-0.156937133508451
0.47439419677691	0.212375816426785	-0.373694732464701	0.327366816185323	1.02728659065363
0.594485442125353	0.968821854558381	-0.787276199828179	0.690585328889275	-0.599879030984181
-0.446021116179073	1.33665950116754	-0.416984153636543	0.319188848204011	-0.0485267663207918
0.0935954241290329	-0.905823137689609	0.209412763936446	0.147111262589396	0.558782010282351
-0.37003154202531	0.19198704229131	0.326198966509331	-0.840439315002416	-0.18812369224895
-0.658445354779653	-0.0406286392028586	0.268868301250251	0.901189697490139	0.0526687164220841
-0.562528296019776	-0.0986509427435238	0.566994369607134	-1.78108447285761	0.0636596328043323
0.191495288665639	-0.05217877285092	-0.284747652818863	0.633072120192485	-0.477131982575905
-0.132477405358684	-0.208873497214158	0.0631364690595591	-0.0416091069095859	-0.910749968677792
0.766933353086416	0.137635834315201	0.333741639418413	-0.191807375255199	0.513456562384655
0.502088500374256	0.0981143947724302	-0.119698339295027	0.125985724231479	0.0640235538583712
0.319411396652736	-0.539421853241263	-0.115384066251566	-0.17877665011661	-0.461134218147397
0.498621558465455	0.256743376068372	-1.32987541238999	-0.164274204907429	-1.19273373183614
0.617966254138262	0.163992258018637	-1.4200954442952	-1.3243985702885	-0.559619860330443
-0.219038400660937	-0.214387578609316	-1.25890502120612	-0.601007243452339	-0.910935445139248
-0.538337788825546	1.06163600012443	-0.652189475465131	0.695112285152247	0.0116760221683248
-0.578107859647127	-0.133058393698171	-0.296916806039794	-0.55084607941702	0.588989119365343
-0.744616006575272	-0.0826135552916503	-0.100862918618777	0.269719022536776	-1.53581400214379
-0.359702071745324	0.351501554267067	0.301582265952711	1.54149957835631	-0.102485886084156
0.123582598757293	-0.778614907172247	0.251997023786669	-0.828356024930532	-0.0190217386233309
0.368694408161098	0.18014214451354	0.169815182159953	0.711031604337029	-0.0518121125952327
0.309610968302245	-0.867701123858186	0.221859390276778	0.717454184686346	0.175629080396419
0.354340073604758	0.175811418840658	0.148739052838617	-1.01841237850263	-0.395429425636798
0.942618483064155	-0.714572713073059	-0.656517574206482	0.362034064000955	0.019991743858463
-0.157389596278898	0.0382268479806048	-0.238257035595007	0.352522651924765	-0.405146182931767
-0.118685324720843	0.224589789621434	-1.83371210195432	-0.320488671029499	-0.886267905425473
0.227230066416046	0.837815133883247	-0.35673407694672	-1.34583644798827	-0.665813100508215
-0.270581848980386	-0.222455554649437	-0.540954444304109	-0.475671512719714	-1.48435775542095
-0.255335067109088	0.305234463843674	-0.984609666817951	0.0441207054260357	-0.691260445034418
-0.0564767123191884	0.607076524895234	-0.361152096311048	0.480833851494149	-0.917633598266297
-0.13049478475656	-0.966579245863641	0.657064834101373	-0.64416744962819	-0.401736819599656
-0.0618720982022731	0.230020214764644	0.347395918439445	1.41615222742821	-0.455943996838434
-0.339262140137926	-0.566748814859901	-0.393551003447839	1.1704718222035	0.102424017932689
0.006467318732402	0.373954929782459	0.410562134403082	-0.622296483715992	-0.130001083601323
0.330088150777751	0.251097398681905	-0.314342665366192	1.12879778255424	-0.39052028483772
0.544414571446138	-0.501229027557302	-0.0664675112932832	0.166609234674396	-0.632923848039946
0.531814463725688	0.411383627611394	-0.853432309842512	-1.27478145930924	-0.343462409620742
0.984002153004752	0.738229356769798	0.276296546512625	-0.0321925894080874	-0.166582863517789
0.853127917323858	0.543969347666172	-0.568112209196932	0.0310499003909365	0.132875556115477
0.704758410128761	0.4587669738026	-0.672569302538997	-0.266160301249535	0.00147709316805973
1.49002681199316	0.598199823679565	0.0210349857326577	-0.0394384373328699	0.284510920604712
1.24167831660564	0.411370691615731	0.0328953394247312	-0.832671672894137	0.093447473502013
1.16110576884206	-0.063076424144516	0.501093492525723	-0.39199162231903	-1.11130365811599
1.14116971881422	0.675721316739435	1.38173302693931	0.486245247162768	-0.533574650442258
0.476869617812924	0.585047959425998	0.648808511124638	-0.249865813664914	-0.243122093167429
0.717353300198836	0.924506730648477	0.562844273875942	0.609994065109008	-0.896878154948571
-0.351034193491211	-0.447064308142634	1.0732319957533	0.28717735269546	-0.224462310908941
-0.382471905838723	0.124704827405634	1.12720391034691	-0.622204054109788	-0.0325205452811935
-0.376528503355356	0.250798052764288	0.138697406897489	0.311189332659365	-1.16531293219025
-0.901326214192092	0.157555708803445	0.74409988888867	0.53587954824439	-0.284632575496536
-0.686000403081892	-0.58663017321896	-0.168072167116065	-0.0741226112099399	-0.157564868259173
-0.413624511811201	0.849899117229909	0.332039699578606	-0.276942508423169	-0.733155176223829
-1.18680340246309	0.201997370784473	-0.466589005470254	-0.490415971972739	-0.708029316371273
-0.219569131136089	0.821694159224503	0.140458544310546	-1.10123437920843	0.342070422709791
-0.560911780720061	0.624328327771306	-0.0620643527838216	0.381764337144829	-0.992723593225958
-0.767904136317147	-0.0152889676918519	-0.0385757709050565	-0.969199327696082	-0.781398556391195
0.0369879791969518	-0.297388183775789	0.599313340304253	0.0561730440813536	0.0499647599009214
0.121407800188413	0.28491385729307	0.327145108045655	0.288170568816535	-0.323626480879647
0.29030084935357	-0.434656924654108	0.18386081470305	0.515889638802189	-0.170129741362817
0.102922623078087	0.405180332415332	-0.402546962670563	-1.30796647032332	-0.107737860373299
0.0936400684747599	0.472725145606323	0.311807942664845	0.1673157256446	-1.02677986693881
0.127478368209887	0.34453012584186	-0.357526417731685	-0.225236070675049	0.0694867346612181
0.0988083212914166	0.137405981475037	-1.2503336673268	0.244801998935121	0.114853857785167
-0.22740828155443	-0.244759539482382	-0.709876204536431	0.984660511484978	-0.723534946209471
-0.525347818376523	1.14949260493122	-1.08242289178657	1.06894888500274	-0.0375302897253711
-0.881425220339615	-0.296908948062945	0.32210161176416	-0.167763524170597	0.318489203653718
-0.496057653952147	0.349280391785486	0.324310063216257	1.22534701899591	0.127169240971184
-0.783472456246039	0.0519062801556676	-0.442583440758241	1.00266662772441	-0.238842626827172
-0.572704503532624	-0.471615253059703	0.395774061678917	1.288494712208	0.316598165527401
-0.397058091476154	0.270692845673552	0.19507412544827	1.74393115046035	0.428232038724813
-0.157671957569439	0.152724154982279	0.462677634393948	0.677028718872644	0.109751917798927
0.156326159640063	-0.560730852061568	0.9807255468703	0.949974273866994	0.374335080270736
0.556037249412323	0.445941307151363	-0.204486849553836	1.86944325467152	0.211782320485123
0.0646400415007782	-0.122657516288234	0.173917808955242	1.16180689438868	-0.424827093545559
0.666130627408143	0.0777775314773796	-0.523988017393744	-1.61275882283917	0.20799626196123
0.21660953986147	-0.249387193142952	-0.813906377240091	-1.12267736788319	0.358870449509842
0.564579085107601	-0.271676697451274	-0.629994859843857	0.870754595443235	0.0292916518574507
0.153809816247128	-0.547901905524638	-0.115654197913964	-1.20722646116473	0.439823426765112
-0.516768138513404	0.224661394714416	-0.335501816912301	0.424754175429557	0.0449793226414608
-0.580306530283323	0.391909622325776	-0.0256853207259489	0.881993347616621	0.899686427764729
-0.176614767867052	-0.648265423678044	0.403027939782063	0.695859858459972	0.222614609891232
0.202452161366534	-0.455265146353275	0.193817652280052	0.863568873311199	-0.0755382413881021
-0.115116480132405	-0.0705948721406322	0.0127330817744404	-0.472961103298495	0.522056498198935
0.382632251041342	-0.510487340224382	1.25887085142817	0.601111345891213	0.00724911524196211
0.224526039032622	0.221050859833011	0.440646271641687	0.220149716552759	-0.110641645806332
0.527409727436559	0.356896219378577	0.223754866492414	1.0886401394501	-0.808546675973019
1.08117013985674	-0.992423917280097	-0.0210296063961727	-0.174369827206519	0.442235952520479
0.640173683614481	0.122949067314357	-0.751418365848914	0.994730262732734	-0.628892584713332
-0.181247041102988	0.479136086751999	-1.13431519392906	0.0873714921266339	0.453518762962747
0.352818542551147	-0.244590410740964	0.0698349590003311	0.0369310201124072	-0.507664368447894
0.0454806463049487	0.063879353612607	-0.451989372885873	-0.150861722690758	-0.17038962376887
-0.161194549968285	-0.248691307765368	-0.503246205579644	1.13168924799005	-0.0503473141261731
0.339150360404501	-0.126472066242404	-0.270173848708865	-0.025804353508981	0.76167408838011
0.182415769569322	0.246489737075518	0.541236629694499	-0.0559792105347109	0.0304715005402003
-0.146272077955238	-0.106300152204779	0.652572441698152	0.796264508271074	0.44645722740501
0.915218984891861	-0.760542964152186	1.4020648693036	-0.229322689688353	0.772039155273369
0.626408740926916	-0.78874630512278	-0.104084698107038	-0.420276331619942	-0.841127797088741
0.35041681627362	-0.131663261599575	0.323713390722831	0.234459760237613	-0.417052221465981
0.753616504321357	0.246670916701583	-0.457634361881034	-0.123628866976294	-0.174771379574087
0.614461913381388	-0.333809303586686	-0.341614347999405	-1.44164912180698	-0.959324851647257
-0.0651682735625484	0.258089337591937	-0.852831112390922	0.880350896168164	-0.992731217036983
0.915734112468591	-0.340389472617596	-0.477010657346576	-0.266521092046838	0.0187901599589252
-0.358919850406493	-0.315637963892208	-0.594593230100045	0.0708440970786528	-0.952641412260599
-0.309570921042209	-0.0677256535759046	0.105010557147258	-0.429896351500369	-0.691401513828018
0.209202212992679	-0.0100270464582688	0.16129902496382	2.05800706352647	-0.0658604919315902
-0.121869350964413	-0.376343981140082	-0.274620471004134	2.31351886737939	0.30883894581187
-0.325298387288432	-0.567740144068132	0.470253777700095	-0.0423496056185389	0.0744225423157764
-0.0896708172434408	-1.10230519247493	0.418852175914014	0.608476393225582	0.342147201321604
-0.158116378842297	0.328177606695255	0.484871407461179	2.31749715272378	0.55000047546797
-0.638669470796916	-0.565486059915225	0.623090725555295	0.498113023125241	0.0596372730290314
-0.119724322007891	1.13468077857659	1.00428088956368	2.92120754580036	1.48356758361165
-0.156850996799888	-0.198050049578156	-0.348690146486636	-0.330492781266008	0.90719065406933
0.375361836718999	-0.574249109088244	-0.280621788600955	-1.04012088790179	0.364051808735437
0.367136908606857	0.104821549882089	0.332874446080365	0.164800779166681	-0.0681261672734402
1.0718067453762	-0.554772427916566	0.449661201399804	-1.08450716874554	0.754236260481807
0.658805506487475	0.726139578372809	-0.316883748548379	-0.295749584289376	0.0714376458304024
0.307238208951145	-0.305298573307138	-0.286666136304069	-0.6112989320772	-0.354218111442584
0.19294365672553	-0.335248957065673	0.374853534762132	-0.0974876903147386	-0.425722916516598
0.522297937177534	-0.194899661352339	0.736321283915415	0.501600467783487	0.0903353707194672
-0.0621254439839577	-0.506674920363954	0.51144907783539	-0.158462395877947	-0.0551222414196607
-0.319229854083989	0.43765353668681	0.149179222015052	-0.641499862383525	-0.129678833565474
-0.169582934771387	-0.60791507362871	-0.0890909756421112	-0.626029425657218	-0.870595488708689
-0.463119593711075	-0.276488391234129	-0.218767966162923	-1.04361313718911	-0.152320126559935
-0.238510761278068	0.0908579564534325	0.394826801183357	-1.43804042313994	0.228493813559456
-0.332331186465094	-0.405813229575971	-0.488576647429195	-0.415208452918094	-0.301549669380294
-0.84254303237756	0.130099188274249	-0.135341426070655	-1.45783192552432	-0.920152596044308
-0.402988845350263	0.563184376123304	0.676535578835805	0.326522358203326	-0.18006016007188
0.0829133874426939	0.210185840878486	0.0355506815935013	-0.223583547161138	-0.0908169173773543
-0.517467460176064	0.826752463273411	-0.261861424130483	-0.532671648728537	-0.68432514267625
0.0259947987903425	0.370380006696472	1.21503969781973	-0.614236283199689	0.6214475666942
0.624412538984046	-0.131427387191205	1.30012716676138	-0.264787280227117	0.114448092840142
-0.22130719890991	-0.180575669874907	0.592184884505022	0.557558682043837	-0.111405713858717
0.517988016804558	0.515482016777456	0.904507986112676	-0.189762263350981	-0.389951216304107
0.691338474127608	-0.622473095873182	0.596826441514033	1.14325254536471	-0.109592644520315
0.390092409026473	0.992058250646625	0.852718221982646	0.223534215339436	-0.394815056926367
-0.226594149091203	0.797156410788578	0.0606768263195195	0.413734527732195	-0.561296200558524
0.682244850359348	0.173299722062265	0.198712116432062	0.0496819723656489	-1.39003052502413
-0.389955554665994	0.304000082250034	0.256355562081991	0.102907567883785	0.315101372091781
0.119341006205894	0.376385192489263	-0.455418753998409	-0.232017072216865	-0.201924508115457
0.154077944712213	-0.287982860014972	0.875501136636663	-1.03256465932151	-0.188753304604741
-0.162663188924053	0.702289285530683	-0.644877391371591	0.181964215081691	-0.290386976995097
-0.532087958417115	0.384330807587975	0.264967750194005	-0.477976529957613	0.175083327053326
-0.432673679701288	-0.246432746292238	-0.084148221532335	-0.506514103213734	0.571638984746855
0.0943070725584413	-0.259397675066281	0.0589379442869227	-1.264730705107	0.367409417388552
-0.286638021554721	0.67418433622257	-0.221279615096521	-0.498315174839643	-0.0346549218387615
-0.322900851932897	0.537642260574169	0.423416806128518	0.411221180858415	0.83288758775286
-0.683604916560778	-0.287268900683171	0.500019721400878	0.497221903536008	-0.430882653506586
-0.147364939346217	0.456204558931219	-0.210807266147141	-1.02609745888384	-0.557175813989337
-0.44599006440108	0.295040717754989	0.489551404561045	-0.5871552174306	0.427248029294749
0.160421779530535	-0.420684587088445	-0.0718725093056874	0.46793416622477	-0.314619685442077
-0.314409102449094	-0.137998367124574	1.11482879096548	-0.220626664297135	-0.919706599583129
-0.2115815643237	0.455016869758491	0.0816583905535608	-0.335158261141796	0.418627720362048
0.506159871167997	-0.507142174373463	0.216887603814209	-1.67869669707565	-0.40597775720913
0.415467889020266	0.127223251706227	0.270080105832214	0.850427290697103	0.145212678315167
0.52793037592227	0.297996563489139	0.290312652166418	-1.21167123580098	0.234757008716943
0.406335658356065	-0.582394440409916	-0.0402622731519317	0.89950900931119	0.448508620306611
0.505681317879746	0.423739199060019	-0.523809760342845	0.902747771708551	0.484850222116013
0.198740287067983	0.0153968122616078	-0.464154756141305	-0.737580787001666	0.251381539942427
0.491032100327402	-0.247518027035646	-1.25375701664009	0.179980744787826	-0.941238584336665
-0.169475128982146	-0.089164247323578	-0.675082621728746	-0.389037172946156	0.180021659175988
0.297607475399129	-0.251213279280305	0.120266383924503	0.109272414916531	-0.885207208443825
-0.40433585763445	-0.346029205377098	-0.349219000996351	0.176104769926281	-0.016095780245772
-0.565575791011699	-0.862581231385625	0.427090327345572	-0.50606562423972	-0.188115225585701
-0.453771461285814	-0.568061577018038	-0.529967653760414	-0.627695713174723	-0.783061244332115
-0.88900650460114	-0.806404767793545	-0.237908117388899	1.11272818965473	0.392312436046154
-0.525331410207299	-0.309072442959486	0.0116596473077937	-0.635737412176495	0.529087795301232
-0.502318191626471	-0.0782576308357285	-0.577481408566204	0.784209289163387	-0.111243103793028
-0.932809695869642	-0.0566225128252785	-0.38344047703319	0.0678078332927752	0.786059277228933
-0.301716385515236	-0.219260359253099	0.394677906587034	0.26817456677462	0.232376672114455
-0.0914514904731338	-0.0483964987151691	0.126619730347525	0.633622237861367	0.39056780801739
-0.144500460857219	0.403374467859545	0.294367727694774	-0.180649035417131	0.789183145129446
0.393788875075794	-0.749033152723372	0.296604729304648	0.858171698935684	1.0057596541132
0.197476277061268	-0.109294481234711	0.152670899382821	0.239382646358579	0.365463413866809
0.253760737706577	-0.0220791469738482	-0.00549844673198073	-0.788466465223878	0.457456825774807
0.585391198849041	-0.487465957313863	-0.305581136936111	-1.2928789009579	0.119160348558788
0.364955620501147	-0.0580432018016265	-0.434277751263614	-0.420902392721759	-0.429885671246063
0.287009661350521	0.310103107526671	0.220375797337606	-0.941572205364358	0.50810474233129
0.266998979855314	-0.654902590290108	-0.0798416185126817	-1.71208840729989	0.181387711984986
-0.381530918929596	0.345025523792947	-0.482796970215555	0.683807795568611	-0.305141009671684
-0.211598464903956	-0.664480343992248	0.209047877087516	-0.269206853887945	0.135687122132505
-0.38221250920693	-0.396440564880086	0.138974789559583	1.38287546663927	0.946373111211939
-0.697930769261454	0.344740790940125	-0.0995259203284062	0.638290868483364	-0.288855228778968
-0.513585542759413	-0.357022015983033	0.237017676243104	-0.169656409302148	0.897501908310342
-0.832771066056256	-0.723373056600165	0.0352172722157538	0.731055476820564	0.186035387717133
-0.624203626404833	0.0359811260234628	0.223766678369821	0.138630194424389	0.261731641288483
-0.062817589923489	0.143272091822492	0.889267186707134	-0.36736186515858	1.0230903407627
0.202189215873755	-0.500218149988234	-0.390052108129229	-0.786105059266772	0.969206730424876
0.0141187265626972	-0.19210752510904	-0.319786488596071	-0.133242531825334	-0.32073729099646
0.331737717159649	0.330617898811456	-0.143659188876778	-1.19247610493914	1.11074642222408
0.502913754733906	-0.408010626755497	-0.982427162405711	-0.975172672645952	0.447434360072631
-0.602982969338625	0.737421154895312	-0.930083844985956	-0.864090592518058	0.097743949741872
0.0206360337772533	-0.139764415586413	-0.283888148439644	0.53229811098405	0.487883291064057
-0.0344735570568838	-0.00205370009841079	-0.218620214098682	-1.40700191600365	0.261457621078286
-0.482957689017135	-0.0414935917458151	-0.20230897866298	1.23489206532419	-0.115690325530632
-0.460158228245602	-0.504339566680827	0.157369929292206	0.173501170661572	0.408227040268788
-0.193965854773316	0.588579713905614	0.489721422912599	0.911702343173343	0.263514355691463
-0.25353637299197	0.0618316708896088	0.16877360541899	0.432923357949433	-0.13595348077827
-0.132872956751602	-0.466049410982445	0.0789863055113408	-0.295899333207793	0.48905163169072
0.0389503923132549	-0.998924482791655	0.374099832841712	-0.0630975126838764	0.130434845292582
-0.50043950692955	0.25674875967467	0.136232913679829	0.308666574289373	0.292640233687994
0.139381986554031	-0.471901178063416	0.385910620397359	-0.778494954105749	0.0296770715419128
0.591328954430363	0.632521710771556	0.258520354412973	-0.0623433197360258	0.686376277508654
0.354110969321592	0.198533287723278	-1.05687741119569	-0.674673564460799	-0.403792851350746
0.374695301327204	0.372815921940041	-0.353367428406811	-1.2224127299668	0.841904619738339
0.25727727184683	0.585564910169879	-2.75411988936651	-0.171283139443805	-1.06185181297799
-0.0700439899836781	-0.481705309946548	-0.556652553332996	-0.723818093519335	1.68490316511788
0.048644392891863	-0.570236714121982	-1.10945211893705	-1.46791834619518	0.355556992130508
-0.474003508981509	-0.594814665062364	-2.00841722623341	-1.58462031757915	0.262942470493233
-0.81862542275469	-0.312271297290379	-2.45087422817898	-0.222381508519951	0.227953059221432
-0.448289428411737	-0.621107631792483	-1.14981159789652	-0.764177586203496	-0.629983002146239
-0.419992285071932	-0.16885536852614	-1.35016180999635	-2.12547180789369	0.712434818669934
-1.02219861805426	-0.96868239933665	-0.452730433600591	-0.947168398695487	1.03363570906903
-0.412656023052854	0.295331585884099	0.0284878859696702	-2.25876964649771	0.332950855427634
-0.418700140249217	-0.521352223819971	-0.329525935267441	-1.83606636378937	1.37385085534362
-0.531418130055481	-1.00014440044709	-0.317293807197245	-2.07359555510805	2.58870103778576
-0.365919426616121	-0.867243957046853	-0.162671371390806	-1.30792428281809	0.584647292995305
-0.511186415327439	-0.383463733354467	0.0934093182982606	-0.218140534019952	0.302001653763795
-0.969503618813254	-0.632912995812013	-0.201894517200324	-2.2497798613241	-0.286911849425428
-0.251412532626774	-0.181528442080206	0.877217152905	0.34951486142021	-0.60562416302148
0.00762757159333425	-0.57436589679662	0.0123775667639327	0.111036259235034	0.485406379986978
-0.429800564085799	-0.518636108178058	0.298176559819901	0.589138412585104	-0.471253487619651
0.69666637666059	0.168080367436418	0.890463088647579	-0.0166534521968253	1.17742096309785
0.850858298705701	-0.219841319043127	1.57264763180935	2.21863463735833	-0.649480349326992
0.235560747310507	0.328592945476136	1.27080087564401	1.08480332603271	-0.4443229653253
0.157376932962346	0.133114545280142	0.538979890674966	1.16957677574	0.56863900246937
1.49692087397924	0.476327053603651	1.10490430124309	-0.00783003444025472	-0.28091832233908
1.26698463806196	0.576620617161511	1.18362000028104	-0.0497396120489937	-0.841598920479407
0.545082984962986	-0.107129936267401	0.911555028531068	0.339125024311478	0.2050809239569
0.679279285389857	-0.418993010746531	0.0804453697795507	0.587941329317684	-0.487036329201817
0.654738940754447	0.318174912312656	0.010410962392354	-0.846563797816263	-1.41079196050803
-0.0956313918318398	-0.401318074111189	0.761691980439294	-0.14434879735457	-0.441449283358954
0.346842803092362	-0.0846366905609451	0.00802850042838213	-0.622330859133772	-0.12750424910616
-0.122352940544393	0.63834632866503	-0.133643376367089	-0.0167293560006403	-1.27374469016747
-0.18825737875393	0.0346816858803022	0.2595580527547	1.37099329671256	-0.186591519841438
-0.611174226923264	-0.0568182171010871	-0.00075254389415549	0.436760678402265	-0.555157335197492
-0.114927048997841	0.466039537706237	0.775126809904411	0.157154829981435	-0.523298907863837
-0.584941499056875	-0.387164437709316	0.413999707839113	-0.302779936568881	-1.16101459054562
-0.183251263175262	-0.0329210010927381	-0.105562851539869	0.292490791204874	0.249766066718349
-0.19725191438878	0.228055493147465	1.00292931996426	0.0453196573391263	-0.321074040313224
0.0553289088041002	0.231140414099895	0.247242983587764	-1.02764894051439	-0.445121622231467
0.208645684094075	0.560240803345286	0.220277694865411	0.40977600573357	0.0265470909084336
0.787708201778392	-0.0163481306828041	0.346899670317335	0.34891635459927	0.463630742033154
0.553479433449518	0.268944783016032	0.654254946203243	-2.32386337295472	-0.658055287417525
0.687527769754859	0.136686971355531	0.138694349665511	0.910523668916487	0.285292785388223
0.80104627947816	-0.0045220960775598	-0.135076214061101	1.00108224643534	0.202376827086257
1.13275617022252	0.504305017202364	-0.914849530748784	-0.825977789076987	-1.39435227345509
1.19240248220432	0.369044490363634	-1.18931403162373	-0.288518208231847	-0.178615483239932
0.647881554938184	-0.451137170688639	-0.437608837081427	1.3865604232431	-0.281010449666356
1.14534414257577	0.544622990544576	-0.203294782592458	0.535383141293349	-0.267777211003781
0.875615567236857	-0.0798115400594426	-0.0552707677423744	-0.565158312846862	-0.306956374025984
0.636181825890831	0.0960420340653478	-0.922267978391022	-0.00496256000392426	0.19602071954154
0.421936119396207	0.444401761707148	0.396245463344975	0.263264720975338	0.851529410591317
0.393758076637522	0.826791283326582	1.38231042597799	-0.0966422737662089	0.370874545883219
-0.440772568884044	-0.335808878046051	-0.218595205738917	2.46723755580547	0.248973103285901
-0.609718197270554	0.32882672826298	0.148488056544986	0.30821347009495	0.251461984467675
-0.772109835083336	0.123646450852827	0.635283383918648	0.521257710720066	0.677156543649239
-0.911756464586213	0.00663148922395194	0.618138308356433	2.01887499371907	1.37192388778112
-0.780304025980837	0.0639591664596439	-0.00167782056449368	1.27443723101624	0.26450570024406
-0.969271827363236	-0.102164067528935	1.0133197804671	-0.63638602853664	0.209411154562851
-1.12205791435907	0.0724129846132248	-0.141851247633792	0.624376059760606	0.306232031547713
-0.455063552234558	-0.0634938047598567	0.350920315405277	-1.46037487274355	0.531231402534937
-0.318674686076548	-0.151417288364237	-0.0566759645167516	-0.0867001888164447	0.167636695982029
0.100549764279749	0.130090736026978	-0.803557799458078	0.197496308569597	-0.146325818725054
-0.521827357695311	-1.20920540378988	-0.607438746238206	-0.657908668854195	0.262391378735699
-0.298314907634343	0.321798459826512	-0.678138479815082	-0.0956925345472637	0.195471949431251
0.105682581616327	0.122220578274285	-1.22138043025242	-0.467733110877059	0.254058199598185
-0.502508877250815	0.385356456453187	-1.03500436340579	0.81558592456518	0.340153517067756
0.157491103007968	0.367619148890574	-1.19710206505154	-0.584409319260228	0.240519547058245
-0.343068620947264	0.458927190803148	-0.292611945521875	1.13650089991475	0.255968334151462
-0.50775959456628	0.0466341774254483	-0.278010622820266	-0.643051848667831	0.581246661870555
-0.210530970110965	0.000142366340977541	-0.181867422004587	-0.408014683903071	0.606120480094366
-0.617824791125258	0.615381644433247	-0.110512150237666	0.714788467315063	0.861575429534236
-1.35308111199625	0.209507544022332	-0.0909570632275633	0.00758701779424347	0.705459304044194
-0.665623843269279	-0.930443057993572	0.441870646864939	-0.225282452961789	0.515763568371554
-0.524143576115038	-0.28494212112177	0.550221627005882	0.517841882568965	0.321345665411444
-0.550378333547677	-0.303002157970176	0.12408015602781	1.17424831225455	0.670018788317157
-0.459066508064998	-0.538761473825398	0.649861356352541	-0.624741658306959	0.100221169842088
-0.115048361678978	0.79564439544064	0.354441666139097	0.762376581438089	-0.036550928425785
-0.219415740982527	0.0794559444736145	-0.248170477193727	-0.0484540507877315	0.0202680455153373
0.299023874105484	-0.242599805590351	-0.680813316531144	0.978234689318228	0.600045574309627
0.451216514804559	0.244649734917375	-0.0109957674913197	-1.08893075815333	-0.238683159244838
-0.0948423333205314	-0.13477943430827	-0.134426027343204	0.345921661529277	0.0778737729303181
-0.141082063575876	-0.275962850130739	-0.470505916562413	-0.114641367843019	0.252840718187455
0.198216326116069	0.479142938143313	-0.435482023789385	0.319905101492638	0.0111564847334381
0.703076058356268	0.0414900392319631	-1.19622524281674	-0.374992021098565	-0.367956844587375
-0.503281959557337	-0.314878711144	-0.998911492536853	0.905897275545284	-0.186451320100617
-0.334783047940727	-0.309056229352148	-0.496011254644185	0.19005248033035	-0.229346114668853
-0.0528922977109977	0.632347664101457	0.394826575897029	0.0659068775759981	0.508568176557169
-0.326838991780683	-0.260775399784223	-0.0593736738319747	0.333131084058126	0.000934062886792362
-0.411295211898883	0.356472689529935	0.161075617060492	-1.24944428355832	-0.397480023129925
-0.180148170818019	0.291440951545652	0.737756043280853	0.247605247667433	-0.482796876074561
-0.216570836102179	-0.484044877112378	0.0302364902823059	2.2637988394224	0.269941869554413
0.290669842936981	0.924364203943399	0.400215028032527	0.108836919032861	-0.172992077845059
0.278060370853599	-0.486164361834239	0.0564669029982716	-0.239484166433051	-0.17831780770203
-0.260646984979142	0.0405305237100964	-0.396959760835818	1.33227906566619	-0.00825444544845156
0.193152409182043	0.145288430939726	0.775854785123125	0.500185243002627	0.510857000165138
0.146500179325006	0.356409336639361	0.161949264495356	0.453559260184835	0.315759501055373
-0.379440172951321	-0.124768906451531	0.178677381166527	0.641110191334598	-0.176459771456098
0.981556604905678	-0.128883030068781	0.248618552879521	-0.813117384006803	-0.0945201667271492
0.439748558346434	0.0662506890965651	0.0891250105902659	0.752423671703512	0.468558994191548
0.127882407672971	0.00795433488660933	-0.205894031912056	1.23139626051296	0.384357365043923
0.667047559818429	0.24302138926686	-0.52126271804669	-0.117352431111109	0.352468991021904
0.623200989303043	0.253768375594726	-1.02456542835788	-0.926269770481908	-0.771965159501474
-0.136291877798664	-0.515219849989577	-1.00887047270405	2.05968463858524	-0.520401682817183
-0.0164763790157042	-0.219537196062029	-0.917850381284098	-0.0740701615978951	-0.151408744183764
0.0729448747406741	0.96116015523133	-0.25724413386744	1.43104796384972	-0.286669677111528
-0.196608064083968	-0.465915647843402	-0.209841364632943	-1.12835119695366	-0.271649628080497
-0.631156411237954	-0.31769857733072	-0.326768018683821	1.92873285428596	0.0342213827756793
0.174293319759311	0.64660608966458	0.689172367912331	-1.70862846940778	-0.369497897762177
-0.539181770996584	0.14355977749489	0.450725959591806	0.327351015878982	0.519665794322236
-1.1321747355469	-0.56588067110056	-0.0809770038718342	0.046240581077198	-0.274644072977622
-0.139760686102017	0.161399264199764	0.600601796155991	0.690893433730207	0.045134635480296
-0.00393269152406958	0.179821946782412	1.02588964962428	0.551701782345627	0.653232510113251
-0.386344995258618	0.78144715565908	-0.236862489866157	-0.13357806320027	-0.020079496772011
0.0520988794703954	0.136833897334357	1.22847244240014	-1.14482096563591	-0.345719052881586
-0.420755235524754	-0.024934591473364	0.454709260090383	1.20077878588742	0.00376458111895587
0.391412383131298	-0.741207198949477	-0.045114784798268	0.906714107981855	-0.0688986951252474
-0.119516995797218	0.5541071801412	0.0412116512489726	0.394238237422172	-1.08212844303733
0.316936093531975	-0.107408934100099	-0.0974134585674559	0.140412607061232	0.0830026069933399
-0.276646266899156	-0.338976500232188	-0.496929255138717	-0.836840732817754	-0.19591191236344
0.683751917390608	0.346493042638672	0.480794740600921	0.299489769343162	0.0101373257124948
0.426895726653648	-0.233126634207597	0.133685125243217	-0.981558294497287	-0.000815798482115391
-0.605532417732568	-0.450376774641737	-0.660640430448086	0.380118836192062	-0.0660423153593726
0.430036493032172	0.131100110747024	0.268925153863206	-0.968283973484883	0.0610854562948063
0.211619873056681	-0.268358946046293	0.547472138116208	0.740949339320679	-0.024587791425974
-0.512670773304517	0.0428244767987863	0.317266099394103	0.294109775456698	-0.187478130249226
0.291329951722089	0.098736154432948	0.264172677580294	0.655283991278988	0.0438961868549112
0.430388312415906	0.0817216855719322	-0.0401974693796245	-0.227793002648068	-0.50869630989004
-0.59097339779903	0.415218054154079	-0.0252001226693554	0.156316555950537	-0.434602188245669
0.39029523568277	-0.746443004651782	0.205229783112457	0.671178928974575	0.0384045735253801
0.721271807848666	-0.00114616052752864	-0.304703202066879	0.366425477543554	-0.43464792956863
-0.134775917527669	0.927270853860351	-0.377333699676543	-0.668465521292048	-0.148921787467396
-0.0613858018028544	-0.466518504218288	0.0911940047485358	0.65359508191861	-0.764688192916747
1.05920067518405	0.309074724057469	0.743706143456215	-0.520753002668559	0.296961879732235
-0.317924284466169	0.253215391693499	-0.433028475798014	0.253635226857699	0.864644450177572
0.107098503321023	-0.303979083925434	1.07488976511268	-0.151772555846542	-0.183454326557011
0.761230363738899	0.462037962437334	-0.393568155823556	-0.967022916735198	0.393789732327385
0.375454719435622	-0.684593819671454	-0.113712554942121	0.138991203759715	0.558062856318236
0.347664743492706	0.190766526457815	-0.128949588383259	1.04125165321475	0.214651693450905
0.300827258689867	0.399841919423417	-0.172033849567266	-1.34083335824503	0.360373226347579
-0.344602939932124	0.126002656443867	-0.29301139679729	1.28829855398726	-0.123033535156259
0.776742221562071	-0.642967490017903	0.257772097850582	0.167438954840784	0.225324205107415
0.104685606223004	0.199745457822508	0.651485584952596	-0.660517774011189	-0.0839569397285299
-0.3052928443219	-0.169817995071932	-0.0846516145133954	0.194484163809806	-0.0728640094088589
-0.243764106106287	0.421139549305872	0.820466860579904	-0.843683295101965	-0.458198705510423
-0.102426833018646	0.163848071341914	0.522774570402128	-0.155862162009872	-0.472407265709845
-0.249872745572469	-0.667401249224791	0.34516331197794	1.91732849436005	-0.127097762586623
-0.322252223152009	0.19263615737345	-0.156459934373391	-1.58658634471783	-1.39823142211593
0.158900296232725	-0.456061138143409	-0.567894612074229	-1.62654095695871	-0.461071471057558
0.111420965842557	0.105794396699546	-1.00626445821903	-1.567869428897	-0.594343631851132
0.374869545324618	0.176006097924185	-0.981355383218194	-0.206551119087289	0.253053819762347
0.971716878991678	-0.316219526049282	-0.481703379922335	-0.544316402487034	-0.0195650948950184
0.718557236267873	0.908349807548648	-0.686404466690193	-1.84281085428408	-0.566262867303742
0.90459480343564	0.0682114095221089	-0.085707569274187	0.199570409584871	0.055793224689597
0.719257446079861	0.362396707992085	-0.0165649157589913	-0.804721333397347	-0.0935142219405618
0.871117559209864	0.908660600068183	1.43049725147053	-0.708822574228742	0.0513232185130012
-0.0395550673314774	-0.672875567491276	0.942905708009725	1.12954615898115	0.316775603231352
-0.208542478134078	0.355511679880632	0.454383640379789	-0.403690216872574	-0.796667623503518
0.0120892907734043	-0.45232337464171	0.964232898348538	-0.954586457871974	-0.742648335312071
-0.65351243980851	0.0749596150905259	0.354485423385257	0.417894367178961	-0.509206607813591
0.0709599237543205	-0.239754765822161	0.814973545761841	0.0206066996184527	-0.264338151019848
-0.385578915167543	-0.174524571648008	0.282330670688142	1.02674100062071	-0.500568778331774
-0.429783704390012	-0.282142583200547	-0.0231448912582383	0.235821262712968	-0.545154226063131
-0.0223738138567744	-0.120328183845273	-0.177409553434619	-0.424177038109112	-0.0383260405975092
-0.220373787696585	0.537130289310584	-0.833739500915335	-1.46783237250839	-0.681537513160008
-0.0754539715804958	-0.483836335930148	0.16414791069935	1.02780071658143	-0.643601780796586
-0.520146732064163	0.137919053762246	-0.619493117161149	-0.835058741268064	-0.0303308937333074
0.0560697190248844	0.0668216943368087	-0.0697888585838412	-1.63917373723188	-0.1163040908679
-0.0569903030705265	0.486742044756708	-0.131093614983954	-0.451709203563936	-0.0771376625760979
0.00057437370689125	-0.197723189398134	-0.551133696248052	0.62029886055434	0.0689767443231641
0.186561757978078	0.894038414916516	-0.490262160855212	0.0418066189212043	-0.675565728864524
0.182306876841395	-0.361432872209476	0.313261762388215	-0.462641364400988	0.0105604693505833
-0.154441890715874	-0.588199608611113	-1.09110039218	-0.402597339750901	-0.245112781883374
0.140987233444811	-0.0800353396943339	0.0951958148109246	-0.579791258312132	-0.485799735032992
0.236465433499683	-0.15475520794122	-0.298186940775079	2.12100158778731	-0.19587312089479
-0.437870193704536	-0.290678710943571	-0.828439718472557	-1.35929193657738	-0.8882124637753
0.482931830048296	0.137120273289354	-0.328737801847094	-0.486756329942051	-0.982516012027641
0.574407564528191	-0.639782314205239	0.210957141281978	-0.905908324554387	-0.342303997924966
0.198292553902199	0.0296311970150067	-0.469626343978049	-0.426795010923802	-0.766695910007059
-0.579592311609959	0.219343929173041	-0.214850646676419	-0.383474542316106	-0.385677906721249
0.645000712276314	0.186340155133732	-0.572618773068374	-0.96341483604682	0.0791247035208802
0.376993002240474	-0.411941655815546	-0.599973225033858	-1.63830663175347	0.00614365506575132
-0.30852462827647	-0.309361065295205	-0.814909091184236	-0.976109203725606	-0.122394324764563
0.435034945299934	0.595402409195248	0.278802996169168	-0.749684756501059	-0.589024477792995
0.166352674644154	-0.409158481865989	1.03186690458579	-2.03171681779927	0.0198474799518867
-0.538940445636343	-1.06079437765815	-0.0917483229049941	-2.24180670836713	-1.3098366773397
0.014589053942043	-0.498113376166001	-0.518405981580885	1.13193064602185	-1.21040732492816
0.114377724226081	-0.339540970646299	1.16622824776291	-0.223096465002481	-1.11569515913878
0.220795774226228	-0.8621479386814	-0.288050385661742	-0.229854576765898	-1.11775718550511
-0.796605860944228	-0.674053640154913	-0.509314205459876	0.133281449804712	-0.361275741718825
0.444403482654519	-0.166564806258745	0.445190848627378	-0.347854390992392	-0.878662000899526
-0.52307843621658	0.267778669993444	-0.433472052952857	-0.816848259120213	0.612712577912517
-0.471462210625181	-0.320503743533381	-0.721349872133815	-1.01804105298249	0.800821501819532
0.351034019624467	0.878136744189824	-0.17137445933778	-0.96872730286818	-0.131452858868458
-0.875791801790094	0.0762475478340184	0.408770370229892	-0.821106657771924	0.237649813883565
-0.1599132192724	-0.401114653888059	-0.01416325588073	0.479873703815103	-0.168203048665928
0.16897154739434	-0.385358454691576	-0.684559761621328	-1.42543973388978	1.24673369606924
-0.307378686452671	0.552861514742073	0.218819889501824	1.04997612827678	-0.0373310583721928
0.240176502994632	0.128726348429784	0.968854547789793	3.0647788538424	-0.80439894312193
0.706204685040788	0.512895038573177	1.34578392160522	1.84358817068142	0.190048680879747
0.295289934791442	0.531631731982448	-0.569151034039716	1.42465867995286	1.17202167156018
0.903957796587526	1.25211215952593	0.327738552307661	1.67255529369616	-0.763562152902998
0.614494028383391	0.302014421666115	0.19909925339396	1.99633411107686	-0.23740544712928
0.484565732620386	1.02544925871981	0.0595029083504218	1.9882002471464	0.161473319972696
0.452918862441485	0.34034344083994	0.57715083681178	2.78434130197959	-0.58632955502291
-0.151995779391693	0.371177274575524	0.0866085335579278	0.942111668458103	-0.164812688017678
0.0254080998918912	-0.0636933182249375	-0.075478709706267	0.747741284241844	-0.486050370235662
0.24353771944912	0.409213181557731	1.26027501266537	0.871039612449163	-0.282186196164258
-0.360086678709253	1.0874697122366	0.949941739993309	1.12779372206941	0.394940879787429
-0.477634952387693	0.828537443838325	-0.00449576046900715	1.74346183984051	0.0764951465479335
0.195645605616772	-0.0121263239704367	1.10336549998716	0.380694481054053	0.225286300441864
0.297621844228585	-0.500992123395501	1.03913991726188	1.20110088246651	0.0713906026117753
-0.0294304760090517	0.552658670308034	0.261966778548179	2.08198623123698	0.556737068811761
0.0681556117213952	0.032871824736434	0.699975104029105	1.06719767193241	0.507922064350651
0.332076754838907	0.817376432588741	0.369478180609084	1.5319458834343	-0.162679190048251
-0.987786392086681	-0.636960606294367	0.0175135916902786	-0.0375604219123746	0.452552148452294
-0.0553270092725886	1.04164038913673	1.34759783667047	1.19856266202977	-0.105761384363263
-0.193831179787488	-0.0165979139278041	0.0498638115156008	-0.842940410650902	0.0322274807188992
-0.677525320009164	0.226070807055831	-0.107989027830439	-1.15729899377236	-0.173877004589184
-0.126440135652906	0.371587081790678	0.124383843565471	0.349968259527326	0.491474040398128
0.472564145816339	0.313108371854727	-0.418720941781457	-1.2813594521367	-0.424437078400579
0.0300591632830184	0.676210275223038	-0.65918433848359	-1.07057717634741	0.360975748145663
-0.496944618755455	0.187622260057583	-0.787905938620828	-0.11935729288643	-0.175001915889274
0.366170244823066	0.183703501594642	-0.0356552196334167	-0.560886110152652	-0.0653027902668904
-0.226091456644454	0.578117135214372	-0.410324012999112	0.991477390422557	-0.615454280803958
-0.177090610533286	-0.155806732554716	-0.197590639749479	0.87751464495381	-0.026218065195775
0.0281625384028529	0.516778670592436	1.02198016440365	0.846005494743012	-0.319361276685543
0.156251002646247	0.261510048398404	-0.0887401557713032	1.35225331970411	-0.220738014669458
-0.279570587844794	-0.203002495908868	-0.0455484875011324	1.8263213282965	0.152218528033395
0.784969702124596	0.458809772275944	1.89433251769237	-0.20769300121513	0.0523452266350619
0.22869891374014	-0.162160332412276	0.437190475656716	-0.375702016327307	0.688566733104015
-0.827262987843088	0.420310325784363	0.23482193258321	-0.232360165815009	0.616667121694652
0.319514796562863	0.239623653910432	0.287530638968223	0.315421737671702	-0.446535811689542
-0.164985238863409	-0.558946112191328	-0.0279223023755385	-0.479763438621024	0.729588814842749
-0.200664622790697	-0.067667637445162	0.418784388869513	-0.0704068457770587	-0.37812157880717
0.570619447868579	0.264036349883367	0.645229986813893	-0.241487479136935	0.188258513420567
-0.382599633760159	-0.0400411662780721	-0.436287798105007	-0.288752878298028	-0.103247537461381
-0.105355543171484	-0.500958575788063	-0.412722902321968	0.624964572273479	0.219770539587221
0.320694887392636	0.906864331272596	-0.0254178672281093	-0.463370425937754	-0.557652229094945
0.176816705958519	-0.193072242412508	-0.575341187467333	-0.423903259149845	-0.0953607131497421
-0.294691369392702	-0.728083723806224	-0.662219656606138	1.24158569298444	-0.684245714867835
0.338452966696067	1.0093872282276	-0.196943076740718	0.390816113288273	-0.00705487191626182
0.218142837910373	0.326013044057961	0.588963754654546	-0.730095716464997	-0.798925832688181
0.100232063857744	0.0823192150543863	-0.662494121642618	1.14169531987579	-0.156941275678956
0.245342650259964	0.492171508018788	-0.101397648715443	-0.540329039764409	0.734107902004737
1.30229215015024	0.309545274019587	0.330722037160249	0.295540404945587	0.510512316155813
0.302894755410869	-0.352421915362472	0.00134828052207569	-0.827395366637605	0.253413598602208
0.936396029039173	0.200465431071121	0.654594045357878	0.301624391454551	-0.600970235713658
1.33635512161193	-0.253194499686599	0.926398163516512	-0.399256411549492	0.333476049426638
0.153713689456557	0.351392549805431	0.655211854907141	-0.366775300236976	-0.693852443202441
0.565885156975837	0.162097775822076	0.0338246692012782	0.461975631592389	0.158772949496211
0.363495286790301	-0.491081531597188	0.931778569497879	-0.490437941051072	-0.0619717192350737
0.979667960378736	0.331554250709055	0.679566042099806	-0.0529674404426273	0.132102995897285
0.173265821086642	-0.328404889508983	-0.24831402502671	1.12138892908211	-0.370455120901107
0.399108494454052	0.308501106065758	0.217653171168342	-0.261884448394267	0.152128859985768
0.410024916780788	0.118212794796235	-0.967119932265175	-0.402580791539789	-0.136488086037702
-0.440663610200722	-0.420549717425617	-0.932699501977454	0.580482912058592	-0.0934527667250414
-0.0937241042383842	0.361815422078567	-0.399178147805875	-0.305678261830229	-1.16234293542095
-0.426668803164409	0.603624569697828	-0.0100016243867201	-1.89956484122779	-0.262847194560973
-1.15992857900666	-0.141564622184224	-0.20880010069224	-0.113772186002421	-0.898530611010365
0.0370932378462029	-0.255210312453384	0.834733684227878	0.460063745127069	-1.15303458569978
-0.264911049161846	0.620615393825264	0.168538293082713	-0.44144258497046	-0.101625456642697
-0.229702386465807	-0.183339020399705	-1.38105383498071	-0.26196801510246	-0.825641547443639
-0.0104600869081889	0.348234369633815	-0.46369833705552	-0.724387658774335	0.180826588749493
-0.0917731513592851	0.193945918333314	0.00797437945378666	-0.0636362010843214	0.0584898010052708
-0.299111219552083	0.0841915324615616	-0.485389201612726	-0.841274168792293	-0.125332267541707
-0.0592951142991725	-0.878149697193103	-0.104389052580713	0.290078843296285	0.242844982230197
0.562227966842149	-0.0551606056616529	0.54720176430311	0.377396942102817	0.112283539615004
-0.327469531214199	-0.6657485040757	-0.604346062280207	0.504264795956915	-0.0691239168264703
-0.00274258306539198	-0.0892328335076544	0.38267266022338	-0.563064972830982	0.695781046953021
0.514585811479197	-0.257509327759404	0.218213363421228	0.107186644734676	0.533304788791025
-0.0256383141626947	-0.186289802839518	-0.622621591171609	0.413062329714744	0.595327370113486
0.0753693822962743	-0.0740578866238129	-0.365944113476707	0.824502562725857	0.470193358098629
-0.313638332236673	0.73196685228661	-0.128260488650348	-0.163625372883649	0.510438658343583
-0.481441042414853	-0.725518337335464	-0.387453992596245	-0.702169509303813	0.0658855622095772
-0.456124735056786	-0.461224992263655	-0.291490879923719	0.406108889369591	0.114718772586009
-0.629808169469811	0.353295804495283	0.339771774593883	-0.854391739720429	0.0606065339210495
-0.779341339799869	-0.401592831686557	0.230296526929176	0.439305844569413	0.117016879729301
-0.804740350694573	-0.423173821414274	-0.375371130968275	-1.54444844603672	-0.170161130037569
-0.0767434749588132	0.231905609743122	0.589241121711629	1.21687766691737	0.170196516035173
-0.669764151495493	-2.7269369144086e-05	0.519214351178968	0.889379284530055	0.373899203265679
-0.51105388396171	-0.0588667853947905	0.186195404387124	0.59237520294841	0.569414316072997
-0.0482897589844645	0.442952440042748	0.645104221537608	-0.51552547342487	-0.146033582066425
-0.149429702853312	-0.0454500304269205	0.047251386975156	0.510775538608281	0.653172524450676
-0.289471389107821	-0.876055246445876	-0.272938240673549	0.434698434501372	0.816069297386513
0.41240070967754	-0.705191937505944	-0.331410159183461	-0.973010813489815	0.571811270091303
0.454111334020735	-0.0378334547717447	-0.31282758712651	-0.598684533241778	0.593330861498511
0.117443664833797	0.0734615931412884	-0.224678927555769	-0.555631742080788	0.072795601566771
0.150987917542	-0.916849894162828	-1.04767563348989	0.543597489294603	-0.0967554362275527
0.0636959434704261	0.0984210172834715	-0.115079993108904	-1.03326791157677	0.289877356443302
0.281729199704226	-0.0231264799656007	0.332372519645062	-1.76750449556843	-0.346092980958533
-0.240915489730509	-0.741812924349562	0.431212604082207	0.995026599262537	-0.00142484900485824
-0.0306711948798439	0.138878116052382	-0.240269799078177	-0.701297660994344	-0.128495320602811
-0.00516082081756547	-0.771274537590846	0.646410124867358	0.761908104724371	0.492548942266614
-0.564371076716444	-0.40073501350948	0.693854447646476	-1.4257127834678	0.251295943790291
-0.623239441229928	-0.459074690773015	-0.892159979158535	0.970517019057221	0.443261130953086
-0.681079705007738	-0.419634561078928	0.509879160618692	-1.37769788951678	1.11073689127006
0.0498347113784882	0.582158627481955	0.527750715254287	0.386168035529008	0.450380586139115
-0.711774735435748	-0.92822762803664	-0.605609990428249	1.16147776886671	0.918192274575267
-0.999634586290453	-0.387824989691995	-0.251844738841789	-0.778698354675604	0.733246415193921
0.189162982070786	0.259181954977814	-0.225435538247659	-0.759431542989097	0.18188682581421
0.0756790333803698	-0.210344638114515	-0.191230361096094	-0.22089633581359	0.948482223044612
-0.0380549465421235	-0.377741134815228	-0.854387975872971	-0.0634129532700279	-0.403461809180491
0.524554256081732	-0.223641958919439	-0.290673603968908	-0.933359141189597	0.925687100319026
-0.24978699262535	0.397661721436164	-0.43314973967734	-1.07258167595365	-0.202333443312082
-0.281657152747949	-1.01320061224493	-0.983322036516473	0.354593343067726	0.473843931445887
0.0120516825804551	-0.587563726847048	0.907157833869893	-0.32652134990276	0.768450550886231
-0.058900868560798	0.028474001258228	0.687160676330482	-0.833255448272253	-0.144347090855361
-1.10012201556069	-0.385629134869104	-1.0942717191884	0.179114100709516	-5.40232095200802e-05
-0.120410690517037	-0.101218901702291	0.453302650047305	-0.376961156127077	-0.28621496874426
0.0121051906135577	0.301666041525197	1.05563741410925	-0.773412923366694	1.00625938814215
-0.745515058420143	-0.440768019991005	-0.100611844306504	1.08677966302617	0.0113581041315684
-0.615207768307931	-0.407108235004902	0.139162086406032	0.0932871864611454	0.348137731208137
0.160874257833161	0.674361848510931	0.10823158889997	-0.826192428999051	0.667400822943073
0.67853156455675	-0.334674059181972	0.508621232778217	-1.44904308959733	0.29798996100118
0.407314338769824	-0.249018288045973	-0.505381562278503	-0.591069813909903	0.775309158559939
0.0980993320877843	0.0422186441528891	-1.12738419063812	1.65698474718076	0.410819923575126
0.167583423495217	-0.22705363208871	-1.53860483462452	1.83305616158416	-0.627982999677615
-0.13858571622356	0.472711456441972	-0.232057601664184	-2.20651639870526	-1.34078606422456
0.370705385770704	-0.016038105950733	-0.7116867202906	0.170929651807331	-0.0276342454684693
0.789355373458145	0.771036832931002	-0.0146879881217393	0.0862304586084061	-0.748510212237053
