-0.556250514525264	0.55750370160408	-0.774042112022765	0.991205931483135	-0.851315976126962
-1.1757732616361	0.642038320907924	-1.2903022205577	-1.67322874213466	-1.16478378502055
-0.915293659245563	-0.475599600805183	-1.09376839548049	-1.28668420931675	-1.29312673962465
-1.23140795792988	0.574064510828979	-1.19717969501266	-1.07070599754755	-1.10943392926274
-0.922613073693684	-0.0787696078416317	-0.956465173469023	-0.384445443702	-1.05440257182933
-0.726782079368814	-0.751126940322058	-0.787882540986912	-2.30589793390062	-1.01420387235192
-0.78649212181721	-0.0491978419968835	-0.628583600220602	-0.799266128910826	-0.518184827250067
-0.363193293722397	0.0685803464891147	-0.764148102427113	-0.292474244783622	-0.293652732394372
0.00570412637272443	-0.0686727841504863	-0.126611151015379	-0.081838756540269	-0.392957380130015
-0.178526578732058	-0.210417983006983	-0.288833827522229	0.378740082707868	0.140106845635002
0.0135310272555675	0.532262899474814	-0.0832834282006779	-0.315742073792603	0.257263204661712
0.22216900912044	0.586842692727433	-0.257035795033839	0.603675377862598	0.629045763096138
0.0611935139141761	0.904728167451581	0.516994058534707	-0.327723277202744	0.353504301201015
0.502519925256101	-0.0512906248075272	0.660623119501413	0.43679760647822	0.690103347993381
0.588676287191279	0.699468256168674	0.169813157947234	-0.0701961284863278	0.331761926235137
0.503293284183138	0.408382324330878	0.956308805241221	-0.0336507121302118	0.54280486969077
1.09955062952198	0.488304990345231	0.601424717005151	0.469805992468228	1.1148691158682
0.750399872076502	1.10382826081159	0.268322306458131	0.553236135753598	0.648605947655866
0.839254816623371	0.43742607107123	0.7617436344702	1.54945687180549	0.305962732754352
0.581643497511692	0.494721875733092	0.544916962000294	0.18609501698719	0.723611949282526
0.720207329024034	0.736262115805393	0.572213914881989	1.02264820993489	1.0646189985526
0.761543823654666	0.734839455546839	0.294080451552013	1.76771631530143	0.668217512168938
0.584514756760448	1.01411428167234	0.348781795070916	0.464287304121593	0.284276667217618
0.426919219219187	-0.242744805338285	0.518872241102043	-0.433989326112242	0.555443788804399
0.868726644401783	0.373550035684969	0.0280125464631668	1.76221104631879	0.801785670880767
1.00176037535639	0.578022372453741	0.486142616909467	1.19204030661503	1.11226049759676
0.671482189722576	-0.218355155819865	-0.00180642186440512	0.578121809559653	0.8562402230652
1.26929726417477	1.01465313969925	0.534012704528188	0.716361090327665	0.713612527514999
0.846242648776273	0.160429000537521	0.255103183401009	0.500523281140664	0.995867057197381
1.19341725885392	0.617718834561826	0.301716192924783	2.31090261530974	1.16600184163
0.836305868932611	1.22242295873795	0.437623284019551	1.36602618376515	0.83402230534388
1.01038484644945	0.104978438446912	0.388829797659599	2.18495002558874	1.06379754262638
0.858157753040311	0.473995638905011	0.525861525612128	1.59119121098588	1.11645469929447
0.962758611849533	0.377829136103132	0.688452084021561	1.32194610391959	0.775413392546381
0.522442526873432	0.0589870414656968	0.373475018180861	0.776902908058641	0.930206858706149
0.451055440479335	0.399768009801053	0.486534275189269	0.306439789314973	0.507358252384152
0.442433799528996	0.0289386773735672	0.464167263581984	-0.953628912893786	0.0617770168675407
0.775370017458199	-0.087087055017464	0.22805432171755	2.84123356736917	0.336073045864656
0.194843569581526	1.05114396599995	0.463911921666369	-0.900875077604858	0.282783735467423
0.424591035190465	0.87590940292784	0.259193889024271	0.794534162246652	0.311499308223018
-0.0592742676922356	-0.360816033406209	0.603818454950083	0.345373604663221	0.0343368325205654
0.324480321817759	-0.116052653666577	0.456472030720337	0.101209936305074	0.447751324476779
0.365862712030739	0.645907020626767	0.207567493287455	0.261568968284153	0.686636604927724
0.401121006389174	0.00364627509869687	0.324034383440432	0.0330789343373767	0.498506218352064
0.00298176291397135	0.506412898828024	0.233573641097015	1.75227294035655	0.637847034211464
0.097006478323553	-0.684590162533267	-0.0325132304794317	-1.14131018764326	0.153073259106609
0.368373612869058	0.0924956382197376	0.691045847377765	0.422768497381288	0.0994107375277475
0.349956765315917	0.409948966611914	0.121931894723727	-1.15091329357348	0.386790857796561
0.161498178344868	0.424801840998746	-0.178358653681233	-0.682099668890545	0.133829841411051
-0.0514256296550489	-0.118526420386898	0.179241720928906	0.923566241056654	0.308378210051003
0.499438588203697	-0.338400212213699	0.398470057001917	-0.193341898372469	-0.0305571744402091
0.357961702274887	0.447145498239226	-0.0949962607172988	1.0302726485968	0.552689464640106
0.16501330325563	0.305901165581915	-0.0634945571755462	-0.112127583373997	0.383320167616749
0.147408250448919	-0.572087396521649	0.293794343067606	-0.293223193500822	0.0918620934720472
-0.247414851896517	-0.158822475508074	-0.0143885900650022	-0.23120604445935	-0.191354158985292
0.425999918665083	-0.368807383439286	0.084129382450507	0.117714999762179	0.292619113278196
0.421787804805473	0.42244563728495	0.022911139822489	-0.75051979499492	0.216118129013757
0.699685004138345	0.146607936028298	0.202617749178413	0.685892906048608	-0.200879858968507
0.627969762053574	0.284846578550399	0.669012512275896	-0.1232942639581	0.321489073580751
0.977795973611287	0.402860405428393	-0.0812247930662471	1.35609128670035	0.0188504682652874
0.830762463861875	0.65362863406154	0.0226850063693682	0.705884428228232	0.527743170423805
0.380110244556023	0.874195791830113	0.0421408477441558	-1.18032935583757	0.00917467151486345
0.289382552622661	-0.422316014733432	-0.145842448694553	1.10679289941641	-0.226896765656997
0.00712621623702978	-0.206127499661831	-0.190955624746933	-0.095187848621869	-0.544368307950404
-0.230676793800926	-0.901481610248829	-0.595198941193508	-1.44253142874014	-0.369352257894219
-0.374587127570833	0.197618633065042	-0.246643871709515	-0.708432539146188	-0.397104738602037
-0.635185826069513	-0.100505219203278	-0.716963021290617	-1.98366765883038	-0.582530159908248
-0.868218584724573	-1.49946568090427	-0.710538000368344	0.242677899953953	-0.735629761590974
-0.949719673626282	-0.352666676125418	-0.81244254444723	-0.742243291922529	-0.47906099417706
-0.959012133617413	-0.0773055534397246	-1.14263304526813	-3.24876935131368	-0.44391842889294
-0.9361011784931	-0.458096697758429	-0.570845306640127	1.07984403561468	-0.630659786945725
-1.0947796710167	-1.10651766820245	-0.839053914576417	-1.33704331057504	-0.709960842498552
-0.929646273919335	-0.930138967862524	-0.780579644457864	-0.786138228266039	-0.71453549120366
-0.744671144506133	0.219204027570976	-0.612018888260449	-1.75121940238619	-0.707083167538329
-0.853368035905738	-1.24271906130015	-0.724544421496089	-0.845798775322296	-0.749369296889533
-0.720738106437197	0.171081401708051	-0.479111199236566	-1.40134273638542	-1.32470655509537
-0.834361767743826	-1.02946950736264	-0.560281595287971	-1.24914433605227	-1.28884442342592
-0.550864120900877	-0.506622120307389	-0.467001493414939	0.418114363034979	-1.35514939994705
-0.353276217155225	0.825030796237852	-0.344528556514829	-1.79591801267317	-1.0678277929838
-0.794391215653339	-0.630374280882875	-0.420218431334225	-0.807742744634102	-1.02398434359853
-0.650095610766981	-0.5732061088984	-0.333145704088594	-0.872772746051716	-0.89713858120035
-0.343832799850639	-0.438470961682047	0.245136415471322	-0.0194646378740143	-0.668371883840727
-0.357853580608002	-0.767744102485247	-0.304633196054266	-0.408249266244374	-0.56986503599869
-0.454778205365026	0.0110504222911702	-0.0807123834921154	-0.359829057120104	-0.492432120334212
-0.629668608999234	0.0893701116692901	0.101287989121859	-0.0104048882175225	-0.412585155331353
-0.18266867302364	-0.472726470308645	0.122325416303863	0.159559845217518	-0.415815684726882
-0.47658364691677	-0.862134892341913	0.442346175589947	0.0284059952219186	0.129245914095604
-0.221212700136994	-0.0382404577546651	-0.0916732290931366	-1.07270567867974	-0.225506640051241
-0.421464644733291	-0.3674141828954	-0.314476563013538	-0.0937467778342145	-0.405217039086554
-0.623744591552568	-0.833552150500326	0.0767403622386066	-0.0227223572483468	-0.386014160822656
-0.602135002288215	-0.335640821516701	0.438472253189743	0.420389648300623	-0.508544954485561
-0.397243976837779	-0.237914850996254	0.0163919298972306	-0.332864469589995	-0.330220566385253
0.186213079091311	-0.421422306355779	-0.0780955061574665	-0.50499443178579	-0.338437001899365
-0.636748798623494	0.738859207973861	-0.0279916355400736	1.9055717967271	0.125281426733448
-0.0653367518705993	-0.615429459629433	0.285765504523611	-0.317255808022729	-0.104693945049292
0.107258158343935	0.311986714323732	0.065156097392453	1.05426780478583	-0.242738766174997
-0.392879988714298	-0.537361080436869	-0.19696824038422	-0.15407493265355	-0.153772450162929
-0.0162210742926202	-0.753957776714828	0.35141086762984	-0.407491057030893	-0.225225371435616
-0.0865548539203761	0.154026319595193	0.0218648947322795	0.151780291420199	0.0954873874331055
-0.242646590684173	-0.194769282567566	-0.176793552837156	-0.782472133203294	0.0311211824846539
-0.239928349080816	-0.659642174771083	-0.0725491484905925	0.0800692436618955	-0.135404165841293
-0.394521168726151	0.343743444906313	0.090308245991825	-0.540022547903858	-0.369954746320521
-0.17175348894161	-0.682720749239642	0.199752761292212	-0.360963874230966	-0.12970573419611
-0.0626601719687334	0.102603614640315	-0.15583460325926	0.799118816493111	0.0814039598528601
-0.0151223103379869	-0.00806205717169742	-0.136865491482604	-0.460892774033673	0.0125271863644343
-0.201857220293364	0.205043871630319	-0.0647235092407916	-0.0603545860343955	0.214109310817479
-0.214338971009343	0.0423267911199127	-0.1447463798037	-0.820572676686628	-0.059885767083019
-0.0273432982547184	0.162256838576829	0.429155159882956	0.999504714480442	0.395157454185368
0.26407013392092	-0.231504360397619	-0.0516115934006502	0.326077670799594	0.372678647540844
0.165941206997882	-0.33410046082084	0.321744806731998	1.84897865926255	0.0142356869127245
0.0519093522826952	-0.114054116261467	0.45028978213919	0.953648479810949	0.0363079466975224
0.0535858271411364	-0.584822843675491	0.401425556249805	-1.15884609693798	0.141258874749374
0.177868254689134	0.239986390259739	0.892763528270067	-0.270760395009389	0.584007549508654
-0.0131909486037651	-0.879321415740384	0.329944898734295	0.436205847441041	0.409560457896469
0.199829036925802	0.306195097440527	0.440199500884626	-0.872374121752158	0.168490508267478
-0.0303662466919496	-0.736674101378566	0.695167692309329	0.803957829113143	0.421593576524292
0.332670004006433	-0.400809891253062	0.948535843388181	0.370272839405539	0.250528071521329
-0.198429891305521	0.00799653681323317	0.112969169239256	0.0746225667345664	0.196662365878754
-0.411078484639451	0.0334708247916933	0.451665118037411	-0.497024639305993	0.0657533170257706
-0.499468798213943	-0.870110445994537	0.00842219377198796	-1.04617799774725	0.171696478688244
-0.534135466924776	-1.12886985990618	-0.0625357163320554	-0.267194466353939	0.0687874503181393
-0.457659767229012	0.276476714658006	-0.287178471358648	-0.662154712025029	-0.300281125967312
-0.499142397846458	0.521769605021548	-0.399285329621576	0.909791033588752	-0.173151060769643
-0.673961259766168	-0.365620571334864	-0.61475223734864	-1.53805610917711	-0.676178417690612
-0.517825359859509	-0.859971274498994	-0.581595083555921	-0.197655338797893	-0.679625545712936
-0.704859853527092	0.505377777797743	-0.502684636962977	-1.52763004587083	-0.507320619070978
-0.827613076547763	0.0467083325282416	-0.724623257100268	-0.390043455038386	-0.388935531958231
-0.861810237768694	-1.00890378827654	-1.34822753127837	-0.396606903452744	-0.318315508262816
-0.41692182932237	-0.46982652651041	-0.498625539736791	-0.452521162383793	-0.624549968561597
-0.692307502835086	-0.634209181991721	-0.584986076746569	-2.5852923166986	-0.0883715353520527
-0.432793480576456	-0.387827073174525	-0.831448901927971	0.156164377121794	-0.377455575580728
-0.501529626902533	-0.331561741407327	-0.901806809878231	-1.5633150870855	-0.341466196819029
-0.111652648986918	-0.432119836004497	-0.453040666103994	-0.160650070425787	-0.390989710226117
-0.479651704633976	0.125591461465577	-0.312749302262792	0.10418006574756	-0.7912143509082
-0.469626031807496	-0.137517482964793	-0.470165268494708	0.022316451581907	-0.332230487353867
-0.71531646615766	0.161903948385842	0.109276962685128	-0.129032148334478	-0.466500406809358
-0.135734694448331	0.00131499872540555	-0.330258616054799	-1.06377048184272	0.133290889606241
-0.178966164050599	-0.00859929485597757	-0.0884251748026389	0.421599927047046	-0.18112144276537
-0.293624001330213	0.0919870901402987	-0.170813495498897	0.0803837732883056	-0.115318982570169
-0.0492456610911421	0.218685308363117	0.176602793975452	-0.651410324909186	-0.107432444399757
0.1076240093515	-0.369369452643319	0.152391699041471	0.968538599187924	0.0136248661301004
0.492362729311592	0.457861544317083	0.592436723868826	-0.143390728288767	0.578752316820539
0.467319747957086	0.50527348315813	0.169490820560013	1.04657966321585	0.182895035009754
0.669975703608094	-0.28039481490501	0.597431934721814	-0.17205876015135	0.1702263181499
0.361376646409204	-0.435968634854063	0.513984309234038	0.411761818693297	-0.176172561484877
0.634556609898388	0.0365000261167403	0.570508644455865	-0.756476448263727	0.828796615300941
0.166405843681175	0.626720315803683	0.568622471910079	0.824788979626826	0.193688968904043
0.107103945855688	-0.443120587792047	0.543606201719851	-0.214216880339798	-0.0429568088653143
0.34469553385671	0.283517824334797	0.615586575412504	0.293700110723052	0.620585173832562
0.303630775306884	0.146568194930976	0.279217910483285	-0.743435863683356	-0.0697905430882047
-0.0687901458964439	0.205532166151946	0.653151302816611	0.789232306376882	0.396796000519534
-0.280575999501526	0.0952219535448035	0.581724622791832	-0.0640025861129455	0.249809783822425
-0.185746518531122	-0.131521544511456	0.690273962876666	0.283516099408146	0.180455627464364
0.0959660918835912	0.614585740691643	0.440537467307477	0.497443835282586	0.386064890977058
-0.346591170857408	-0.396142496232796	0.223808097347373	-0.350826965297173	0.12233919150156
0.38663042261975	0.714919374881632	0.349112908945678	0.398647894312681	0.199777110452302
-0.0241666705802666	0.299638340727583	0.875069667028342	-0.503307652182027	0.203092608324829
0.421821634584197	0.239313110305674	0.381652716695809	0.935908769409614	0.12774542328746
0.164059338205678	-0.232428633400641	0.52527832056837	0.516556835489657	0.378915271455781
0.241780521648814	0.651341353473388	-0.131621942833942	0.269210398531922	0.448428626298209
-0.174432087809294	-0.813368576974697	0.359353957732716	0.0944875692307474	0.135758523068018
-0.144096997564128	-0.499903528483296	0.135410635105564	0.0203262982056096	-0.264570070948906
-0.220309789337506	-0.141632705393305	0.267783074764271	0.959449555807444	0.420287038538738
-0.183549114945687	-0.0176018100649728	0.0180028137873993	-0.126897106126311	0.11616297731909
0.0859665477635811	0.709742481464629	0.0846570446937718	-0.900016833748245	-0.121917203950313
0.174186005474098	-0.34101800350953	0.323674021684176	-0.796250940494418	0.119372376030102
-0.265260164596739	0.457791151438622	0.426458227937021	1.38022182575535	0.204249703268852
0.137756643251	0.448500055450457	0.106902158850722	0.0661866413342072	-0.0806164216110905
-0.281797309634147	-0.484463114250918	0.128420187877024	-0.413496537609828	0.0174442598821547
0.117384213129612	-0.39145135328046	0.407524171929582	0.309297269500929	0.115803904250561
-0.118040014741305	-0.0479430288785628	0.137426624092419	0.0688930510472942	0.0243226923004961
-0.0392140077910633	-0.532234831308795	-0.256780666131893	0.303140345717592	-0.368103565230522
-0.348631268978896	0.0563440795631582	-0.119740243863958	-0.759551818209301	-0.409254205991821
-0.119628784637214	0.346253783007258	-0.0632403605140372	0.392667917349597	0.0332984615606116
-0.0469820152790921	-0.284743566794258	-0.312707016148576	-0.572059764930942	-0.221846716833467
-0.0851221581454001	-1.21936591783512	-0.605648529706172	-0.119832259713194	-0.0574344382736802
-0.243843204372963	0.488585916590473	0.0132181081477379	-1.05996390946292	-0.503206229408283
-0.0811299264289406	-1.37879349973403	0.0971565119476849	-0.61327402509652	-0.768202382819247
-0.236487840673249	0.950863311703543	-0.467512605296721	-0.192684577963017	-0.628469548704915
-0.254257324834206	-1.16466481786821	-0.710102600234119	-1.11836249771647	-0.87394449675818
-0.0321948512702442	-0.640693745144467	-0.618702503657183	-2.16834201348395	-0.855863092054939
-0.324544912927229	-0.355116860733072	-0.274496922519153	-0.111875150105753	-1.05670627874766
0.171507125997395	0.573195756384618	-0.266400726063967	-0.697152017692344	-0.507581196385046
-0.460361373787212	-0.760273952192644	-0.527041085856517	-1.25575407547735	-0.893451692794689
-0.170158816743267	-0.307121863640177	-0.686355878548767	-0.783897643404946	-0.953435138934255
-0.364633659606128	-0.970273488474417	-0.0916793268874043	0.0626789953514436	-0.942239694229766
-0.479641123300471	0.340189061929914	-0.676902156982598	-2.63920238194516	-0.920165795559927
-0.612245502887064	-1.12078719167835	-0.965591434164393	1.44959198176956	-0.446119952576984
-0.0534984563340373	-0.159057065835449	-0.708256989145438	-0.665642823191947	-0.981715328610322
-0.2881771350819	-1.19642470362488	-0.442387443795105	1.14095309839036	-0.457599210905002
-0.673669185276655	-0.445186323873555	-0.611648612781894	-1.340698591861	-1.10389796822673
-0.590812449811931	-0.19092743297344	-0.373289256488031	0.259156593166434	-0.494068993607175
-0.516364497139931	-0.804337111393043	-0.776225073169958	0.391356056572524	-0.515762363234435
-0.32375752691059	-0.500409991285804	-0.359309297775449	-2.26708313575485	-0.472031111050416
-0.541308579846792	-0.196593853010581	-0.849152522621418	0.158331040756116	-0.515196835697795
-0.44168885780819	-0.183189357820846	-0.488666336024218	-0.121582614864715	-0.321841847272459
-0.232097480627344	-0.135662632941244	-0.306698833718047	0.300402762445686	-0.339523825550132
-0.714885450161981	-0.261475853295037	-1.06731631517165	0.577376004557467	-0.346938076902716
0.155168015016764	0.577648316104348	-0.47378361467492	0.445290302785583	0.253301945789222
0.0227635987112007	-0.573135561964575	-0.508206270491384	-0.905176774664403	-0.304309460491302
0.423270971760648	-0.425221435914362	0.108335974189146	0.663078055502977	0.404175899957969
0.373411231691136	0.138716925907334	0.0403631965923982	0.565106210358646	0.417346850394312
0.457628737540554	0.653548727253075	0.64868625952906	0.920902176379738	0.514583790950837
0.742066653254747	-0.561900854145348	-0.0843335750422715	0.847758345666565	0.700773295115158
0.548087322404057	1.0440757105748	0.64577713923873	0.724426263462364	0.611490510734069
0.681667207760626	0.491216890808497	0.290116788239012	0.587732634925956	0.727717515099354
0.464683715813631	0.466663671900883	0.364910011223225	-0.99926333693655	0.459137477518135
0.465986571614597	-0.0715260597637261	0.148856493838343	0.306674617617964	0.554129136529465
0.711340375457874	0.5051278890713	0.585139349672963	1.19857715341127	0.840876711464972
0.650937779627204	0.456039061939249	0.306447122969	0.681126658309346	0.949646623928483
0.482971034191742	0.418523263250608	0.279870755334393	-0.256493737066803	0.639796422923235
0.411928565896474	0.471788489516584	0.196900597099446	0.388062080543502	0.773922605934108
0.247169099638249	1.01677514548492	0.110833677491718	1.57281409579287	0.792289408919273
0.447772125623947	-0.00668483320931299	-0.0261793528303313	-0.369194289780525	0.311701779424403
0.574552585979942	0.106667385612717	0.498003476160926	1.18186180965515	0.605935293154173
0.587461967753382	0.641127262690986	0.445774853266197	0.259197159285094	0.926317146354346
0.439220726159766	0.880264275886799	0.0622750389761458	0.305485499551651	0.891368467599087
0.554340691089115	0.135746214708646	0.468369488166846	0.0944896946919304	0.594805322905807
0.656330128450826	0.0959764817142247	0.43295510270935	0.449568297266835	0.664974746325774
0.49534393754401	0.528332442569855	0.118278975809686	1.65744718199035	0.984156261321382
0.465984457085584	0.67143638642171	0.0271200522699032	0.496507878859597	0.78020978142184
0.623635482937475	0.386519801490135	0.275141502566457	-0.0854429235987501	0.338148271213096
0.446011982423583	0.764424751032343	0.130894258050316	2.68996783253437	0.134151693156302
0.455541174695643	0.12997429745211	0.598513667298377	0.997340208570637	0.190132993466583
0.461708650259211	1.36105248132738	0.257372506090378	0.343358391510239	0.547885443473835
0.40471142852657	0.0927611849643366	0.401615445813263	-0.086190258456364	0.155637003157655
0.317470873173406	0.214131123200391	0.450648602726132	0.445708967256584	0.202557474389958
0.399694790633072	0.059203249034289	0.740329850188335	0.378572149687089	0.200201861796822
0.604237420644189	0.669528146589169	0.284942338356805	-0.585856911036086	0.498410724141195
0.735622226288765	0.627023654030608	0.710862512861191	0.997312110829543	0.534658745599373
0.374666721769063	0.253773815958166	0.5445266824882	-0.264079643440563	0.413406603906043
0.172706119809414	-0.557806205067406	0.65832796137516	-0.0595059233043761	0.301164688196039
0.914341675080432	1.89076278789476	0.477967569303182	1.30274972484953	0.936297865979669
0.437894872132931	-0.340650457796224	0.255472143074778	0.171580091747299	0.1526856032571
0.727990103665481	0.275433124292292	0.247719508277767	-0.376846459776231	0.227029809174115
0.452503684543565	0.0692902890165193	0.543552578080003	2.09761543083922	0.207441148548528
0.837928352982074	0.406018613784525	0.594023099639408	-0.0978802033254288	0.651275303621179
0.547569378845445	0.319633423943669	0.143352564557618	1.81417510161442	0.221524292032544
0.639689648104091	-0.769562153324754	-0.355060542151477	0.0628623849648737	0.267540365631068
0.184905867267426	0.955475364462675	0.19938553922746	0.475313274570546	-0.133675157987238
0.530785846736341	-0.324762321308514	0.349621458649393	0.12385769463152	0.114347025173835
-0.179650773243745	0.526723067986966	-0.0181596487262314	-0.290102822629397	-0.10492055535474
-0.088808140943703	-0.177398256462889	-0.169313844064801	-1.28082049343389	-0.0783540181905594
-0.602540165399042	0.44769548666121	-0.204818890814527	-0.0114430453689757	-0.347771222402421
-0.78224573822281	0.198733652222042	-0.0990777378823845	-0.928663639397523	-0.282224206682399
-0.407120126836997	-0.0460891534701591	-0.238252613268295	-0.439994208424197	-0.256236055046598
-0.855603584325294	0.220220676745861	-0.500426143624805	0.746450032867287	-0.206306660250014
-0.526212856999606	-0.842445425795673	-0.872629184509952	-0.72690779081506	-0.729757924955665
-0.900368959094034	-0.858340481086666	-0.242681174930088	-0.553677716777685	-0.400119109888652
-0.709352662317592	0.81112215939633	-0.673453848716264	-0.240225733878942	-0.368810858221667
-0.348692729934904	-0.322739779978023	-0.546187424006715	-1.09362365937651	0.0898080075040743
-0.625103144539907	0.640486306511501	-0.594834518383048	0.265231505636013	-0.114771470932656
-1.18156758580288	-1.20289839602727	-0.858738679318113	-0.884205147896061	-0.990227914667682
0.850774443916106	2.01937869382279	0.816752697566036	1.62206969864464	1.3585623023494
0.309600686462367	0.356629148188557	-0.0793960850425112	2.49262579615717	0.316045172455639
0.0987675730375872	0.0121998360418635	-0.333771631225725	0.19727592590068	0.144165562707799
0.00585210141792128	-0.510597985065335	-0.379504147735711	0.613684236974826	-0.0720916382430013
-0.33222535801211	0.378164249397139	-0.455005016968446	0.381266472913053	-0.022613669596365
-0.213834403289761	-0.708134171632936	-0.734055059454547	0.554046243510613	-0.208783681112751
-0.0498206228867834	-0.0531331195754992	-0.174024222161813	1.25862585548816	0.238504779541906
0.286464367455012	-0.298263859866477	0.19491671349382	-0.272817301956623	0.361047414478005
-0.140990559600046	0.180938679189141	-0.022252911125798	0.932280373784596	0.412393573061415
-0.190007614955239	0.840390482385007	-0.399918634223784	-0.617673895117234	-0.0394534005073429
0.297029956386508	0.801729416916144	-0.27732120041948	0.63244368351925	0.169393899925534
-0.406948709210464	0.155987822685662	-0.132363603379625	-0.876336182978778	-0.0296114724809035
0.0993826632562269	-0.687706283239582	-0.461194852235377	0.139488831485131	-0.330006220383979
-0.382121302184466	0.457552093377181	-0.533320870139667	-0.864489898816208	0.0385563581353974
-0.596129662604022	0.0992357932160376	-0.76288633201928	1.02411206013581	-0.397576809329264
-0.0947565210907341	-1.07472084060839	0.0740589742691516	-0.13512649394551	-0.24509362362431
-0.160255909539053	-0.0622008992188572	-0.270542452688342	-0.95785863335625	-0.123818883432185
0.026104597674372	-0.196518924997888	0.0879023425073175	-1.13770894442342	0.289526075194207
0.043474411749316	-0.205728265576323	-0.200886686834866	1.48437107844381	-0.209989721366919
0.191573059480069	0.189906157545604	0.0580028276728822	-0.109083469131907	0.0411985742693259
0.141216640301657	-0.475147435272526	0.467086223798619	-1.02218941110825	0.224420953348955
0.467217771265612	-0.390823391828414	-0.0178569885053033	0.484122297895666	-0.0127847315594765
0.175047357558506	0.575029692438719	0.431775371639109	1.51819608794068	0.245274648109993
0.657447223164088	-0.17016050750545	0.375023977786739	-1.12331991618803	0.328983085719665
0.309627209090178	-0.259319078860167	0.641685178631423	0.837962720227378	0.295318650490643
0.621124793939256	0.267823165404956	0.614028428449498	0.702707169614916	-0.219759266023628
0.407905943003747	-0.0650072192841917	0.0497498777811282	0.6321788712136	-0.0777473398690205
0.36541067088139	0.468190499923146	0.289152075324747	0.881902107239661	0.164646326201293
0.559657304843181	0.318589200465303	0.230071763852387	-0.227606087301617	0.311578054459811
-0.139335328405072	-0.257320348768841	0.129795636105886	0.367867724766408	-0.720786118715135
0.375863299808284	-0.184114246637239	0.110280493758224	-0.105395687335461	-0.300801699830699
0.0143238815646203	-0.611991317152629	0.0677955694272581	-0.639795252950311	-0.363920769904696
-0.108131678180361	0.399399248036663	0.0595058544706882	0.351598708485669	-0.116182661086326
0.0159030962840636	0.110241788214372	-0.206112205714592	0.308995670209928	-0.0696061776548579
-0.165749264576749	0.38224355547979	-0.171253317188053	-1.09726960484983	-0.0529933083937928
0.0264253114935525	-1.06497254164534	0.345202409013789	0.429874226624564	0.0441039315875798
0.0947567756428983	-0.410603219079644	-0.350143000455635	0.51452156719501	-0.160879045554005
-0.187340428457259	-0.415246525954511	0.266218137923252	0.357562572591933	-0.127327815488979
-0.153395413766749	-0.565020333960032	0.24258915081786	-0.375058054303193	-0.0566711445609036
-0.285857926521742	0.0890236724191347	0.0185302378080818	0.845563628886096	-0.118614440197164
-0.131882831575365	-0.79692392480396	-0.208400542747505	-1.50708778571677	0.0823698761021445
-0.0855717565106643	-0.137617958835072	0.283553715779634	0.919660868580499	-0.240195208693922
0.0579057811653894	-0.347711465259028	-0.111465969848745	-0.929282468630007	-0.0426234442663217
-0.193920496327334	-1.0401796230567	-0.0530209107778578	-0.491727449535778	-0.240591628396757
-0.189801361074423	0.302991986015102	-0.250622698718308	-0.599346724798952	0.0919588905678226
-0.0939892166673979	-0.513853524668363	-0.0798256290280014	-0.0972725310109979	-0.393356022079608
0.115666004164619	-0.855337430812992	0.0517077628931201	-1.51576629063109	-0.0424712292316295
-0.262731536670914	-0.289095115552702	-0.453506628102512	0.789369709497038	-0.496220192854164
-0.0388557320950942	-0.672699898129356	0.017025700731012	0.243290522925779	0.0802381237284511
-0.0738364229173793	0.330651290600578	-0.168474579587184	-0.770414413692046	-0.26471366271556
-0.201403635705091	0.358422857762483	0.00217919707296454	0.519508365328212	0.269379918244776
0.147404072025054	-0.567116651016431	0.13035493447478	-0.413794672245071	0.168535631736399
0.074710093834426	0.19846740569811	0.305677916259608	0.507709816942945	0.0783024339801138
0.0390208885142396	0.323656164520387	0.00804637391610618	0.350680505325412	0.28979243753409
-0.0135827267459028	-0.0732716031584227	0.33875559873331	0.891981844302402	0.0484159968077074
0.265926945370679	-0.204835833424604	0.525347134980778	-0.816806147636387	0.344939345952106
-0.0165393352908223	0.0609846369568749	0.113579783490271	0.331434196116087	0.297073501291397
0.330026576695734	-0.390358410548318	0.192515984895086	0.262479949053969	0.312632209580852
0.154729710401018	0.308031919264204	0.403158567062161	-0.320619126101893	0.208985712807348
0.0330054176178101	-0.79141193471811	0.500406042181401	0.903771135839807	0.510806216996331
0.381823111817233	0.363661229772835	0.219809203716337	0.180660169870043	0.268001769499809
-0.266756292709052	0.121398005516188	0.105183292749288	0.013951031216454	0.259941592162321
-0.0418154530152849	0.427376592555224	0.0162112711133598	1.02774678903187	0.058551120032058
-0.148163883715637	0.443173676962285	-0.0999859388562182	-1.20786397516588	0.183522137790139
-0.190781538281243	-0.364819403420664	-0.161965658299584	-0.0141668585549295	0.375664971334702
-0.0620393824653665	1.03216419193027	-0.361530819303158	-0.651057543103707	0.229948828674898
-0.46149466588175	-0.347759360740455	-0.795417864607709	0.538394784842768	-0.194206582220922
-0.212458862880575	0.486767636198829	-0.880611980719537	0.0201090248483464	-0.408514622251971
-0.207033135096059	-0.444449385334684	-0.527489206606211	-0.856944089733582	-0.220651373915537
-0.238612117978197	-0.000939932930079343	-0.687532693271378	-1.1848945917238	-0.337074371259243
-0.192632457627171	-0.128061169320949	-0.681488956748369	0.204259107810784	-0.43484795317329
-0.727137786981454	0.766617783109781	-0.953286577876248	0.483600331661177	-0.401561658170359
-0.0871372650211548	-0.812892744981961	-0.371885630802276	-0.189152263607964	-0.0752397913712766
-0.183328949369765	0.694120963283776	-0.4661683584533	-0.985144069673698	-0.13883293629461
0.00359830921860348	0.232250674830069	-0.360739670069343	0.574621072225957	0.125573129811561
-0.307499315209008	-1.31557120575959	-0.500479054812799	-0.391771627846323	0.0374156388051135
-0.172123878335345	0.363776716709503	-0.351700622403771	0.490395336379081	0.169211401848748
-0.0296498578910117	0.300952850065869	-0.126703392504899	0.573541477760821	0.389034713882937
0.0710057479157568	-0.136522269074357	0.126334746377874	0.891060042309793	0.469784387700595
0.0499460637170392	-0.131347614567208	-0.0889404344783148	0.274609491991797	0.175739388677967
-0.0637022506002742	0.077638549220563	0.281675592828543	1.12251529555022	0.189962219354799
0.603651531270775	-0.245160233208453	0.565089960416029	-1.39842033247833	0.264245887730031
0.129669139175724	0.809207841086678	0.792609545831597	0.257975500580199	0.519037654382536
0.451767296221758	1.32427176204804	0.264426953035474	-0.345511314953221	-0.0700515810644165
-0.220089646221965	-0.261258577054808	0.630734614343893	-0.627701600924144	0.0492075254485399
0.521361534985788	0.346466241829994	0.310403565189289	0.147511066613303	0.00834499207830086
0.0599713408452417	-0.491114250248951	0.774300501975849	-0.168392247217549	-0.0945764180254558
0.145006096259411	0.151761167212748	0.418895787558547	0.901055606521826	-0.122584874551133
-0.0712284048361743	-0.781959176603568	0.201847888413394	-0.0601716774030539	-0.250280601949573
0.0967594433786045	0.746632140794209	0.140609723872571	0.390261458176943	0.18755815879338
0.391716342690703	0.969940849886019	1.05068128963453	-0.400450782839724	0.258696960007929
0.195185169108136	-0.757098562773038	0.277761700182669	0.0954917145086282	0.0855648306944621
-0.00333812386725125	0.558311580853969	0.606757998252375	-1.28423937047622	0.10816376476092
0.169669169922066	0.282692898669663	0.312049813178938	-0.0441602346895384	0.395815736940874
0.0329634057046001	0.403165038809973	0.271006444777851	-0.546830364438555	0.352470718167974
-0.0907056668763498	-0.734098589529479	0.355732108772673	-1.45057056404068	0.253839527232536
-0.294114713231957	0.530979931172312	0.174443909439307	-1.36878852902735	0.125469859260458
0.0390226080175346	-0.172740547319942	-0.450543094852221	0.582704849594881	-0.0424607307782929
0.196072387699557	-0.29217305374547	0.554517172305729	-0.332704065330465	-0.243162444493453
-0.351546611403147	0.499231118668882	0.57166868694587	-0.823130993373486	-0.163799104103442
-0.17269440647938	0.846937354776277	0.160571890133056	-1.19791207735569	-0.333513199926595
-0.210599752746196	-0.493027908966377	0.102940620255465	-0.389632475436844	-0.0304865396284097
-0.145265291608892	0.323643301647218	0.125053795216701	0.517961691326117	-0.442782330083615
-0.315776645625852	0.585191705817174	0.37192038818426	-0.0914551607800942	-0.155766336056193
-0.223255407164779	-0.453612648285559	-0.217184217452227	-1.10488249641713	-0.229545126162183
-0.512251936040552	-0.0898187281893741	0.0312371547600879	-1.25415107358043	-0.275165774902654
-0.438388040030008	-0.698858641784511	-0.322340261524117	1.20417824252496	-0.703461884109871
-0.217178432537335	-0.122970440494649	-0.173107724652106	-1.71184004526465	-0.339402048664967
-0.32732567880315	-0.122555709228149	0.126361384748935	-0.346988023412551	-0.363754095805039
-0.400154542026919	0.724262308695329	0.166766090027114	-1.91899131236177	-0.512143066318147
-0.361130599860687	0.0823743439749051	0.0546215339219959	-0.182792756946094	-0.465795932875733
0.185642511188477	1.40781601869578	0.0207846058395055	0.185531344497106	-0.263125281571493
0.0232252227767273	-0.470413887674485	0.559072239516133	0.356940007375002	-0.331710933719864
-0.0710599291617942	0.271449355492541	0.257053503346239	0.180277091171169	-0.361036687733638
-0.146553113999347	-0.348251871829238	0.459434467781864	-0.838206315003788	-0.218982981146856
-0.0676631747311287	-0.686119072632655	0.228907503293569	-0.591586520057725	-0.579721889322781
-0.179575658083807	0.298166828855169	0.125607475821628	-0.827973562250728	-0.308852090788473
0.00569145421802658	-0.637975437894424	0.379915747940968	0.0756221576881345	-0.259531184626618
0.0420646609495565	0.0719413996818077	-0.117380964513342	-0.45437185658473	-0.283800964999892
-0.231943212426239	-0.392288851779031	0.0135920846484642	-1.33595204177099	-0.0889056526381494
0.317770151461302	0.219569020472282	0.239789404542869	-0.0552286439958506	-0.124911895977982
0.111796115926101	0.341886533160654	-0.193017472748896	0.693193245432589	-0.264612433403385
0.0287425546628352	0.212378428942315	0.075499117159833	-0.201403089653664	-0.35585245995541
-0.0879430033439651	-0.346949458517836	0.0287026332342958	-0.802982610880538	-0.698868421710285
-0.0417051500581422	0.542972156764736	-0.215225334117461	-0.686496148330253	-0.56789613631198
-0.261972429085788	-0.530695200030344	-0.341060983028788	-0.280314453774086	-0.482382679942729
-0.250421739728931	-0.301413871267978	-0.54469208788802	-0.108345397007552	-0.622267671951852
-0.381791994852613	-1.05477827899133	-0.240548471405224	-2.15179351408926	-0.442306654435215
-0.498780369370399	-0.483605260702352	-0.491225755995145	-1.21822175618887	-0.528780046862798
-0.605341009900337	-0.450530369060314	-1.08982550735842	-0.910415151146909	-0.757975406843468
-0.981698152311167	0.0551294506981529	-0.808931330139542	-0.730313592197642	-0.804808338784582
-0.173889839999996	-0.316937513334004	-0.862197240751012	-2.25531540839355	-0.374252289880625
-0.53243885884275	-0.403692877806115	-0.659001347979234	-0.163103897469543	-0.305650015740332
-0.370399826984068	0.520483217417119	-0.703155875524285	-0.142010647062593	-0.0723159774229939
-0.549719117127882	0.00402949702680135	-0.728625064973759	-0.24421601748222	-0.374033301770585
-0.54069100052513	0.858511147232006	-0.959505701983808	-0.419390546227974	-0.281582605582359
-0.460477199831889	-0.397906093563704	-0.553968689744901	-0.826195395238287	-0.500219549691481
0.233786539784381	-0.564165228960835	-0.898070894795559	-0.334751603840538	-0.119144823157713
-0.274283627400581	0.662135048090337	-0.419472820216291	0.234961388405853	0.0813126481916468
0.0193995213377082	-0.0195846571861041	-0.535924682029221	0.00451501470012202	0.113121292123455
0.385898463349136	-0.0759911372272625	-0.0212720776082094	0.487302042406867	0.523543196642053
0.430617854160223	0.167138347760732	-0.0439253536597357	-0.0152006385799177	0.508322236714355
0.420838975815489	-0.0774587804145072	0.768922309773093	0.899250661324459	0.656841957054522
0.625439896150113	0.713780593196195	0.494866468700546	1.53667542137434	0.740500121799872
0.266411042793355	-0.374725980236087	0.471477759739923	-0.733163212174492	0.295104468342479
0.301190118630853	0.536029733175108	0.123640577617655	1.8339145313322	0.546398427350279
0.0800795734198438	0.970274050325018	0.388913905330363	1.93329495167585	0.472395144137773
0.223971031687028	0.296491519560183	0.165853643894017	0.124299802790584	0.234871388267463
0.0262519596130199	-0.126680423420966	0.12002818931745	0.639871690035877	0.0931854477051331
0.168800684240699	0.292413280815225	-0.500720422977963	-0.34350182336086	0.292587154379484
0.185792132961247	0.634720423486321	-0.119042122687626	1.06241644466394	0.114736273800281
0.243646996272393	0.291203435049669	-0.590704024538148	0.729844896763037	0.27766422095423
0.0907563602517571	0.156173128470293	-0.280118668629464	-1.3605869884073	0.354574239124495
0.371720907943885	-0.0225309778591522	-0.172112535788079	0.761596261349143	-0.114030010684376
-0.0908217829974783	0.122210172623475	-0.221278092819466	-0.731078427707179	0.358131618085528
0.249401998527762	0.386150126990801	-0.284101283493481	1.39286166303442	0.414909664960549
0.378440219657246	0.236011830136648	0.00818180412057304	-0.446523465449014	0.524979680106292
0.0858771126522554	-0.191345867092959	0.331337670403976	-0.35811858136873	0.335980756933148
0.225864922434245	-0.0270283519206217	0.0877219180965796	0.629493121552831	0.752359568757387
0.135018890624329	0.488918826921269	-0.0137592896178353	-0.517904468656816	0.155239364979565
0.0985802692577806	0.160513810890625	0.380231783124519	1.33488473858745	0.760930618910496
0.0899749826188135	-0.732027864155336	0.0612848578853619	0.247299530077611	0.317139262546154
-0.170100711027437	0.641167392107808	0.531724474638099	0.545617249047113	0.287299989541443
0.0724424788576331	0.564651138589811	0.0551287737561842	0.336340351782149	0.0233564934814136
0.152366824240662	-0.0219709043762113	0.0551764787997754	0.707666690717896	0.0660534668780987
-0.0210271886890826	-0.455953392658302	0.388658859774811	0.346275883891225	0.340592116877709
0.187503162175799	-0.364894541680559	0.491647560494513	-0.663526920854979	0.489191174338446
-0.161791391610512	0.639830017512759	0.311239082940549	1.36082503702442	0.444381165922503
0.0370380385646442	0.210652523920162	0.139610871319815	-0.555558220868568	0.239879009878918
0.094380158774966	-0.193182737472667	0.412351498713143	1.53401920120059	0.533826340673095
0.0898190030967539	0.054704103776842	0.330168922350807	-0.782915867268333	0.552139196720848
0.153092306018328	0.0667259068208836	0.395190097287899	0.727994145427974	0.197868993964333
-0.212914738270327	0.587310918666525	0.193279467430597	-1.43143252550433	0.381856135189011
0.103461964982703	0.907053280021307	-0.00662819839933504	1.88722925074299	0.221891057475924
-0.0114546339271318	0.152152749791776	0.285339612666101	0.457563713134924	0.00992813386049859
0.105989538502076	-0.0871946681813119	0.0995718781831696	-1.1388427936997	0.236331137302768
0.0230785795144426	1.13845659811389	0.291847384843478	0.456927126975192	0.222050959837217
-0.176105080871538	-0.524160231238374	-0.0748663363297277	0.533375424158625	0.0152854874133997
0.344574265372808	0.558321815338758	-0.352676645785663	-0.664770350648022	-0.146739579993776
-0.0818085054119755	0.596815423014493	0.403712569288046	-0.18211432685255	0.161560834270257
0.252052127739727	-1.54071423599299	-1.78779900756005	-1.69005534917778	-1.91831743503574
2.89999429993646	1.27800363621324	0.966781339153336	2.30564577784936	1.10670248552493
-0.419908282996796	-1.27741754448197	-1.40012358125055	-3.82616603633287	-1.45213078482733
0.698315220330523	0.707278477936733	1.51885727085651	1.85137904948376	0.525102466759135
0.989955941222232	0.861372903105138	0.40660299522998	1.52589268757066	-0.025449387050887
0.411249367338845	0.45336443993962	0.168992295238395	0.333617298577259	0.101607585731518
0.697173659612053	0.705419823684223	0.390068261692193	0.840398616401804	0.0387546573606427
0.431556604683844	-0.407137279677102	0.0459822174497912	1.62090983054273	-0.0201325838739862
0.274566965013506	1.47208310688989	0.102514634355613	0.672988350944668	0.0228032899646025
-0.0997428238281791	-0.32069362513732	0.011172640518723	0.474676043542674	-0.0214524317508752
0.330084714638123	0.768950065604471	-0.105709122870731	0.22974012755135	-0.396728725519479
-0.404174934237461	-0.232536461658169	-0.588505820491853	-0.557473184238971	-0.329910303390352
0.0262396439139544	0.0624303980168782	-0.42801069710512	-0.709686273720287	-0.323724934055546
-0.364266845821094	-0.134461286347584	-0.348625849846619	-0.137098302451385	-0.400272659289627
-0.42622046700382	0.543745893504432	-0.083162030803021	-0.181470750375226	-0.51173236700834
-0.505647097794099	-0.685570315356704	-0.177428388987437	-0.938153356281748	-0.513450215777938
-0.244366192420757	-0.680799489703339	-0.378965044340496	0.707219136470139	-0.61945802485932
-0.393855447168799	-0.0992932477257208	-0.276585336843638	-1.34419930228063	-0.486269219711431
0.126406231294821	-0.391626680245889	0.1126446719843	0.999802702052339	-0.217175368219521
0.109892507238372	-0.945184893748203	0.27534376704459	1.83460387427697	0.0471948043248362
-0.21831841855242	0.298491688380198	0.138767553094507	0.397122101060721	0.202767653146661
0.342280118477478	-0.293302724761359	0.579041494196251	0.525237162440974	0.308759737234114
0.229364767497165	-0.246403324260563	0.359450624619276	0.559702643643732	0.408826914575899
0.0324645116936594	0.329391974861319	0.944341891776589	0.617964956204628	0.133288197552388
0.0450979146494856	0.696323286620308	0.436862441485826	0.458891063117395	0.063252185503177
0.341276721756507	-0.461427376777899	0.934789063013633	0.925244212494558	0.128751459313326
0.193948527162676	0.193523619404606	0.421421970367805	1.32880141964716	0.165738030376014
0.261257446300109	-0.326040940608051	0.382743735387907	0.623169870946898	0.0135679771963549
0.601457956950072	-0.0271200145169963	0.42044165089616	0.257438801101665	0.196828934232062
0.384122265106833	-0.432198306717025	0.473306053103533	-0.325320900227778	0.191337238964022
0.475517438489174	0.254405384743254	0.0593321746847855	1.12719668122797	0.0913267132396155
0.32730813205563	0.610447051998659	0.289690722829517	-0.254394530282082	-0.25488248003998
0.377647207921212	-0.327695414596523	0.163307984637631	1.2964305580125	0.261232990381189
0.397959563370848	-0.334527410904252	0.48486690495163	-0.453699564419483	0.164784829531948
0.110105994958557	-0.289532972802977	0.499438793777896	-0.458915330733248	-0.0982186886919421
0.143630402505095	0.0374604835366319	0.319121467772003	0.552073679731146	0.324750864994559
-0.0302043616575397	0.841914013824481	0.38238317326553	0.107942902169878	0.481618005703092
0.176862852416346	-0.589748587496932	0.651701838630705	-0.736048722527219	0.213053907176014
-0.221066142633273	0.216081232884019	0.479881763573583	0.305434978614765	-0.0519648102754917
-0.22546310606086	-0.811537517483982	0.531377547193236	0.47632182310469	0.096367694039064
-0.184377709526021	-0.904003833589517	-0.20215556851008	-1.27294379226205	-0.204062639633175
-0.37865334453729	0.283693212788594	0.312020554639315	0.0263445415979225	0.0144157276128959
-0.327031085910162	-1.10289460058822	-0.183735848328432	-0.88872219008155	-0.200857253538541
-0.296667284754291	0.27181088712287	0.408273900673808	-0.360295040595082	-0.243642997114032
-0.00399656475222779	-0.899474281384068	0.0179301961999547	0.410516953914889	-0.0650110118741006
-0.54687168666153	-0.277397248054958	-0.00194116967908291	-0.870270607780274	-0.0809457433685689
-0.0856095712848182	-0.0967348266946818	-0.0736151248737392	-0.466973586351959	0.270094386233392
-0.596320815749848	-0.360472177897125	0.0761750340201969	0.655103870276974	0.191163273870717
-0.230207960611596	-0.814708151550032	0.164427076910281	0.00840853411970992	-0.0712547699260603
-0.414334952773847	-0.750148040271381	-0.136985683605326	-1.12178289912362	0.00961315809057176
-0.430780727140132	-0.682621419943044	-0.253671413550496	-0.396435160475098	-0.0196195486016636
-0.217028337952211	-0.973111974760969	-0.440420631339092	-0.372520014689065	-0.101452411733806
-0.447540821192259	0.0143233640080243	0.0764970113723851	0.0157856053869998	0.0591081675357003
-0.290646218064969	-0.120369076168329	-0.266194893460806	0.227394228189004	-0.388127373527667
-0.0122490705811071	-0.278984558728233	-0.36436458771282	-0.384574337817546	-0.348537091854916
-0.386051554523581	-0.824835718129186	-0.0607502127606366	-0.534915316542996	-0.123651776571902
-0.180070070795938	0.508815311042552	-0.029144445148389	-0.171723025712368	-0.154763597576404
-0.598920424613895	-0.0465549530453178	0.153689803792612	-0.998775502270079	0.0996663625432031
-0.680385781055388	-0.294365532834069	-0.191043157500195	-0.390139548557359	-0.517829620524717
-0.483796452533412	-0.111094184766923	-0.208652302870208	-0.402337184825343	-0.15556864988273
-0.540430915923083	0.0243157484961918	-0.1739578142084	-1.54485785269918	-0.244447707817528
0.00848794553795025	0.102739994098017	-0.336059490024933	1.19812667559051	0.180566934852029
0.0551840287302241	-0.340137170589661	-0.291265862719475	-0.417419736330089	-0.00806972381217866
-0.217734721969064	0.271954567693087	-0.220468478714712	0.299575152048412	-0.176461457197017
0.32747711890846	-0.182245920915753	-0.58694607290079	-0.164053096935424	0.192090550888581
0.241458999013498	-0.0761282754384238	-0.387682800169148	-0.441131245462621	-0.165032821696887
-0.144355349640237	0.488361788815653	-0.514517215426752	0.129534975137752	0.0443078375746705
-0.0944531008479485	-0.426525540367458	-0.371564951848105	0.998569107716282	0.0953553898512285
-0.0278668407823633	-0.099594462201959	-0.395321388174418	-0.725573168160746	-0.200560898702597
-0.252213599082906	0.657252231752767	-0.834099741730072	0.113318159659861	0.0279031981189283
0.258910139992112	-0.0285197391758185	-0.580027754817199	-0.781188459371258	0.219983103284582
0.268039088994869	0.16361754528707	-0.926387045628795	1.43962076741192	0.161846744170027
0.0149967456450328	0.275362691478198	-0.772319989132894	0.083735863808432	0.288006512290596
