-1.06054632814391	-0.996899382978544	-2.3578384633463	-1.93581057869858	0.355787856901882
-0.442554506220194	-1.36271895147537	-0.782460863605859	-2.86279485823323	-1.55313362796605
-1.03279394414265	-1.11136852120768	-1.32911766853652	-1.90425144848387	-0.733771877511182
-1.39039113292114	-0.38953032718269	-1.54727996004988	-0.643604921617675	-0.216309166580973
-0.0999090208537664	-0.580860592223202	-1.44544204945352	-0.63137027844852	-0.218412835736375
-0.484270847093348	0.0675159324277277	-0.00158289164563124	-0.100701188624159	-0.540444183567172
-0.611031228744691	-1.41891705314282	-0.665117810556337	0.840568829727917	0.105820651529363
-0.81875586588279	-0.481816701025147	-0.325619083730258	-0.306926932156544	-0.880254521113512
-0.375161082458028	-0.646915584070551	0.00253192582515625	-0.27758867488847	-0.23467241028308
-0.748262635809691	-1.0071794763484	-0.450025469519884	0.315493654767526	-0.665903343106177
-0.164876887687364	-0.980180980537389	-0.159396628724063	-1.60115942127453	-0.0381015505369839
-0.842521160080122	-1.11056848096882	-1.23294175608426	1.28883633309565	-0.747077680852413
-0.731080120462617	-0.743483615592508	-0.539271937805582	1.04245988387221	-0.36237628201868
-1.08141715324959	-0.327548681445602	-0.303264649181638	-0.280769793971296	0.191402367716513
-0.196801724032835	-0.594286108395214	-0.057368121276225	-1.57896128266601	0.922196503784612
-0.00655152843360775	-0.415544950569479	-0.134741802720226	-0.43075491196959	-0.115930715086489
-0.168080185355796	-0.204773506980736	-0.265495945498671	-0.0701675415640412	0.933913025556265
-0.447535852789793	-0.31265697545716	0.730113355951901	-0.601069955164835	0.185587195772199
-0.260301290516828	-0.201328288959784	0.383409154857395	0.491559211042524	-0.132115659476651
0.501096260579892	-0.0266116370948419	-0.205102181513849	-0.207923715451071	0.600786305056138
0.419920382541564	0.117213084844205	1.24487373683621	0.175771914951964	0.942113176840273
0.852587574511804	0.274495591900316	0.830897874641776	-0.0969212915138607	-0.0418264937999137
0.808929598090579	0.446010282168871	0.878032226961001	0.413249763045188	0.471595627116288
0.535367655398057	0.0543798356305938	0.399153219282619	0.776291683833435	-0.0512511248810783
0.724876036678796	0.101079880980565	0.492773794585752	0.0605948933385161	0.446277049890833
0.546060986106951	-0.09511250960794	0.100535283656558	-0.1466484316126	-0.498633374666372
0.689970145774703	0.0269235017053857	-0.108962159216389	0.0084057786504667	0.188048789324016
-0.064038735876888	0.665858550056207	-0.123215477275203	0.202123531641161	-0.08451512549537
0.215658934819977	0.490188794974937	-0.512892162539593	-0.366637204026105	0.899818406268857
0.270211771206524	0.398718255103387	-0.682118530955955	0.608390577443536	-0.454161465268825
0.493651465859795	-0.182001341897944	-0.885082133291633	-0.497904475690838	-0.0810433594426587
-0.353164619059294	-0.0733057053801986	-0.00039944773594716	0.386722370500125	-0.331083028807984
0.704577300332867	-0.160914094581099	-0.289729792788092	-0.0610929677226053	-0.573379599238644
0.355235250845055	0.628417406732563	0.912220314199771	1.67560512823184	0.139767625067563
0.306158385369724	0.147551163608135	-0.275562206508318	1.5095701324125	0.377993172998696
0.430160068979491	0.353627568964977	0.188708806764004	-0.0824896266792538	-0.449784811079121
0.64432446825958	0.343861048433429	0.360088832650461	0.651640051151555	-0.306495064548114
0.455566597612409	0.00469981463637538	0.614174063275857	-0.136357449627971	-0.252969754318266
0.371018545857972	0.193555389370382	0.274903649009646	-0.292662319401829	-1.21498119732819
0.207386691035722	0.24016503431867	1.32543944247663	1.52180701009218	-0.387090710078498
0.407173825827006	0.369065517238115	0.120013911063621	-0.0739404027253716	0.223011029602783
0.133050615882296	0.202245146886578	0.565801226863033	-0.158187547586481	-0.863432171930785
0.178921235348237	0.324271921437675	0.0239657821721486	0.516745040168866	-0.611824481786251
0.11003932116872	0.355291416596255	0.00841981960185622	-0.263336428076221	-0.475733923451293
-0.187176157274582	-0.432454677402796	0.362197695320812	-0.32326560259675	-0.525893456693757
0.665688969092563	0.202279793352441	0.0204417745152822	0.156226007295543	-0.544660939015869
-0.0836807943456805	0.182851662059376	-1.13854910732034	-0.535607655186556	-0.0587960562055753
0.666858153521173	0.617183034556035	-0.213117303549016	1.46659240261302	-0.481692996819133
-0.485965552553356	0.593580394854789	0.415832572108967	0.189423375621659	-0.310728881543895
0.162929690720457	0.113291623705091	0.363774105684778	-0.468937778878066	-0.16626297170922
0.268787694917824	0.595119733898224	-0.0960889247183195	0.105068767500525	0.0317621658968291
-0.136132903026668	-0.0975826667954587	1.33069934654078	0.412675947586597	0.122418859209508
0.243674902957053	0.823070946869364	1.25565250814038	0.511058943000096	-0.301068302376729
-0.13212891569135	0.177028474943541	1.01004742361768	0.775228151257573	-0.129304702528175
0.378032945197711	1.01096503157805	1.7130106065452	-0.810745101493561	-0.275818510432664
0.350461452154625	0.238523401413122	1.2724061212632	0.15179725175936	0.00330591837709663
0.294384181666502	0.448685144228242	1.83572493450667	1.68314066159245	-0.113067845233463
0.311764207923301	0.197729783642935	1.49719708690889	-0.550718591388661	-0.267176447346669
0.289199402350872	0.00890585344899628	1.46290127902133	-0.23009406978775	0.283854860693197
0.0836720405280315	-0.13718702486375	2.3834573977227	-0.0154451824837565	-0.276034222740596
0.313932936879489	0.497911265025831	1.56460701315926	0.606544219763063	0.0260689979731897
0.160346849629123	0.368334491513046	1.55057372432819	-0.84201533610391	0.38841551580677
0.0189495618706069	0.237602239524681	0.980755457896527	0.830532575055921	-0.922271314973716
0.269328106849378	0.660020551512723	1.07944778019176	-0.156778515792794	0.614926213640331
0.00470346397924529	-0.026380243651567	1.6208378159496	1.19938494773606	-0.0631629215266313
0.14710079088872	-0.332583625167074	1.30339449266177	-0.636087529868156	-0.350253534613105
0.148217077725356	0.182852297187641	1.02404212426079	0.857673438834825	-0.250123730561893
0.261363872900267	0.134866277129996	2.14337883337521	-1.33194020063278	0.283733501725569
0.283123179444335	0.308695636485325	0.103074840801311	1.9074341186626	-0.0279859984671463
0.331357559617164	0.920400073829645	1.47804115023001	0.259636781988498	0.548461564961637
0.24743004020971	-0.298291488405893	1.00973476628799	1.04464079255395	0.15343009851658
-0.138986350322726	0.467399932284842	1.95467162362006	0.742823007975501	-0.635033074414259
0.254451970617457	-0.0870590492973113	0.911009925134543	-0.170263707505139	-0.0553375269088623
0.0271248959990459	-0.167138455402234	1.66546133880201	-0.0467459835119913	-0.327653062874891
-0.324155622467184	0.243069697519515	0.416928117661359	-2.5970550958075	-0.445555098158365
-0.185047298214793	0.821636519122479	-0.455670535763359	1.12913718846295	0.336068177080196
-0.52244902415319	0.397259993853434	-0.0153314318471857	-1.15433288864941	0.33531490056892
0.0998709576783924	0.13509964022671	0.679901110567338	0.30661004984897	-0.571974411142352
0.246929883135588	0.035352468258591	0.367022660600886	1.65010551791102	-0.453014982495326
0.163977863211958	-0.0070379505984868	1.25161213815527	0.881466042382805	0.686020078060016
0.298750721332969	0.344497085089337	0.229595321849738	-0.441110430164268	0.17854680804419
-0.0695342251265234	-0.00633663808887309	0.08108349271117	-0.10879791496419	0.459901087733157
-0.111575429817942	-0.592278077678567	-0.0709012838174927	0.679035331412303	-0.0486922485642735
-0.374892947107305	-0.177572803962332	-0.277284297016387	0.60600580020232	0.0286583042683568
-0.325898630514423	-0.74823840538206	-0.959019832221371	-0.567717100357059	-0.425303947626102
-0.411263998492972	-0.513271339239488	-2.05273857086429	0.709056981378795	-0.150729240504284
-0.151729409378501	-0.637097930557652	-1.05923731156756	-0.382162213632956	-0.174656901335659
-0.0178743800331842	-0.561003515936242	-1.90850224738778	-0.459923620340098	-0.0639215226525285
-0.0821765447700572	0.0240410572029538	-1.52051247796548	-0.0933115046643338	0.878069136727916
-0.091823346974532	0.0867820239729906	-2.26471300859971	-0.134280310312642	-0.311391873941008
-0.683416942020057	-0.23776696587923	-1.26705785416266	0.953729367996821	-0.164208822314555
0.107276379237185	-0.551925706403849	-1.63719209359936	-0.543642353035233	0.156512078584674
0.118739973716628	0.233064555014062	-1.01757210474969	0.68235356117062	-0.463842325765237
0.515585532498613	0.0954746242411777	-0.853628572439839	1.26237568068932	0.363905842018958
0.0394471652244161	-0.202372638114773	-0.71669726554076	-1.60208272709254	0.343467029990464
-0.294841599732789	-0.0116666176736874	-0.68144473852003	0.611343232973789	0.593726349606635
-0.284516896737417	0.0539698176411739	-0.920616428724964	1.95787216662271	0.106930248609274
-0.120631032756287	-0.416103024455312	-1.31617801664945	-1.70565334909912	-0.0059773059864875
-0.652090720684668	-0.10111123160756	-0.955881367985712	0.0154974744255027	0.513944128299248
0.148622171318118	-0.262767464700813	-1.42708828036336	0.367686298744264	0.651275046648988
-0.113103043481133	-0.334366828930815	-1.17235062027193	-1.17630235137399	0.514263679023478
-0.300823652349828	0.0769823494444176	-1.3689045902181	0.177207350122664	-0.0296566363397527
-0.406628212137411	-0.881038654035018	-0.525175904263785	1.43049661248175	0.155901796673231
-0.342799925932626	-0.503184070898974	-1.35346722279499	-0.649976576791984	0.0626804763221765
-0.0395778535730314	-0.377911934341609	-0.725418230779679	0.474410759977528	-0.941183875288773
-0.646718525983898	-0.145863261469612	-0.891097092087026	-0.592405609924645	-0.0674336867916945
-0.528079425682252	-0.640763211979703	-0.75928651657347	0.959208941036219	-0.172420603080654
-0.421531970387707	0.0713651313536369	-0.46555243319004	-1.33722306531317	-0.0655605487631547
-0.292640193587611	-0.209693655050794	-0.946443458643892	-0.799848495364951	0.271002993426693
-0.425359260083562	-0.702888193007641	-1.13100982260718	-0.726077437034223	-0.88067104992184
0.373278477706651	-0.415679625633313	-0.24513806268677	-0.469072457109408	-0.771220215518025
-0.681077001706719	-0.42731801584193	-1.25807316129551	-0.317252447501416	-0.340387365462495
-0.32419979056158	-0.30981781074004	0.268288908037185	0.0545880206801541	0.155881017689586
-0.221340911368518	-0.577563838701572	-0.274962270599139	-0.762879630477992	-0.22530695556989
-0.87741116305585	0.0663233448179233	0.0128043740798462	-1.23123535935824	-0.671183696646222
-0.994665055074524	-0.671482674865694	0.812274367638889	-0.0644315807159869	0.414498777581305
-0.553235232936157	-0.818290558015072	-0.193323430192887	-0.595596262736678	0.0435390808067403
-0.442849285904788	-0.627011394491039	0.0493408763847202	-0.280877476304557	0.378026383968433
-0.383345477931572	-0.414552029089802	0.317970917516037	-0.633964957521807	0.183166287162935
-0.589668455892672	-0.316518256939581	-0.354288979168945	-0.499092204833693	0.310091120889471
-0.702135863018849	-0.0848891138608352	0.371152759872869	-0.579936574729987	-0.0847530629437283
-0.203874030315677	-0.35487130240448	-0.0810964937696096	-0.224832152871426	0.435978393234703
-0.159217373989791	-0.420293047554064	0.488924631754813	-0.458561481620988	0.613637797803384
-0.340651586120007	0.370436315773119	0.103216233291902	1.28040387720572	-0.055424833494141
0.1657741835646	0.460854182566017	0.390729596841574	0.206149138270403	0.642491746810814
0.0108656163766915	0.919985246728815	1.21028274163655	-0.14144793874926	0.245755680497524
0.455681419487708	0.822372174492656	1.51756225570798	0.361308256423264	0.360840574610788
0.211029613494946	0.929840714226947	1.19058377979359	-0.723226667467928	-0.22996457883951
0.315472680110989	0.135378092514602	1.20560648184301	0.846008916398033	-0.0994977254633977
0.124731426163011	-0.180216103163731	1.10841695266145	1.40094223779537	-0.07670177197498
-0.459897208367885	-0.0710902704075796	0.960609236025251	-0.761673798083635	-0.170266301977625
0.264015470516349	0.0060078950111443	0.889401139883428	0.555489600505498	0.317280794292733
-0.199080553127605	0.167157463139513	0.130219456261655	-1.16489204105392	0.374901518671509
-0.206608658267808	0.0121872087518566	0.298634661090637	0.233742266301871	-0.49917952545638
-0.180023455222608	-0.0150695937014445	0.142878497181724	-0.60361272994331	0.0395368461417335
-0.519191844846299	-0.164048646622414	0.525594528643024	-0.562675039870318	0.0744711652763876
-0.518399258685425	0.210658425270614	-0.421692229607573	-0.0782925422662994	-0.00592107567785591
-0.180128443725578	-0.324605669602081	-0.489720214264008	1.25438364282421	-0.54389049874719
0.253005714414193	-0.215675459466627	-0.385722976053216	-0.0712840308716899	0.0327214521021277
0.100196941599384	0.154427458512619	-0.537045213774434	0.331986189256576	-1.17101462274103
0.157298742534895	-0.290699450211834	-1.41047391873568	-0.316990852744819	-0.826362550960406
0.131160246452126	0.146908990990904	-1.53922009462749	-0.879840255587146	-0.0834961981128983
-0.0566845470550912	-0.471898036047088	-0.807029490141251	-0.199646764358649	-0.877961469734104
-0.185548363117327	-0.0180093080645109	-1.00818242013901	0.422827662437012	-0.494843934535339
0.177405572639169	0.119416945752184	-1.36736424598908	-0.868690767450922	-0.503995605125359
0.594662148235686	-0.00494260456686153	-2.0923591365875	1.04457130299988	-0.388848329383769
-0.104046485503939	-0.217674297931826	-0.939135033139732	-0.898963428976975	-0.360052301957419
0.243284769526939	0.451598199053238	-0.843391796559616	1.27773336964675	0.0183012394360732
0.151510375690241	-0.258922043678721	-0.328515560036049	-0.740104681217029	0.333279308937159
0.0437080074518621	-0.341229802287621	-0.65534927700434	-0.0287275277018403	-0.20282690088663
-0.098154058528189	0.214830184458996	-0.779595675809396	0.654557830368419	0.618044766076113
0.282936698195169	0.271245198193663	-1.10074001903628	-1.50144641090866	-0.363482079469801
0.0519695005683602	0.304133575768238	-0.449894517694011	-1.05681644550002	0.525492560958927
0.637658174764201	0.915422246377178	-0.882757535151866	0.322642092457313	0.899439102875299
0.181510356402593	0.0601438904857316	-1.14495784888184	0.22290528790047	-0.347133070092839
0.389704724768922	0.38060647992664	-0.479240130161601	0.989292482127176	-0.505741166350102
0.737138161279248	0.579566453106184	-0.897503847536508	0.812961709664712	0.887989506770789
-0.0567534421974699	0.172050877788409	-0.502503531233355	-0.94217436269171	0.510122106589933
0.316555508553292	0.637351358757963	-0.572762422046572	0.136407351763966	-0.0866826124561481
0.931119984735825	0.00734371007829885	-0.576978703148708	0.432571232011961	1.18097714419137
0.696486689978836	0.284053343067117	-0.00765993311763612	0.420516018737744	0.240515274634585
0.0444013032641696	-0.0320743279611609	-0.425676536379341	-0.570989000173179	1.12648755382489
-0.216576343371622	0.442999304605719	-0.640592028155135	2.3806323063639	1.15962846030582
-0.345256447487962	0.125033969406696	-0.147077061523972	0.141938534938984	0.559414716820286
-0.292549358093823	0.250629857753198	-0.45695844042341	-0.591462588180596	0.706702449959876
0.219634468574748	0.346327901618169	0.239959582390478	0.531252914117016	0.742762372086735
0.291885832238845	1.06328318806313	0.062896654458166	0.179264414385194	1.56803115027314
0.563112711691977	0.225450522928555	0.331463168519092	1.06743522844619	0.138509678615738
-0.257685381649223	0.532223419373534	0.875518061928576	-0.423789541116178	0.475916296580244
0.154249689423408	0.514879762990857	1.25766868753153	-0.634819399819469	0.206136477979909
0.804697737011327	0.645511264354658	0.917052872699343	0.925218602917776	-0.0380035487106908
0.938640254471063	0.558354052539437	1.7015877275947	0.571037134305766	0.77325379950143
0.0550920238269201	0.267435597103526	1.59463152278014	-0.359231577368902	0.591531178999562
0.408144937341758	0.513749931961228	1.91787456830536	-0.633402958526908	-0.270045095294582
0.774296359704148	0.0582674349946542	2.08332178356157	0.373678139520688	-0.232251693370819
0.541659439957994	0.294863002760287	1.96844178597947	-1.18787492139263	0.864657723633131
-0.40158806969568	0.241554496810424	-1.37032320324814	0.538231241162677	-0.255719339611431
-0.101445580576584	-0.389791208049747	-0.965971536466829	0.377060322603491	-0.597511386413397
-0.0885115954761781	-0.192609727391237	-1.17685962290441	-0.591797561770727	-0.574041527332011
-0.057726233193993	0.55715357397222	-0.624575673978256	0.395346758902578	-0.29002050654975
0.215646035456606	0.448213668469929	-1.5456709636182	-0.12630113036906	0.014842868529731
-0.259236621095633	-0.0714284407527854	-0.775228815261891	-0.410409652982228	-0.389620591053749
-0.0488366854956272	-0.0237391753116099	-0.582767297654031	-1.35589552576109	-0.033149266580499
0.0248667473851146	-0.811317015626262	-1.30656428522133	-0.2807930676968	0.3696766872898
-0.215874319590696	-0.294808969983952	-0.114641646545551	-0.837623041410423	-0.0689698098703626
0.278908593746365	-0.334211984042619	-1.5788209682193	-0.519981160215371	0.403822449524531
-0.364385197609468	-0.7173446190248	0.113381860210672	-0.259692265807713	-0.644622806172627
0.123813073550257	0.141639500279464	-0.0475761948279902	-0.798847342431924	0.373166348187487
0.177432576815879	0.374095176405329	-0.352584330271254	-0.0963249661569765	0.352913319123738
0.0408284891221626	0.595911905738156	0.227627816654175	0.284681564733021	0.897258896952952
0.0287921199504308	0.0131672155667572	-0.14805818362382	-0.368591434887571	-0.614259144629566
0.511001959911141	0.831650976995566	0.324503518415519	-0.377695267235845	0.0464892213650617
0.0502219210281267	0.312455288217417	-0.508436180334815	1.22238510546975	-0.464255173204962
-0.328815071584136	0.292868843188476	1.26365117082958	-1.44969757377458	0.925403417053264
-0.189958055314032	0.169591090197772	0.332987488804595	-0.840225550899599	0.878996692674336
-0.20907961199066	-0.294400980829679	-0.215940604662272	1.55389249146444	0.363808528599573
-0.404392542359499	-0.189285536698273	1.07181949646198	-1.68538193835622	1.09616478107527
0.186689219257044	0.247073132483329	-0.234469280643784	2.22246537708333	0.873045503471537
-0.0239498879246037	-0.773228851505531	0.399523897885194	-0.012120478717871	1.00190234289935
0.0234605860710159	0.278223431940692	0.361874903754597	-0.147234018098254	0.208990980684154
0.416961572075582	0.0758519388090881	-0.806957435774222	-0.895611441480391	0.219694673009949
0.195052216361446	0.409179964779736	-0.460295922222962	-0.335424928628602	0.686163467404288
0.353466500767712	0.198730550802583	0.100136508198906	0.0963062549325719	0.0301919663299879
0.207844196993844	0.351262597518022	-0.33261138743988	1.15607193694918	0.195396763872485
0.909124678027151	0.559452300768527	-0.41087268718321	0.427040712471128	0.888261973668695
0.651322288418311	0.598586388117544	-1.40583449019413	1.336086172056	0.0122071148138592
0.645114388147871	0.926904927272832	-0.713175613812825	0.119574705933433	0.838515736809806
0.392798801551691	0.704827252725316	0.0624134383004078	-0.741987103554453	0.279217905918165
0.13131418062494	0.530955664565492	-0.0995897061985022	0.203496063576534	-0.329560136263817
0.613121237343047	0.592285876251834	0.222282399841268	0.543916591914169	0.333459878490594
0.358913571184797	0.524598382963689	-0.138802646692973	0.339748972535617	0.404855661506212
0.310094020687772	0.774012289512217	0.27454670922769	1.21608697310423	0.528949282874509
-0.156008805015633	0.496188955917456	0.534137429601994	0.0436309847696901	-0.0114395189432477
0.372733146724359	0.576830161343446	0.455943032250104	-0.343079736640812	1.08697439500829
0.424117576533717	0.940547164664349	-0.475637406109272	0.385423058288933	0.958052850485856
0.199148353100673	0.309960451061058	0.218044112060209	0.00675143530057714	0.428598770798599
0.168061189271425	0.0513055920073404	0.0602034914373632	-0.346629152243934	-0.0075054699073529
0.678722319675735	0.222822895225704	-0.17306967104335	-0.0482741502027243	0.37475919446918
-0.169575885540684	0.831340099045057	0.452152534360502	1.31116443078226	0.743925503987193
0.131728287575091	0.744459024092113	0.696603710836445	-0.0347588004738018	-0.457588259535184
0.777693348735477	0.592986981265163	-0.395487858957298	-1.414840341825	-0.468749071576174
0.5591820199617	0.951098956475636	0.159584634112788	0.440219125668556	0.201943380879681
0.205197833724004	0.705197344152599	0.00515718515109457	0.930374181976758	0.278572001359372
0.223563019200428	0.303730060817066	0.981330471259845	-0.842550289718532	-1.11454153895851
-0.0183073393280167	-0.105325241550434	0.598892617546815	-1.99616442106905	0.330398958794438
-0.274446941090102	-0.0786786058717473	0.201216871369522	-0.809655021542066	-0.270481942591337
0.186720219923295	-0.80985033598491	0.0564971423191989	-0.442480634161862	-0.716635927468687
-0.288028104550344	-0.279721330191515	0.843399723024936	-1.59167136606563	1.08128172928631
-0.345348609967599	-0.12279464272741	0.94493932037227	-0.302572345910077	-0.506365992989806
-0.393802406586625	-0.56287931786036	0.483096671449352	-0.626387913608223	-0.428926125932366
-0.307111384256838	-0.293466809106494	0.138687590601354	-1.58486362977822	-0.267210247796963
-0.544463359090806	-0.287915119829157	0.118050595006733	0.314436297865662	-0.277531775136622
-0.272248035731454	-0.960426261356629	-0.100819467285144	-0.77470903712553	0.216878932366615
-0.206681075754564	-0.402540920654505	0.480908503439059	-1.32407201014854	0.28790717787246
-0.489664150426737	-0.286320554489106	0.62457379102604	0.197167294081407	0.39007200146491
-0.238402763217119	-0.36840381767874	0.848152724387855	-0.0706868165671149	-0.0774076206939117
-0.15990579118911	-0.101445526769351	0.439537996220725	0.80519303853589	0.199219294765674
0.0746116689354775	0.515886229711616	1.58457678660713	2.4134761290544	0.555659149800781
-0.190049468813037	-0.525244526453539	0.662007900981952	-1.05166931786776	0.179870931048157
0.241930222048742	0.229103212752166	-0.0859026490998226	0.487996380301007	0.124421562280839
0.0368496823018168	-0.375228329964445	2.08292628246739	-0.182717084330949	0.184475278024245
-0.583622686675801	0.101810300788453	1.00716990454696	-0.269700511683825	0.774159664665406
0.0967297363685713	-0.608999434636608	0.43983528400012	-1.50023706910367	0.391365919133647
-0.139403094486175	0.0591110484045964	0.98584720319992	0.700147223349674	0.712180810095416
-0.00763282103784146	-0.0871133230546972	0.345217393818149	0.422769791110316	0.264289511610927
-0.617249359457909	-0.24299485527782	1.55645817014456	0.540236111848475	0.551065967197339
0.0183518235078507	0.0639815563791434	1.67030202083149	-0.599545771419683	0.283431228624552
-0.0237702162943008	-0.486736425705821	0.967898707463171	1.15071126619315	0.212227753396998
0.0306148551794656	0.273954218078636	1.49033340483815	-0.141434463060645	0.980775529182088
0.398249902762828	0.182743351198365	1.13344694441455	0.657973432834609	0.590567961790423
0.145991402825019	-0.170852797764145	0.903217270999067	1.09427455717275	0.216008505689189
0.52299920752994	0.331839479384766	2.26413046186617	0.180647238235735	0.423228155235553
0.497306383533994	0.0258419434252025	0.845379090560312	0.0837969369683023	0.924758451924049
0.506023256053816	0.415559372932876	0.0953924464124031	0.76684830656517	0.323400175801619
0.217840230835447	0.0216229279405502	0.585622361494143	0.253610827229258	-0.682989095710258
0.914845407333402	0.160917857277673	0.159266573001802	1.01982442857813	0.160469192362079
0.203303277918049	0.116595290361747	-0.70019334820665	1.38593382755955	0.935301141366491
0.769716044326483	0.509495459747271	-1.15767937792568	0.541806274081403	0.571726613993687
-0.0123028739323122	0.450521798624274	-1.77886043386717	0.612226680824214	-0.35426258338369
0.0447350588580852	-0.000932666792380615	-1.27794977061266	0.566553401050877	0.0920852563894656
-0.31389446775784	-0.0188258688092301	-1.54766467695807	-0.320964457673647	-0.118245781287339
0.518142755801726	0.600799087220815	-1.838832062024	1.23215912577948	-0.0498493913969998
-0.547391730629215	0.278582528469431	-0.956439983475361	1.36383560147036	-0.24435920360034
-0.103582558132754	0.40974170492172	-1.30319830594502	0.587088514108758	0.200542128074676
0.225802682412574	0.333944928800467	-0.808687130766265	0.758075926529315	0.0511849148727996
0.241969126669825	0.399347990936463	-1.5275547552254	-0.324492339554679	-0.406804584892843
0.401712755959692	0.832978409601302	-0.694935174962326	1.91261027308566	0.198137230159501
-0.0683912714179508	-0.0294471744913935	-0.433836327615149	-0.633765411863186	-0.302320440139584
0.489964938218692	-0.117528323947202	-0.320982415334862	2.28422821257552	0.640483010200715
-0.00968143698531065	0.136653420971531	-0.722478304186372	-0.106272772849907	-0.338350806683915
0.25820061819476	-0.349959372003526	-0.240156556790841	0.0864143763437603	0.343908788333977
-0.0611060787324041	-0.43171060563262	-0.520228174181716	0.139203335459202	-0.577965687396301
-0.0812520072058904	-0.279340463048196	-0.553718647522238	-0.545811289273378	-0.659161053523351
-0.0880290506237091	-0.590293835761918	-0.36178016057691	-0.497020923286061	-1.25453212827314
-0.243627835510983	-0.111643863529354	-0.151722206185399	0.853049859276507	-0.45424687937747
-0.3339951392775	-0.475256297097898	-1.04110471697657	-1.87434211239482	-1.37095549169633
-0.154398293078988	-0.574198716252798	-0.28733987642082	0.639552691810349	-1.204156029934
-0.249827974564506	-0.120865406771518	-1.64247861178217	-0.876289688903773	-0.713697013175316
-0.19388856373039	-0.253868349314658	-0.991025637410613	0.675293149877102	-1.23581156368349
-0.424236116416761	-0.539365736932034	-0.408266216060023	0.19395160773727	-1.09839392430151
-0.0806420382612463	-0.28855161199509	0.0761850722552555	-0.393826892153407	-0.569309790994662
-0.807928328560865	-0.148162016702246	-0.0635146083102874	0.526105788458346	-0.734055172327905
-0.514246383151547	-0.787715555572062	0.68595446718122	-0.991689987268761	-0.78457936371304
-0.645233417201261	-0.429864505292813	0.360794643319282	1.98453364330248	-0.578976564652416
-0.273718819091194	-1.08931211255249	0.41612479605481	-1.63799109906575	-0.349648061481142
-0.0435895900585858	-0.291981811910236	-0.273047051030669	0.38111819031565	-1.17630550125295
0.110376125885449	-0.596649413135874	0.839110777998225	-0.172611947415401	-0.195545768581783
-0.167439653635425	-0.381082534636039	0.747877553996832	-0.533190579301901	0.460403138960334
-0.381107104292571	-0.452756468526501	-0.0127569675442763	-0.224138124177204	-0.41690017204764
-0.186314415875097	-0.148009440594239	0.0947114889758331	-0.0589482231200714	-0.0327906056228501
-0.282994971924954	-0.592170479660122	1.08497240200448	-0.578857694243197	0.777834018079863
0.0224620202190594	-0.0867781432823012	-0.0814847426229206	-1.46290867914656	-0.452038016081461
-0.0677670304400531	-0.361635285692893	0.666748493231549	0.453542012791318	-0.414311843415785
-0.261175289754824	0.0807078014983013	0.855318077769998	-0.518089056011462	0.866118753148395
-0.318226296839993	-0.397421529279486	1.46083459753789	0.628397079083881	0.543171691931693
-0.0619315988303015	0.171595557954137	0.218041252165539	-0.0574105936836729	-0.0183318600633158
-0.0720766995294485	-0.190282317134617	1.17546287075971	-1.87098317883057	0.456618506873842
0.190069255646098	-0.249890985875636	1.29029189147674	1.41789953384885	1.12837777297813
0.098470253267436	-0.0909418100797274	1.32487403450904	-0.437504671033492	-0.239936562676
-0.286395750139678	-0.12887721350089	1.47816615630446	-0.639945863502028	0.0600230168225559
-0.204157109766435	0.322007878727468	1.49282055242306	0.906752687657386	0.495098264713748
-0.0323440839065842	-0.836582683417765	1.19069253367481	0.332776674582918	0.53282817733003
0.281198652345268	0.040627168110911	1.85167940173851	-0.305653743400515	-0.0664186548857137
0.0144797966066997	-0.0318584435850205	1.25760781471154	1.0996752718386	0.905844476890405
-0.127000807550284	0.180262533886221	0.974402096083645	-2.18344865298327	0.282760675314139
-0.314463099512059	-0.264557587794989	0.941880917097019	1.82918721899743	0.418665649806292
0.682005782101177	0.233622070441701	1.31339868876453	0.0802110579598891	0.340676989440873
-0.368769760361849	0.102830920542496	1.2104767841132	0.0679457269478637	0.841566522355313
-0.457705275494351	-0.331905267048958	1.10129031511762	-0.566339941897078	-0.614650242273447
-0.758542678567069	-0.244594017808252	-0.201295551327779	0.0650722421367138	-0.317506548289996
-0.275505087327068	0.21388796900257	0.357901786938878	0.463765386844096	-0.370476214254721
-0.806469694577942	-0.339089793694822	-0.800104226327122	-0.481419876223817	-0.282218625720788
-0.681091093418712	0.379888078112068	1.03798254943802	-0.99813630716718	-0.140781211430218
0.0287940907191469	-0.12067897633781	0.0919775183097862	-0.311538592549389	-0.361935636804529
0.0405442503438758	-0.175464701799718	-0.704407269562344	1.34332831053433	-0.393744175904245
-0.293128557572044	-0.369466467797141	-0.362007692267856	-0.737120089300785	-0.410026702807721
0.554651150456737	0.13389852455179	-0.461997014890906	1.41970476400817	0.0203423060505272
0.469239239135293	0.322905804655	0.635605749077205	0.715446855877664	-0.036895178172737
0.624306523364851	0.0454346325261923	-1.75259727329434	-0.891418713879178	-0.897136657118952
0.25882810372564	0.323534708036606	-1.04848441356648	0.55225114263948	-1.0353712878198
0.671268281690643	-0.0156402564439307	-1.49394306619914	-0.582499180289995	-0.088611735318979
-0.0403264311964109	-0.359773366543875	-1.26441628343882	0.965592342787788	-1.32734653355134
0.141291056097665	-0.151961546504652	-0.842466188557892	0.901729257287983	-0.631055643471603
0.181017007281093	-0.397990630129827	-1.39060376913796	0.88502250137999	-0.176819517025873
0.273862976634524	-0.244057475272151	-1.03434747339363	-0.643554357054957	-0.189248859051204
0.150351446079624	-0.327354159964347	-0.84444090847815	-0.34141882961361	-0.654898864654653
0.140312820877554	0.221519187808102	-1.63897739088138	-0.773080939068259	-1.17180927100852
-0.0676800101133032	-0.145068272446334	-1.20097739955975	-0.405312128539165	-0.0349904646030578
0.254061774734167	0.329800192636979	-2.59009511356509	1.07779549942548	-0.578653565358302
0.271227721900198	0.5202477557823	-0.833484665351333	-0.360056918254049	0.520053549329484
0.339459137060938	0.303482176339936	-1.63341311230793	0.20894093352635	0.111226341523279
0.232624830973401	-0.158682012963107	-0.923533832615244	-0.83835771688026	0.222408072611044
-0.203189543591485	0.210751318904316	-0.672240531854823	0.499011036120015	0.300161417173334
-0.276991713592696	-0.260886107240751	-1.77288207242563	-0.313147990375736	0.143455003491651
-0.269636192327086	-0.572750032895114	-1.47276458582992	-0.767249450932101	-0.164136166097502
-0.250207514965036	0.174031063693845	-0.70528856700415	-0.072405150969766	-0.5332751264746
-0.0780648914224956	0.324059479909377	-1.12004132927795	0.592470420735935	0.60113534537626
-0.336072806341564	0.266084508027031	-0.721934428767559	0.782557187567676	-0.48823296318477
-0.221898626077311	-0.100421107304388	-0.000705190392198697	-1.80725583658041	-0.470389329365683
-0.273749501282855	-0.101314713191769	-0.823271336283622	1.54829319522311	0.238381708441571
-0.526050559165915	-0.382548496404963	0.446063188416625	-0.916256624234508	-0.477194263184708
-0.399507672831896	0.317671197025376	0.326954448211937	-0.463298086199329	-0.512049570137449
-0.437552066772258	0.239136794797856	-0.359769160937059	-0.0266195247247569	-0.345760834619381
-0.133901815030352	-0.167752557685634	1.70039001320459	-1.19316973357551	-0.0182208609187309
0.0881797010362818	-0.27783086867437	0.633188442800999	-0.918845712774268	-0.364955468974298
-0.0172030426020991	-0.402282643585089	0.306376179584872	-0.600100369091127	0.413390437932004
-0.197754467098323	-0.246969356975935	0.708637750991148	0.7272857028428	-0.595324406291175
-0.204570275187516	0.154036914462482	1.13658645281682	-0.854932342269391	-0.526775063662157
0.581279827572388	0.173482117751268	0.659458157836391	0.383553935280424	1.01049445623202
-0.265329267066559	-0.43276122950718	1.13694336848586	-0.478647729472766	-0.486146452828249
-0.427517634526086	0.0202108571172936	1.59745687640015	-1.21503050543696	0.0336331000060104
0.265612844332728	-0.338577880393714	0.499620674985128	-0.0802075558428013	-0.399805458766829
