0.239526192447891	0.843604114143146	0.170460488850583	3.12079044356799	0.931286792146742
-0.513041637124839	0.592140881466363	-0.018937169320652	1.32378188035072	0.644204673044634
0.00575161440039471	0.0284392210274647	-0.723523086374413	1.42551137014364	0.228012983943472
-0.738272704109141	-0.817723623331555	-0.533657784815437	1.10436204389047	-0.345939329834724
-0.00331072713705223	-0.631665086830781	-0.159481035679639	1.50866023356883	-0.303363408645623
-0.168263942836105	0.686679702855141	-0.296217895130173	1.75457175653465	0.179053680166785
-0.431054254086376	-0.584605306267577	-0.0126275085653549	-0.944611839111005	0.174312096246035
-0.317026077752596	-0.0398320125019419	-0.616074182453273	0.417238556216871	-0.45801795421306
-0.82185459033484	-0.358679545411132	-0.221682537205944	-0.119791549283812	-0.313879861398603
-0.412975388040093	-0.17642173865927	-0.181859558967628	-0.191984569433811	-0.271555296175767
-0.169676100413983	-0.0105307386427809	-0.186850902742213	-1.04403662326549	-0.409904632446139
-0.352147801599844	-0.344456027961242	-0.247593415953042	-0.352896393117851	-0.0710300040143186
0.119694496935294	-0.239121794055544	-0.312888942550916	0.218034788364377	-0.427721115315664
0.251079187001263	0.187887024281737	-0.40595913484283	-0.657693718773828	-0.071130807203045
0.336700831349451	-0.275812291735945	-0.438231630353196	-0.100378479525173	-0.268930972755734
0.0630877320626294	-0.162773253655879	0.333588416767884	-0.13315129761088	-0.0859209896178799
0.749197372522972	-0.326436119904455	0.208474858855858	0.100475243234004	0.333777954622116
0.459904619764169	0.684658732373272	0.214149299275064	-0.304945049561223	0.34647767589791
0.443794926243873	-0.192250888850683	0.0380734883640378	1.00628763395651	-0.00600140279698913
0.136237283286159	-0.397899355702707	0.137988650576677	-0.205074589578523	-0.205898934321056
0.511139078823687	-0.383257961253768	0.547065839025992	-1.70417967053233	0.241548929757543
0.107000616875593	0.513710767430787	0.477912500509886	-0.467333410563922	0.480262808388009
0.180418222178543	-0.163324659314384	0.420739297670987	-0.0903688613465421	0.0605112029725786
-0.130315078911083	-0.260706593243739	0.347533297780774	0.00811555805473063	0.0733887004693243
-0.196367256866898	0.470871673009424	0.464383190778362	-0.50068193788781	-0.288283876633892
0.10894792144388	0.181654468621466	0.167656080145377	-0.540499047271285	-0.4576971497946
0.282344889761484	-0.00715104374549029	0.197091361791065	-1.06601793047055	-0.148384385097685
0.0801684725026121	-0.621168545634309	0.307396921015328	-0.508533232717647	-0.105383089797312
0.323875231881355	0.153344278724095	0.642406889578119	0.525866555591746	-0.0154145826274904
0.418857502991199	0.560597507902831	0.571606521282549	-1.27795469130475	0.194859728452219
0.388607005813818	-0.317275390329687	0.126111516313959	0.165856402780089	-0.295936899370021
0.487380958707581	1.02941144239249	0.0739784683280133	0.488113506618345	-0.328586009259773
0.192176309224227	-0.265305889267386	0.145096780375917	1.11672801139988	-0.284670542793242
0.320741971349818	-0.0684156060771561	0.477506947833523	-0.418025734585961	0.0118834768876059
-0.19781219135912	0.453137010786555	0.264358332703972	-0.431111667340033	-0.0647306813043376
0.405037753711363	-0.276649318684218	-0.0970583876481183	-0.00667330383450103	-0.151625520233483
0.342139681655777	0.362869054158681	-0.12230658505894	0.00140161286076919	-0.450125176936151
0.146424665464955	-1.59097521449004	-0.0489635839458614	-0.809637934735496	-0.458785403548373
-0.471029099903569	0.807093660680274	0.192910202150559	0.779571661995194	-0.783306560089338
-0.115388876405086	0.745309772302305	0.181432294330843	-0.455800923822735	-0.260494146017889
0.0898017689971558	-0.251800534896502	0.547855845494657	-0.699372902619162	-0.217367086724756
-0.345001355385551	-0.223453888157989	-0.59281562275783	0.698475293517631	-0.353477044747262
-0.0888784196369266	-1.06440011021853	-0.12015455345687	-0.490677757244385	-0.609633117385241
-0.0381673337648174	-0.0168399107081809	0.385307106851791	1.98422332946953	-0.0818686335824045
0.108069157626326	1.16928497585834	0.199025249084422	0.436113547523523	0.297947019826913
-0.224073927575183	-0.0699982998900304	0.390387332412682	-1.15670193889209	-0.0539315099639836
0.156301763749904	0.222958921387628	0.0291151807744155	1.75097524001612	-0.228525931755176
0.268578286039597	0.928174884701619	0.0943606712965392	0.863420092179091	-0.280765897612838
-0.115550892225866	-0.717518628666958	0.969833285366076	0.0870093717217125	0.151787877385594
-0.274676555206539	-0.299364735503717	0.404994493190865	1.12488945593693	0.147958962973037
-0.0809877903425526	0.454637638302515	0.470055872557826	0.403537048070883	0.228620619862616
0.0528855245734762	1.2374645860898	0.00290616519484047	-0.234028474336382	-0.0952677437801316
0.078781520297256	-0.820365799883755	0.254054710264753	-0.96300488940052	0.341969818221909
-0.00716564294526969	0.804586512670755	0.372498729409883	0.652607064925485	0.0433333410475139
-0.0710740268303933	0.500146981042163	0.451381554436925	-1.32319940327034	0.214928926288482
-0.107954162966029	-0.679385604124975	0.420526660007827	0.98878138044198	0.201187772381968
-0.486867752889433	-0.0908395242594325	0.141834696178459	0.535822372979481	-0.254474917521832
-0.409958601980322	-0.483158602586618	-0.374675508415231	0.764251200031795	0.182519198414271
-0.24320259219862	-0.866803053593167	-0.219474675228161	-0.432570592067973	-0.0192450353976737
-0.246287017850717	-0.0267237882818153	-0.0423951742502081	0.265715374765596	0.321597392623884
-0.28979451662736	-0.136288782706227	0.533483030565998	0.728707202015179	0.0487155985168123
-0.227981208385586	1.02269886397172	-0.0998209446267925	1.45638777227149	0.334192611084895
-0.12188518421964	0.110430186403048	-0.346430374082379	0.0263863525234983	0.0110515667653615
-0.179350074885038	-0.533180288499678	-0.220664208433159	1.54469615545175	-0.276976026740815
-0.225477238561059	0.312664338289266	-0.667819198705536	-0.0352898772076129	-0.0779610875873319
0.216972962164831	0.590739181274228	-0.30517773877794	-0.142450645368062	0.0672647058333667
-0.222743039838804	0.633031553326417	-0.663159652933739	0.597714092107873	-0.190011919466476
-0.271630922459199	-0.385021124719123	-0.635583473238192	0.475141022282125	-0.372323802518113
-0.395353622338447	0.502110973714875	-0.66516175969487	0.272736263442106	-0.315618010679073
-0.238007326697084	-0.530954981336576	-0.457503802985402	0.678455793031837	0.348999046170142
-0.438446158421926	0.680643173918762	-0.373999447592866	0.839875519627273	0.00335914712532843
0.010727772523402	-0.427376635716482	-0.189927365050598	0.700422734329184	-0.175947328455547
0.00232309451154019	0.283063485532853	0.0205535172604789	-0.0406422911129195	0.189834096456772
-0.492446027120803	-0.627634099000767	-0.726473447386956	0.423202029777982	-0.19535034752715
-0.27162656969766	0.126272646175544	-0.334441796230736	0.781257194706345	-0.252626034289188
0.113119316874412	0.393597518193819	-0.578362027327694	1.56753559366202	-0.230178462307265
0.399144566716966	0.107156718340219	-0.277923171009215	1.34232757295111	0.16082338958255
0.244502952011031	0.189096654827635	0.180607824207256	-0.829298967865394	0.104806883387275
0.369198174158799	-0.269542340465948	-0.0567258323266221	0.658164492883549	-0.251026615757162
0.342596582486979	0.675503877960335	-0.247418320154987	-0.149085976472038	0.019556096387555
0.269889886608702	-0.550841222381705	0.413306497561401	0.110516114380076	0.0425964732393733
0.43657390248963	-0.142678059141181	0.37353117590176	-0.787677456652069	-0.0500168727174756
0.47328643559043	0.636319916883778	0.494313273391916	0.840003540411885	0.12232532198027
0.327345121900941	0.00880423507460276	0.195796959534023	-1.42864563564599	0.288739556465848
-0.348023183887573	-0.201906596978406	0.0785580647436987	0.523943407696362	0.0742675937158953
0.133825749544356	-0.581195896613813	0.1759860481823	-0.61976335828415	-0.102044667697491
0.285803565107298	0.424207958863125	0.276799993709824	-1.40001254598846	0.500530760295568
-0.128063375905146	-0.37242332334284	-0.0850608198332179	0.195741767449561	0.551427976151946
-0.24967013885309	-0.6351510526287	-0.198352155718211	0.966582704980811	0.103693920422527
-0.146412539400889	0.106201006891823	0.438662388679937	0.48112890904235	0.328995601401766
0.165028595781723	-0.0903593158275378	0.582675376433255	-0.443802479147789	0.963353871610133
0.115209560924983	-0.972402716572447	-0.0956226354252724	-0.853995137029568	0.453848746964526
0.0311186049969275	0.703023806809366	0.735699511716446	-0.131968878591318	0.864866263293899
0.0333121408457596	0.0733431613135833	0.251260012082809	-0.335751345327649	0.493754495976288
0.0693594486504065	-0.365074079007018	0.175894999993285	-0.162532153681124	1.17591257375295
0.000133189428382081	-0.391469638167223	0.425639960349079	0.727354687993908	1.22687516906827
0.0718629389618413	-0.579819421022899	0.599716725850808	-1.17212287624674	0.57846986552156
0.331917907979937	0.684146945196935	-0.0505855869039175	1.08992304733114	0.870175385742065
-0.150769888582907	0.0650378581574666	-0.184249306868786	-2.177543847173	0.479163508905821
-0.481115967749956	-0.47239330441459	0.363591074481558	0.604593275891695	-0.169276367372943
0.201530339190356	0.289918127935915	0.235103995252509	0.391625015358965	0.835187660280061
-0.0364358924176742	0.292123770184158	0.0549720352777909	-1.17077377993339	0.72935007615198
0.226529644264739	-0.638909541671381	-0.183765486617241	-0.704811274831918	0.787650432170278
-0.11074398338919	0.69520356911754	0.242595906352262	0.0510773996091775	0.282952380816345
0.122265896146599	0.656690604507864	0.332508201705092	-1.09015189457224	0.491205163394325
-0.195115794888532	0.408263011955861	0.355474934625573	-0.717083817660494	0.252437139432378
0.156414411860182	-0.537797670519279	-0.0465323238571812	-0.852743040681112	0.210562451826901
0.0738786498596817	-0.195346671593484	-0.120375438372929	0.996629842320377	-0.166334753433308
-0.217783344774327	0.166625139328521	-0.141296904925784	-0.966671734039352	-0.120055736003268
-0.0258814418916206	-0.382928785151405	0.226496992196832	0.260932347163459	0.238426836140285
-0.19831430876635	-0.158629938308714	0.180122091707543	-0.306987899473492	0.16940238166746
-0.0398181282721182	0.346025339370137	-0.526208279805633	-0.558596332586223	-0.316012446341802
-0.251263028726479	0.40824051544044	0.0918375685140703	-0.544823679839111	-0.447996517124096
-0.0133698759296458	-0.293802639593666	-0.0665778692550777	-1.70631824616199	-0.282036968887695
-0.15580993049159	-0.23079599444206	0.336327886568312	-0.371719087296391	-0.209385371994252
-0.318086146295877	0.119432979034891	-0.252623951328169	-1.54424834146981	-0.359047564028191
-0.140173099479757	-0.640987053125253	-0.186547976431251	-0.123444972821827	0.138494336615841
0.0285833590157766	0.28227914862987	-0.149550561105873	0.18823680970098	-0.27300491816157
-0.247720504551546	-0.625141975341189	0.109566236015372	0.29312089336411	0.391738836601534
-0.0877191271095785	0.771766514243909	0.011698998930309	-0.0810443111478884	-0.215071241365929
-0.0443190022046723	-0.25537634805942	-0.169085356180476	-1.38457911930233	-0.0340077338772453
-0.0816935738764177	-0.744703345526941	-0.330338266247554	-0.42944493340842	-0.324151947435769
-0.0801784603447905	0.0466677046932743	-0.280636821706093	0.977025945248875	-0.289202046875523
0.27215281740416	0.734774298974103	-0.499808001132693	-0.40569482586752	-0.125526168723451
-0.0583895130336914	0.278077457721843	-0.505480384841785	0.317877899138528	-0.478484526770745
-0.182704120028637	0.0749317228876983	-0.298185825280502	-0.335106282955943	-0.82737913552951
-0.372617490800737	-0.368080556495559	-0.870596357461086	-0.321025285896548	-0.675254632538463
-0.177336986368782	0.387427713013447	-0.508085567989533	-1.12008599478058	-0.425771490217753
-0.0982503377593609	-0.712915694551534	-0.554414287856705	0.292674034636033	-0.00978756198018077
-0.168878949249775	-0.642438577761678	-0.572446701606265	-1.99676373900837	-0.396836070876227
-0.134443788983455	0.469454140150692	-0.614078382893146	-0.618000419064077	-0.0170161635386862
-0.243146393571331	0.296423171074959	-0.667165827426736	-0.471311022906706	-0.480981281364103
-0.364597552747853	-0.412579148606925	-0.66416881197217	-0.53938834211864	-0.357201265465416
-0.259534358812939	-0.335101529077603	-0.481236731824236	-0.202169173597072	-0.351561333552444
0.30966669449173	-0.00295744954523825	-0.264204626079178	0.0448481341043594	-0.68760210010039
-0.296607652780422	0.122185222709831	-0.174062533678957	0.976027954499518	-0.42642955650131
-0.17160027497335	0.18893206090907	-0.364427611661801	-1.78406654277441	-0.175546823457236
-0.0379506350736273	-1.02855107534781	-0.396405665690229	-0.590862157086437	-0.481622480908192
0.32181048275637	0.416398881327665	-0.0610154762687528	1.08304957260988	0.133930136226857
-0.00596498969409573	0.0949422790885715	-0.00918221862765997	-0.358564954467782	-0.221794365509692
0.368802867980209	0.120742020560656	0.175034479733306	0.355623752589691	0.404347913711957
0.226318650040441	0.827050358252658	0.338196629834916	0.756382388086796	0.193717057777083
0.206868055901668	-0.478106517277517	0.322026155181524	1.39070353441405	0.107017088453825
0.0144566696749373	-0.669188075908038	0.353747578909932	-0.354244704263934	0.328314508312653
0.29478709216691	0.716260153189188	0.377763488384155	0.0786706534502496	0.505220975756631
0.404766166382624	0.143587355458526	0.581668117719635	0.0178450520908979	0.277313946565329
-0.164341196019809	0.0224695047168112	-0.0313085286632721	-0.570400363185432	0.0153424911087713
0.150069434311115	-0.341182287059222	0.454032113371522	-0.391965228046121	0.00545359914486319
-0.190661460378298	0.502395971298514	0.0499529936360118	-0.120885721364218	-0.314861999411966
0.310991593570142	0.0284610860925609	0.435518037154182	0.355783878560339	0.198497262467609
-0.20047504523274	0.840389147636243	-0.134439464756378	-1.15793291560415	-0.193974056958788
0.210992602120579	0.0389236009631995	-0.103580098769274	0.022456703698216	0.0616295964264761
0.201496558321474	-0.182099690868793	0.0442024439778326	0.0591645653298944	-0.442244714607405
-0.0887112307906503	-0.270198153567373	0.0135889077808396	-1.18451824074278	-0.239318945864957
0.181109867797536	-0.169372105818995	-0.0545630112319623	-0.422705470512093	0.0745084773269586
-0.141463167990396	-0.331570213316015	-0.033722734761979	-0.232198152434858	-0.409220836495925
0.0889155609700102	0.367680428440461	-0.118307082317927	0.292176750781973	-0.355957211327715
0.150432107298957	-0.301668464309543	-0.283263823226451	-0.39766848296268	-0.687977743435543
-0.0123707947505328	-0.417274122582096	0.0124067542253311	0.43437258884684	-0.258928803825988
0.343806512796767	0.466174173396022	0.261601890291268	-0.699466025597719	-0.580217440483608
-0.132997511268677	0.193587765595943	0.312975311047834	0.266003145094941	-0.11357759525447
-0.104326080021206	-0.189528024398608	-0.194650531799278	-0.920555198764121	-0.453698752278399
0.319015685934042	-0.525558692869143	0.15893080425125	-0.391128301935052	-0.24595169849611
0.372751031102981	0.132609617901567	0.276387836973288	0.57466033405475	0.168144636654587
0.349006848298364	0.473184852427426	-0.0842940595697804	-0.44693056081873	0.0553609032803761
-0.0605025331658605	0.0230114918515976	-0.00397079409924092	-0.782028251826381	-0.409542250250665
-0.173798191117404	0.235936460282975	0.0483438001454187	-0.850304034689172	-0.115237011140917
0.151135632393219	0.000406942201616189	0.139688129994027	-0.359775373536456	0.00702988119839615
-0.00180455595160569	-0.0280103503382112	0.0439167344100409	-1.04339170985175	-0.162319664930464
-0.262243213532688	-0.051867102746238	-0.685043436092668	-0.508895863393662	-0.500709611935072
-0.0468355116886591	-0.67756518665471	-0.280099400749209	-0.16146750780538	-0.864231723785823
0.0928765939702333	0.105775310674587	-0.268525007112563	-1.2267786516005	-0.150166834786486
0.639333629120129	0.348398152706877	0.0540635425706918	0.0508173257482145	-0.259860619321152
-0.0551073185557596	-0.110335008481585	-0.147811312440578	-0.0146668206376228	-0.385366069401358
0.0790716206414098	-0.680598628723495	-0.327669686818772	0.100931565407106	-0.452479331363843
0.240922503390971	0.376004874491978	0.301836244175622	0.242441159895266	-0.064537794431633
0.052846238863589	-0.0860764045924427	0.0792820137662448	-0.870512170333384	-0.0565885020323771
-0.108701340133349	-0.149468042525085	0.0235181988033512	0.38129192602681	0.356913881005273
-0.0982146324284069	0.0175096411081054	-0.0503855387659036	-0.691653727374946	-0.284057684246924
-0.191049828917732	-0.748984169763967	0.108146350192345	-0.179636692521354	0.328829058441521
-0.184984377864033	0.227043288171175	-0.448243267419003	0.493507723001467	0.253271200082537
-0.507900771781501	-0.763618994573682	-0.180065150198522	-0.380189052900242	-0.00109110075513876
0.059296906517244	0.475978703735721	0.0594319234407245	-1.06260087328564	0.236269364739513
-0.165828228034779	0.155250911881587	-0.598900061462305	-1.29407024097269	-0.273542442415741
-0.417830579040177	-0.627325129503298	-0.508031854170596	1.42829301206998	-0.229606006730073
-0.0543226852095269	0.222806230682273	-0.378079019326959	0.177828807348094	-0.612221831185458
0.149830256409305	0.293177121751139	-0.182046579281359	-0.387212028889062	-0.0118402977438627
-0.102616680334364	-0.721511508067261	-0.556156396518314	1.78050598596948	0.176638982702431
0.221864442802236	1.15678232050389	-0.504747832882396	-0.615178297069437	-0.390629852538449
-0.134428341505909	0.0496396334538675	-0.342102187157458	-1.20950704417033	-0.3664837585508
0.0165020766025156	-0.284564763367511	-0.404609583806357	1.68541215923126	-0.252366856470404
-0.175125687409005	-0.0660718791933655	0.203262430491157	-0.685122310862568	-0.164564107928478
-0.23019913747954	0.282425558000306	0.0747136436353713	-1.21064982699306	-0.0898007778713554
0.396433131387336	0.543961174822284	-0.15812928473529	-0.467113620156	0.180777930895121
0.205956335703802	-0.583614490560705	-0.351916434083017	0.466357606910712	-0.213165908282025
-0.0781844271745389	0.337403563838961	-0.178938265994528	1.1820132945317	-0.236852129418833
0.106061473510895	-0.58783344204266	-0.304701300825408	-0.30237864803303	-0.272070145053981
0.030190217221838	0.658133624452799	0.0819112342769093	0.160514894880426	0.0712017085486837
0.533717512322603	-0.589116178984359	-0.206790079770239	-0.267959709940317	0.256618768715012
0.229904035693787	0.0917240648021632	-0.0545722089756276	-0.346235700120677	-0.39705011335688
0.58779403269038	0.272135770604671	0.0924041797582559	0.524516612921683	-0.336643686929006
0.412240991915815	1.20662089326453	0.16045715069161	0.693117775603155	0.191983138459869
0.486181147354633	0.0402982594515744	0.269583054313561	-0.865471049189221	0.449591089371556
0.376272173818005	-0.502758794813474	-0.229717897389811	0.533064116278515	0.00849372395430943
0.377166950234982	0.353454403159304	0.213034910680442	0.558526131966949	0.0671828901283781
0.125485928603712	0.0825918768420877	0.259538147069778	0.498305020435887	0.210230741575192
-0.0817228456163756	-0.200475725995066	0.213739507462024	-0.737140984267863	0.207777219613568
-0.0235407456610573	-0.61331755814206	0.314558878634433	0.604634993742743	0.439564898439914
0.0859422389074064	0.296035516780028	0.35722321996771	-0.761980574961721	-0.0437387634878786
-0.184100776273537	-0.565202696607726	0.0857346030983882	-0.285323338070194	0.0907850689624392
-0.462220360745487	0.343577304490527	-0.113617805238999	0.516537979394064	0.18423153911551
-0.00896979481524392	0.651744842001913	0.202567412711036	-0.622156757464218	0.28861045800831
0.250198535784815	-0.064466880578026	0.0457849004129461	0.712946878486179	0.239034085555757
-0.0713087411724359	-0.239681213033078	-0.125830298348977	-0.645666413519658	0.106234449815106
0.00403833325519555	0.373145208125002	0.0236476044907759	-0.403181857456687	0.107427485047329
0.197611538698717	-0.202798540203992	0.508465747855361	0.233239531927566	0.589887815451327
-0.0349205981782636	0.539078855105744	-0.121860728490228	0.0462131466476593	0.329539797216915
-0.664289627685875	0.402485330248816	0.39024989142721	-0.55594750935722	0.255552209120689
0.236214410450659	0.11858612842451	0.00815878106105545	1.35268809021432	0.31952564718251
-0.113394456652268	0.190658795038371	0.286407871449442	-0.0205816972112968	0.586048121585276
-0.288918127677942	-0.350141109774685	0.173629954634517	0.341163051958602	0.471155369162172
-0.183429283852952	0.175394678305453	0.216836499884293	0.252287451441855	0.565954973218063
0.0701983016427363	-0.24637844997299	-0.229429053601513	-0.476299228937132	0.568381172247869
-0.128494832914319	-0.143300610859314	0.116081299524262	-0.541089292251868	0.267835101537412
-0.177582889961159	-0.415987784390925	0.0306363239499676	-0.425268342650745	-0.086195437769387
0.126918441208375	0.775853424722894	0.584826548072789	0.243981776065482	0.440128663393733
0.291561883828325	-0.191097287019093	0.326264619401218	0.773216594531215	0.55327921633113
-0.107588675990467	-0.133718497508068	-0.173040569494654	-0.732136950188294	0.355878291493604
0.0840510433924878	-0.0272317178120694	0.139484268675352	0.66384321384265	0.518132323496852
0.332400089258491	-0.222631204854983	0.241670319196213	1.35548617422619	0.378864185904861
0.101789096327612	-0.0287299736712126	0.125026123872691	-0.138632324483175	1.1450599920586
0.425952557862059	1.04263088328572	-0.022827584755938	-0.561047100661819	0.529397324338804
0.236706924677489	-0.285488365445621	0.108340411711378	0.500948725972135	0.421397318065364
0.0884079353051727	0.239521250064885	0.398117864410217	0.11632461662852	0.169064260753029
-0.0421767769825944	-0.406247694666894	0.0640644803463543	-0.332647592284459	0.233512714982396
0.116028710816753	0.472927110332958	0.108204668492838	0.0412453558289408	0.0475702512594017
-0.0633489437744846	0.38476236433174	0.0733372840403801	-0.492434288721131	-0.137454044344476
-0.263309861827857	-0.528958280509785	-0.526661073277192	1.05469792686059	-0.0754721361997782
-0.587110106032857	-0.585808334258367	-0.755360314536055	1.21644682579171	-0.302217288264492
-0.224151052421331	-0.0867792370495859	-0.400605260727553	-0.489883375455776	-0.161504166394359
-0.120008983058423	-0.255746401860138	0.0150302893776926	-0.485586862884715	0.302617314983479
-0.435425825901629	-0.502570178367427	0.251132760882935	0.519924570177049	-0.240815581704531
-0.480725959938494	0.191470029172626	-0.29918688177348	0.625456602052899	-0.555111203454119
-0.190809970384128	-0.744649099469827	0.316333691722527	0.2532832410032	-0.262036894293267
-0.226154795720808	0.577907743764685	-0.116925421744833	0.170700354003826	-0.127230758263753
-0.0955528953832982	-0.353594557610418	0.224667991176488	1.20392425836954	-0.155330370242788
-0.263477086022224	0.169688089867802	-0.359599315278513	1.10011829992419	-0.483255499965013
-0.335502070217926	-0.0790480216393649	0.124286358017871	0.898199794451206	-0.351291861657508
-0.0888298180364524	0.249505214511128	0.661448134675484	1.94842872840073	-0.145577509288107
0.130280662129639	0.17275881428347	0.276871848259921	-0.183369058676609	-0.0880638772546361
0.335483571274861	0.41097926223229	0.922705460620495	1.51167240704648	-0.110361466866141
0.214099521523277	0.291386879794471	0.114264844435456	-0.854534241483599	-0.141835686912603
0.392199393656938	-0.482821488988321	0.155614860732751	-0.355922457516898	-0.320351379677882
0.51039135711353	1.85488035476633	-0.215269495018037	2.8227699090712	0.472877430259485
0.308332103999853	-1.15487871351117	-0.501272425872971	0.487584858228998	-0.0627590557365454
-0.121361940724425	0.63763418952724	-0.609711924573269	-0.511344347187967	-0.949231212851707
-0.413724690574651	-0.564573569814327	-0.955422900452451	-1.06758438677588	-1.26920542849852
-0.313008538413687	-0.354006126788835	-1.24685379603082	0.198007428652949	-0.566741048937098
-0.287629337481852	-0.760277072515278	-0.353026084538173	-1.17123236393279	-0.40360479592092
-0.12646336478571	-0.568155804747664	-0.534089303337521	-0.768073275902962	-0.294900948308095
-0.304597703547325	-0.746734622999092	-0.553644555335324	-1.53462692784897	-0.769774046833783
-0.260096527991363	-0.98902192695064	-0.70019401983842	0.815469909095436	-0.415272182879241
-0.532967140465582	-0.343149808619344	-0.635540689719085	-0.883805950388223	0.00951708249473775
-0.0383514762614354	-0.749492301949271	-0.0645228804325297	0.0735976780621396	-0.124100140153512
0.327057924765906	-0.27909735645988	-0.109589093515076	0.179860713152172	0.244236536862593
-0.271793164867574	0.767802668341383	-0.661497102712266	-0.819005742340327	0.110515647444023
-0.241885732210112	-0.736198290041425	-0.407286353549272	0.471580376416746	0.175366654939169
0.451508935847521	0.23864562287923	-0.169550801173328	-0.599694413695946	0.24507259916162
0.561108562880201	-0.541970030386253	-0.122408477589914	0.591360580261356	0.16623835606073
0.0772257366904702	-0.62361123767317	-0.328787722125417	-0.990370981042772	-0.033247875289412
0.14653278220191	-0.593552668376109	0.016470106312378	-0.953036748384602	0.16502640365911
0.398811277141457	0.448034251495057	-0.142543724113533	0.0386232973025125	0.167933395911766
0.302792348068638	-0.324095382995867	0.35849439383766	0.375146398434308	0.137800325094489
0.447706588100213	0.0845044386840451	0.464022308850162	-0.0916088728009516	0.843577650416879
0.406226981998372	0.720883164554956	0.387239825350641	-0.569788123041484	0.597282632712645
0.851130741303213	0.239182254980639	0.614811157645076	0.542334838312925	1.47778371658524
0.163974805156621	1.00216649470851	0.990429797557748	-0.732447996782185	1.34127676672409
0.469870822074384	0.114519874441895	1.48836672589969	0.0598943177261028	1.03462369354737
0.513239524026913	0.822480133324655	0.780806734082685	0.671886785739846	1.00708147767328
0.409831526223238	1.15236915269758	0.905544072918958	0.249657711220093	0.893390240012199
0.383653299492223	0.680067500732947	1.31520142596631	-1.11481151789534	0.908281440416602
0.171880309416372	-0.602866334504177	0.776687964865345	0.403363485077432	0.500095942093214
0.0378444132745634	-0.227148818352194	0.661936300878488	-1.99192722184431	0.621012895408264
0.260629898607201	0.28635042138268	0.55444010066744	-0.820399079096348	0.147040754713157
0.173478872368285	0.98362276392987	0.509305899498278	-0.889326930851767	0.361978336688773
0.172020977028114	0.14352980325367	0.448094082751794	0.926422252146995	0.341823824979397
-0.42143950938174	0.207322674100806	0.712668675844699	-1.94193827480754	-0.0601086729455853
-0.196711739075612	0.0335201429251742	-0.103997603796941	-1.33149958983989	-0.226757372639867
0.0465495259147104	-0.539846598818608	0.217559243257009	-0.887755114877088	0.107532027565976
0.206462644671157	0.902949789272903	0.180053899973061	0.0252860258666623	-0.042755006869411
0.0238456847399104	0.186447721694447	0.687116628816833	-0.391889385755088	-0.00690959356118195
-0.321229294616969	0.630349436755127	-0.230790192052476	0.814080053844751	0.233949165198158
-0.0230166050922362	0.108340465672099	0.017173789438513	-0.297957448303536	-0.0563351846374371
0.683782236437986	-0.31781614836325	0.392682829567497	0.192299813119195	0.185359572174341
0.637033371962709	0.470108544788043	0.36625058351558	0.00420304535128372	0.600968377484578
0.254197654297388	0.343561876330841	0.087943859252523	-0.503072509680773	0.385796475675045
-0.158561831621686	1.36227579638237	0.149956404090713	0.856996017357473	0.644725650347608
0.409809965583599	0.258654944308255	0.182523203516839	-0.838897337242981	0.405390457440409
0.584756507958589	-0.0859568463170485	0.37053465435767	0.504758587876954	0.613097733536932
0.393720891941441	0.817652554334449	0.283342160954686	-0.0621714796877785	0.479822339810885
0.29036727152783	0.268986514817887	0.0772410765132752	0.620588574643811	0.380455792907552
-0.449283231645007	0.114133374057465	-0.49538710007107	1.24509102265462	0.343703448275513
-0.258567055642307	-0.523211898754527	0.392264324221049	0.527091923429794	0.463028436663548
0.0011501759446945	0.49488618198094	0.192143789212613	0.119177256394919	-0.0128451756972978
-0.0145910124718065	-0.448000430493662	-0.22548394863841	-1.011548575493	0.305637947858732
-0.00668181042378108	0.135676525763371	0.0320961195919556	0.195486707808562	-0.0835420162578724
0.24535950154961	0.622680199375694	0.0582904052370834	-0.0163691626467043	0.29330125740272
-0.239385112240042	0.331982256151378	-0.00399628887804264	0.781635754472025	0.0683822920523778
0.184507107017431	-0.144605624487573	0.230286691725897	-0.144959389631519	0.175120464758061
0.114770381283357	-0.16420081819379	-0.0571678774873373	-0.615792037025498	0.186884256663674
-0.112115995055735	1.21069598462914	0.224173390776125	1.22873132346634	0.145477486278656
0.137484349359151	0.0109348780852047	0.762253424342289	-0.293595756734527	0.668275971837415
-0.477248408578542	0.0398483272594611	0.420498801970809	1.53573225866627	0.185690609093341
-0.562884451277103	-0.0584385747526927	0.443493010473008	0.162316019193617	0.222256892418943
-0.533495281720684	0.169832346420862	0.0172159922749808	-0.36679614213972	0.0684294834415655
-0.739421541989622	0.42594917236351	-0.286917228892621	0.497487181354821	-0.146036254952008
-0.500200289420635	-0.323378202148185	-0.458383698171076	1.4367170935078	-0.360414170568836
-0.594451133569876	-0.601252485776882	-0.17675404241384	-2.06546709846077	-0.440911763307134
-0.600829214541424	-0.278106145275324	0.0929298031140128	1.44134681384471	-0.365967943895043
-0.1304911252498	0.394302308685131	-0.543858545389312	-0.403116268287024	-0.757348887191062
-0.284847114549795	-0.779301126329905	-1.04089181116739	-0.35666532580759	-0.778283485651978
0.0368326207154435	0.121270943846336	-0.255942780420398	0.578232912148617	-0.700417492987007
-0.36977607061312	-0.617593266744217	-0.275889867526275	1.982081278247	-0.671233608058657
-0.32662372390936	-1.23567468553573	-0.517251382667718	0.458219070367802	-0.758473168337514
-0.467386209236713	-0.453090556917493	-0.126192305506589	-1.08804884575239	-0.393496607183823
-0.291674383435754	-1.08862369242826	-0.429131529898876	-0.435462681269987	-0.881932999044984
-0.313286228887248	-0.73908086759018	-0.173311555414066	1.73816749002192	-0.431423236788176
-0.409917360640495	-0.703482292619854	-0.147727373949697	0.427470567488947	-0.878086193231994
-0.128383605171551	-0.320662317215766	-0.267968384314187	0.729672969086498	-0.411572371593814
-0.208362895742818	-0.167533082944079	-0.382277772783145	0.868493074022437	-0.296635945640294
-0.0317518509637809	-0.413623431683973	-0.652529796543401	0.478947160807926	-0.211792905242311
0.0953809087541315	-0.947656104855282	0.00227744066671201	-0.840182009105099	-0.496556166359438
0.126118272953468	0.862938321952556	0.343033565345436	0.617419514684513	-0.097622969914587
0.280466857699119	-0.121299186742419	0.445352792059982	0.737059406697296	-0.0470172805516913
0.364462705040089	0.457944470611381	-0.0747673603115882	0.757463630062463	-0.0457258024238291
-0.227655414804985	-0.187165573038024	0.00120611501326026	0.907150303808682	-0.121200248863204
-0.143822466347028	1.06167653651085	0.517897001577931	0.746412739141533	-0.0146430683655043
0.0655339085039344	0.149546711783205	0.154283473663483	0.684827085413318	0.419028395158661
0.385138717659765	-0.650140947329642	0.357562380517586	0.21404575437179	-0.0700294673760056
-0.086577390835027	1.09787170550171	-0.334914379199272	-0.558852203438356	-0.124568795947099
0.0769517872645093	-0.599503068004963	-0.072177833459576	0.562607094830229	-0.357635547774492
-0.142648402475058	-0.12937405217311	0.0922671477884596	-0.190627560330643	-0.34883644030418
-0.21088930050131	-0.544714789690421	0.203932456219096	0.714353974845995	-0.354542256803917
-0.15519926470437	-1.01961384616522	0.304801837368272	0.128011508322011	-0.221943658263202
-0.0930529432823764	0.421122900054653	-0.381239619886756	0.742486953690666	-0.764451329894032
-0.310211344404295	0.0767972847220569	-0.306560334301304	0.0225617687971975	-0.164880911192338
-0.0407701281060394	-0.720159590346389	-0.0512879552938215	-1.16278656488379	-0.0249611373231069
-0.334454422195414	-0.537625287577749	0.245633467125614	0.659433668381864	-0.442566354357124
-0.263855317793903	-0.411072878278731	0.0183219544821882	-1.68607538989632	0.0122156656211573
0.214797120817899	-0.0942300511213448	0.118146215336133	0.0438113348593362	-0.138708365891873
-0.400232031470027	-0.199190897784725	-0.229539172836428	-0.495255411024207	-0.1643549746211
-0.15896036799641	-0.297672159535165	0.212672253367423	0.242594230180106	0.163486151030192
-0.111653861194343	0.314214040135431	0.397284138779317	-1.0589665573023	-0.112632394506726
0.0837448422379557	-0.221111684296908	0.0833857844013998	0.695185916060141	0.369342201367913
0.00627822012733813	-0.524100533222687	-0.19279744183993	0.674957194747195	-0.367741299003969
-0.0454795998789496	-0.136252571156871	-0.308552110005525	0.299107526002699	0.00498450167851996
-0.301009450325331	-0.0956254448424496	-0.124534639295844	-0.580354481578585	0.236779058476912
-0.160323244659788	-0.550914501835554	0.124273976363614	0.0700844169648657	0.184377246907288
-0.305246207072904	0.0559269573237269	0.0808768555302332	0.0470762193782618	-0.0921249100653919
-0.372812639529205	-0.873176370487256	-0.0825757217784369	-0.832178631217171	-0.191866094642473
0.0312509450337125	-0.386648415147974	-0.119031210802573	-0.0386953239977629	-0.213485963426372
-0.00963523832051564	-0.0219238068785829	0.230413556232828	-0.313185222742416	0.211814599215976
-0.183357708687521	0.0161847233912725	0.146535954209455	0.046802707705939	0.0736506531002474
-0.202627535030217	0.277034429008784	0.393454964744237	-1.18121234957174	0.0219938469941092
0.0325377147428289	-0.520002876355487	0.211455407430112	-0.947146264446568	-0.0782170940617044
0.541106305369048	-0.0241244424459433	0.177085835191625	1.73334134334489	0.019261733475697
-0.0712197681408243	-0.062593696279875	-0.189313059791299	0.345620136108713	0.320122997879981
-0.0294638211861532	0.779878169948476	0.333455468061844	0.207669214737624	0.19614016449089
-0.367043987137672	-0.46029381194574	0.251492483487487	0.0779883850327563	-0.0656004735411495
-0.461076266150452	-0.463071259078741	-0.350132514962953	-0.275996791144552	-0.464064104474485
-0.380806253309428	-0.730823481137209	-0.0127321888954535	1.10566185314963	0.394026999608285
-0.0262379411207177	-0.473863083577781	-0.208221328122989	-1.89027065629186	-0.117941702735285
0.0567615132497771	-0.209725816020657	-0.0447722207090253	-0.406279850684734	-0.0947818073929717
-0.41988544795557	-0.391460225529752	0.102941772092723	1.73988145515511	-0.369414924207082
-0.62039787918285	-0.180526299741557	-0.399689906912039	-0.642996889597993	-0.104099093667794
-0.350748117296511	0.260903112889113	0.418564656263243	-0.805601443952395	-0.603371687432298
0.278717903777651	-0.138898841034668	0.183415354172191	1.16455739812566	-0.118516113943372
0.266402823719015	0.720513386809628	0.228687264850678	-0.108783607866472	-0.153026600751223
0.0105013905847575	-0.0572585676175844	-0.0978379587647078	-0.00294589264370382	0.0150360891487642
-0.0968413986263501	0.921268896011611	-0.45821394769791	1.6555597759297	-0.170267779275098
-0.187062288561991	-0.778221568247351	-0.944202508153904	-0.330434466205269	-0.327193047828843
0.254186758230592	1.38277066950059	-0.300219229514915	0.934962601699911	-0.0470449804689404
-0.0434020472597878	-0.144482168200263	-0.518760900707925	-0.542312588206866	0.110414799198431
0.368194358328896	1.38105576053413	-0.142562962534518	0.257939341131113	0.0364831482966717
0.104424152092701	-0.211918577170718	-0.154513808215119	1.3581465210451	-0.115266452299361
0.19511170850817	1.22796673931996	-0.606046226858475	1.2028796089873	-0.309842943681478
-0.215792530178991	-0.714982083331052	-0.918341238811583	0.631193725844405	-0.905631200523083
-0.326451763544785	-0.24204816963943	-0.569994833624757	0.54397866159039	-0.219592907163454
0.0622324463946308	0.249443648404874	-0.613108751157165	0.622808495310808	-0.557947387958675
-0.402341945107768	-0.866584742453643	-0.748672072602289	0.852933960431751	-0.580675791264974
0.392579966584842	0.864316417651127	-0.296339389660109	-0.735612615104297	-0.0766424023452699
0.258160985460275	1.30512162193255	-0.635456929590657	-0.885454380095828	-0.493091211780621
0.333470871759876	-0.428188890852322	-0.00132622938708017	0.548042279759146	0.0912854368599591
0.396672570781649	0.0913724913889659	0.0605639511942191	-0.555942176361508	-0.0344535738186477
0.470722016930391	0.642569960734147	0.255610446689385	-0.481852066475391	0.0247130019721627
0.630146071577378	-0.118439718742119	0.167770051953609	1.29337474134407	-0.0234684970923967
-0.00910275967554501	0.673793469797502	0.0202252854227175	0.0560253962388317	-0.180784000889024
-0.0430265835927837	0.31512590637082	0.0523137439631521	-0.500051949843211	-0.502231126380802
-0.130285701126993	0.557556581144419	0.342902331994623	1.52492293114064	-0.207367790899375
-0.164828670583321	0.458319666086552	-0.0603837436975081	-0.458669327918658	-0.529397957131339
0.134661464648519	0.386548394375281	-0.159663889624073	0.548437679782918	-0.832576698525181
-0.163695864759572	-0.569414932708123	-0.375976509600746	-1.57417826476386	-0.470760360354106
-0.0136637763958231	-0.0569319726335294	-0.000952103405721275	0.631535324836485	-0.332292672679209
0.050238241627574	0.412212157957204	0.0806046695994144	0.476275716334248	-0.0615870664985838
-0.15192140369703	0.376277411290712	-0.168785541303195	0.780404783995232	-0.185835310423352
-0.0429582275773474	-0.326822112743932	-0.245998000633882	-0.657306813432021	-0.641283567944136
0.040310604351178	-0.493445487436902	-0.376384225334898	1.11448618629947	-0.201947734217
-0.148150881279108	0.0789505693722728	-0.0791929850807587	0.568504732266684	-0.145854076494176
0.0348172353370028	0.92034443122051	0.169605430314693	-0.479176029105471	-0.25013915086778
0.411856247683506	-0.275074730634956	0.504943225538552	1.12515832106886	-0.0240107565015827
-0.212245424040894	0.285546761480421	-0.116580078516903	-0.812205402074408	0.128600490948619
0.411715997560528	0.260169509550087	-0.0197090652673652	1.76710893022771	0.0951579649400244
0.18944447155288	0.491457339987025	-0.00932687751057732	0.172205597061171	0.332110414042756
0.00370726191064986	1.04118946526216	0.466433581319605	0.758222540948483	0.500528755559977
-0.0286367804435752	-0.194744875497475	0.428241815519129	-0.897520711041211	0.0890719655431603
0.238646728316871	0.557662751802617	0.0462033343165236	-0.492655021810024	0.480687083577459
-0.0346907152833177	-0.613789252090454	-0.10595733299279	-0.0558227347640731	-0.277529671566763
-0.10051868782559	0.860041233632306	-0.0348841241786666	1.36345875993122	0.257441551864314
-0.170961238022648	-1.15700728531239	0.391888917522555	-0.546447458979092	-0.196023313440003
0.0100965510195153	0.841135499845516	0.224613627123089	-1.22051750922734	0.0108043334285808
-0.0234228056950103	0.0593294583173229	-0.158643918291048	1.16320816580701	-0.349123968844006
-0.126986166829863	0.500115012204971	-0.424253639498785	-1.66480190749219	-0.179718718553376
0.213335082633809	-0.0555214552584418	0.107305343220679	-1.68594130966704	0.0167783371135497
0.0419102235054376	-0.57256927660765	0.426526615456469	0.740402195125877	-0.165466074661582
0.134667651607076	0.3675151106572	0.283812480148134	-0.174222034309058	0.103735678416425
0.0829012813726984	-0.207297967828687	-0.0758387388991364	0.0699981018324924	-0.754293298880883
0.447833204842653	-0.179077042441293	0.0244673148931232	0.532287420596554	-0.0116959178986684
0.195932708881284	0.205079569571835	0.179896726220072	0.170037071232405	0.143689802234019
0.136621293640564	-0.701042440239735	0.247583593014288	-0.35408744173142	-0.175381759726129
0.0882447369066715	0.0871154453224469	-0.214110945634276	-0.297167377856891	0.00326899037241953
0.174651520806663	0.442816199884395	-0.284074736255301	-2.02750369986391	-0.102611204497049
-0.395949082627439	-0.44025296136437	-0.163189821177726	-1.17755306889628	-0.4167025251872
-0.00623356290551156	0.141409365253259	0.103595728155324	-0.811648892526233	-0.0395667156455559
-0.250090892363898	-0.85976781204577	0.0456935311461847	0.0282618756172194	-0.162579536266344
0.119028067913394	0.352875770218396	0.099742202643975	0.0368891912110036	-0.387710235514457
-0.432837727149855	-1.06137306601754	-0.437496439978039	-0.836764584512011	-0.322458977633447
0.225345972475109	0.194504178351814	-0.158215766227107	0.0888153191533	-0.557890113536957
0.139029347684816	0.800828202519201	-0.286140888986921	-0.323660084898762	-0.221256088345972
-0.0361252033116813	0.161552101705196	-0.155907992295464	-0.305266253308429	-0.426218943265685
0.0975047285837232	-0.55429695981046	-0.217894581691215	-0.670613524944136	-0.0823351292423679
-0.0417648829766733	0.337458910489843	-0.2049594932423	-1.17974871408218	-0.335500116705526
-0.272278000132378	-0.289368607845587	-0.307437640641331	1.11908050091341	-0.0286413994023817
0.0609857775562407	0.535375741039949	-0.0947827421893777	1.0525091623683	-0.102242544192936
-0.156258776742822	-0.803701069087427	-0.119964244140828	0.0177740697184374	-0.00785016867990764
0.247631462178844	0.76361329483507	0.0685064026597086	0.493038917599009	0.0618573100620587
-0.096355920639092	-0.365320338976121	-0.100430319964376	-0.413603390967739	-0.4414102554816
-0.413902711063742	-0.35423115852034	-0.593121284659726	-0.237651586679637	-0.460838090659895
-0.274484749483594	-0.481078231347158	-0.534741413928398	-1.26257767754979	-0.11479938158062
-0.0930391754016833	0.300139698653253	-0.106936714277026	0.134430661369881	-0.398269991754024
0.00268030161603976	-0.665300806498703	-0.251346023960456	-0.731063030536373	-0.276606182190099
-0.135423071716395	-0.580389947468308	-0.36628409593765	-0.359828119963223	-0.399368405999104
-0.165374653475643	0.259797031919354	-0.850679178068793	0.740008835130931	-0.441892983320513
0.11957366065193	0.637893688831648	-0.161339091542859	-1.34777118260016	0.091539654850501
0.222548721486446	-1.11073682639029	0.186624832500306	0.334119489393107	-0.0459640979122979
0.460533265565515	0.143253194344485	-0.130495913727177	1.02919361541294	0.479035346963707
0.0916350110657093	-0.540801692148076	0.246168802915814	-1.22165312445751	0.121778318519894
0.396016655554914	0.768882287180793	-0.0720003705462728	0.557167306882545	-0.0828135338638064
0.33429041160124	0.140418459818142	0.35463074058675	0.747667236448188	0.23704238934508
0.201195411210432	-0.0363665520213633	0.664418386433024	0.605568539517051	0.401677108438215
0.514692000565084	0.430067027665101	0.562614632199019	0.029245795546248	0.209094253274181
0.0191518335642021	0.120359643006266	0.277038348737369	-0.171925588554587	0.0199906723433121
-0.0508677185517119	0.873927936517249	-0.0540708512919423	0.701485004829698	-0.2267908715966
0.297940265489349	0.308618506805243	0.0627426457945203	-3.11867344555256e-05	0.0730812704679913
-0.209956997931098	-0.0617128498597076	0.507354463962287	0.554165657046142	0.262365607579429
0.0653921547348954	-0.180231518301754	-0.00972907520470385	1.27535522200413	-0.121821517221267
-0.0500492888865613	-0.0604816658334189	0.0776048343245904	-1.03699843933367	0.203475860809884
-0.0866010779400143	-0.833977297506264	0.263700065993124	0.0392154706388744	-0.305321000759141
0.226818308357487	-0.361180583549442	0.0581700490009881	-0.391699871166899	-0.0127652048003516
0.186675906611711	0.609602277059002	0.350489008493435	0.857029638041612	0.232636462398944
-0.0251329540611846	0.853442926570743	0.374058696104776	-0.347910483756491	-0.0484494561915814
-0.243721543381985	-0.951367725041064	-0.00951200935399568	0.198125831262959	0.120159479419228
-0.00200049619677357	0.432890543995928	-0.00725992832571261	-0.370090027336384	0.181798361682762
0.292478237322968	0.697981880082059	-0.0503547369915067	0.173000084476121	0.526259239235821
-0.0211263762846626	-0.459420150896779	0.241843702653449	0.721626484380431	0.570636021102495
0.00891551635686962	0.04525996460987	0.387798248621928	0.173311529473695	-0.253272418718596
0.190530632429046	0.202605159108454	-0.041967649481943	-0.337100555625077	0.373783565601983
0.170879769019037	-0.146800685120213	-0.198359139381064	-0.355530058280408	0.128594599679973
0.0781732998210781	-0.364320589254448	0.316461199085396	-0.435136838888936	0.250902576962562
0.129858680381596	0.528262478333193	0.222676942725705	0.396147211427941	-0.256399990489862
0.103855685491256	-0.250175079286277	-0.272190749497137	0.347955031618656	0.173281200340834
-0.422777257133158	-1.28276710428605	-0.0645914933052722	-1.78309189893429	-0.213638667290543
-0.157839041900169	0.204188062579686	-0.0569054144012996	1.24337618678266	0.339957346671343
0.211173335998089	0.546479776782664	0.275588273198985	-0.22786213839699	0.329479574800378
0.0530786167614215	-0.533140545073153	0.0120726291011129	-1.2507706107518	0.320494668263679
-0.113350834161925	-0.738777164038174	-0.328584468547245	-0.628335825962518	0.47624311910804
0.106190406870107	0.564599785697496	0.372351239459665	0.460032792167251	0.610041894101584
0.26311165342773	-0.0556944127512032	0.33046304092003	-0.144580554815505	0.726025149732119
0.469992242700704	0.839691447495028	0.6640104596396	-0.327628110296759	1.34108575722932
-0.226349969724035	-0.187217689323129	-0.136219218140147	-0.132564652311999	0.678044084819696
0.0213252085168527	-0.0614809082389849	0.176155112409154	-1.25149579788775	1.15210510345464
0.105423702021697	0.204478301729265	0.482935734834021	-0.463865248919442	0.500882495098269
0.121906363978044	0.110635577391099	0.0262250084873738	-0.0538789187720918	1.00643684339089
-0.145012785549197	-0.0494719951735991	0.09748848230281	1.06029250760194	0.531079266861953
-0.140308225247664	-0.299569396895613	-0.0263399499399546	-1.18565927683565	0.0653750562668709
0.118502393232952	0.0460669624362076	-0.00549402154618704	-0.213475942924598	1.02184171313445
0.0191881258554853	0.316644052140538	0.412323177008784	0.310196294788195	0.643049401417694
0.231074691921461	-0.0554527077536236	0.264687061106592	-0.539721576892256	0.783323824825577
-0.16275834324147	0.757653129385737	-0.0332406663622226	0.212537671498077	0.618593532471079
-0.0322466440002504	-0.236818249907799	0.244626866716365	-0.714198858924196	0.808159650043356
-0.06383333045933	0.503707684222775	-0.0253807512250576	0.102052947424955	0.0432057013672598
-0.161830763312439	-1.19593978900669	0.0196209930318203	-0.184773806895096	0.0216391362129519
0.0560959326297457	0.124953460508149	-0.0255407179973253	0.896177521063921	-0.140776372265848
-0.190126749359216	-0.247743020722167	0.126643406653985	0.291920448569716	0.127393340941899
-0.178799692346591	0.123897472441067	-0.377719921821124	-0.988912902609191	-0.41316569844265
-0.625348088234082	-0.402613216623388	-0.297024264397249	-0.604063611595938	-0.455926891593516
-0.025134213993287	-0.733402650354311	-0.626139993038851	-0.374885430256815	-1.18083686585812
