0.0746224919373115	-0.793396166302502	-0.905846848898917	-1.22109836970929	-0.997681670331998
-0.776798048276958	-0.253820379752143	-0.323147782042981	-2.31602097198444	0.00323228525742406
-1.33048760406377	-0.864877262804595	-0.738019867025658	0.114105754106389	-0.630245236914813
0.494718058256106	0.743719887475036	-0.564412746073014	-2.68833081614228	0.0529574353544551
-1.13609376548118	0.0806555769243011	-0.187317388909698	-0.603508308753807	-0.698040271412126
0.00600969622532901	0.456268801793853	0.239883088724066	-0.207991166369334	0.376493407050476
0.451764445180441	1.13037398598142	0.227720075800948	-2.34791684391422	0.291560846096842
-0.139415734279222	0.693363843800268	-0.0174012258847782	2.51229269899811	0.353130151708907
-0.400810262451746	0.980499981377678	-0.0928211763473043	-0.948753477374412	0.0690425665357043
-0.67741031407902	-1.84626887559567	-0.339861433908132	0.213608168291857	0.573686854792364
-1.11168225321767	0.756782186127945	0.210310244920708	0.373166374367291	-0.0835988102217391
-0.577778423559689	-0.836615030537953	-0.588379082517711	-0.153836146601571	-0.0539246207675838
-0.843994644471934	0.972624431548987	0.232408744277492	0.326472368957863	-0.0527055141012704
-0.316441801188343	0.367468006960382	-0.321134952011305	-0.191565098568621	-0.0245033749173815
-1.03981881453391	0.0105538824839459	-0.103379838063648	-2.00741849369789	-0.665919804061041
-0.218968420644237	-0.423898755295302	-0.223080427056465	1.99820766126609	-0.215311372772097
0.301045906387968	-0.426412373333769	-0.356711645481038	-0.178423985262193	-0.0215206975064809
0.297945787456693	-1.16154974226021	-0.347262760403772	-0.00799926724822568	-0.787630878616995
0.102730688901903	-1.21014046061223	-0.070145134341582	0.23950250193522	0.211007568936156
-0.345646886632206	-0.123640063499504	-0.0422535405865094	0.790534826743807	-0.511018410928235
0.134576413639007	-1.5192085477625	0.386583088539901	1.05698469909983	-0.00970682473690647
0.100349202546008	-0.0120581769455894	0.21912468831817	1.68201530538969	-0.0584070161004916
0.528620193725244	-0.551920465915306	-0.0813873320936531	-2.27052300816062	0.0838830772899329
0.43866807588106	0.107503575986509	0.037254809700771	1.33535327867619	0.185005138827599
-0.106101076897065	-0.047542849920655	0.243767595875764	-1.01216294272825	0.224376822329032
0.205164299028507	-0.240181370255278	-0.0790669509485996	0.315310518088712	-0.0165118714043688
0.914706759184497	-0.212759949497901	0.484449267259663	-1.56324046432903	0.34029007859163
0.571974611738773	0.307762528018151	-0.28882028098714	-1.95820125628626	-0.157826114428373
0.403214306487643	0.421919332357465	-0.0182648723518382	-0.821617600131108	0.0557523478624992
0.0832704143589564	0.0751931011416768	-0.179846328094869	-1.72275494842608	0.497821480376847
0.0972124322484028	-0.751076203958284	-0.193480094166747	-1.37076255217042	-0.209558243361265
0.0614888071677614	1.17768807935678	0.502130759606527	1.15539962663072	0.519741614766636
0.465862223112426	-0.522092229419847	0.428715719932559	-0.852132178335185	0.153370083255448
-0.460749325722905	1.33188539395243	0.151777540385385	1.14061794141619	0.412206734395769
0.20307464669144	-0.0252779861265694	0.207539276420787	1.79209923624504	-0.0865947561061944
-0.175939812412365	-0.364707926607283	0.564465612324487	-0.10128621631708	0.380119168630587
0.410625528621979	0.212249389456016	0.300306552531494	1.52925871982076	0.561242171587814
0.121396307274206	0.0575728692250808	0.914217008418165	0.843507725050469	-0.163476194648766
0.706522930902453	0.210044381384337	0.0295645032147675	0.526429035498614	0.279021948354462
0.251839460975312	-1.12030877106257	0.410936681817806	-2.2681674637754	-0.186095228700389
0.804317940475864	0.0765910064621212	-0.230917148437467	3.12227269495623	0.312493939905706
-0.597369413224062	-2.10760576501324	-1.02796484052812	3.43803014582696	-0.602116615997464
-0.060718087106428	-0.0817120905295051	-0.144880752710423	-1.6817488047768	-0.159059643647725
0.422582177664731	-1.01448601286229	-0.479484357904934	0.564850471787139	-0.595599763450431
0.00692157230697357	-0.272797741064064	-0.731580139786363	1.41747533172187	0.197763528816004
-0.255366758440752	-0.238529094568127	-0.379214849559938	-0.953187000471938	-0.260423423276327
-0.248279006980268	-0.425664346202623	-0.326641174740551	1.05957959660976	-0.542884445273954
-0.284458613393752	-0.159692904661585	-0.627265749091019	0.222385681871392	-0.0901219251880881
-0.0520258689752973	0.293801454590954	-0.278229110080702	-0.0608783697483332	-0.373086354809595
-1.09487047587729	-0.593021700102418	-0.127852357751239	-0.431615047570018	-0.096788153103324
0.000378069990770424	-0.381516080978519	-0.389944270710864	-0.678076887222465	-0.10594301110203
-0.0322272926496735	0.193392159795487	-0.287721208733658	0.242348134438026	0.670625291596155
0.552920897420114	-0.600880716596254	-0.437057090427502	0.214750944818509	0.339394647710302
0.0977195115495632	1.24211664519254	-0.256705978178619	-0.80160841534342	-0.147981034914839
0.279707650176236	-0.533027902761454	-0.848569408589064	1.12192538173113	0.492124660756282
0.177227706329692	-0.766888423326728	-0.183097929810332	0.0681777098805294	-0.497683567664394
0.211851644843742	0.351026441542361	0.0655193045684038	0.978143634577723	0.878084103842574
0.790542715360162	-0.00381521732942448	0.0478235201568067	0.716316752727175	0.627129140846884
0.467799860909811	0.0852323917462672	-0.191022032211216	-1.1937769371685	0.0772427318855861
0.696655119108147	-0.110326909123489	-0.309615533262764	2.84101399837819	-0.393536592758209
0.983679718119372	0.380918274665295	-0.0436429501136588	-1.61506265549412	0.602187639976263
1.22114831855395	-0.603831837737476	-0.173698365846103	0.641825341714114	-0.550551097259265
0.851529149878133	-0.0971231903010811	-0.470727842386034	-1.73049746440081	-0.292656121900354
1.22247653221721	0.631236405099084	-0.476374370497257	2.60333468103756	-0.224475496708479
0.95757007159437	-0.505423957382014	-0.0915275982418011	-0.516242263684549	-0.543600712480862
0.288928447165401	-0.643982742269003	-0.863810491750782	-0.705027685837733	-0.411188904843245
0.770092211151539	0.952327094104986	-0.288889582323796	0.427656829191183	-0.861221871513351
-0.348763342842922	-0.161378187494802	0.316153092543688	1.1485505977521	0.250292858436159
-0.218629020881591	0.55566190958498	0.0764097750723862	-0.527824495767815	-0.53303857868133
-0.916813336426633	-0.114234595414414	0.437819123952021	0.128059491728566	-0.824263575250845
-0.873399129415095	-0.071425692521458	0.116286801003806	-1.96319760713044	-0.214999715400336
-0.89388030711189	0.125326280237275	0.685311640677961	0.542970076799159	-0.0633526971785668
0.292251981329679	0.882978555394991	0.0494185284416972	-2.56416209155508	0.0531249334499084
-0.265520291692794	0.988830870450233	0.154131078686662	0.0718004402604139	-0.0745767689260112
0.124103936781036	-0.00877334300503152	-0.222496191383127	0.771444490763426	-0.217911236940748
-0.993022149815899	-0.593888734402397	0.485278437129608	0.840382617413844	0.0213965672081203
-0.0173921911328232	0.774177414222771	0.0259456148525915	-0.279769542857749	-0.566603194685348
-0.0895867681472745	1.20062290271749	0.0194735834501615	0.308977365771888	0.267812212635921
-0.119835075183317	0.18847631153446	0.272111616459139	2.31532447252555	0.279752325619378
0.60959378968377	0.553519446872049	0.714458938007861	-0.437468437208445	0.311950524658766
-0.13526038319965	0.947568658352321	1.34574452388804	0.770484188278053	0.938715478858422
1.00846618309671	1.63067421590225	0.667678050815205	2.07931094895451	0.623644724783675
1.1313164883368	-0.582181887919519	1.49935201119572	0.667845104577158	0.0759620183685184
0.384521092700051	0.228072138543165	0.717760954427364	0.520143413793503	0.393044053761828
0.280475853080539	-0.302672628793557	0.695987198491104	3.22139090384698	0.119409538968107
0.128797537299915	-0.00171595395149234	0.750790054919192	-0.0699835574364421	-0.166535239039532
-0.242518304772878	0.52057401047172	-0.105010733070212	0.10254716719247	-0.395012837609329
-0.0893606837972418	-1.01762047301496	-0.401020147782702	1.49264493760197	-0.20289059928652
-0.556114840698871	-0.0453183475105816	-0.170872030002294	-0.724699805337322	-0.229435542318619
-0.968570561349179	0.188313050301866	0.20811850119095	0.511114840006767	-0.733421984686767
-0.236275113476446	-0.22406164553366	-0.170092947368566	-0.80276736072405	0.291372240606182
-0.287451810391234	-0.296439427444971	-0.208950848248916	-1.85921421924056	-0.40967901196229
0.721864235365859	0.62133554313498	0.545983787046297	-1.08152287816881	-0.179064901472352
0.622491160600467	-0.66379730760287	-0.219995860633451	-1.11673241257396	0.642669961580284
0.309760502306381	0.535503854533919	0.11415606090295	0.118879652343053	0.487968168969724
0.173967631734648	0.597611289101076	0.150203245011143	1.22956554850304	-0.0547825532764544
0.46898610002765	1.0261806882232	0.584721698015974	0.62855043178772	1.03136371983278
0.00880185117625895	0.187431366395057	0.0358162693985979	0.122613059025904	-0.201471327795894
0.448214050489342	0.261113006505207	0.389848628895314	1.28110424393545	0.550622229738391
0.591424511295255	-0.355001255291054	0.331939533589619	1.01617500085171	0.229692201095781
0.525287081668416	0.220611897424157	0.769291049332522	-0.58063444945212	0.9591142365946
0.583451809494922	-0.511688308483505	0.534175634081034	0.831217026481777	0.133632670287747
0.585234867263978	0.214728768053336	0.825446763202978	0.691490316804061	0.605812419040173
0.431769623325811	0.292508105891056	0.850841678546266	2.06796945227401	-0.105043259586242
0.632366310748557	0.0217098152003834	0.275814110885739	0.319845999806619	-0.0488131405777261
-0.328912802517346	-1.1921135561898	0.128173054195475	0.473798793228864	-0.121170509174405
-0.192645023239251	-0.257386338674401	-0.171001596374029	-1.85105541639003	-0.148003824529767
-0.303264755974007	-0.900318684560194	-0.417940341898104	1.45048960189109	-0.342154233872386
-0.26606743952932	-0.482115649317605	-0.266052929173046	-1.36115621250612	-0.00857170983196303
-0.611994586798797	-0.657180008752251	-0.307897463095893	0.0610210449087457	-0.392684462449427
-0.254743242227775	-0.0662342140467024	-0.0325569571477668	-1.05513694662259	0.491364923358376
-0.446809417993974	-0.141113746242468	-0.044028742306894	-1.18190424829924	-0.0424715472045862
0.366218773645813	-0.0394995949965572	0.297206581134438	0.0383532708995439	0.195031858924327
0.405786562260979	1.24382995892145	-0.16394894743968	-0.786448780887408	0.50564493441571
-0.127227094082431	-0.62787726221788	-0.0926287755977551	-1.81395236950769	-0.0844450920812989
0.52153922288925	0.847632788300886	0.42947886297504	-0.560788282982356	0.389023898766825
-0.781672822151671	0.0407958080747962	-0.0892568993162709	-0.833613940345969	0.247600852941839
-0.674609086448834	-0.148778973494275	0.0888434631457672	-0.315586698817281	-0.446220003379392
-0.860022881122856	-1.57178021097216	-0.770340361751586	5.06294670338023	0.200024258991311
-0.515737745648807	-0.225759565720883	0.394059741254783	4.48545404885209	0.486704244580154
-0.489639648630622	1.65377871087334	-0.0628419785410653	-1.82007553766516	0.515653589008841
-0.66830236018343	1.16380492902344	-0.0479427611711288	-0.542908976228925	-0.209533840427714
-0.683279012444559	0.514891794135782	0.240271852690967	0.434168240894867	-0.194455882309958
-0.190481316824872	-0.124940343994939	-0.160711418088485	0.200843057432994	-0.857130620062594
-0.43237074259401	0.593252409917614	0.00561139765720854	1.03759069599062	0.139812806950414
-0.401484182815614	0.166587928024825	0.179246854030307	-2.14615091483922	-0.430347164185365
-0.43357225073988	-0.101463478978024	-0.511365466304995	-0.254020082123808	-0.418065334023946
-0.733597793162569	-0.432656420505815	-0.270161587922956	-1.71991272776539	-0.632065967334802
-0.483789399119393	0.274312219923878	0.126756126626155	-0.611061349300828	-0.379791120426265
-0.36092389246611	-0.87282596505755	-0.743510945699559	-1.82197265306777	-0.503028816900313
-0.181225095804544	0.468189500575996	-0.182752730737494	-1.90790994567534	-0.245764757316731
-0.817191655265419	0.127502264353422	-0.445852136762225	-1.93072371303172	-0.258383840780916
-0.690176096830736	-1.02204216937154	-0.216259091559565	0.0210679414517955	-0.342012660742568
-0.264931582243593	0.879862480502915	-0.543432062288238	-0.0949104044840393	-0.4027295709742
-0.398751855223314	-0.396233972373747	-0.43989789062253	-1.36169161944608	-0.587317496766427
-0.356157717534227	0.24518795786477	-0.256082786529621	0.986767325506049	-0.432162389714194
-0.0270867560199852	0.847447905193678	-0.1818037761247	-0.907015510042021	-0.130417375345959
-0.208304263459672	-0.342316753694531	-0.0945702849785152	-0.143680390589809	-0.0367081833983924
0.47669387415214	-0.219419733675752	-0.529592745125429	1.53965723329049	-0.790014040447921
0.112000650474876	-0.0980354085907083	0.309632487292496	-2.5440291887294	0.124838411896128
0.857747441629467	-0.0143017769193487	0.620299710580517	2.5651669224732	0.273694793872127
0.176358760090701	0.245584888810833	0.589575224767616	-0.239661700068768	0.0568361532418977
0.934668511280532	-1.3402366723133	0.987692835936159	1.05619632038665	-0.327470940398392
0.497426229552428	0.370442118617599	-0.0310523387499326	-0.410807862828846	-0.0481295492850316
-0.0246898958974772	-0.475609264361401	0.531435408574048	0.472424657597424	-0.0909702458325688
0.470591048773058	-0.588436091025965	0.191507676060652	0.861556730100674	0.442258835502252
-0.333995258953127	0.25560797401956	-0.0835288043384722	-1.61494676672913	-0.352136403536046
-0.634582817501389	-0.992698849603003	-0.263611304935928	-0.805202379312205	0.359537439864688
0.311523772100172	-0.0590981084755809	0.502784058763062	-3.42768620216683	-0.237292505055485
-0.394219019031433	-0.0608514919654057	-0.199013330857247	-0.196572671764086	0.342844597475438
0.357447274753709	0.180457135296955	0.157910917702392	-2.06453798502095	0.502206271676755
0.678377605005585	0.246012113143903	-0.0618804732764385	-0.706340364123229	-0.0822911579224686
0.216052448360606	0.276736314350049	-0.207035124553114	-1.20740853643294	0.380726116613523
0.0776588550485994	-0.131191155165938	-0.158507660763729	0.560423894977404	-0.289729916830615
0.162850438312937	1.04416287234376	0.116093749773016	-3.07768976039056	0.827358854970353
0.133908876609291	-0.714494557918591	0.268922678222808	2.82863075685739	-0.165259394760065
0.212788129358926	1.47297329470667	0.489125630780969	0.225328912708028	0.700471045164444
0.237532412877321	0.661333805141474	0.230444905095217	-0.239142554345959	0.666967607719166
0.116360416677959	0.174358813795226	0.610532975640199	0.166187836688494	0.637118244788956
0.634662923727988	-0.0178807588487766	0.570799220915146	-0.225468795652523	0.393384620020536
-0.023485506927753	0.272980734349653	0.203945940727399	0.164616998012763	0.177872306784991
-0.0241471960062989	0.455023537723146	-0.0652775610043769	-0.902168788600201	0.271577729632846
0.0631357808561056	0.133923894676404	-0.249998545522644	0.198822173417437	-0.535102745869485
0.122986874728872	-0.397089379184061	-0.381045208799669	-0.471206313490211	-0.190704832675229
-0.652387709166788	0.61552521516238	-0.139234801697462	0.477813068985356	-0.617716911091297
-0.152690760057608	-1.77084048116885	-0.0573379927224143	-1.63037520598991	-0.219326764651216
-0.853040810108042	0.156110825721715	-0.337809442874375	0.274541441683821	-0.323433798696834
-0.817813169331996	-0.647360847122644	-0.143074477302727	-0.880773537649725	-0.0676289665067426
-0.421250610210766	0.716341539861768	0.0510999046279464	-1.9157637194777	-0.103217278440891
0.133975932721898	-0.291024386802056	0.0528222692836693	0.828739874814059	0.221902429548025
-0.290343265866252	-0.297891000595306	0.447412176394725	-1.48993685034365	-0.494662211555541
0.249392529567008	0.167955133398645	0.306669485621532	0.0677201159972232	0.713189130165809
0.291774867936034	0.540986147352004	0.564431154864008	-0.372853963842304	0.69626029999388
0.537111626846264	0.295439381061431	0.421934618578529	-2.9678746670901	-0.133613630119591
0.489371445795478	1.26847347694183	0.107088357274051	-1.04363308216701	0.626972300789118
0.978755905674691	0.685495713047722	0.455635684845407	-0.137284613805997	-0.045125303674382
0.515691580987187	0.505161057323974	-0.339889066571978	-1.98766889074907	0.708336527227838
0.630136598061717	1.14856107339199	-0.103791968601488	2.27474653605182	0.288397446497836
-0.0406903729053078	-1.22978066427331	-0.0821888218523358	5.4054457624114	0.879031596353427
0.037616391891054	1.57486487273385	0.175675536776486	2.13302050328169	0.654507496675335
0.456853823118047	0.673765507144874	0.0564487162081769	-0.211565029434446	0.795763355296434
0.226995984972872	0.254226404591153	0.266604727425001	0.624351594775363	0.599583245119714
0.106649000709691	1.48213486530423	0.593227367642106	2.26434982051466	0.495767489907323
0.582199495642073	0.764396038137512	0.190706811988949	0.216106136984557	-0.0186371091952287
-0.611151665111765	1.3577632011439	0.483825665705572	1.35814865458515	-0.337313272160605
-0.629941718769136	0.625992755344161	-0.284353458344657	1.87607281061814	-0.464801800034611
-0.619090261874186	-0.409231961452084	-0.842733370619275	-1.15521571298324	-0.728349254148039
-1.10312619136063	-0.538843674427783	-0.697374657481758	-0.0264969989285864	-1.20847975959349
-1.48502635055024	-0.125196458621078	-1.17456667820764	0.694113839491043	-0.38794535569829
-0.912591944325811	0.00208506935143156	-0.711604790975624	-2.61534447076508	-0.521098310876715
-1.19843955992411	-1.42300140457741	-0.816424306655807	-0.732875487683588	-0.973173782557849
-0.350155128200444	0.305239930333406	-0.509620201178506	-1.88100384649247	0.00197624892359906
-0.368529633501519	0.291539713980414	0.243056485238669	-0.113404266843886	0.112358847167122
0.317377812097871	0.965418470571019	-0.0212606564025633	0.709009193906888	0.60788287120403
0.111837190324592	0.845330980743761	0.184937944192912	-0.354293564028609	0.50396157639688
-0.222480270430541	0.473374095829277	-0.444297075953586	0.140328705016909	-0.0425070626563889
0.0101708356231925	0.731261913897823	0.850925306398194	1.0698311802803	-0.0210390331345024
-0.666690356441165	-0.503193712445665	-0.120883273062076	-0.478065431650377	0.138937430962058
-0.141239317724099	0.886269742699067	-0.24983163462678	-0.233939774920497	-0.486945467548359
-0.687251705931957	-0.149435969069497	0.461958290384148	1.07845278818668	-0.0825122465057146
0.627123578239098	0.443281651869621	0.00423355490317929	-0.126294827581325	0.173602076123183
0.342175738660878	0.0286142385704186	0.142002897698975	0.427984009002376	0.257909032644501
0.308689345630646	0.72958822241956	0.534706264754284	1.83784495510907	0.0442555225076481
0.923543356839555	0.231706503273467	0.280376933293328	1.06963149193883	0.337863353511999
0.92141482384634	0.571971779050977	0.493169667889235	1.43805908637599	0.247377876801645
0.842566930710845	-0.246845214542637	0.715698082991547	1.05223152176197	0.518020635524851
0.890243330066473	1.4236003764545	0.228986192121644	1.45936501856825	0.531775103414427
-0.167978988111915	0.350441961950075	0.436622810739277	0.121577869511163	0.255979350369677
-0.0198186087152762	-0.100274199512764	0.0245407829895823	-0.46935950719462	0.457276498557362
0.159228412994219	-1.09915246521403	-0.248139192533938	-0.382595725349256	-0.00916638944061048
0.607868048576679	0.660946952657177	-0.0051375530388388	-0.78759917936754	0.539354430290154
0.456959376047548	-0.870496689643778	-0.111410632873966	0.456489882621077	0.157679308399021
-0.511297403543488	-0.168501473613187	-0.143803242825129	0.329693363096372	-0.491734151731145
0.0314262385040637	-0.753867934171823	0.0710662900969651	1.88429361011922	0.599331876781324
-0.242471793141475	-0.256621017302576	-0.0274132479008932	-1.35303711083325	0.129682843941171
-0.39894506381806	-1.69962048401923	0.133016411517487	1.35024533675129	-0.302026141579753
-0.0609935229882186	0.570796450182877	-0.126508103579933	-0.494793392823785	0.603087440012568
0.104698196854409	-0.295712062215823	0.0799139697659429	0.430891504246036	-0.102821488248915
-0.0106998124687058	-0.252294441702239	0.141891347435739	-0.190936678797246	0.102974414374152
0.662298153964589	0.232179671576458	0.0333901757963132	0.336436536664055	0.418062537205905
0.381760475201836	-0.775898599902828	-0.0386530466490876	-0.682715257411506	-0.203049018995777
-0.221134903715484	-0.257112187866112	0.237033615098504	1.30606505183609	-0.0271817209996132
-0.083038450312889	-0.714005986018513	-0.265434120646072	0.551416025257042	-0.262976254741891
0.339954299966981	-1.15406134294002	0.182286660999712	1.41610061097874	-0.781655210694185
0.182347196292038	0.770338604548154	-0.0357247002055752	0.714320410536165	0.251525345316435
-0.703985206517096	-2.07257869992271	-0.119469617260127	0.952424735684087	0.154408393408538
-0.410199366016878	0.0741456050789732	-0.186691857421782	-0.419881238027104	-0.194321526965868
-0.593805641217181	-0.604981909422184	-0.251071084827207	-1.97091222340887	0.0944313633612775
-0.141294092427379	-0.562421490730361	-0.398568957005755	1.71767086545982	-0.200429605339917
0.544570569457838	-0.406740367268524	-8.85828822896443e-05	-1.5214617237831	0.399289646768628
-0.329014826446133	0.417327289880667	0.20609758388849	-2.07275616105304	0.776403184353448
0.799974833734804	0.648782892706832	0.0962571771305785	-0.958378863867292	0.173449429898952
0.303309974041139	-0.303915974989397	0.0218205756400912	0.629219801910431	0.534093601959198
1.2695751105458	0.140295996024284	0.295306789725727	0.870696135428818	0.56287142463172
0.908326475018882	-0.404895542232024	-0.309135339183153	0.381213228653548	0.122777702875933
0.61777219394205	1.13224649221238	0.499052555455493	-0.192355777023456	0.336315125562033
0.270532962038345	-0.590966251561783	0.109761874129668	1.83023201696049	0.324219912245264
0.152003905571514	-0.221596458440208	0.166487035700625	-0.657727370034824	0.105071066308856
0.0587220767273981	-0.880529104046053	0.430707308155578	1.97725772730158	0.202657679900852
-0.0319094668006281	-0.452917722519814	-0.235430950755532	0.450332724729361	0.486798532025502
-0.313694358936786	-1.89485337325383	0.352321379392943	1.37851193806959	-0.31984366538303
-0.108160162687342	0.0135538377957348	0.415748216823857	1.84637415739789	0.132878779657191
-0.787800024700482	-0.998021010400288	-0.384331597644609	-0.326989014690977	-0.782586222862883
-0.720584125752885	-0.126542440015076	-0.113634007010893	0.461271766237643	-0.622875932573318
-0.738991145335807	-0.204957055435498	-0.746816648132591	0.182724255257525	-0.920181468130979
-1.28234662762951	-0.918177751119842	-0.522726900479251	-1.81040877824655	-0.728813990129304
-0.3373988543573	0.832176659010309	-0.703098189852985	0.568987326942089	-1.43799605425817
-0.802469575718473	-2.2030596750863	-0.945062126818797	-1.39905475017722	0.0458605974289651
-0.924611863428993	0.329974394634973	-0.293545971660619	-1.64328411539964	-0.447934790679848
0.0300497318752155	-0.187076951532403	-0.555738000263304	-1.77715578724816	-0.4262726299973
-0.0106360761824782	-1.37967814876252	-0.476790142082055	-1.16820498216553	-0.437243456685213
0.15675982145762	1.22810914959893	-0.410285261932604	-3.75645206628061	-0.166968738853481
0.511727322579581	1.61097383729798	-0.419169332875447	-0.474455615370038	-0.462938956507302
-1.38438153908611	-1.06192943920197	-1.14879055959385	-0.948505156165204	0.263800475828363
-0.652682254973119	-0.9621094400345	-1.00799128471866	-1.06910636421479	-0.0656523147950533
-1.048848587597	0.924249943942958	-1.4421887464694	-2.48066618965568	-0.889340503539966
-0.416622755330133	-0.942225474484719	-1.19501070498599	1.98754120371067	-0.0289203870774067
-1.96021129432288	1.04753145388673	-1.20595376508819	-2.1204364284178	-0.254730122941043
-0.703418315369139	-0.223320852727476	-0.520233010927951	1.54414859203081	-0.490777486320646
-1.02364409288369	1.83112692224878	-0.629559162903543	0.136975365216103	0.355049473116048
-0.629858888950771	0.793577348821307	-0.0490330798545767	1.00080978975112	-0.0798436440862457
-0.1334585124438	-0.0634981623353047	-0.398269334046084	-1.08707979658749	0.0597325084938778
-0.389938082858425	1.76745946232479	0.347971290181672	-0.40030296352754	0.737879123584155
0.731046151865367	0.539292380648621	0.864876982016475	-0.246124300599386	0.58960859743955
0.472339654016754	1.52839344192469	0.41896426599875	0.977667946776013	1.00984354654887
0.772932377008918	0.818380507772458	0.638662330649322	0.218670518960364	0.136877936926974
1.32429608492001	0.564057136955212	0.106003623521724	-0.89602891352808	-0.0514433181052713
0.00298913556884925	-0.613484747635461	-0.508832063686346	0.682122165126376	0.106297621298761
0.145200853713529	1.09326059848345	-0.658796853636033	-2.33492015805198	-0.775282117431634
-0.11590167089977	-0.33793730620444	-0.585879020744269	1.35102181249327	-0.0904986178695348
-0.19990141401	0.11223497433419	-0.560406606785941	-0.103846640560901	-0.727122644214673
-0.237310103014756	0.263092985003518	0.0588872971100933	0.0579449227616311	-0.108904059629601
0.299226969634893	0.078631920499365	0.218372078785032	1.60940215924221	0.315513782167329
1.05136029591995	0.476973792808364	0.650864963901679	1.55404784200166	0.450562368825183
0.649794314384054	0.472220396113229	1.16114429287082	-0.527674697224671	0.745674836356792
0.871201957781744	-1.13494562760707	1.21134071707031	1.44268949049082	0.748332539169501
0.459024572469863	-0.280253900092103	1.27497200768932	-0.0285818780155406	0.797210869116574
0.00526160020066637	0.683216377299327	0.285948068545793	-0.811037287737844	0.023798174803724
-0.733394328684782	-2.09530785361209	0.398285941491368	-1.8980074619037	-0.106149257596964
0.358780690655818	0.667637948150373	0.0436639335863846	-1.40291449849402	-0.528340027307415
-0.375882924876701	-0.954735740723666	-0.300208594843596	-2.39642381896708	0.813425361622491
-0.338671657547547	0.0198250563300024	0.332176701556866	-2.07246558855893	-0.169720122277071
-0.12818636163565	-0.4478379426744	-0.0750928267902917	-3.1670280732202	0.027817314973982
0.101814835931093	-0.152821629985509	0.674942364079914	-0.799395856819302	-0.114941004818796
0.10795261415181	-0.974312030793755	-0.834896750256691	-1.20852038106749	0.286408978936519
-0.600290693719933	-0.584768158448433	0.176649018439003	-0.315020483736922	-0.199921401732708
-0.233442629125765	-0.306516432206274	-0.894015108680204	-0.890674982580433	0.106182559250262
0.0397909427852873	-1.04741280835358	-0.651053512014493	3.33882499063709	-0.911321668152665
-0.106707961502362	-0.826387061057495	-0.456415257519185	0.573612334318621	-0.495253849432298
0.482651423265636	0.68560875037832	0.245110975055436	-0.557670929776213	0.288151837122059
0.358600211613692	-0.708126797367235	0.122483018251761	1.57228338001185	0.276739172933919
0.268822469302046	-0.448526036100237	0.592464929188165	1.47428368779539	0.018578370481377
0.891114672791214	-0.16227668608533	0.839794970429465	1.41719612010725	0.923159214617747
-0.192250566770898	-0.164766539035654	0.810027203730197	2.17761578649009	0.429976717357694
-0.0700588610887389	-1.29755725939687	0.134454983290775	0.838758238610383	0.0136955394989702
-0.4768397933833	-0.835192863058287	0.258913593058182	0.644520098153138	-0.457061512957496
-0.255139876962892	-0.508740815354447	-0.627068772715055	-0.73104505306859	0.0307205846430141
-1.33404483207649	-0.640613661025075	-0.390027605686648	0.585566042441228	-0.15851587895868
-0.350383723143819	-0.899552935720274	-0.6766931478394	-1.96225197902519	0.0762930109037126
-0.465594982205516	0.332145745898936	-0.245167804072003	-2.35043970521872	-0.396553684951478
-0.754146307127887	-1.0832367859801	-0.159215442609452	-1.24951137266921	0.32457335586871
-0.00203133616937692	0.719243690798483	0.301230118107096	0.0880392193144478	0.204015657524853
-0.0502221954552264	1.07167850434509	0.46851839276248	-1.79546294810553	0.927410770840868
-0.245675097026618	0.745167916761902	1.09390504783426	0.428985818374524	0.942184787637026
0.202960502081183	-1.29043391506396	0.352133998294808	-0.119440929113376	0.393929779669581
-0.145296003293947	0.71249582521416	0.30786576682328	-1.23858649200488	0.104451964345346
0.61516257542687	1.0180121026316	0.150470962670592	0.859243137312982	0.227146468068041
0.250425948329363	-0.101953160043806	0.715915568257677	2.59544856938131	0.532202947311067
0.291846856377218	0.0150976440959152	0.305706590436146	1.46963079811879	0.390596758343127
0.556556893688827	-0.544089044236787	0.426854635924006	0.421604202929457	0.57163624796692
0.565945605614016	0.250233572314606	0.555977571485975	1.97970004264609	0.357682367711047
0.169967276670338	-0.179320683857785	-0.0444809838502161	1.01823077159089	-0.455515023932193
0.187431146334238	0.391582230337599	0.750922443134367	0.483384531110071	-0.0197083206483603
-0.201112539853544	-1.3118841822925	-0.551370040157109	1.34434679045987	-0.694462343989721
-0.807969410885977	-1.34296905580004	-0.372007544254808	0.0927880842640025	-1.24460791805349
-0.473130731465855	-1.07015744303965	-0.0836896581021576	0.816037903001833	-1.12166572155757
-1.18506159809532	-1.59585704769499	-1.21344372320422	-0.625048380683195	-1.38469111779987
-1.42844135170542	-0.107590215486288	-0.890419611677754	-1.27770858118507	-1.19508867172176
-0.711409326860377	-1.41675981130204	-0.492332256819114	-1.58557360617092	-1.06096240913431
-1.4119287550997	-0.462016912465602	-0.855638544369406	-2.37978750936736	-1.35982256524532
-0.583522540865005	-0.511250995243273	-0.45730017244259	-0.860467499257631	-0.374484819966614
-0.344914050434908	-0.214494364166594	0.312793135514654	-1.0581762438776	0.197754471366141
-0.25936643639318	1.42725189972329	0.00354485397556838	-0.0328727644106731	-0.600548775710797
-0.106758071319404	0.289328522716127	-0.325004200066156	0.845556411373645	-0.235632100007059
1.00807314164008	0.513418197304991	-0.440445143709235	0.348649211267838	-0.360478552438525
-0.510985423821272	-0.471708951066325	-0.590672961476442	2.27710486983323	-0.485676189900407
0.773691337463772	0.333161398999138	-0.848633946390334	-0.0461557297318069	-0.47341065403594
0.0274161728919202	0.170720607935861	-0.806085677817257	2.35664809613393	-0.413032263891437
0.00642220382585101	-0.111949609701057	-0.097412219778936	0.445411807577738	-0.543139794595314
0.666030255337632	0.179886185395218	-1.18119123071915	1.73316452768042	-0.249996240833169
0.641967764487981	0.352467572132601	0.807874666464371	1.09016912775181	-0.460047431687533
0.45129134955471	1.01258125450291	0.436669833848009	1.72157259336724	0.249173961881412
0.932267614793684	1.32927256893265	1.35769973944807	1.84467023864349	0.356052334763585
1.06841420830485	0.00933844279379289	1.39646553231984	0.699054224501192	0.44465549336741
1.14935698377522	0.315172538211496	1.65464335760033	-0.00524317592030976	0.176749235015628
0.981558959522656	0.433809384781189	0.566827187367591	0.779781867134406	0.326185049255725
0.0385556232488636	0.653499804005695	0.730470063351748	-0.230801076832902	0.426629306513753
-0.219128580822082	0.402280967676993	-0.081648477944629	-0.944643475026646	-0.0287099098259219
-0.0433483263596339	0.0338963313206062	0.514624219031731	0.105883464633153	-0.218050848923006
0.25216283153304	0.90358781196621	0.833830846147685	-1.99676631879746	0.267613072811764
0.514465804736329	0.259614333453691	0.27261226421297	-0.735169168340615	0.630320304959247
0.795442197886609	-1.28853178379451	-0.0352432157445675	-0.992154699380974	0.390383260890265
0.00743698142042853	-0.193076490013162	-0.203095254045092	-0.82212338429482	-0.804267922639019
0.553660821371245	-1.0883031049021	-0.193538170748776	0.0586063264032939	0.21462065653126
0.206148285316418	0.54910930007386	-0.324199101958908	-1.21181722236022	0.0234050165105361
0.220896954778362	-0.836537265090602	-0.922595345321701	1.0111481916768	-0.384870815581827
0.541608207007854	-0.151403323363866	-0.218233600463984	-0.714349662158833	-0.0942304099953915
0.168820059262921	-0.943329584835116	-0.268978436779781	0.235421933826309	0.231259667536483
0.469628772232717	-0.256270156142693	-0.506734287583994	-0.0570328580388936	0.0227024405900271
0.50844166129345	-0.28560619141403	0.511187620453849	-0.150056536741265	0.16955258295275
-0.0122735286221483	-1.07882677236952	-0.511919372107706	-1.66473235406662	-0.564490985007863
0.106938421352932	-1.01032372691801	-0.128273641218361	1.97107396472703	0.0274917025139725
0.475461291248343	-0.911045679483499	-0.196651433479794	-0.167806697755681	-0.208732886764065
-0.0453536692283426	-0.376863988888264	0.576307852703648	-0.112178714409363	-0.326787996096572
0.808726668902773	-1.03334751092731	-0.266780747822994	0.561514743439128	0.332027190308449
0.598629451512275	0.06050479867369	-0.100540113552537	1.29602407119028	0.200585714294919
0.130057411956533	-0.416553753651118	-0.175161439867419	-0.163391486335757	0.446645810399538
0.628418099053048	-0.216183444664917	0.0293963868611072	0.876384896883891	0.42513200896493
-0.268156469706244	0.649487952748402	0.649133110895445	1.27466723438768	0.323671182406002
0.195730323693652	-0.924436391200155	0.0248292111706438	-2.07258022181383	0.265305198961587
0.174770108624873	2.13559098403592	0.506683547061397	-0.641060136671156	-0.0871098229059115
0.0164777085577495	0.403207508312264	0.0658723356764891	0.140637154024601	0.514668283963487
0.57024228321674	1.18266726398147	1.17575428130012	-2.59448164774081	0.656262360105003
0.769582025001799	0.64045279225586	-0.108941001965447	0.309741864082742	-0.151817418697298
-0.519129470905296	0.795119517212876	-0.422667963707289	-0.255657742842373	-0.136956356525214
0.350283496131306	-0.371189330892876	-0.32055225525536	0.684666526464384	0.0317617595636721
0.00131544110945665	-0.143031790896229	-0.110271666602336	0.695257256156918	0.187252081212232
0.544752756638624	0.204074826910626	-0.262528588074679	2.10760463401265	0.469597998025634
0.340558962086218	1.02110730703375	0.23214853418395	-1.47102787332668	-0.257937327948122
0.519675133275787	0.526221895752751	0.643991107082575	0.419805624809548	1.51141367409613
0.0139771152308662	1.20985819320233	1.26363530702154	0.99211247838341	0.238137781718692
0.179737991028741	-0.719320803327888	0.779403432327598	1.43735798860993	0.412887675988003
-0.388589217939613	0.245448454471485	0.605802134785231	-1.1708553555774	-0.176202764660012
0.516946872474419	-0.155753183409211	0.778064038960676	2.56500313397549	-0.324446201278441
-0.521690630125991	-0.0781151812790021	0.514409525540435	0.924834916190389	-0.971894004480845
-0.189369890095593	0.13466889689293	-0.375540424280922	-0.957513160463657	-1.59709341608882
-1.04039949451219	-0.591316225173748	-0.578709983147285	1.23918588024013	-1.12621413346442
-0.731581024267709	-0.980217654436844	-1.33936634867676	-1.2029914635813	-1.29028907123693
0.00232851558260052	-0.96588109221458	-0.687300761636008	0.767351715176822	-0.968700740291587
-1.53573960902758	-0.282905381433303	-0.921782334841467	-0.26444761156822	-1.38465602174792
-0.285841710841684	-0.921170272827047	-0.285826175337921	-0.439640880642779	-0.623790695643836
0.0618676181305795	2.17778300879976	-0.20798296402139	1.12476318735641	-0.217399313092679
0.434345147377025	1.32424604155926	-0.0323102184073793	-1.5753137695734	0.0371071821400454
0.980311711925165	1.891379512217	1.20011704001621	1.01573663930008	0.298981220967912
1.53640235829553	2.97370253493227	0.776135777739012	0.999274459179045	0.676969176570589
1.23143933999825	1.11454812767161	0.626783072099275	0.515997164021205	0.410078767065171
0.0799292399277521	0.820755841743023	0.294392421136561	-1.28201738713896	0.984245516666821
1.64720786094251	0.254503810711904	-0.457584657570104	4.02211628782536	-0.125905267033408
-0.421367088901421	0.404118737049492	-0.459253225279931	-0.764861419398401	-0.204365230469231
0.551430355401665	1.62237933223534	-0.297011957850487	1.58378951325522	0.255500935786549
-0.0493789928560274	-0.502267240158153	-0.808804935003132	0.113929778575623	0.0262186085234987
0.455993173161076	1.87938685052486	-0.101852928703236	1.36970793324542	0.34072005284941
0.717507919706091	1.17286720945065	0.235000753231381	1.38174538738736	0.513448174152802
1.27607811284935	1.19301678500805	1.37251732881626	1.39943207326366	0.702882469387167
1.21906191408114	1.191638155275	1.02711406366706	0.199454277032304	1.13027443374215
0.803075936413372	1.09580258357732	1.23717789452335	1.66802507269171	0.248951077523125
0.869457009932425	-0.134294429800662	0.601576495952519	0.126204107814976	0.607737080863104
-0.100973719200159	0.980930658613634	0.289603211021438	-0.391580641919824	-0.34590047033177
-0.17408942872845	-0.525378534847708	0.0016994719599293	0.141719823397497	-0.370888875360039
-0.0701977964970666	-0.381625865329253	-0.776613705553527	-1.5644872345789	-0.0833482835481936
-0.366847782668629	1.37438446999334	-0.138815840226018	-2.48049890580856	0.161517155110932
-0.0607032969657622	-0.742548464111822	-0.26366333853398	-1.65717699968532	-0.0461341496037353
-0.580674849531309	0.137802027456019	-0.626968327697909	-0.790796076440653	0.00824808236559286
-0.171043958093385	0.016281507259065	0.235309925395031	-1.98153925361276	0.410568355216634
-0.599141895508138	-0.460767232248541	-0.504151623038115	-0.659804598402751	-0.32669666284335
-1.39362337866082	-0.578691220074768	-1.05510349984487	0.732996949839996	-0.0333236728126508
0.0218309617747982	-0.716682082715142	-1.18618051088888	-1.31218163536889	-0.285275573926849
-0.500725594786442	0.374849769607148	-0.357071267687925	-2.10349279561669	-0.13242955614067
-0.149307983877689	-0.558355267498319	-0.534780039791392	2.38312119947643	-0.0897074858520446
0.0897186669658943	0.247122048906366	-0.201460276902828	-0.426620949578988	-0.244459307544271
-0.350821280479632	0.289409963887456	-0.225125616335982	-0.185535381851235	0.201194366869666
0.392695071158937	-0.734086554369925	0.414982620688396	-1.17627622816548	-0.155938697920861
-0.00707971337090076	-0.414423841197798	0.194311489399627	0.509763513035528	0.0835928795093901
-0.00704712492305606	-1.27829928927892	0.598720621650693	-0.323210643214117	0.280400105768628
0.334029188286897	-0.468702966918594	-0.154351100505989	-1.66864725026556	-0.60362492776531
-0.302387342331232	-0.31968716461353	-0.25890196870842	1.91551112598176	-0.0884025865242536
-0.44041069382465	-1.04430854703586	-0.38644397999812	-1.04515472200799	-0.17757803510816
-0.674484256250754	-0.694164511640889	-0.714641706253207	-2.08236926092446	-0.899589364086051
-0.88320515087599	-0.994723658956188	-0.663375546222543	0.752432720373417	0.129584439899902
-0.402722537069885	-0.655009868445978	-0.519539193186349	-2.07780326421362	-0.125789309566562
-0.135842964965746	0.123291387876639	-0.431949520585679	-1.0963670343211	-0.0875806609181741
-0.641007436034617	-0.248206216760649	0.197560225183168	-1.84748096085105	0.986022240685281
0.662942486004503	1.19997307826277	0.181482758715434	-1.37033647293799	0.324810004819578
-0.315237306633087	-1.19774197428591	0.347820473512793	1.41857440504379	0.118408604573557
0.582697118566698	1.2960341366039	-0.0893828161249493	1.37750592818274	0.546450486090982
-0.693571369295475	-0.866518192711262	0.120278529147165	-0.520602214618813	0.152420256268999
-0.528904506693955	0.0596401396502651	0.0776237079909538	-0.955476388354864	0.109976242613168
0.0149128295630253	-0.0751127412712066	0.197385994464533	0.947740358315791	-0.0771395250347146
-0.310461162561723	-0.324824929572374	0.0301442983253843	0.0546567194808769	0.352057601177718
-0.0190083974834959	0.632713825771511	-0.191585491634503	-0.910510187976239	-0.0178284493915686
0.0693907970447029	0.212424743952079	0.417747666501056	-0.351649977943836	-0.0695403012834386
0.518629281135659	-0.678839417064637	-0.0805881981087069	0.0943095222077274	-0.144650206452922
-0.610737806811817	-0.133379804999656	-0.0886229771094462	-0.470664174178851	-0.00980564868176623
-0.771840338709261	-0.36380575964718	0.134242103746529	0.243244106000531	-0.287392865288479
-0.256709170559449	-0.936921754949729	0.209324016179594	-0.0914751721225418	-0.433582228808005
-0.548895222944485	-0.269488225376884	0.186053245631761	0.347552506495572	0.0564446573455591
-1.08515327160703	0.0257792249029252	-0.395876389585276	0.0943436137583487	-0.618930652814776
-0.290187951863798	0.277146012637817	0.508732545152125	-0.614422617632369	0.843442685378424
-0.364815902480528	0.964049086077397	0.0210179199439921	-0.996941036188039	-0.672799661777389
-0.371353542055515	0.31241605199516	0.493300190669311	-1.83920912952161	0.658518400396363
0.0145824327163604	2.43389315170013	1.07338152631992	-1.01394878491617	0.451621035640732
0.437170378008319	-0.0932692692309624	0.183257951701472	0.361483599818299	0.246050405291239
-0.240850601918946	0.843653443878684	-0.036061227581528	-0.647932367558011	0.252132751874437
-0.185976698790703	0.0554016794907746	-0.591241549269504	0.610983761555414	-0.719546249606452
-0.00070983268706909	1.67872407322081	-0.892110608283658	1.76904387230481	-0.200161118806368
-0.409932996402681	-0.919522668288114	-0.71621821813408	1.41907206253582	-0.951160654554566
-0.193048614275787	0.826793655912352	-0.687575542639846	-0.404806997720319	-0.0981874039268092
-0.417092947223125	1.37381780511394	-0.287258026486026	0.997071477911606	0.0189782593572167
-0.685477849763376	0.179218825294206	0.0139688911276447	0.52959287184996	-0.476132644605686
1.0165621253324	0.416188381839366	-0.28045313234378	1.17796993609513	0.300573153894459
0.00282204528933806	0.537236103994615	0.417327688613049	1.79212199060416	-0.0217261461063724
0.173504818544377	-0.517014117914642	0.451965332286397	0.471422630171918	0.24742666811115
0.496208100881801	0.0276939243057386	0.247361638795055	1.22979124390424	0.429063633458451
0.668720924299356	-0.928236085269378	0.457357868664737	0.65693879598571	0.258004879226124
0.501314367076794	1.40967571000233	0.427422820850631	-0.641640596234498	0.0728019896460827
0.0951516592908872	-0.802129322745265	0.120247890604281	-1.49071224631501	0.095035934804831
0.336271435805016	1.03263136428798	0.215329580509932	-1.29458562718737	-0.188025385477293
0.25012926893776	0.704243756763993	0.377348725584247	-1.49416297224904	0.421523635911561
0.741833418831802	-0.653973303568847	0.546783195129334	-0.586668592393772	0.929422326665021
-0.206711552523041	-0.896706323217956	0.335273594198554	0.339049688640922	0.224354042547355
0.706285955165889	0.541990209095255	-0.104018265160861	-0.160819434142773	0.149385394377389
-0.353719165952006	-1.03455329550019	0.245402830500911	0.560262989137962	-0.0230857341029076
0.556036118569085	-0.0505534474340431	-0.349496231189221	0.454838416673503	0.00446384674230294
-0.0661058079528452	-0.974391184077386	0.021812490781884	-0.376960311482239	0.0107581531462121
0.158267107115347	0.0984618455059087	-0.182733257428128	-0.379787351160681	0.263348972518243
0.0472842185858443	-1.03796713710347	0.479960562983129	1.71485864306873	0.0402076248979987
0.520424064569065	0.115978284719078	0.177469473673771	1.08824270950533	0.282618415453336
0.553254876217339	-0.828064291826334	0.448597149044189	0.151615489692432	0.119518928163972
0.438241325950892	-0.782571015628619	0.26140912485537	-1.52421575912907	0.168106306258401
0.626315543534892	0.575663254867112	0.195737285521296	0.116503268637104	0.0611761177807315
0.323054395178118	-0.505046478820689	0.0878427327305637	2.31864599116614	0.1615638060344
0.0760283306198422	-0.567638779928459	-0.168765780148447	0.67837195853007	0.0985156302786642
0.172972720247094	0.36491128366343	0.0274216821651533	-1.43820162388021	-0.0802245599208199
-0.509954616705636	-0.36292274383547	-0.234281397802048	0.187948279385859	0.121033464845151
-0.378368492152526	-0.0227996619547074	-0.278552181320463	-0.444911882758632	-0.0325964971156448
-0.520385288231623	-0.0295358682494346	0.0401500788069827	-0.270944231841774	0.321134640196058
-0.35553734322763	0.833365709062841	-0.440774775906828	-0.402896697550251	-0.27119211905957
-0.424113885252451	-1.11014334910401	0.0452698099927644	-3.71813967161192	0.132698698554944
0.301234475339079	1.04550914214815	0.604767556296435	0.545141634617731	0.650643796663953
0.296461283339368	0.296443675676687	0.138103749655258	-1.71302560145339	0.28887121146682
-0.166595718062827	-0.482554028322692	-0.0632465347613423	2.15452070111847	-0.361251174020849
-0.692101569803872	0.0222653004037009	-0.0945270241304358	-0.540357126016071	0.678124248555439
0.311864329711187	0.240749281713974	-0.0764239053548114	1.49100300921149	-0.0893452786084422
-0.117937041607752	0.623669538219058	0.0206551908752493	0.868404760066494	-0.425297679235595
0.729044383438702	0.82332835349987	0.143566882362608	1.83897237379518	0.740026495537191
-0.0429653713024941	0.337280426322074	0.489315759648885	0.574727100958831	0.626207790938379
0.784485070845317	-0.0597874388659324	0.761358300243707	1.67693043376137	0.375817633996338
0.6208108207708	-0.343873094228642	0.96202783844731	1.88270422987982	0.741348215508328
0.944349964353855	-0.472027687149419	1.24185520653251	1.24573737138639	0.464878712444773
1.00591665007994	-0.996890418022476	0.0396899455358466	0.825455069095947	0.607133680624362
0.243379160468277	0.535777600622632	0.865011783164073	0.555924674047504	0.757584578099488
0.581479083127576	-0.155524610300989	-0.122806458007661	0.333293080361012	-0.591825224891348
-0.799668396509682	-1.13204822145183	-0.688120925216809	-2.65911520538022	-0.0840338073135768
-0.848088231334472	-0.58474546495796	-0.533842670871492	-2.56708190035624	-0.924423157038031
-0.8494734343454	-1.11695194977163	-0.413568694546879	-0.0424365086829573	-0.327956540108386
-0.567450438020464	-0.628939155311182	-0.556584836651445	-2.71611990006956	-0.596258096542916
-0.787326613190661	0.324954719115576	-0.183642627707351	-1.15422507109776	0.0244309988248613
-1.13297724354677	0.465342226911659	-0.236662045623678	-2.09465702976891	-0.549424205945235
-0.21852931467732	-0.0950857212032339	0.529615557847767	-3.41027568340199	-0.0216503153385086
-0.843659186458079	0.0129507585360092	-0.0359041878831467	0.242603379352789	0.673267202663163
-0.333792521330233	-0.972533421931944	-0.533559551990003	-0.404389103542442	-1.38709773790495
-1.31295381195517	-0.76473221558766	-0.879043329050456	-1.07430408415138	-0.0238096613425138
-0.117994580506058	-0.177331399339203	-0.722320856440259	3.46722715726133	-0.754022583806439
-1.27046478931792	-0.734536395371056	-1.05594504425598	1.34812697062844	-0.932502778944686
-0.693551125358786	0.173443947841411	-1.0112590261317	2.31254674895109	-0.0072613995015988
0.241000368139051	0.258138886786475	-0.387534079203758	0.451215573354784	-0.451070975586926
